0 -1 27.423850 35.043410
0 708 11.434650 13.443580
0 2755 9.861950 40.019760
0 201937 28.126340 31.275280
0 203952 17.506360 15.397120
0 1626157 16.364110 29.166060
0 2594 6.460560 45.579170
0 200794 13.362880 7.231630
0 201143 24.333290 27.285900
0 200757 19.301440 11.062800
0 201952 27.920350 35.229770
12 -1 26.061280 34.386990
12 708 11.199050 13.979220
12 2755 9.677530 40.136150
12 201937 28.058850 32.149060
12 203952 16.951440 15.710340
12 1626157 16.071290 28.990200
12 2594 6.214210 45.851280
12 200794 13.852950 6.941690
12 201143 23.438780 26.969430
12 200757 18.505710 11.187520
12 201952 27.618110 35.301310
24 -1 23.369450 33.197640
24 708 11.004680 14.530410
24 2755 9.489840 40.162580
24 201937 27.819470 32.917460
24 203952 16.310250 16.128790
24 1626157 15.798490 28.666300
24 2594 6.045680 46.031220
24 200794 14.483730 6.667350
24 201143 22.352080 26.617740
24 200757 17.756480 11.302100
24 201952 27.345670 35.391130
36 -1 21.124530 32.010840
36 708 10.808900 15.109740
36 2755 9.318400 40.041240
36 201937 27.483240 33.519960
36 203952 15.642300 16.703460
36 1626157 15.516350 28.224530
36 2594 6.002240 46.105110
36 200794 15.109870 6.487070
36 201143 21.274140 26.290270
36 200757 17.043720 11.263000
36 201952 26.999500 35.543450
48 -1 19.219240 31.155790
48 708 10.556930 15.714380
48 2755 9.124640 39.724610
48 201937 27.104170 33.858490
48 203952 14.999270 17.242500
48 1626157 15.226510 27.707820
48 2594 6.112840 46.090640
48 200794 15.795090 6.344820
48 201143 20.262920 26.003920
48 200757 16.320110 11.258950
48 201952 26.776810 35.808930
60 -1 17.009140 30.174510
60 708 10.232520 16.326640
60 2755 8.886570 39.257510
60 201937 26.731220 33.996190
60 203952 14.335970 17.843330
60 1626157 14.943000 27.109690
60 2594 6.464890 45.980710
60 200794 16.634270 6.232380
60 201143 19.298590 25.764760
60 200757 15.664480 11.279700
60 201952 26.590630 36.181700
72 -1 15.008310 29.138160
72 708 9.830530 17.136870
72 2755 8.644060 38.661980
72 201937 26.401420 34.013860
72 203952 13.665730 18.306890
72 1626157 14.592520 26.506830
72 2594 6.985310 45.821900
72 200794 17.532890 6.217040
72 201143 18.427370 25.576600
72 200757 15.055720 11.291700
72 201952 26.568250 36.661530
84 -1 12.520610 27.925390
84 708 9.417290 17.944970
84 2755 8.348910 37.960500
84 201937 26.102050 33.948360
84 203952 12.976500 18.839810
84 1626157 14.212270 25.927230
84 2594 7.568410 45.624480
84 200794 18.395460 6.307490
84 201143 17.743420 25.401470
84 200757 14.481400 11.243760
84 201952 26.744290 37.192040
96 -1 10.470860 27.117830
96 708 8.996460 18.796600
96 2755 8.040960 37.152650
96 201937 25.824350 33.830400
96 203952 12.268680 19.345360
96 1626157 13.881030 25.450420
96 2594 8.226430 45.397480
96 200794 19.254380 6.455280
96 201143 17.186870 25.290590
96 200757 14.081360 11.237930
96 201952 27.115040 37.807110
108 -1 8.417840 26.153510
108 708 8.615620 19.592570
108 2755 7.784520 36.327400
108 201937 25.580370 33.810730
108 203952 11.580300 19.782610
108 1626157 13.615450 25.093620
108 2594 8.991670 45.143690
108 200794 20.174360 6.670450
108 201143 16.723790 25.257140
108 200757 13.781720 11.285100
108 201952 27.597270 38.461600
120 -1 6.392770 25.278590
120 708 8.433970 20.418330
120 2755 7.579090 35.507300
120 201937 25.329610 33.844330
120 203952 10.958020 20.197540
120 1626157 13.410510 24.936020
120 2594 9.762410 44.839060
120 200794 21.119380 6.941180
120 201143 16.500200 25.220350
120 200757 13.618440 11.353480
120 201952 28.267300 39.063480
132 -1 4.724580 24.641770
132 708 8.365930 21.155190
132 2755 7.376350 34.688490
132 201937 25.070150 34.003030
132 203952 10.418670 20.468930
132 1626157 13.261270 25.019900
132 2594 10.587700 44.485910
132 200794 22.067210 7.262270
132 201143 16.489830 25.191060
132 200757 13.594880 11.434310
132 201952 28.997220 39.620740
144 -1 4.243540 24.703280
144 708 8.213760 21.864300
144 2755 7.245050 33.842150
144 201937 24.810540 34.356480
144 203952 9.952460 20.606530
144 1626157 13.146360 25.337490
144 2594 11.517310 44.120610
144 200794 23.006850 7.620450
144 201143 16.585110 25.223390
144 200757 13.700010 11.559560
144 201952 29.824100 40.135780
156 -1 4.952110 24.908700
156 708 8.076240 22.483340
156 2755 7.106020 33.067000
156 201937 24.561990 34.808930
156 203952 9.545290 20.644240
156 1626157 12.881270 25.741620
156 2594 12.510250 43.750070
156 200794 23.959340 8.049320
156 201143 16.914140 25.177290
156 200757 13.941760 11.736450
156 201952 30.781790 40.590510
168 -1 5.578930 25.067220
168 708 7.971680 23.078850
168 2755 6.944610 32.386350
168 201937 24.357280 35.392840
168 203952 9.164870 20.674200
168 1626157 12.553620 26.121460
168 2594 13.535900 43.339130
168 200794 24.905250 8.499720
168 201143 17.435300 25.065460
168 200757 14.285170 11.921570
168 201952 31.768750 40.971330
180 -1 6.279380 25.242850
180 708 7.767470 23.585310
180 2755 6.764270 31.768490
180 201937 24.235940 36.061290
180 203952 8.880890 20.584960
180 1626157 12.159170 26.420690
180 2594 14.622460 42.951510
180 200794 25.832190 8.948720
180 201143 17.959030 24.981190
180 200757 14.690090 12.108000
180 201952 32.751200 41.289820
192 -1 7.128180 25.232550
192 708 7.567730 23.996020
192 2755 6.551200 31.227300
192 201937 24.143520 36.825620
192 203952 8.690140 20.485070
192 1626157 11.832900 26.648290
192 2594 15.781440 42.556170
192 200794 26.794950 9.405730
192 201143 18.589920 24.936910
192 200757 15.131600 12.313770
192 201952 33.796010 41.529620
204 -1 7.519130 25.581350
204 708 7.484070 24.415310
204 2755 6.258440 30.797030
204 201937 24.043890 37.672050
204 203952 8.638830 20.364250
204 1626157 11.615130 26.819470
204 2594 17.044530 42.126920
204 200794 27.829280 9.899970
204 201143 19.331030 24.905780
204 200757 15.590180 12.550330
204 201952 34.877360 41.677740
216 -1 7.499580 25.736910
216 708 7.443210 24.830760
216 2755 5.888050 30.450940
216 201937 23.817660 38.601290
216 203952 8.814470 20.095270
216 1626157 11.623150 26.987810
216 2594 18.421070 41.630370
216 200794 28.907900 10.415060
216 201143 20.083890 24.945680
216 200757 16.067770 12.778580
216 201952 35.977050 41.777710
228 -1 6.686640 25.877860
228 708 7.448090 25.265190
228 2755 5.473880 30.015580
228 201937 23.657980 39.516620
228 203952 9.204130 19.677580
228 1626157 11.807070 27.244720
228 2594 19.986950 41.139560
228 200794 30.030890 10.964290
228 201143 20.938030 25.022430
228 200757 16.609850 12.998760
228 201952 37.179830 41.831630