0 -1 20.734830 29.153940 BALL
0 201945 9.759520 2.668210 PLAYER
0 202334 7.333390 19.938760 PLAYER
0 203081 30.097870 14.470050 PLAYER
0 203468 20.747480 29.041470 PLAYER
0 203086 19.064230 34.806170 PLAYER
0 2594 7.873830 19.035800 PLAYER
0 200794 21.147370 17.313510 PLAYER
0 201168 11.290320 33.850640 PLAYER
0 201952 11.654640 26.335290 PLAYER
0 203145 19.245850 39.335510 PLAYER
12 -1 20.444410 29.356090 BALL
12 201945 9.581690 2.742940 PLAYER
12 202334 7.393200 20.249480 PLAYER
12 203081 30.111920 14.826150 PLAYER
12 203468 21.013590 28.752520 PLAYER
12 203086 18.451490 34.688820 PLAYER
12 2594 7.768330 19.393700 PLAYER
12 200794 20.841120 17.332710 PLAYER
12 201168 11.122450 32.980410 PLAYER
12 201952 12.648030 26.697680 PLAYER
12 203145 18.580490 38.583920 PLAYER
24 -1 20.430900 28.695110 BALL
24 201945 9.315580 2.971240 PLAYER
24 202334 7.445500 20.497660 PLAYER
24 203081 30.205520 15.194510 PLAYER
24 203468 21.250140 28.598830 PLAYER
24 203086 17.795850 34.679700 PLAYER
24 2594 7.500010 19.585360 PLAYER
24 200794 20.451780 17.354640 PLAYER
24 201168 10.830090 32.249670 PLAYER
24 201952 13.580370 26.891380 PLAYER
24 203145 17.922340 37.885690 PLAYER
36 -1 18.786680 28.204520 BALL
36 201945 9.023310 3.388130 PLAYER
36 202334 7.507580 20.806890 PLAYER
36 203081 30.358960 15.579270 PLAYER
36 203468 21.456090 28.483990 PLAYER
36 203086 17.265540 34.717300 PLAYER
36 2594 7.117080 19.861620 PLAYER
36 200794 20.024360 17.389410 PLAYER
36 201168 10.438530 31.619250 PLAYER
36 201952 14.574340 27.115250 PLAYER
36 203145 17.440930 37.269120 PLAYER
48 -1 16.972150 27.771930 BALL
48 201945 8.735410 4.040410 PLAYER
48 202334 7.418660 21.194380 PLAYER
48 203081 30.548720 15.974920 PLAYER
48 203468 21.725200 28.424810 PLAYER
48 203086 16.727400 34.865650 PLAYER
48 2594 6.874280 20.151600 PLAYER
48 200794 19.592690 17.430230 PLAYER
48 201168 10.115430 31.107760 PLAYER
48 201952 15.621030 27.220920 PLAYER
48 203145 17.071600 36.763060 PLAYER
60 -1 15.195280 27.213550 BALL
60 201945 8.466700 4.928750 PLAYER
60 202334 7.354130 21.396850 PLAYER
60 203081 30.779540 16.378080 PLAYER
60 203468 21.978180 28.337000 PLAYER
60 203086 16.117100 34.729900 PLAYER
60 2594 6.585190 20.455110 PLAYER
60 200794 19.180360 17.491350 PLAYER
60 201168 9.810460 30.689480 PLAYER
60 201952 16.498320 27.133950 PLAYER
60 203145 16.726470 36.468750 PLAYER
72 -1 13.474960 26.657190 BALL
72 201945 8.219450 6.046410 PLAYER
72 202334 7.222630 21.565270 PLAYER
72 203081 31.014100 16.776030 PLAYER
72 203468 22.415120 28.141860 PLAYER
72 203086 15.355190 34.568480 PLAYER
72 2594 6.302570 20.658880 PLAYER
72 200794 18.782790 17.575880 PLAYER
72 201168 9.492090 30.315310 PLAYER
72 201952 17.661960 26.981290 PLAYER
72 203145 16.522740 36.308710 PLAYER
84 -1 11.850210 26.251110 BALL
84 201945 8.004280 7.329480 PLAYER
84 202334 7.072450 21.750340 PLAYER
84 203081 31.241120 17.166520 PLAYER
84 203468 22.953200 27.929920 PLAYER
84 203086 14.633060 34.258300 PLAYER
84 2594 6.063180 20.948580 PLAYER
84 200794 18.387350 17.652710 PLAYER
84 201168 8.979990 29.993930 PLAYER
84 201952 18.907440 26.751290 PLAYER
84 203145 16.465350 36.243950 PLAYER
96 -1 10.185740 25.929180 BALL
96 201945 7.786660 8.701500 PLAYER
96 202334 6.872560 21.887380 PLAYER
96 203081 31.464030 17.553210 PLAYER
96 203468 23.285570 27.755140 PLAYER
96 203086 13.803370 33.833390 PLAYER
96 2594 5.952470 20.975920 PLAYER
96 200794 17.985930 17.696680 PLAYER
96 201168 8.561820 29.607310 PLAYER
96 201952 20.324150 26.502060 PLAYER
96 203145 16.370330 36.221660 PLAYER
108 -1 8.494950 25.376500 BALL
108 201945 7.658900 10.036040 PLAYER
108 202334 6.759350 21.977960 PLAYER
108 203081 31.694160 17.928880 PLAYER
108 203468 23.738820 27.654670 PLAYER
108 203086 13.003960 33.282050 PLAYER
108 2594 5.812400 20.903830 PLAYER
108 200794 17.575040 17.721050 PLAYER
108 201168 8.151010 29.202480 PLAYER
108 201952 21.697710 26.290310 PLAYER
108 203145 16.352130 36.204890 PLAYER
120 -1 6.921020 24.956550 BALL
120 201945 7.685860 11.367550 PLAYER
120 202334 6.720470 22.069540 PLAYER
120 203081 31.946530 18.285260 PLAYER
120 203468 24.296640 27.640220 PLAYER
120 203086 12.300660 32.685800 PLAYER
120 2594 5.688100 20.876340 PLAYER
120 200794 17.176400 17.707160 PLAYER
120 201168 7.725350 28.678560 PLAYER
120 201952 23.151720 26.133190 PLAYER
120 203145 16.352030 36.155010 PLAYER
132 -1 6.366780 24.623510 BALL
132 201945 7.820150 12.650410 PLAYER
132 202334 6.637710 22.227670 PLAYER
132 203081 32.243820 18.623690 PLAYER
132 203468 24.890980 27.725340 PLAYER
132 203086 11.670920 31.962080 PLAYER
132 2594 5.505980 20.933550 PLAYER
132 200794 16.781840 17.670930 PLAYER
132 201168 7.304670 27.961260 PLAYER
132 201952 24.346360 26.003580 PLAYER
132 203145 16.276440 36.082560 PLAYER
144 -1 6.691430 24.305260 BALL
144 201945 8.072210 13.836310 PLAYER
144 202334 6.638650 22.416960 PLAYER
144 203081 32.570120 18.929880 PLAYER
144 203468 25.546800 27.799350 PLAYER
144 203086 11.094510 31.239210 PLAYER
144 2594 5.475410 21.113950 PLAYER
144 200794 16.394860 17.620860 PLAYER
144 201168 7.077980 27.118570 PLAYER
144 201952 25.460530 25.889080 PLAYER
144 203145 16.133240 36.020840 PLAYER
156 -1 7.052850 24.025390 BALL
156 201945 8.412470 14.895180 PLAYER
156 202334 6.701440 22.551580 PLAYER
156 203081 32.917570 19.202820 PLAYER
156 203468 26.513090 27.818770 PLAYER
156 203086 10.714050 30.472580 PLAYER
156 2594 5.449120 21.409180 PLAYER
156 200794 16.016600 17.582940 PLAYER
156 201168 7.075570 26.328350 PLAYER
156 201952 26.456140 25.764130 PLAYER
156 203145 15.940650 35.991410 PLAYER
168 -1 7.436410 23.622220 BALL
168 201945 8.578210 15.826870 PLAYER
168 202334 6.651770 22.614730 PLAYER
168 203081 33.286670 19.431930 PLAYER
168 203468 27.365890 27.766820 PLAYER
168 203086 10.377120 29.861720 PLAYER
168 2594 5.635220 21.800710 PLAYER
168 200794 15.643600 17.520340 PLAYER
168 201168 7.133800 25.668660 PLAYER
168 201952 27.467020 25.672370 PLAYER
168 203145 15.762210 35.966050 PLAYER
180 -1 7.699710 23.230390 BALL
180 201945 8.469280 16.567880 PLAYER
180 202334 6.554250 22.688770 PLAYER
180 203081 33.647860 19.625090 PLAYER
180 203468 28.210070 27.650300 PLAYER
180 203086 10.007410 29.428550 PLAYER
180 2594 5.806000 22.205310 PLAYER
180 200794 15.282370 17.432060 PLAYER
180 201168 7.203100 25.124140 PLAYER
180 201952 28.559120 25.636500 PLAYER
180 203145 15.614580 35.930940 PLAYER
192 -1 8.051520 22.968640 BALL
192 201945 8.243040 17.131630 PLAYER
192 202334 6.583250 22.870330 PLAYER
192 203081 33.969520 19.784900 PLAYER
192 203468 29.045540 27.549270 PLAYER
192 203086 9.661110 29.095650 PLAYER
192 2594 6.096000 22.638800 PLAYER
192 200794 14.931940 17.310320 PLAYER
192 201168 7.152720 24.627990 PLAYER
192 201952 29.742680 25.624520 PLAYER
192 203145 15.499800 35.823510 PLAYER
204 -1 7.941660 22.879260 BALL
204 201945 7.965410 17.483660 PLAYER
204 202334 6.562740 23.071850 PLAYER
204 203081 34.224020 19.924540 PLAYER
204 203468 29.788610 27.497210 PLAYER
204 203086 9.392080 28.906940 PLAYER
204 2594 6.672020 22.640210 PLAYER
204 200794 14.617690 17.182800 PLAYER
204 201168 7.152360 24.331920 PLAYER
204 201952 30.905780 25.622210 PLAYER
204 203145 15.417530 35.611770 PLAYER
216 -1 8.171430 22.297600 BALL
216 201945 7.704870 17.679990 PLAYER
216 202334 6.453160 23.171200 PLAYER
216 203081 34.364440 20.080440 PLAYER
216 203468 30.399980 27.530980 PLAYER
216 203086 9.000690 28.932060 PLAYER
216 2594 7.404600 22.567970 PLAYER
216 200794 14.376720 17.039400 PLAYER
216 201168 6.986160 24.137810 PLAYER
216 201952 32.008440 25.612370 PLAYER
216 203145 15.341920 35.293110 PLAYER
228 -1 8.780160 22.182340 BALL
228 201945 7.457670 17.781490 PLAYER
228 202334 6.498720 23.412370 PLAYER
228 203081 34.334590 20.289840 PLAYER
228 203468 30.982550 27.587160 PLAYER
228 203086 8.692110 28.950050 PLAYER
228 2594 8.159670 22.322420 PLAYER
228 200794 14.225350 16.928060 PLAYER
228 201168 6.782810 23.910970 PLAYER
228 201952 33.091590 25.570260 PLAYER
228 203145 15.184060 34.943070 PLAYER
240 -1 8.699190 21.337080 BALL
240 201945 7.375710 17.764140 PLAYER
240 202334 6.742960 23.303650 PLAYER
240 203081 34.187180 20.515100 PLAYER
240 203468 31.548260 27.691840 PLAYER
240 203086 8.417410 28.993760 PLAYER
240 2594 8.828010 22.104560 PLAYER
240 200794 14.137820 16.898390 PLAYER
240 201168 6.586370 23.563820 PLAYER
240 201952 33.919510 25.524650 PLAYER
240 203145 14.885800 34.565020 PLAYER
252 -1 8.524460 21.270890 BALL
252 201945 7.320480 17.579060 PLAYER
252 202334 7.032050 22.974910 PLAYER
252 203081 34.022430 20.702560 PLAYER
252 203468 32.112120 27.754550 PLAYER
252 203086 8.135210 29.083650 PLAYER
252 2594 9.526110 21.628340 PLAYER
252 200794 14.114130 16.957900 PLAYER
252 201168 6.533080 23.395770 PLAYER
252 201952 34.452620 25.468820 PLAYER
252 203145 14.472280 34.182570 PLAYER
264 -1 8.528710 21.120650 BALL
264 201945 7.051600 17.264260 PLAYER
264 202334 7.194470 22.605760 PLAYER
264 203081 33.583610 20.908670 PLAYER
264 203468 32.756220 27.743660 PLAYER
264 203086 7.820500 29.152410 PLAYER
264 2594 9.824420 21.500540 PLAYER
264 200794 14.091380 17.063380 PLAYER
264 201168 6.528150 23.102190 PLAYER
264 201952 34.890410 25.370310 PLAYER
264 203145 14.114770 33.788320 PLAYER
276 -1 7.298160 20.571780 BALL
276 201945 6.721140 16.688700 PLAYER
276 202334 7.436940 22.373560 PLAYER
276 203081 33.202760 21.037180 PLAYER
276 203468 33.476850 27.662150 PLAYER
276 203086 7.591740 29.215000 PLAYER
276 2594 10.267610 21.388200 PLAYER
276 200794 13.999440 17.192350 PLAYER
276 201168 6.624530 22.762480 PLAYER
276 201952 35.109260 25.262390 PLAYER
276 203145 13.631990 33.388740 PLAYER
288 -1 7.582290 19.907860 BALL
288 201945 6.454590 15.883630 PLAYER
288 202334 7.745890 21.921450 PLAYER
288 203081 32.885700 21.102770 PLAYER
288 203468 34.083090 27.596150 PLAYER
288 203086 7.401570 29.261020 PLAYER
288 2594 10.812220 21.372450 PLAYER
288 200794 13.709770 17.323720 PLAYER
288 201168 6.478310 22.343540 PLAYER
288 201952 35.121540 25.126270 PLAYER
288 203145 13.189270 33.001320 PLAYER
300 -1 8.370530 20.342810 BALL
300 201945 6.122610 14.983980 PLAYER
300 202334 7.807610 21.905690 PLAYER
300 203081 32.562410 21.164430 PLAYER
300 203468 34.483680 27.552230 PLAYER
300 203086 7.214400 29.254720 PLAYER
300 2594 11.643840 21.295460 PLAYER
300 200794 13.407800 17.387550 PLAYER
300 201168 6.359650 22.074270 PLAYER
300 201952 35.074300 24.941890 PLAYER
300 203145 12.830150 32.495130 PLAYER
312 -1 8.376440 20.103710 BALL
312 201945 5.768830 14.008570 PLAYER
312 202334 7.650820 21.982020 PLAYER
312 203081 32.132460 21.281710 PLAYER
312 203468 34.739250 27.661860 PLAYER
312 203086 7.029040 29.214220 PLAYER
312 2594 12.458650 21.337040 PLAYER
312 200794 13.077040 17.334110 PLAYER
312 201168 6.266790 21.733500 PLAYER
312 201952 34.883830 24.778990 PLAYER
312 203145 12.393370 31.926670 PLAYER
324 -1 8.133940 20.183280 BALL
324 201945 5.595870 12.937420 PLAYER
324 202334 7.662130 21.998440 PLAYER
324 203081 31.888650 21.396070 PLAYER
324 203468 34.832250 27.914750 PLAYER
324 203086 6.836260 29.171390 PLAYER
324 2594 13.313030 21.258130 PLAYER
324 200794 12.789310 17.214240 PLAYER
324 201168 6.030900 21.471960 PLAYER
324 201952 34.522280 24.668410 PLAYER
324 203145 11.757640 31.373350 PLAYER