0 -1 73.237430 8.794470
0 201155 24.561000 28.954830
0 101145 83.969530 30.371590
0 201941 85.742820 19.995300
0 202730 76.602560 10.146840
0 202331 71.230960 19.034890
0 200745 85.265370 19.189770
0 201961 71.867110 7.482430
0 201152 80.185560 24.984510
0 202388 86.175040 47.564430
0 202711 59.781910 27.166300
12 -1 74.845000 10.409760
12 201155 26.232350 29.066180
12 101145 83.950100 29.592290
12 201941 85.630310 19.948710
12 202730 76.213460 9.842510
12 202331 71.574720 19.214720
12 200745 85.208680 18.963070
12 201961 71.951090 7.606590
12 201152 81.144100 25.073700
12 202388 86.169030 47.413840
12 202711 59.929490 27.830050
24 -1 76.295010 11.964500
24 201155 27.861210 29.205090
24 101145 83.976660 28.797880
24 201941 85.660810 19.917730
24 202730 75.820590 9.607670
24 202331 72.079250 19.448390
24 200745 85.116790 18.613250
24 201961 72.097740 7.675660
24 201152 81.954590 25.175540
24 202388 86.152690 47.071450
24 202711 60.064540 28.389200
36 -1 77.899650 13.496410
36 201155 29.411700 29.343530
36 101145 84.119260 28.045840
36 201941 85.565930 19.946630
36 202730 75.513370 9.331080
36 202331 72.688530 19.693280
36 200745 84.754210 18.263560
36 201961 72.142120 7.661160
36 201152 82.829940 25.461170
36 202388 86.169960 46.551440
36 202711 60.157170 28.839710
48 -1 79.287110 15.268910
48 201155 30.872030 29.471710
48 101145 84.386580 27.371490
48 201941 85.479430 19.898780
48 202730 75.031310 8.994260
48 202331 73.411390 19.994050
48 200745 84.430230 18.117020
48 201961 71.977470 7.549890
48 201152 83.593840 25.698150
48 202388 86.179960 45.834530
48 202711 60.151480 29.246780
60 -1 80.985570 16.668110
60 201155 32.228840 29.559690
60 101145 84.632400 26.768730
60 201941 85.408060 19.875100
60 202730 74.408560 8.731180
60 202331 74.190550 20.330380
60 200745 84.096450 18.011400
60 201961 71.647570 7.368290
60 201152 84.178040 25.814550
60 202388 86.215450 44.915250
60 202711 60.066250 29.666840
72 -1 82.386430 18.253280
72 201155 33.458630 29.650250
72 101145 84.886210 26.279290
72 201941 85.294340 19.853720
72 202730 73.870640 8.531720
72 202331 75.099340 20.734160
72 200745 83.681860 17.813310
72 201961 71.173050 7.049210
72 201152 84.651170 25.858670
72 202388 86.232460 43.873140
72 202711 59.895900 30.048120
84 -1 83.916470 19.801670
84 201155 34.544090 29.766750
84 101145 85.172500 25.929250
84 201941 85.165000 19.849270
84 202730 73.360600 8.234680
84 202331 76.079320 21.203340
84 200745 83.251170 17.680590
84 201961 70.434930 6.647750
84 201152 85.143340 25.868180
84 202388 86.219630 42.782090
84 202711 59.667970 30.379950
96 -1 85.374520 21.400430
96 201155 35.506430 29.919790
96 101145 85.448640 25.595070
96 201941 85.088850 19.855620
96 202730 72.715430 7.896270
96 202331 77.066910 21.716010
96 200745 83.013160 17.683730
96 201961 69.577160 6.200780
96 201152 85.448640 25.595070
96 202388 86.203720 41.614120
96 202711 59.364240 30.609870
108 -1 86.812920 22.890260
108 201155 36.367110 30.077570
108 101145 85.701930 25.340600
108 201941 84.988550 19.911630
108 202730 72.199210 7.670140
108 202331 78.112610 22.244800
108 200745 82.947960 17.616970
108 201961 68.690390 5.703730
108 201152 85.701930 25.340600
108 202388 86.181160 40.435500
108 202711 59.046530 30.694190
120 -1 88.229650 24.420650
120 201155 37.088670 30.209430
120 101145 85.976580 25.134180
120 201941 84.937230 20.003890
120 202730 71.763400 7.434470
120 202331 79.155960 22.891430
120 200745 82.813290 17.616990
120 201961 67.760630 5.174360
120 201152 85.976580 25.134180
120 202388 86.132740 39.226050
120 202711 58.716400 30.795080
132 -1 88.685500 25.126720
132 201155 37.679310 30.314870
132 101145 86.244690 24.899420
132 201941 84.951480 20.128950
132 202730 71.263550 7.155980
132 202331 80.178140 23.697940
132 200745 82.809620 17.719200
132 201961 66.780260 4.642470
132 201152 86.244690 24.899420
132 202388 86.082690 38.033450
132 202711 58.401480 30.926140
144 -1 88.570240 25.078180
144 201155 38.166080 30.392310
144 101145 86.423140 24.630830
144 201941 84.934200 20.232400
144 202730 70.710440 6.877280
144 202331 81.105930 24.439990
144 200745 82.824300 17.874070
144 201961 65.700760 4.160780
144 201152 86.423140 24.630830
144 202388 85.981780 36.881850
144 202711 58.053270 30.904480
156 -1 88.008680 24.762240
156 201155 38.550570 30.455080
156 101145 86.576770 24.312930
156 201941 84.985500 20.356350
156 202730 70.228430 6.680360
156 202331 82.020340 25.192720
156 200745 82.795460 18.056870
156 201961 64.517780 3.751390
156 201152 86.576770 24.312930
156 202388 85.752580 35.786570
156 202711 57.738490 30.923080
168 -1 87.346020 24.556790
168 201155 38.821840 30.555830
168 101145 86.641470 24.009820
168 201941 84.988050 20.517900
168 202730 69.825710 6.494140
168 202331 82.767830 25.861150
168 200745 82.731860 18.368560
168 201961 63.439690 3.467620
168 201152 86.641470 24.009820
168 202388 85.401990 34.755280
168 202711 57.478060 31.024590
180 -1 86.760460 24.200450
180 201155 39.002520 30.697410
180 101145 86.664520 23.704710
180 201941 84.802400 20.714650
180 202730 69.494690 6.386520
180 202331 83.271940 26.374140
180 200745 82.771130 18.864740
180 201961 62.332080 3.295730
180 201152 86.664520 23.704710
180 202388 84.953760 33.871090
180 202711 57.274960 30.998490
192 -1 86.185520 23.788910
192 201155 39.079880 30.868880
192 101145 86.596120 23.507210
192 201941 84.434990 20.901470
192 202730 69.202180 6.282910
192 202331 83.626280 26.634400
192 200745 82.887600 19.547920
192 201961 61.164770 3.200530
192 201152 86.596120 23.507210
192 202388 84.375540 33.077930
192 202711 57.158470 30.913700
204 -1 85.618730 23.476950
204 201155 39.043960 31.054820
204 101145 86.463050 23.421680
204 201941 84.125100 21.135520
204 202730 68.980230 6.239480
204 202331 83.861760 26.827620
204 200745 82.981970 20.206100
204 201961 60.027020 3.226210
204 201152 86.463050 23.421680
204 202388 83.715700 32.328780
204 202711 57.150700 30.879880
216 -1 85.093210 23.162500
216 201155 38.939610 31.255280
216 101145 86.396750 23.431990
216 201941 83.768820 21.599310
216 202730 68.837180 6.218080
216 202331 83.991630 26.945020
216 200745 83.148530 20.756490
216 201961 58.954140 3.271480
216 201152 86.430010 22.834290
216 202388 82.972210 31.657690
216 202711 57.197430 30.729640
228 -1 84.416920 22.820040
228 201155 38.771520 31.447050
228 101145 86.330040 23.622590
228 201941 83.473810 22.069740
228 202730 68.749840 6.236810
228 202331 84.136520 27.098940
228 200745 83.628460 21.134320
228 201961 57.805110 3.360260
228 201152 86.443530 21.960710
228 202388 82.222540 31.085520
228 202711 57.291820 30.479460
240 -1 83.870360 22.685310
240 201155 38.584540 31.624000
240 101145 86.236630 23.907170
240 201941 83.372420 22.628940
240 202730 68.745710 6.289980
240 202331 84.491010 27.321940
240 200745 83.745360 21.487090
240 201961 56.666490 3.494500
240 201152 86.428830 21.057000
240 202388 81.444750 30.531870
240 202711 57.480920 30.310800
252 -1 83.541240 22.490050
252 201155 38.392790 31.768150
252 101145 86.128730 24.252650
252 201941 83.472520 23.211500
252 202730 68.871540 6.488950
252 202331 84.835400 27.657070
252 200745 83.761580 21.755050
252 201961 55.526490 3.710270
252 201152 86.279520 20.145710
252 202388 80.662810 29.975130
252 202711 57.710570 30.168700
264 -1 83.290350 22.529170
264 201155 38.198990 31.867270
264 101145 86.107380 24.202870
264 201941 83.615260 23.734290
264 202730 69.058180 6.767050
264 202331 85.234380 28.020830
264 200745 83.860090 22.274240
264 201961 54.499260 3.927430
264 201152 86.223840 19.109010
264 202388 79.795880 29.448280
264 202711 58.008140 30.172890
276 -1 83.235810 22.683690
276 201155 38.009710 31.938400
276 101145 86.220990 23.866680
276 201941 83.860810 24.018400
276 202730 69.243380 7.113660
276 202331 85.661400 28.497760
276 200745 83.809610 22.746450
276 201961 53.604570 4.242250
276 201152 85.984340 18.719870
276 202388 78.931650 28.945630
276 202711 58.323920 30.235750
288 -1 83.114140 22.625430
288 201155 37.864850 31.989720
288 101145 86.429940 23.218830
288 201941 84.081490 24.263480
288 202730 69.444520 7.490400
288 202331 86.176880 29.116300
288 200745 83.365590 23.222100
288 201961 52.698550 4.550750
288 201152 85.624190 18.609810
288 202388 78.083880 28.486450
288 202711 58.605700 30.345810
300 -1 82.857910 22.900820
300 201155 37.776880 32.030540
300 101145 86.654810 22.458260
300 201941 84.148360 24.310590
300 202730 69.668130 7.859940
300 202331 86.621780 29.721090
300 200745 83.269460 23.487300
300 201961 51.912170 4.825200
300 201152 85.276320 18.576140
300 202388 77.178810 28.026660
300 202711 58.800670 30.414600
312 -1 82.685900 23.014080
312 201155 37.778640 32.052040
312 101145 86.889020 21.593170
312 201941 84.102030 24.261260
312 202730 69.908560 8.257830
312 202331 87.053320 30.279760
312 200745 83.041340 23.544630
312 201961 51.329740 5.108730
312 201152 84.996500 18.476980
312 202388 76.274130 27.622400
312 202711 58.913160 30.460770
324 -1 82.620820 22.899840
324 201155 37.910680 32.064170
324 101145 87.074450 21.061040
324 201941 83.991420 24.170820
324 202730 70.132930 8.742740
324 202331 87.459740 30.847510
324 200745 82.719160 23.335700
324 201961 50.901400 5.371100
324 201152 84.677130 18.473350
324 202388 75.457050 27.262860
324 202711 58.956030 30.436660
336 -1 81.251530 22.639050
336 201155 38.237700 32.037230
336 101145 86.982120 20.824860
336 201941 83.773500 23.982800
336 202730 70.455230 9.101900
336 202331 87.812010 31.279420
336 200745 82.294980 23.181590
336 201961 50.561530 5.565930
336 201152 84.390400 18.484080
336 202388 74.679480 26.784470
336 202711 59.038290 30.496820
348 -1 80.722150 22.431330
348 201155 38.759050 31.971240
348 101145 86.814800 20.697480
348 201941 83.648320 23.685990
348 202730 70.955640 9.429510
348 202331 88.004290 31.527400
348 200745 81.918600 23.031220
348 201961 50.438060 5.784600
348 201152 84.221920 18.529460
348 202388 73.901800 26.241210
348 202711 59.222910 30.681390