0 -1 7.959070 31.198390
0 2216 4.463620 18.295470
0 2754 11.005620 16.488810
0 201584 8.595970 30.007740
0 201144 13.365690 30.713490
0 201188 12.434220 24.569470
0 2207 11.393000 2.248710
0 101127 31.390090 19.075210
0 200745 21.118400 23.763500
0 203080 3.718370 14.085050
0 202711 9.082130 32.168420
12 -1 7.423070 30.238780
12 2216 4.274530 17.932600
12 2754 10.550480 17.117550
12 201584 7.987640 30.300030
12 201144 12.795870 31.194310
12 201188 12.336580 24.966550
12 2207 11.418460 2.159710
12 101127 31.301460 18.920090
12 200745 21.197740 24.902200
12 203080 2.977090 14.417600
12 202711 8.627270 32.487810
24 -1 6.971510 29.353560
24 2216 4.099840 17.697240
24 2754 9.986080 17.891730
24 201584 7.407590 30.661740
24 201144 12.304810 31.660350
24 201188 12.216110 25.325070
24 2207 11.320890 2.175980
24 101127 31.247560 18.816420
24 200745 21.280970 25.791280
24 203080 2.154740 14.919460
24 202711 8.145370 33.117820
36 -1 6.597150 28.542340
36 2216 3.964130 17.638610
36 2754 9.391390 18.710960
36 201584 6.939230 30.961530
36 201144 11.850680 31.987700
36 201188 12.032190 25.663240
36 2207 11.233540 2.150830
36 101127 31.223980 18.773350
36 200745 21.402690 26.730620
36 203080 1.349680 15.641130
36 202711 7.790630 33.694410
48 -1 6.292760 27.804730
48 2216 3.870750 17.766300
48 2754 8.839170 19.554120
48 201584 6.560850 31.272710
48 201144 11.483100 32.219720
48 201188 11.769680 25.967430
48 2207 11.216490 2.089830
48 101127 31.202550 18.775590
48 200745 21.511260 27.631070
48 203080 0.694050 16.412760
48 202711 7.456140 34.246050
60 -1 6.051100 27.140360
60 2216 3.831250 18.063950
60 2754 8.367850 20.365780
60 201584 6.234610 31.474340
60 201144 11.182790 32.380830
60 201188 11.514770 25.975560
60 2207 11.305940 2.065220
60 101127 31.191720 18.821630
60 200745 21.584160 28.346900
60 203080 0.301290 17.266870
60 202711 7.101890 34.839190
72 -1 5.864920 26.548810
72 2216 3.831100 18.528690
72 2754 7.921610 21.183640
72 201584 5.966030 31.623300
72 201144 10.901330 32.426140
72 201188 11.271880 25.829980
72 2207 11.444380 2.190590
72 101127 31.215380 18.884090
72 200745 21.672560 28.793080
72 203080 0.062230 18.216560
72 202711 6.767410 35.358520
84 -1 5.727000 26.029720
84 2216 3.910150 19.061920
84 2754 7.569630 21.914740
84 201584 5.746840 31.759580
84 201144 10.618600 32.382690
84 201188 10.985420 25.654390
84 2207 11.796690 2.228420
84 101127 31.249960 18.965180
84 200745 21.825570 29.438530
84 203080 0.053350 19.359700
84 202711 6.436650 35.887570
96 -1 5.630100 25.582680
96 2216 4.054320 19.631720
96 2754 7.272650 22.601600
96 201584 5.413400 32.064530
96 201144 10.363060 32.328830
96 201188 10.700910 25.506690
96 2207 12.192330 2.377820
96 101127 31.301580 19.058030
96 200745 22.043580 29.980700
96 203080 0.315580 20.492810
96 202711 6.083880 36.486480
108 -1 5.566970 25.207310
108 2216 4.316180 20.200320
108 2754 7.042440 23.228160
108 201584 5.213190 32.277160
108 201144 10.114830 32.180980
108 201188 10.422650 25.321670
108 2207 12.629380 2.541630
108 101127 31.385220 19.146120
108 200745 22.336860 30.458550
108 203080 0.822840 21.621630
108 202711 5.727780 37.013810
120 -1 5.530380 24.903230
120 2216 4.658240 20.728720
120 2754 6.853060 23.693260
120 201584 5.128780 32.453210
120 201144 9.884760 31.958580
120 201188 10.090060 25.393420
120 2207 13.124850 2.773550
120 101127 31.495910 19.239470
120 200745 22.705650 30.817380
120 203080 1.469780 22.733300
120 202711 5.406040 37.708890
132 -1 5.513090 24.670040
132 2216 5.066640 21.181590
132 2754 6.885050 23.936970
132 201584 5.154560 32.535330
132 201144 9.692900 31.693070
132 201188 9.730100 25.440150
132 2207 13.698910 3.022330
132 101127 31.621520 19.346550
132 200745 23.171190 31.068760
132 203080 2.248500 23.812860
132 202711 5.198380 38.418780
144 -1 5.507860 24.507350
144 2216 5.510370 21.537850
144 2754 6.765190 24.111510
144 201584 5.260500 32.487810
144 201144 9.563530 31.430210
144 201188 9.228220 25.396010
144 2207 14.307620 3.321080
144 101127 31.772830 19.434690
144 200745 23.689440 31.268320
144 203080 3.021410 24.385530
144 202711 5.029180 39.062540
156 -1 5.793650 24.419210
156 2216 5.944140 21.922010
156 2754 6.946250 24.511930
156 201584 5.585570 32.375980
156 201144 9.514950 31.210600
156 201188 8.760140 25.284370
156 2207 15.011160 3.629730
156 101127 31.945760 19.510510
156 200745 24.206830 31.371340
156 203080 4.158320 24.972890
156 202711 4.878040 39.364760
168 -1 6.571640 24.104100
168 2216 6.299910 22.259470
168 2754 7.185470 25.102080
168 201584 5.895810 32.438460
168 201144 9.520760 31.057570
168 201188 8.408910 25.256350
168 2207 15.786270 3.986460
168 101127 32.150010 19.593370
168 200745 24.746470 31.401170
168 203080 5.278070 25.667150
168 202711 4.945580 39.702750
180 -1 7.551480 23.854660
180 2216 6.572600 22.511290
180 2754 7.181010 25.423890
180 201584 6.259840 32.671880
180 201144 9.583250 30.973800
180 201188 8.275070 25.134090
180 2207 16.596960 4.325300
180 101127 32.391730 19.695510
180 200745 25.315740 31.435480
180 203080 5.997540 25.928630
180 202711 5.201760 39.652050
192 -1 7.661890 23.581550
192 2216 6.775470 22.608350
192 2754 7.027630 25.505850
192 201584 6.642920 33.048690
192 201144 9.685920 30.956690
192 201188 8.234500 25.125340
192 2207 17.469000 4.647250
192 101127 32.671950 19.821410
192 200745 25.899440 31.339210
192 203080 6.543760 25.674450
192 202711 5.585420 39.645560
204 -1 7.985950 22.487750
204 2216 7.021990 22.633160
204 2754 7.164380 25.357980
204 201584 7.100520 33.565510
204 201144 9.784520 31.004220
204 201188 8.554240 25.295980
204 2207 18.424460 4.945730
204 101127 32.997390 19.993460
204 200745 26.470940 31.080260
204 203080 6.989870 25.449940
204 202711 6.195710 39.624140
216 -1 8.493030 21.365400
216 2216 7.283940 22.587530
216 2754 7.205360 24.822170
216 201584 7.636060 34.136760
216 201144 9.845740 31.058260
216 201188 8.984260 25.500820
216 2207 19.449630 5.267830
216 101127 33.370170 20.224050
216 200745 27.062010 30.823120
216 203080 6.771080 25.155190
216 202711 7.052040 39.667050
228 -1 8.882190 20.114280
228 2216 7.585600 22.309670
228 2754 7.117620 24.240230
228 201584 8.246210 34.635110
228 201144 9.854700 31.242780
228 201188 9.431540 25.631400
228 2207 20.425670 5.649950
228 101127 33.777940 20.453060
228 200745 27.619830 30.480610
228 203080 6.440640 24.735920
228 202711 8.007870 39.634420
240 -1 9.404700 19.075310
240 2216 8.027990 21.862890
240 2754 7.248020 24.088360
240 201584 8.889000 35.131420
240 201144 9.834540 31.583330
240 201188 9.815510 25.811750
240 2207 21.472590 6.094380
240 101127 34.243710 20.661060
240 200745 28.205430 29.963940
240 203080 6.439060 24.590100
240 202711 8.989770 39.708710
252 -1 9.782350 17.964130
252 2216 8.598410 21.273700
252 2754 7.306050 24.341380
252 201584 9.533560 35.648010
252 201144 9.755070 31.847460
252 201188 10.287310 25.908710
252 2207 22.535820 6.637580
252 101127 34.787730 20.848220
252 200745 28.792470 29.456870
252 203080 6.288140 24.463510
252 202711 9.966580 39.451940
264 -1 10.206990 16.972970
264 2216 9.146520 20.602920
264 2754 7.242610 24.757510
264 201584 10.262860 36.109820
264 201144 9.651450 32.093520
264 201188 10.732360 25.986400
264 2207 23.615370 7.128330
264 101127 35.414910 21.017220
264 200745 29.422160 29.145440
264 203080 5.944080 24.170690
264 202711 11.034780 39.011810
276 -1 10.604500 15.912080
276 2216 9.756550 19.662430
276 2754 7.098480 25.135510
276 201584 11.032740 36.523380
276 201144 9.539790 32.344260
276 201188 11.321260 26.129410
276 2207 24.704960 7.613130
276 101127 36.131480 21.175610
276 200745 30.125260 28.871390
276 203080 5.742520 23.531270
276 202711 12.073990 38.571290
288 -1 10.936360 15.442390
288 2216 10.388770 18.601130
288 2754 7.166550 25.153310
288 201584 11.892740 37.030550
288 201144 9.457910 32.487170
288 201188 12.002620 26.132000
288 2207 25.925740 8.107090
288 101127 36.918150 21.335700
288 200745 30.926570 28.661510
288 203080 5.493920 22.618690
288 202711 13.109450 38.182500
300 -1 11.147340 14.926790
300 2216 11.029620 17.540290
300 2754 7.452080 24.946680
300 201584 12.867490 37.491210
300 201144 9.382130 32.455890
300 201188 12.900060 26.105520
300 2207 27.103670 8.471820
300 101127 37.772640 21.516280
300 200745 31.896650 28.610800
300 203080 5.221850 21.625340
300 202711 14.339270 37.911630
312 -1 11.508240 14.299780
312 2216 11.678320 16.529880
312 2754 7.932600 24.612280
312 201584 13.933200 37.886030
312 201144 9.343610 32.432100
312 201188 13.916320 26.137760
312 2207 28.263050 8.701830
312 101127 38.633910 21.682190
312 200745 33.039340 28.573140
312 203080 5.149540 20.724220
312 202711 15.671870 37.806170
324 -1 11.979670 13.714660
324 2216 12.349820 15.647180
324 2754 8.651750 24.160410
324 201584 15.071690 38.360720
324 201144 9.374520 32.330760
324 201188 15.141750 26.007080
324 2207 29.571990 9.047570
324 101127 39.541080 21.890530
324 200745 34.364320 28.398970
324 203080 5.329560 20.173740
324 202711 17.095260 37.811320
336 -1 13.680690 13.736800
336 2216 13.075020 14.797200
336 2754 9.551810 23.694240
336 201584 16.286920 38.839880
336 201144 9.442340 32.151150
336 201188 16.447550 25.822930
336 2207 30.897120 9.301900
336 101127 40.455480 22.071030
336 200745 35.811530 28.211550
336 203080 5.657960 19.739580
336 202711 18.658870 38.022000
348 -1 14.472240 13.326980
348 2216 13.806930 14.053000
348 2754 10.596870 23.345130
348 201584 17.544850 39.311290
348 201144 9.544530 31.877480
348 201188 17.917060 25.744330
348 2207 32.245560 9.486970
348 101127 41.418130 22.289310
348 200745 37.395220 28.039910
348 203080 6.196550 19.354600
348 202711 20.359410 38.143860