0 -1 15.115660 3.605810
0 2207 20.106050 19.558460
0 201152 25.583490 22.798890
0 201572 8.210720 25.410510
0 202711 8.530620 32.617420
0 203499 21.121810 29.533790
0 101161 9.408420 23.729270
0 202323 9.929580 45.395240
0 202738 36.869670 30.413130
0 203482 15.328560 2.826540
0 203109 39.051670 22.581800
12 -1 14.986020 4.065720
12 2207 19.520090 19.064120
12 201152 25.456940 23.108710
12 201572 8.037620 25.289870
12 202711 8.422110 32.845760
12 203499 20.698730 29.323370
12 101161 9.462910 23.581680
12 202323 9.684190 45.001770
12 202738 37.453630 30.359860
12 203482 15.316020 3.022110
12 203109 39.693600 22.889900
24 -1 14.221230 5.919750
24 2207 19.078390 18.458290
24 201152 25.377840 23.341330
24 201572 8.021240 25.125940
24 202711 8.320450 33.069290
24 203499 20.228090 29.086980
24 101161 9.469610 23.406480
24 202323 9.506140 44.595750
24 202738 38.043740 30.254300
24 203482 15.310420 3.260990
24 203109 40.350550 23.136290
36 -1 13.125240 8.086350
36 2207 18.698490 17.870250
36 201152 25.269340 23.503270
36 201572 8.032500 24.929370
36 202711 8.273730 33.263840
36 203499 19.718020 28.857260
36 101161 9.466060 23.231940
36 202323 9.409600 44.208510
36 202738 38.618580 30.124450
36 203482 15.461430 3.467530
36 203109 41.040760 23.351960
48 -1 12.204820 10.269840
48 2207 18.311620 17.323350
48 201152 25.097470 23.637030
48 201572 7.990430 24.668640
48 202711 8.130650 33.492930
48 203499 19.191590 28.598520
48 101161 9.451640 23.065620
48 202323 9.389000 43.837140
48 202738 39.176710 29.993780
48 203482 15.773290 3.673450
48 203109 41.723290 23.554150
60 -1 11.058820 12.707170
60 2207 17.872450 16.906710
60 201152 24.869440 23.736490
60 201572 7.821650 24.552770
60 202711 7.854140 33.725300
60 203499 18.602620 28.324190
60 101161 9.291510 22.849750
60 202323 9.462470 43.480680
60 202738 39.731850 29.863020
60 203482 16.236190 3.800510
60 203109 42.429930 23.728310
72 -1 10.217490 14.439600
72 2207 17.451050 16.483480
72 201152 24.589660 23.793290
72 201572 7.668890 24.352850
72 202711 7.742300 33.800730
72 203499 18.003820 27.987820
72 101161 9.222670 22.696170
72 202323 9.604690 43.162500
72 202738 40.290660 29.755480
72 203482 16.736850 3.939790
72 203109 43.134170 23.917520
84 -1 9.163510 16.567220
84 2207 17.036380 16.134070
84 201152 24.251460 23.838280
84 201572 7.533400 24.102940
84 202711 7.777970 33.817740
84 203499 17.414820 27.600970
84 101161 9.212760 22.561290
84 202323 9.802030 42.891780
84 202738 40.850160 29.685780
84 203482 17.426050 4.025440
84 203109 43.825920 24.147930
96 -1 8.193780 18.646580
96 2207 16.696180 15.760900
96 201152 23.851040 23.884660
96 201572 7.542090 23.920120
96 202711 7.668720 33.776020
96 203499 16.842540 27.114070
96 101161 9.240360 22.446780
96 202323 10.070610 42.653110
96 202738 41.408130 29.601910
96 203482 17.967690 4.216150
96 203109 44.478570 24.352620
108 -1 7.205950 20.704610
108 2207 16.376120 15.386570
108 201152 23.435310 23.881070
108 201572 7.637630 23.722930
108 202711 7.494710 33.582830
108 203499 16.212020 26.580390
108 101161 9.199560 22.390790
108 202323 10.419360 42.423290
108 202738 41.953890 29.510750
108 203482 18.554720 4.358100
108 203109 45.136380 24.579200
120 -1 6.443560 22.649950
120 2207 16.122950 14.903060
120 201152 23.051800 23.795570
120 201572 7.842120 23.403100
120 202711 7.496010 33.205710
120 203499 15.593970 25.974490
120 101161 9.194600 22.296790
120 202323 10.823470 42.243030
120 202738 42.472400 29.415730
120 203482 19.225440 4.527400
120 203109 45.801420 24.805230
132 -1 5.344660 24.647820
132 2207 15.842120 14.496940
132 201152 22.655180 23.785520
132 201572 8.011220 23.177580
132 202711 7.324820 32.914030
132 203499 15.002220 25.394980
132 101161 9.156860 22.173060
132 202323 11.300480 42.085790
132 202738 42.976830 29.281350
132 203482 20.093340 4.555480
132 203109 46.463880 24.961130
144 -1 4.972970 24.811300
144 2207 15.658910 13.903640
144 201152 22.289310 23.752300
144 201572 8.108120 23.032990
144 202711 7.051830 32.598860
144 203499 14.448360 24.791350
144 101161 9.148030 22.103260
144 202323 11.808980 41.914370
144 202738 43.462010 29.124720
144 203482 20.930540 4.567220
144 203109 47.142170 25.047010
156 -1 4.620170 23.815030
156 2207 15.444050 13.313660
156 201152 21.957660 23.703420
156 201572 8.049440 22.875340
156 202711 6.993500 32.228370
156 203499 13.903180 24.163450
156 101161 9.140410 22.076260
156 202323 12.366440 41.677910
156 202738 43.925660 28.971590
156 203482 21.878860 4.476810
156 203109 47.840230 25.088310
168 -1 4.404430 22.944210
168 2207 15.221980 12.836640
168 201152 21.647360 23.701470
168 201572 7.917850 22.777220
168 202711 7.153390 31.870490
168 203499 13.470600 23.393850
168 101161 9.144290 21.979390
168 202323 12.907990 41.473820
168 202738 44.382530 28.832430
168 203482 22.817000 4.377270
168 203109 48.542390 25.084850
180 -1 4.198790 21.932520
180 2207 14.994720 12.392720
180 201152 21.335620 23.770950
180 201572 7.657090 22.619710
180 202711 7.357950 31.596570
180 203499 13.118190 22.526760
180 101161 9.057700 21.931940
180 202323 13.472420 41.245020
180 202738 44.826660 28.707760
180 203482 23.720800 4.320300
180 203109 49.218170 25.094040
192 -1 4.111540 20.940090
192 2207 14.842410 11.817400
192 201152 21.074360 23.746380
192 201572 7.283680 22.419850
192 202711 7.698610 31.399400
192 203499 12.708040 21.550880
192 101161 8.963050 21.891000
192 202323 14.042870 41.013180
192 202738 45.233340 28.605910
192 203482 24.573930 4.352660
192 203109 49.882710 25.124290
204 -1 3.991950 19.946500
204 2207 14.615630 11.384900
204 201152 20.833150 23.691570
204 201572 6.693690 22.327390
204 202711 8.044260 31.268090
204 203499 12.218200 20.388420
204 101161 8.892060 21.852180
204 202323 14.661600 40.774270
204 202738 45.582980 28.517880
204 203482 25.480170 4.376000
204 203109 50.526810 25.172330
216 -1 3.665250 19.196880
216 2207 14.567640 10.819190
216 201152 20.640000 23.546740
216 201572 6.125680 22.021410
216 202711 8.338250 31.276890
216 203499 11.658640 19.203010
216 101161 8.867440 21.814100
216 202323 15.274650 40.558160
216 202738 45.877810 28.447600
216 203482 26.399070 4.451010
216 203109 51.145770 25.203870
228 -1 3.672190 18.040180
228 2207 14.612710 10.204330
228 201152 20.485030 23.293330
228 201572 5.515770 21.560500
228 202711 8.731030 31.338620
228 203499 10.893640 18.073650
228 101161 8.825360 21.838630
228 202323 15.944810 40.346550
228 202738 46.132320 28.367910
228 203482 27.280880 4.563810
228 203109 51.735560 25.159960
240 -1 3.367720 17.141100
240 2207 14.754650 9.563060
240 201152 20.366770 22.946060
240 201572 5.044080 20.960300
240 202711 9.187590 31.440810
240 203499 9.952370 16.993690
240 101161 8.806330 21.888550
240 202323 16.636460 40.164290
240 202738 46.360360 28.278260
240 203482 28.190410 4.678790
240 203109 52.342080 25.044260
252 -1 3.241860 16.375550
252 2207 14.964790 8.992800
252 201152 20.282750 22.541650
252 201572 4.566000 20.242120
252 202711 9.786920 31.592760
252 203499 8.879330 15.921830
252 101161 8.783900 22.008720
252 202323 17.331500 39.936220
252 202738 46.575680 28.192130
252 203482 29.129130 4.803260
252 203109 52.964280 24.886960
264 -1 3.153150 15.396150
264 2207 15.385000 8.399250
264 201152 20.210760 22.102140
264 201572 4.412970 19.287260
264 202711 10.645570 31.821890
264 203499 7.725590 15.011850
264 101161 8.618740 22.100470
264 202323 18.128220 39.693170
264 202738 46.801520 28.076410
264 203482 30.078200 4.985120
264 203109 53.603600 24.692660
276 -1 2.888800 14.713510
276 2207 15.961700 7.866650
276 201152 20.195620 21.635840
276 201572 4.228300 18.252590
276 202711 11.708190 32.033350
276 203499 6.569070 14.118970
276 101161 8.376000 22.224770
276 202323 18.949860 39.473820
276 202738 47.059580 27.904930
276 203482 31.064890 5.165750
276 203109 54.253430 24.525050
288 -1 2.868890 14.606960
288 2207 16.888240 7.220770
288 201152 20.286740 21.165970
288 201572 4.146990 17.323730
288 202711 12.802170 32.331140
288 203499 5.568640 13.237870
288 101161 8.093290 22.403390
288 202323 19.796990 39.230150
288 202738 47.347230 27.635020
288 203482 32.082190 5.367830
288 203109 54.910130 24.427060
300 -1 2.857010 14.540710
300 2207 17.991160 6.611480
300 201152 20.508500 20.759500
300 201572 4.114970 16.470440
300 202711 14.023950 32.701580
300 203499 4.721910 12.393710
300 101161 7.900430 22.597520
300 202323 20.650440 39.046560
300 202738 47.680430 27.303190
300 203482 33.113540 5.559390
300 203109 55.560070 24.363720
312 -1 2.851130 14.505860
312 2207 19.133390 6.093330
312 201152 20.858670 20.417300
312 201572 4.247610 15.674150
312 202711 15.285580 33.098500
312 203499 4.083230 11.625150
312 101161 7.852890 22.680590
312 202323 21.681200 38.890090
312 202738 48.031080 26.933450
312 203482 34.156170 5.774410
312 203109 56.203260 24.313260
324 -1 2.849260 14.493520
324 2207 20.473830 5.607330
324 201152 21.522170 20.078280
324 201572 4.396500 14.944380
324 202711 16.534910 33.610960
324 203499 3.687340 10.890420
324 101161 7.937100 22.764250
324 202323 22.759020 38.770730
324 202738 48.404850 26.530700
324 203482 35.229230 5.986150
324 203109 56.837890 24.222670
336 -1 3.007610 14.475400
336 2207 21.719660 5.267660
336 201152 22.373500 19.828620
336 201572 4.654110 14.398880
336 202711 17.837710 34.330940
336 203499 3.573070 10.204460
336 101161 8.183550 22.763220
336 202323 23.951260 38.721920
336 202738 48.792740 26.125550
336 203482 36.342300 6.225620
336 203109 57.493010 24.069780
348 -1 3.435620 13.954130
348 2207 22.913960 5.035430
348 201152 23.397790 19.651360
348 201572 4.916060 13.835130
348 202711 19.276070 35.086960
348 203499 3.756340 9.602610
348 101161 8.755880 22.574110
348 202323 25.231040 38.720100
348 202738 49.213170 25.729480
348 203482 37.504080 6.455510
348 203109 58.156530 23.862260
360 -1 3.856620 13.055720
360 2207 24.249140 4.784330
360 201152 24.558400 19.533540
360 201572 5.189740 13.281040
360 202711 20.755010 35.878730
360 203499 4.183780 9.011730
360 101161 9.471800 22.306300
360 202323 26.754570 38.665580
360 202738 49.650480 25.312950
360 203482 38.667150 6.709430
360 203109 58.835370 23.642790
372 -1 4.498740 12.042630
372 2207 25.812860 4.522650
372 201152 25.878730 19.411570
372 201572 5.556420 12.763970
372 202711 22.310560 36.740260
372 203499 4.803930 8.442350
372 101161 10.296300 22.054760
372 202323 28.314360 38.681420
372 202738 50.118690 24.887560
372 203482 39.860440 6.957060
372 203109 59.541590 23.432870