0 -1 69.894750 23.052070
0 201155 69.955190 23.086100
0 101145 84.029480 3.150590
0 201978 89.692130 44.096080
0 202331 72.973360 28.185550
0 1626167 79.512010 16.776340
0 202323 86.525340 36.685600
0 203092 80.961630 19.646210
0 202340 71.646260 25.777800
0 203482 75.237930 23.950200
0 1626179 84.186170 10.420510
12 -1 71.317720 23.228470
12 201155 70.175400 22.965610
12 101145 83.836800 2.881930
12 201978 89.869720 43.044220
12 202331 73.401570 28.977550
12 1626167 80.170900 16.533900
12 202323 86.548670 36.060160
12 203092 81.279130 19.641940
12 202340 71.631820 25.035560
12 203482 74.764690 23.442890
12 1626179 84.432620 10.697210
24 -1 73.372190 23.469830
24 201155 70.368460 22.713720
24 101145 83.523530 2.647460
24 201978 90.018480 41.878960
24 202331 73.911960 30.008500
24 1626167 80.804990 16.372300
24 202323 86.595420 35.326670
24 203092 81.704210 19.733070
24 202340 71.838950 24.144790
24 203482 74.148500 22.988540
24 1626179 84.790540 11.150090
36 -1 75.554620 23.733400
36 201155 70.306550 22.500880
36 101145 83.118030 2.470500
36 201978 90.130110 40.588510
36 202331 74.048690 30.808250
36 1626167 81.383790 16.284180
36 202323 86.655010 34.480740
36 203092 82.079730 19.816890
36 202340 72.002280 23.268190
36 203482 73.673010 22.520600
36 1626179 85.222080 11.750180
48 -1 77.549660 24.069390
48 201155 70.013670 22.247480
48 101145 82.664240 2.373780
48 201978 90.197800 39.225330
48 202331 73.987760 31.439010
48 1626167 81.916580 16.250320
48 202323 86.713780 33.541040
48 203092 82.398530 19.848910
48 202340 72.148480 22.550220
48 203482 73.261460 21.965100
48 1626179 85.674680 12.489270
60 -1 79.634990 24.261330
60 201155 69.554040 21.896280
60 101145 82.172320 2.347600
60 201978 90.212210 37.822980
60 202331 73.837610 32.052260
60 1626167 82.315290 16.335260
60 202323 86.737000 32.573510
60 203092 82.789210 19.766660
60 202340 72.334690 21.725390
60 203482 72.931210 21.382940
60 1626179 86.194030 13.332450
72 -1 81.708830 24.477250
72 201155 68.873700 21.516770
72 101145 81.619970 2.357210
72 201978 90.150680 36.380500
72 202331 73.546520 32.607060
72 1626167 82.626650 16.431890
72 202323 86.723580 31.642510
72 203092 83.061090 19.531090
72 202340 72.219750 21.003690
72 203482 72.840930 20.703520
72 1626179 86.712680 14.270960
84 -1 83.678700 24.621550
84 201155 68.047830 21.243920
84 101145 81.053770 2.434430
84 201978 90.026910 34.930830
84 202331 73.142840 33.100530
84 1626167 82.800810 16.620020
84 202323 86.692680 30.774700
84 203092 83.154610 19.294740
84 202340 71.853710 20.409470
84 203482 72.869620 19.929130
84 1626179 87.122990 15.223660
96 -1 85.630500 25.079450
96 201155 67.165170 20.829720
96 101145 80.477260 2.566270
96 201978 89.879920 33.571730
96 202331 72.657280 33.513110
96 1626167 82.797790 16.887460
96 202323 86.672380 29.937540
96 203092 83.114290 19.191730
96 202340 71.518510 19.826370
96 203482 72.860760 19.167530
96 1626179 87.462430 16.217600
108 -1 87.672750 25.195840
108 201155 66.299190 20.451280
108 101145 79.867140 2.721750
108 201978 89.693860 32.338400
108 202331 72.114210 33.851910
108 1626167 82.626930 17.234340
108 202323 86.629390 29.166560
108 203092 83.069460 19.267650
108 202340 71.113370 19.096710
108 203482 72.847540 18.482710
108 1626179 87.813590 17.195690
120 -1 88.165670 25.273340
120 201155 65.406930 20.063420
120 101145 79.250180 2.875730
120 201978 89.467880 31.255860
120 202331 71.530250 34.098450
120 1626167 82.328870 17.617040
120 202323 86.551110 28.408470
120 203092 82.795850 19.399100
120 202340 70.468850 18.507640
120 203482 72.893790 17.831590
120 1626179 88.099000 18.185740
132 -1 88.037690 23.886300
132 201155 64.429250 19.715570
132 101145 78.665090 3.045850
132 201978 89.207180 30.413470
132 202331 70.940740 34.279770
132 1626167 81.912860 18.081690
132 202323 86.475160 27.749400
132 203092 82.396730 19.751870
132 202340 69.946890 17.859470
132 203482 72.925610 17.289550
132 1626179 88.263420 19.066470
144 -1 87.076470 22.608480
144 201155 63.381320 19.393520
144 101145 78.090020 3.220240
144 201978 88.877720 29.762230
144 202331 70.320290 34.409830
144 1626167 81.410600 18.611940
144 202323 86.371880 27.292270
144 203092 81.835670 20.086110
144 202340 69.355910 17.092090
144 203482 73.064420 16.860640
144 1626179 88.391590 19.883490
156 -1 86.153170 21.445850
156 201155 62.283570 19.135840
156 101145 77.566490 3.418660
156 201978 88.473800 29.203120
156 202331 69.673320 34.507710
156 1626167 80.870770 19.208410
156 202323 86.276370 27.085950
156 203092 81.227820 20.296600
156 202340 68.666460 16.332460
156 203482 73.352360 16.485710
156 1626179 88.549690 20.464580
168 -1 85.348690 20.200000
168 201155 61.165020 18.934470
168 101145 77.167530 3.666580
168 201978 87.757170 29.056930
168 202331 68.996990 34.572220
168 1626167 80.409580 19.656060
168 202323 86.197540 27.047420
168 203092 80.613450 20.339510
168 202340 67.934700 15.606010
168 203482 73.866390 16.047440
168 1626179 88.614620 20.732270
180 -1 84.376020 18.953900
180 201155 60.045280 18.755300
180 101145 76.884540 3.964670
180 201978 86.974210 29.061500
180 202331 68.313340 34.626810
180 1626167 80.122180 19.849550
180 202323 86.296000 27.056360
180 203092 80.183780 20.367820
180 202340 67.243800 14.843950
180 203482 74.536010 15.605940
180 1626179 88.493950 20.546000
192 -1 83.539770 17.734930
192 201155 58.989650 18.632390
192 101145 76.654400 4.302290
192 201978 86.151340 29.118320
192 202331 67.637860 34.722290
192 1626167 79.969410 19.884750
192 202323 86.512310 27.156730
192 203092 79.984420 20.139520
192 202340 66.530590 14.010340
192 203482 75.232640 15.093590
192 1626179 88.301140 20.121790
204 -1 82.623680 16.519290
204 201155 57.952910 18.502340
204 101145 76.431870 4.666180
204 201978 85.192150 29.279620
204 202331 66.964200 34.827030
204 1626167 79.962640 19.572780
204 202323 86.748320 27.247580
204 203092 79.997190 19.749030
204 202340 65.780600 13.190600
204 203482 76.168330 14.548670
204 1626179 88.053440 19.440950
216 -1 81.807420 15.467960
216 201155 56.907110 18.300250
216 101145 76.120290 5.047210
216 201978 84.086530 29.573320
216 202331 66.225720 34.884400
216 1626167 80.105230 18.880150
216 202323 86.852810 27.354370
216 203092 80.522180 19.420100
216 202340 65.057200 12.322770
216 203482 77.259120 14.048490
216 1626179 87.636440 18.608760
228 -1 81.314180 14.479930
228 201155 55.866070 18.076050
228 101145 75.636350 5.403370
228 201978 83.027550 29.651500
228 202331 65.349980 34.850370
228 1626167 80.376230 18.097650
228 202323 86.989780 27.466390
228 203092 81.328730 19.187400
228 202340 64.335100 11.401320
228 203482 78.441600 13.627660
228 1626179 87.183120 17.696760
240 -1 82.343650 13.948730
240 201155 54.820370 17.847340
240 101145 74.981750 5.709380
240 201978 81.898700 29.743560
240 202331 64.428440 34.775970
240 1626167 80.755050 17.307930
240 202323 86.984630 27.769400
240 203092 82.118410 18.966690
240 202340 63.630400 10.436570
240 203482 79.694800 13.189420
240 1626179 86.815820 16.837830
252 -1 83.767010 13.401990
252 201155 53.693270 17.559130
252 101145 74.187930 6.045210
252 201978 80.664710 29.868150
252 202331 63.474860 34.623710
252 1626167 81.159230 16.243290
252 202323 86.838540 28.112370
252 203092 82.611350 18.855820
252 202340 62.980910 9.471980
252 203482 81.013740 12.777170
252 1626179 86.457340 15.900950
264 -1 84.635720 12.860540
264 201155 52.559970 17.245680
264 101145 73.271880 6.384680
264 201978 79.459420 30.001630
264 202331 62.465570 34.410090
264 1626167 81.635560 15.178510
264 202323 86.695510 28.471270
264 203092 82.755730 18.841860
264 202340 62.376220 8.489630
264 203482 82.296880 12.406210
264 1626179 85.881430 15.051570
276 -1 85.254080 12.352010
276 201155 51.441730 16.948580
276 101145 72.307860 6.702900
276 201978 78.207290 30.186790
276 202331 61.483020 34.186410
276 1626167 82.060190 14.079890
276 202323 86.675040 28.818940
276 203092 82.291780 18.683790
276 202340 61.793670 7.514070
276 203482 83.440360 12.117560
276 1626179 85.365830 14.260750
288 -1 85.995630 11.653840
288 201155 50.290270 16.618420
288 101145 71.280460 7.031960
288 201978 76.973280 30.401480
288 202331 60.548990 34.017140
288 1626167 82.201730 13.021550
288 202323 86.591390 29.333030
288 203092 81.348870 18.472990
288 202340 61.206200 6.591190
288 203482 84.366940 11.732860
288 1626179 84.840780 13.670990
300 -1 86.113050 11.603870
300 201155 49.143920 16.283510
300 101145 70.169610 7.391790
300 201978 75.726280 30.641560
300 202331 59.572000 33.827100
300 1626167 82.122200 11.898610
300 202323 86.474850 29.902210
300 203092 80.234900 18.268220
300 202340 60.613330 5.724560
300 203482 85.170520 11.450080
300 1626179 84.396530 13.164100
312 -1 86.547340 13.093330
312 201155 48.014510 15.958120
312 101145 69.014330 7.714000
312 201978 74.451490 30.894790
312 202331 58.536540 33.605680
312 1626167 81.828550 10.963960
312 202323 86.361390 30.539780
312 203092 79.137760 18.093840
312 202340 59.983310 4.911960
312 203482 85.877740 11.320180
312 1626179 84.276680 12.886660
324 -1 86.653000 13.267390
324 201155 46.865500 15.618370
324 101145 67.767350 8.063990
324 201978 73.136690 31.161740
324 202331 57.463900 33.401190
324 1626167 81.243920 10.046130
324 202323 86.181090 31.254160
324 203092 77.965950 17.918120
324 202340 59.205800 4.197350
324 203482 86.287150 11.292910
324 1626179 84.562430 12.542060
336 -1 85.706470 13.053590
336 201155 45.689790 15.305500
336 101145 66.456910 8.459080
336 201978 71.795830 31.418490
336 202331 56.388320 33.253880
336 1626167 80.494000 9.258300
336 202323 85.874930 32.064970
336 203092 76.669400 17.810200
336 202340 58.299630 3.612250
336 203482 86.718350 11.237960
336 1626179 84.396240 12.427150
348 -1 85.015910 11.992910
348 201155 44.523020 15.021830
348 101145 65.133950 8.854540
348 201978 70.446790 31.716180
348 202331 55.262960 33.050030
348 1626167 79.729480 8.582220
348 202323 85.440220 32.838790
348 203092 75.157990 17.693440
348 202340 57.299260 3.127090
348 203482 87.092250 11.431940
348 1626179 84.020240 12.373390