0 -1 73.792850 29.941730
0 201583 73.836490 30.112800
0 201569 78.979020 20.171460
0 201582 90.483480 15.088160
0 201950 70.056230 6.036640
0 201936 62.259000 14.370630
0 101161 70.525570 19.486750
0 202738 81.553090 19.475340
0 203092 89.547140 22.082390
0 202340 75.081250 11.415360
0 203109 77.654330 28.239600
12 -1 75.520840 29.438850
12 201583 73.081040 30.010190
12 201569 79.379910 21.136740
12 201582 90.288840 14.997230
12 201950 70.072780 6.008650
12 201936 62.105130 14.632630
12 101161 70.372100 19.852000
12 202738 81.470790 20.374110
12 203092 89.314940 21.641500
12 202340 75.289740 11.374550
12 203109 77.192980 28.234780
24 -1 77.313150 28.939950
24 201583 72.242520 29.980470
24 201569 79.733340 21.983350
24 201582 90.059350 14.970760
24 201950 69.981500 6.253030
24 201936 61.998960 14.753730
24 101161 70.191410 20.165270
24 202738 81.404230 21.210530
24 203092 89.110680 21.115580
24 202340 75.590110 11.364180
24 203109 76.675830 28.292210
36 -1 79.088750 28.492040
36 201583 71.330640 29.929110
36 201569 79.918100 22.754940
36 201582 89.703510 15.069980
36 201950 69.812570 6.497600
36 201936 61.879770 14.796260
36 101161 69.882220 20.137900
36 202738 81.402920 21.950980
36 203092 88.936790 20.662300
36 202340 75.963160 11.385010
36 203109 76.055620 28.430010
48 -1 81.019750 28.047960
48 201583 70.368470 29.933660
48 201569 80.023840 23.536660
48 201582 89.294420 15.244920
48 201950 69.573660 6.740950
48 201936 61.717240 14.831590
48 101161 69.668630 20.080100
48 202738 81.418030 22.616080
48 203092 88.800980 20.164390
48 202340 76.375900 11.506650
48 203109 75.353200 28.599110
60 -1 82.751820 27.612660
60 201583 69.327370 29.908430
60 201569 79.986040 24.112900
60 201582 88.752720 15.535370
60 201950 69.253230 7.040090
60 201936 61.528310 14.810160
60 101161 69.483080 19.909950
60 202738 81.411970 23.151060
60 203092 88.576010 19.677800
60 202340 76.806920 11.614990
60 203109 74.603910 28.846640
72 -1 84.507090 26.973170
72 201583 68.257410 29.769920
72 201569 79.894840 24.531790
72 201582 88.064040 16.173480
72 201950 68.862050 7.332120
72 201936 61.266460 14.831170
72 101161 69.213200 19.842260
72 202738 81.321420 23.688310
72 203092 88.088310 19.266220
72 202340 77.249290 11.772850
72 203109 73.818700 29.176860
84 -1 86.320520 26.499400
84 201583 67.145210 29.607520
84 201569 79.708750 25.027250
84 201582 87.433430 16.667550
84 201950 68.456320 7.434940
84 201936 60.930420 14.916370
84 101161 69.029130 19.728980
84 202738 81.144080 24.209240
84 203092 87.611000 18.771410
84 202340 77.681940 11.934580
84 203109 72.973940 29.616820
96 -1 88.013470 25.954490
96 201583 66.059020 29.459500
96 201569 79.352230 25.504670
96 201582 86.673310 17.083320
96 201950 68.022460 7.495230
96 201936 60.529500 15.063840
96 101161 68.945070 19.768480
96 202738 81.116170 24.968610
96 203092 87.155950 18.265520
96 202340 78.130970 12.097960
96 203109 72.101200 30.127320
108 -1 89.368170 25.887010
108 201583 64.923480 29.302160
108 201569 78.870020 25.936230
108 201582 85.816450 17.542390
108 201950 67.542660 7.564960
108 201936 60.094070 15.230130
108 101161 68.715110 19.850920
108 202738 81.132770 25.646820
108 203092 86.624000 17.914720
108 202340 78.577600 12.219310
108 203109 71.184410 30.666640
120 -1 89.014740 25.894450
120 201583 63.776520 29.166430
120 201569 78.351750 26.490740
120 201582 84.940180 17.999050
120 201950 67.068100 7.642310
120 201936 59.633460 15.448500
120 101161 68.401750 19.902850
120 202738 81.301230 26.315460
120 203092 86.131780 17.742820
120 202340 79.062480 12.304500
120 203109 70.232660 31.238190
132 -1 88.373000 26.130700
132 201583 62.531760 29.109680
132 201569 77.711490 27.058920
132 201582 84.173300 17.959290
132 201950 66.587340 7.913950
132 201936 59.137310 15.723830
132 101161 67.974890 19.925930
132 202738 81.566380 26.949010
132 203092 85.896160 17.675850
132 202340 79.582220 12.334990
132 203109 69.281660 31.828560
144 -1 87.662150 26.182080
144 201583 61.258630 29.117150
144 201569 76.960330 27.551120
144 201582 83.194870 18.126620
144 201950 66.093970 8.172380
144 201936 58.626240 16.002900
144 101161 67.398900 20.164640
144 202738 82.022300 27.518920
144 203092 85.528000 17.914740
144 202340 80.111010 12.312280
144 203109 68.286480 32.434900
156 -1 87.017870 26.383640
156 201583 59.930980 29.208460
156 201569 75.984340 27.877680
156 201582 82.232080 18.337790
156 201950 65.574180 8.330500
156 201936 58.130490 16.255920
156 101161 66.781210 20.366040
156 202738 82.458510 27.740950
156 203092 85.055370 18.314130
156 202340 80.621780 12.185230
156 203109 67.293490 33.055590
168 -1 86.354390 26.587960
168 201583 58.575240 29.285810
168 201569 74.948350 28.023040
168 201582 81.236680 18.418820
168 201950 65.047720 8.512130
168 201936 57.615320 16.477630
168 101161 66.161260 20.412640
168 202738 83.010480 27.916630
168 203092 84.594270 18.777770
168 202340 81.102300 12.097160
168 203109 66.263730 33.711140
180 -1 85.647690 26.748340
180 201583 57.173350 29.358350
180 201569 73.832450 28.279930
180 201582 80.206540 18.398500
180 201950 64.440560 8.785990
180 201936 57.051560 16.666150
180 101161 65.462410 20.394250
180 202738 83.586230 28.009930
180 203092 84.124960 19.320950
180 202340 81.479710 12.004350
180 203109 65.203740 34.373400
192 -1 85.614310 26.869210
192 201583 55.735120 29.466800
192 201569 72.654840 28.537620
192 201582 79.003960 18.611850
192 201950 63.727440 8.904350
192 201936 56.461190 16.798210
192 101161 64.814660 20.217680
192 202738 84.212390 28.079610
192 203092 83.626320 19.916320
192 202340 81.625230 11.819900
192 203109 64.077430 35.024290
204 -1 86.137710 27.660860
204 201583 54.235450 29.597210
204 201569 71.368800 28.669370
204 201582 77.734610 18.809200
204 201950 62.955500 9.034560
204 201936 55.817710 16.938500
204 101161 64.038780 19.725240
204 202738 84.758710 28.155510
204 203092 83.143740 20.530270
204 202340 81.531340 11.547740
204 203109 62.928590 35.740420
216 -1 86.551260 28.422350
216 201583 52.667740 29.737820
216 201569 70.184540 28.827400
216 201582 76.348930 19.045410
216 201950 62.149150 9.328700
216 201936 55.121030 17.096410
216 101161 63.069640 19.263080
216 202738 85.028010 28.236620
216 203092 82.610940 21.101850
216 202340 81.220460 11.279610
216 203109 61.719940 36.467550
228 -1 86.304550 29.095830
228 201583 51.058110 29.898510
228 201569 68.914370 28.948090
228 201582 74.879720 19.345760
228 201950 61.346610 9.620310
228 201936 54.362140 17.267870
228 101161 61.916540 18.919450
228 202738 84.943890 28.284530
228 203092 81.938030 21.656910
228 202340 80.624990 10.935050
228 203109 60.439430 37.208200