0 -1 89.158730 42.046090
0 202328 80.939780 30.817920
0 203114 82.497550 21.029830
0 203507 88.885530 32.707650
0 203953 84.362440 43.458430
0 203898 89.633920 18.492510
0 101161 77.836190 23.277300
0 202738 89.656420 12.718640
0 202340 72.579660 6.662480
0 203109 89.101290 42.131860
0 203096 61.188400 31.783350
12 -1 89.494000 42.089150
12 202328 81.731660 30.796540
12 203114 82.258850 21.784390
12 203507 88.908220 33.655880
12 203953 84.959980 42.805520
12 203898 89.158030 18.297160
12 101161 78.645250 23.372400
12 202738 89.275590 12.273430
12 202340 72.173470 7.016680
12 203109 89.313350 42.033540
12 203096 61.652590 31.798400
24 -1 89.549260 41.366100
24 202328 82.426510 30.747890
24 203114 81.932160 22.364660
24 203507 88.845950 34.410450
24 203953 85.553530 41.901770
24 203898 88.600200 18.081940
24 101161 79.393930 23.617910
24 202738 88.917050 11.830320
24 202340 71.780900 7.357580
24 203109 89.458400 41.895630
24 203096 62.010910 31.781040
36 -1 89.517300 39.612760
36 202328 83.034980 30.705540
36 203114 81.697370 22.875770
36 203507 88.748200 34.896110
36 203953 86.021570 40.951150
36 203898 88.038330 17.880860
36 101161 80.186000 23.972920
36 202738 88.578650 11.368870
36 202340 71.368830 7.663710
36 203109 89.568350 41.608670
36 203096 62.254640 31.755600
48 -1 89.536210 37.799320
48 202328 83.544950 30.648940
48 203114 81.585430 23.301420
48 203507 88.714300 35.257710
48 203953 86.567950 40.302790
48 203898 87.551530 17.677340
48 101161 80.803370 24.386430
48 202738 88.254230 10.920380
48 202340 70.978170 7.937120
48 203109 89.688770 41.270680
48 203096 62.414570 31.637910
60 -1 89.401590 36.037290
60 202328 84.027330 30.633740
60 203114 81.576820 23.557310
60 203507 88.796450 35.426200
60 203953 86.976140 39.577290
60 203898 87.206310 17.541130
60 101161 81.361200 24.851770
60 202738 87.925340 10.499270
60 202340 70.640610 8.179910
60 203109 89.811330 41.203900
60 203096 62.484090 31.513120
72 -1 89.439410 34.219430
72 202328 84.460370 30.590700
72 203114 81.665390 23.700260
72 203507 88.951340 35.459120
72 203953 87.275530 38.867760
72 203898 87.013210 17.468810
72 101161 82.084190 25.407900
72 202738 87.584160 10.097880
72 202340 70.323500 8.420100
72 203109 89.870860 41.254530
72 203096 62.441620 31.430630
84 -1 89.436290 32.457800
84 202328 84.858490 30.494010
84 203114 81.901090 23.905970
84 203507 89.039730 35.365760
84 203953 87.546890 38.429350
84 203898 86.972820 17.460370
84 101161 82.787030 25.877660
84 202738 87.193640 9.713540
84 202340 70.037310 8.685940
84 203109 89.874430 41.618950
84 203096 62.316870 31.404020
96 -1 89.403870 30.683080
96 202328 85.276130 30.189910
96 203114 82.276990 24.101150
96 203507 89.105780 35.176820
96 203953 87.940260 38.094890
96 203898 87.047550 17.526540
96 101161 83.389740 26.208790
96 202738 86.709330 9.362580
96 202340 69.797140 8.989980
96 203109 89.784990 42.387130
96 203096 62.096280 31.411250
108 -1 89.335090 28.799270
108 202328 85.715540 29.992250
108 203114 82.723130 24.127710
108 203507 89.047850 34.706140
108 203953 88.190680 37.608190
108 203898 87.169290 17.651130
108 101161 84.046690 26.356030
108 202738 86.180150 9.081700
108 202340 69.572240 9.294810
108 203109 89.725450 43.498250
108 203096 61.770930 31.512610
120 -1 89.410010 27.138340
120 202328 86.155730 29.675210
120 203114 83.295350 24.045270
120 203507 88.794750 34.215870
120 203953 88.400150 37.376840
120 203898 87.276380 17.843060
120 101161 84.674250 26.421500
120 202738 85.657080 8.854620
120 202340 69.339790 9.593950
120 203109 89.559810 44.435290
120 203096 61.376560 31.622100
132 -1 89.378700 26.286800
132 202328 86.682120 29.652170
132 203114 83.994340 23.826770
132 203507 88.308070 33.680540
132 203953 88.650830 37.291210
132 203898 87.320290 18.080010
132 101161 85.113330 26.412680
132 202738 85.112200 8.679140
132 202340 69.090330 9.878330
132 203109 89.358890 45.410930
132 203096 60.946330 31.706450
144 -1 88.379050 27.012950
144 202328 87.108010 29.653660
144 203114 84.873720 23.441980
144 203507 87.779900 33.203840
144 203953 88.812890 37.314860
144 203898 87.225620 18.327200
144 101161 85.404310 26.416130
144 202738 84.511730 8.526450
144 202340 68.808470 10.128860
144 203109 89.124860 46.280010
144 203096 60.452700 31.741430
156 -1 87.118050 27.695130
156 202328 87.443620 29.804750
156 203114 85.737110 22.894850
156 203507 87.263580 32.807880
156 203953 88.731570 37.299190
156 203898 86.958190 18.585220
156 101161 85.720150 26.326220
156 202738 83.837320 8.399790
156 202340 68.489020 10.342270
156 203109 88.817580 47.021790
156 203096 59.879780 31.709960
168 -1 85.929820 28.469960
168 202328 87.720950 29.885060
168 203114 86.637560 22.375960
168 203507 86.793640 32.685670
168 203953 88.522340 37.348220
168 203898 86.504510 18.850380
168 101161 85.961590 26.302230
168 202738 83.104790 8.274600
168 202340 68.171200 10.568280
168 203109 88.258960 47.491030
168 203096 59.248450 31.645250
180 -1 86.145690 29.337790
180 202328 87.916990 30.129690
180 203114 87.475510 22.036760
180 203507 86.363240 32.726080
180 203953 88.156430 37.322240
180 203898 85.877020 19.075560
180 101161 86.184090 26.351540
180 202738 82.354250 8.169130
180 202340 67.860760 10.828120
180 203109 87.574360 47.858840
180 203096 58.548850 31.619430
192 -1 86.179580 30.322140
192 202328 87.978900 30.102520
192 203114 88.271770 21.675650
192 203507 85.955040 32.874730
192 203953 87.579430 37.359240
192 203898 85.074580 19.281310
192 101161 86.369970 26.472960
192 202738 81.588590 8.058560
192 202340 67.505320 11.100200
192 203109 86.705330 48.195170
192 203096 57.753720 31.619570
204 -1 86.129110 31.516240
204 202328 88.073610 30.243290
204 203114 88.869230 21.264260
204 203507 85.459900 33.023590
204 203953 86.938050 37.359590
204 203898 84.147480 19.507100
204 101161 86.554760 26.548050
204 202738 80.779560 7.949790
204 202340 67.060360 11.393180
204 203109 85.679860 48.443350
204 203096 56.878330 31.653260
216 -1 86.094370 32.664860
216 202328 88.121830 30.533040
216 203114 89.436940 20.935380
216 203507 84.794900 33.157080
216 203953 86.370470 37.454430
216 203898 83.178060 19.768190
216 101161 86.728370 26.735290
216 202738 79.975470 7.886180
216 202340 66.497490 11.713750
216 203109 84.589600 48.530480
216 203096 55.917530 31.719130
228 -1 86.115390 33.844620
228 202328 88.050020 30.903090
228 203114 89.882970 20.574600
228 203507 84.001120 33.175750
228 203953 85.808720 37.542310
228 203898 82.185750 20.024460
228 101161 86.911280 26.904080
228 202738 79.178100 7.859260
228 202340 65.805300 12.067880
228 203109 83.451180 48.459790
228 203096 54.889660 31.796360
240 -1 86.115510 34.589430
240 202328 87.826550 31.333360
240 203114 90.247660 20.090460
240 203507 83.258770 33.311250
240 203953 85.266800 37.607990
240 203898 81.183890 20.284310
240 101161 87.097750 27.084950
240 202738 78.354960 7.825220
240 202340 64.906740 12.432370
240 203109 82.265220 48.243650
240 203096 53.830440 31.819980
252 -1 86.007700 35.659960
252 202328 87.359110 31.927440
252 203114 90.448460 19.586920
252 203507 82.664540 33.415270
252 203953 84.730400 37.641540
252 203898 80.207420 20.546930
252 101161 87.182570 27.235010
252 202738 77.540190 7.800430
252 202340 63.850910 12.783520
252 203109 81.094010 47.821300
252 203096 52.716840 31.817170
264 -1 84.209180 36.167840
264 202328 86.840400 32.633670
264 203114 90.507180 19.066040
264 203507 82.078500 33.626590
264 203953 84.178990 37.649840
264 203898 79.240740 20.803970
264 101161 87.085230 27.295750
264 202738 76.767250 7.816800
264 202340 62.697870 13.146430
264 203109 79.874530 47.290210
264 203096 51.565500 31.805860
276 -1 83.412300 36.600980
276 202328 86.445260 33.659430
276 203114 90.441740 18.483530
276 203507 81.569050 33.868650
276 203953 83.627030 37.644660
276 203898 78.239090 21.046840
276 101161 86.790620 27.325330
276 202738 75.962490 7.857180
276 202340 61.484580 13.501880
276 203109 78.644000 46.673190
276 203096 50.421680 31.793670