0 -1 88.009520 21.257290
0 1717 87.977500 22.753960
0 101114 85.964430 27.407820
0 2585 84.454410 24.284840
0 202083 85.393460 38.764720
0 202718 87.824780 12.946720
0 202738 88.121760 20.936580
0 202340 83.360090 44.992540
0 203109 89.372040 5.426420
0 203096 59.565350 26.795470
0 203935 66.216610 11.114140
12 -1 88.392720 22.483270
12 1717 88.322350 22.255230
12 101114 86.174080 27.133370
12 2585 85.173660 24.257520
12 202083 85.086360 38.459400
12 202718 87.750180 12.429360
12 202738 88.779200 19.757990
12 202340 82.965960 44.553770
12 203109 89.324360 4.946300
12 203096 60.221210 26.916120
12 203935 66.220640 11.008720
24 -1 88.796740 23.486970
24 1717 88.589840 21.802660
24 101114 86.308800 26.963770
24 2585 85.807100 24.214310
24 202083 84.760010 38.178880
24 202718 87.607170 11.996010
24 202738 89.369170 18.697530
24 202340 82.551910 44.138170
24 203109 89.308540 4.505200
24 203096 60.672120 27.062120
24 203935 66.189350 11.009910
36 -1 88.875860 24.346970
36 1717 88.780900 21.540630
36 101114 86.386440 26.909980
36 2585 86.360110 24.187330
36 202083 84.420260 38.013640
36 202718 87.412040 11.699370
36 202738 90.013110 17.773780
36 202340 82.144850 43.758310
36 203109 89.272640 4.041200
36 203096 60.933360 27.246230
36 203935 66.114680 11.145730
48 -1 88.928300 25.232250
48 1717 88.835300 21.417080
48 101114 86.481100 26.946210
48 2585 86.758650 24.376390
48 202083 84.147190 37.630630
48 202718 87.146300 11.536980
48 202738 90.636690 16.757680
48 202340 81.736660 43.410790
48 203109 89.221430 3.610460
48 203096 61.033950 27.439260
48 203935 65.990790 11.330120
60 -1 88.958340 26.475680
60 1717 88.813200 21.428140
60 101114 86.634820 26.987200
60 2585 87.030700 24.543930
60 202083 83.793400 37.271630
60 202718 86.749750 11.459600
60 202738 91.149690 15.790380
60 202340 81.331620 43.115760
60 203109 89.157360 3.283570
60 203096 60.941760 27.620080
60 203935 65.802220 11.615050
72 -1 88.242980 27.617650
72 1717 88.770120 21.388150
72 101114 86.772280 27.092710
72 2585 87.210500 24.822240
72 202083 83.318290 37.129400
72 202718 86.326010 11.489380
72 202738 91.629370 14.780260
72 202340 80.920190 42.844580
72 203109 89.090870 3.091960
72 203096 60.688320 27.746160
72 203935 65.576160 12.021220
84 -1 88.307930 28.082630
84 1717 88.537020 21.219920
84 101114 86.853760 27.376070
84 2585 87.351410 25.264580
84 202083 82.727150 37.112440
84 202718 85.868540 11.574550
84 202738 91.936840 13.909270
84 202340 80.502510 42.579310
84 203109 88.990900 3.018010
84 203096 60.319760 27.813340
84 203935 65.307050 12.489770
96 -1 87.832290 28.835490
96 1717 88.247550 21.034450
96 101114 86.930490 27.755240
96 2585 87.461180 25.851200
96 202083 82.014270 37.091790
96 202718 85.367740 11.717260
96 202738 92.038240 13.171820
96 202340 80.065690 42.328210
96 203109 88.834170 3.070050
96 203096 59.821640 27.845670
96 203935 65.014640 13.033030
108 -1 87.425500 29.476730
108 1717 87.970760 20.846460
108 101114 87.022860 28.131770
108 2585 87.609360 26.382220
108 202083 81.011110 37.496260
108 202718 84.819860 11.936000
108 202738 91.944430 12.679270
108 202340 79.596000 42.127860
108 203109 88.652250 3.216300
108 203096 59.220420 27.885660
108 203935 64.660610 13.676970
120 -1 86.832860 30.063170
120 1717 87.636740 20.639620
120 101114 86.777980 28.660510
120 2585 87.924340 27.070140
120 202083 79.777770 37.962610
120 202718 84.272680 12.193550
120 202738 91.654530 12.397980
120 202340 79.033590 41.922090
120 203109 88.437290 3.435590
120 203096 58.540490 27.938390
120 203935 64.235890 14.393170
132 -1 85.990210 30.561020
132 1717 87.154570 20.503720
132 101114 86.409410 29.246130
132 2585 88.227400 27.705030
132 202083 78.428910 38.313940
132 202718 83.658730 12.390510
132 202738 91.112240 12.336370
132 202340 78.429370 41.677350
132 203109 88.164830 3.663000
132 203096 57.760230 28.016330
132 203935 63.749790 15.172010
144 -1 84.882590 30.951490
144 1717 86.659670 20.462140
144 101114 85.926130 29.793520
144 2585 88.496610 28.303390
144 202083 76.971850 38.643080
144 202718 82.999020 12.589560
144 202738 90.449590 12.291020
144 202340 77.752570 41.413380
144 203109 87.826990 3.968740
144 203096 56.914960 28.088850
144 203935 63.210570 16.035430
156 -1 83.294810 31.469900
156 1717 86.066050 20.461060
156 101114 85.240510 30.399150
156 2585 88.657580 28.835510
156 202083 75.332280 39.099290
156 202718 82.291960 12.798400
156 202738 89.658910 12.295470
156 202340 77.001190 41.143680
156 203109 87.470630 4.260130
156 203096 56.021550 28.139210
156 203935 62.665030 16.873090
168 -1 81.938060 31.724000
168 1717 85.360580 20.400040
168 101114 84.278230 31.065770
168 2585 88.746020 29.286460
168 202083 73.746060 39.539760
168 202718 81.554340 12.948750
168 202738 88.759440 12.447870
168 202340 76.156280 40.827740
168 203109 87.062000 4.588700
168 203096 55.036600 28.179960
168 203935 62.101620 17.788200
180 -1 81.318400 31.894300
180 1717 84.578560 20.248890
180 101114 83.401320 31.679440
180 2585 88.607860 29.686090
180 202083 72.072550 40.057130
180 202718 80.765910 13.099050
180 202738 87.801210 12.746890
180 202340 75.282310 40.490310
180 203109 86.614130 4.938670
180 203096 53.982830 28.243050
180 203935 61.525240 18.764080
192 -1 80.507510 31.559300
192 1717 83.778000 20.065940
192 101114 82.424440 32.194970
192 2585 88.363890 30.060190
192 202083 70.286510 40.646330
192 202718 79.986550 13.321240
192 202738 86.810080 13.152390
192 202340 74.355740 40.094240
192 203109 86.123970 5.328680
192 203096 52.898390 28.305930
192 203935 60.936480 19.728560
204 -1 79.992580 32.149390
204 1717 82.934050 19.848000
204 101114 81.490220 32.679070
204 2585 87.959340 30.356960
204 202083 68.439160 41.266050
204 202718 79.175580 13.650330
204 202738 85.778850 13.617800
204 202340 73.424040 39.655600
204 203109 85.563940 5.678480
204 203096 51.785750 28.392080
204 203935 60.319380 20.690420
216 -1 79.249910 32.371930
216 1717 82.074420 19.530610
216 101114 80.592810 33.107780
216 2585 87.484120 30.636970
216 202083 66.624090 41.804920
216 202718 78.341580 13.944820
216 202738 84.672690 14.169800
216 202340 72.562430 39.182160
216 203109 84.938090 6.080400
216 203096 50.616520 28.466510
216 203935 59.613540 21.753220
228 -1 78.116160 32.667250
228 1717 81.163170 19.250450
228 101114 79.757380 33.529500
228 2585 86.853110 30.910140
228 202083 64.699080 42.371150
228 202718 77.465540 14.235380
228 202738 83.412010 14.724780
228 202340 71.821980 38.695370
228 203109 84.230340 6.478440
228 203096 49.410410 28.520450
228 203935 58.870730 22.753180
240 -1 77.459690 33.088280
240 1717 80.249420 18.950820
240 101114 78.903800 33.850350
240 2585 86.065320 31.136120
240 202083 62.721540 42.903980
240 202718 76.553150 14.474290
240 202738 81.971220 15.153510
240 202340 71.159500 38.168230
240 203109 83.416520 6.918770
240 203096 48.203720 28.614420
240 203935 58.088860 23.696180
252 -1 77.121730 33.066900
252 1717 79.255720 18.681960
252 101114 78.147880 34.209010
252 2585 85.182590 31.343960
252 202083 60.746380 43.406670
252 202718 75.550250 14.650730
252 202738 80.423360 15.502500
252 202340 70.546270 37.685190
252 203109 82.556760 7.383330
252 203096 46.955530 28.724680
252 203935 57.250260 24.663140
264 -1 76.793530 33.407410
264 1717 78.258940 18.432390
264 101114 77.380480 34.553670
264 2585 84.249560 31.526880
264 202083 58.727420 43.893060
264 202718 74.482320 14.708900
264 202738 78.779900 15.846010
264 202340 69.927390 37.234320
264 203109 81.655070 7.845730
264 203096 45.695840 28.841680
264 203935 56.352390 25.616810
276 -1 76.016430 33.563990
276 1717 77.185950 18.216640
276 101114 76.608500 34.760180
276 2585 83.240430 31.659870
276 202083 56.685090 44.382000
276 202718 73.332900 14.776490
276 202738 77.121870 16.055140
276 202340 69.265640 36.826380
276 203109 80.713090 8.295810
276 203096 44.459950 29.022220
276 203935 55.382620 26.490240
288 -1 75.309770 33.633020
288 1717 76.148560 18.015160
288 101114 75.872890 34.899190
288 2585 82.188270 31.729650
288 202083 54.701640 44.786430
288 202718 72.243730 14.852850
288 202738 75.486140 16.155990
288 202340 68.571990 36.544310
288 203109 79.711680 8.762740
288 203096 43.278520 29.167550
288 203935 54.319530 27.302470
300 -1 74.464620 33.825760
300 1717 75.105010 17.849600
300 101114 75.203070 35.012420
300 2585 81.097800 31.743310
300 202083 52.741830 45.136340
300 202718 71.175590 14.942050
300 202738 73.905410 16.228210
300 202340 67.830920 36.356060
300 203109 78.660930 9.156030
300 203096 42.103270 29.206440
300 203935 53.219380 28.075360
312 -1 73.966590 33.640540
312 1717 74.102950 17.639430
312 101114 74.569440 35.002210
312 2585 79.939520 31.699170
312 202083 50.767620 45.410530
312 202718 70.043650 14.977920
312 202738 72.313820 16.334210
312 202340 67.017690 36.241680
312 203109 77.522910 9.534490
312 203096 40.966240 29.188840
312 203935 52.077670 28.797070
324 -1 73.837080 33.554990
324 1717 73.061080 17.406170
324 101114 73.932980 34.797680
324 2585 78.734960 31.612700
324 202083 48.826530 45.643650
324 202718 68.882290 15.015280
324 202738 70.672190 16.433520
324 202340 66.152460 36.187470
324 203109 76.362740 9.944780
324 203096 39.868770 29.138420
324 203935 50.902030 29.467600