0 -1 80.944900 24.278600
0 2449 73.004020 22.169400
0 200768 80.929350 25.189450
0 201949 87.366930 19.235260
0 201942 84.643380 37.502870
0 202685 82.979010 23.723170
0 101161 77.914460 30.755830
0 202738 79.268900 24.064980
0 202340 84.051290 47.969270
0 203482 65.361660 7.646430
0 203109 90.208870 14.584290
12 -1 82.044350 24.388230
12 2449 73.715560 22.007880
12 200768 81.656390 24.618590
12 201949 87.954620 19.622390
12 201942 84.994810 36.652510
12 202685 82.927370 23.071740
12 101161 79.497570 30.335190
12 202738 79.665990 23.692840
12 202340 83.744130 47.963090
12 203482 66.724950 6.862500
12 203109 90.685250 15.848100
24 -1 83.300450 24.393570
24 2449 74.339310 21.985070
24 200768 82.206790 24.485960
24 201949 88.343580 19.962840
24 201942 85.297030 35.885390
24 202685 82.825630 22.556020
24 101161 80.945180 29.902420
24 202738 80.014950 23.107010
24 202340 83.409960 47.928430
24 203482 68.006960 6.145780
24 203109 90.856280 17.052200
36 -1 84.472680 24.419610
36 2449 74.891480 22.151930
36 200768 82.660920 24.543080
36 201949 88.596610 20.365240
36 201942 85.610370 35.175690
36 202685 82.785310 21.980930
36 101161 82.342380 29.367820
36 202738 80.366730 22.539660
36 202340 83.071880 47.794570
36 203482 69.174380 5.545020
36 203109 90.831810 18.090010
48 -1 85.557740 23.945790
48 2449 75.449220 22.356030
48 200768 83.018880 24.688680
48 201949 88.737380 20.838750
48 201942 85.845740 34.519370
48 202685 82.923840 21.587530
48 101161 83.519330 28.728470
48 202738 80.737600 22.025770
48 202340 82.671570 47.690230
48 203482 70.213750 5.013700
48 203109 90.728980 18.871820
60 -1 86.759610 24.254170
60 2449 75.965670 22.702850
60 200768 83.287000 24.937220
60 201949 88.822000 21.177100
60 201942 85.984770 33.898870
60 202685 83.295290 21.655570
60 101161 84.532160 28.200840
60 202738 81.109370 21.602050
60 202340 82.278630 47.537590
60 203482 71.085690 4.546800
60 203109 90.520830 19.581590
72 -1 87.826270 24.180950
72 2449 76.458480 23.126770
72 200768 83.752400 25.272770
72 201949 88.921070 21.394410
72 201942 85.971400 33.343710
72 202685 83.754340 21.758720
72 101161 85.381020 27.663510
72 202738 81.461250 21.276510
72 202340 81.881950 47.360600
72 203482 71.664280 4.244450
72 203109 90.211800 20.172370
84 -1 87.650130 23.038110
84 2449 76.955180 23.541790
84 200768 84.266480 25.654750
84 201949 88.973040 21.522820
84 201942 85.945510 32.799410
84 202685 84.203220 21.971160
84 101161 86.154390 27.114180
84 202738 82.044300 20.894010
84 202340 81.452620 47.186830
84 203482 72.026570 4.008910
84 203109 89.888220 20.681730
96 -1 87.289430 21.606020
96 2449 77.418900 23.899470
96 200768 84.765140 26.023940
96 201949 88.919150 21.621620
96 201942 85.950640 32.294100
96 202685 84.610280 22.223090
96 101161 86.617880 26.512550
96 202738 82.638500 20.540480
96 202340 80.953400 47.095090
96 203482 72.195830 3.832270
96 203109 89.514980 21.002200
108 -1 86.499970 20.307300
108 2449 77.811500 24.238070
108 200768 85.149350 26.364990
108 201949 88.814880 21.992540
108 201942 86.007970 31.815530
108 202685 84.865830 22.743440
108 101161 86.951480 26.137710
108 202738 83.336210 20.081360
108 202340 80.463580 46.980870
108 203482 72.161650 3.736410
108 203109 89.161900 21.238410
120 -1 84.191240 18.517490
120 2449 78.133230 24.608600
120 200768 85.480690 26.578150
120 201949 88.745520 22.334710
120 201942 86.082890 31.447960
120 202685 85.024480 22.874500
120 101161 87.204550 25.786620
120 202738 84.177970 19.473770
120 202340 79.959880 46.871020
120 203482 71.942640 3.746270
120 203109 88.854290 21.288750
132 -1 81.938490 16.764810
132 2449 78.411120 24.880480
132 200768 85.732070 26.734260
132 201949 88.572180 22.595000
132 201942 86.227530 31.132410
132 202685 85.065190 22.771480
132 101161 87.424840 25.471390
132 202738 85.046010 18.720880
132 202340 79.452390 46.722570
132 203482 71.594200 3.854160
132 203109 88.605500 21.119010
144 -1 79.778220 15.090070
144 2449 78.480980 25.115320
144 200768 85.815790 26.875070
144 201949 88.445200 22.869640
144 201942 86.340520 30.920040
144 202685 85.004270 22.627090
144 101161 87.495740 25.261260
144 202738 85.808620 17.817830
144 202340 78.929080 46.535820
144 203482 71.109010 4.095430
144 203109 88.385700 20.824990
156 -1 77.580290 13.371640
156 2449 78.320490 25.215530
156 200768 85.785070 26.985250
156 201949 88.399060 23.019730
156 201942 86.325430 30.819300
156 202685 84.873510 22.544980
156 101161 87.602140 25.223680
156 202738 86.565480 16.679670
156 202340 78.406170 46.343840
156 203482 70.657130 4.291080
156 203109 88.248790 20.438880
168 -1 75.678470 12.070610
168 2449 78.028470 25.077340
168 200768 85.601060 27.125130
168 201949 88.463980 22.852830
168 201942 86.196600 30.833920
168 202685 84.720530 22.195920
168 101161 87.742030 25.141480
168 202738 87.186100 15.437870
168 202340 77.885870 46.150170
168 203482 70.254900 4.576900
168 203109 88.124150 20.018910
180 -1 74.399960 10.947750
180 2449 77.709940 24.744830
180 200768 85.343010 27.283950
180 201949 88.525760 22.677190
180 201942 85.947480 30.891430
180 202685 84.690230 21.895120
180 101161 87.795450 25.172020
180 202738 87.565410 14.055260
180 202340 77.387450 45.922930
180 203482 69.950080 4.884020
180 203109 88.112660 19.593140
192 -1 73.007900 9.685150
192 2449 77.240230 24.152470
192 200768 85.006930 27.242410
192 201949 88.615470 22.647400
192 201942 85.608950 31.069920
192 202685 84.695430 21.698330
192 101161 87.848810 25.262200
192 202738 87.765770 12.585890
192 202340 76.866080 45.683680
192 203482 69.792780 5.144740
192 203109 88.181360 19.164000
204 -1 71.711420 8.550820
204 2449 76.729050 23.328470
204 200768 84.653530 26.999480
204 201949 88.753040 22.590930
204 201942 85.178270 31.343170
204 202685 84.841230 21.510800
204 101161 87.877480 25.399830
204 202738 87.727860 11.142480
204 202340 76.339940 45.407520
204 203482 69.750700 5.425750
204 203109 88.309750 18.690710
216 -1 70.694420 7.615020
216 2449 76.351680 22.333030
216 200768 84.229020 26.411510
216 201949 88.964910 22.530800
216 201942 84.575860 31.777800
216 202685 85.058210 21.346460
216 101161 87.900510 25.665170
216 202738 87.547810 9.720470
216 202340 75.808780 45.076050
216 203482 69.711890 5.903220
216 203109 88.462380 18.121240
228 -1 70.588560 7.861590
228 2449 75.886750 21.263420
228 200768 83.873230 25.542400
228 201949 89.152490 22.416080
228 201942 84.042960 32.094180
228 202685 85.328980 21.240150
228 101161 87.895360 26.029940
228 202738 87.331840 8.345970
228 202340 75.247680 44.680120
228 203482 69.692930 6.358060
228 203109 88.590070 17.468870
240 -1 70.548880 7.896460
240 2449 75.326800 20.012080
240 200768 83.571450 24.448760
240 201949 89.304610 22.308910
240 201942 83.471500 32.386110
240 202685 85.516510 21.293190
240 101161 87.854880 26.372490
240 202738 87.151570 7.116800
240 202340 74.645870 44.241330
240 203482 69.696810 6.823760
240 203109 88.736380 16.776310
252 -1 70.478920 8.036830
252 2449 74.815280 18.538590
252 200768 83.297640 23.291040
252 201949 89.440040 22.176400
252 201942 82.948810 32.506990
252 202685 85.676710 21.594480
252 101161 87.673870 26.842080
252 202738 87.051550 5.998640
252 202340 74.001830 43.801790
252 203482 69.652620 7.267570
252 203109 88.869550 16.096510
264 -1 71.088020 8.533530
264 2449 74.416120 17.056890
264 200768 83.158770 22.008470
264 201949 89.516020 21.928510
264 201942 82.408070 32.594970
264 202685 85.832150 22.029840
264 101161 87.561130 27.309510
264 202738 87.029490 5.096020
264 202340 73.407580 43.333020
264 203482 69.618380 7.699050
264 203109 88.975660 15.447410
276 -1 71.088570 8.603210
276 2449 73.984070 15.735170
276 200768 83.181310 20.685030
276 201949 89.544700 21.650790
276 201942 81.972680 32.513900
276 202685 85.991530 22.538590
276 101161 87.518580 27.687400
276 202738 87.168480 4.333200
276 202340 72.805370 42.811330
276 203482 69.495780 8.280670
276 203109 89.075600 14.982400
288 -1 70.125430 9.550520
288 2449 73.706810 14.408770
288 200768 83.242000 19.340930
288 201949 89.542330 21.336650
288 201942 81.462640 32.398860
288 202685 86.115560 23.040610
288 101161 87.577940 28.011270
288 202738 87.341800 3.755090
288 202340 72.083380 42.321060
288 203482 69.376580 9.088340
288 203109 89.150000 14.630300