0 -1 15.632490 37.971170
0 2738 4.905850 11.847260
0 101106 22.007830 14.730080
0 2733 15.620170 38.101300
0 202691 21.384820 7.702870
0 203110 28.033310 31.292190
0 202391 19.436940 13.598710
0 202689 13.230090 36.625390
0 203087 5.340140 16.519680
0 203469 16.203140 20.106040
0 1626163 21.565210 31.430310
12 -1 15.686440 38.390270
12 2738 4.975430 11.288500
12 101106 21.622250 14.808850
12 2733 15.738230 37.847030
12 202691 21.101010 8.166540
12 203110 27.804780 30.726900
12 202391 19.366990 14.066470
12 202689 13.917420 36.424440
12 203087 5.419840 16.489500
12 203469 15.655010 20.082770
12 1626163 21.151160 31.181050
24 -1 15.863710 37.962200
24 2738 5.084260 10.756500
24 101106 21.212180 14.854620
24 2733 15.841470 37.752180
24 202691 20.822920 8.575450
24 203110 27.660540 30.127930
24 202391 19.216960 14.537240
24 202689 14.577700 36.277410
24 203087 5.517450 16.640640
24 203469 15.084910 20.173450
24 1626163 20.737970 30.937470
36 -1 15.375920 37.492360
36 2738 5.209470 10.283540
36 101106 20.911540 14.851940
36 2733 15.988880 37.652640
36 202691 20.592440 8.958600
36 203110 27.617000 29.538330
36 202391 19.086300 14.994550
36 202689 15.269970 36.166100
36 203087 5.650770 16.938500
36 203469 14.601750 20.222980
36 1626163 20.253310 30.568470
48 -1 13.913610 35.754820
48 2738 5.293740 9.878640
48 101106 20.799820 14.769130
48 2733 16.081780 37.516680
48 202691 20.398570 9.321410
48 203110 27.718620 28.977360
48 202391 18.981970 15.431490
48 202689 15.929260 36.036860
48 203087 5.699540 17.439040
48 203469 14.198850 20.291350
48 1626163 19.797390 30.237590
60 -1 12.539790 34.171050
60 2738 5.398810 9.618250
60 101106 20.781180 14.623430
60 2733 16.276750 37.664060
60 202691 20.270680 9.654900
60 203110 27.994740 28.444610
60 202391 18.899690 15.824410
60 202689 16.477580 35.943630
60 203087 5.765250 18.032760
60 203469 13.569700 20.530370
60 1626163 19.300910 29.902410
72 -1 11.132550 32.775580
72 2738 5.518550 9.424240
72 101106 20.848680 14.486210
72 2733 16.628910 37.631100
72 202691 20.252480 9.996460
72 203110 28.363260 28.032170
72 202391 18.872480 16.150370
72 202689 16.873790 35.942890
72 203087 5.849640 18.647930
72 203469 12.941950 20.741660
72 1626163 18.679150 29.568920
84 -1 9.966290 30.935410
84 2738 5.664920 9.298300
84 101106 21.018140 14.332620
84 2733 16.997470 37.619540
84 202691 20.277500 10.350440
84 203110 28.785290 27.723230
84 202391 18.894750 16.406230
84 202689 17.217860 35.910900
84 203087 5.764720 19.350340
84 203469 12.486350 20.945110
84 1626163 17.952200 29.211790
96 -1 8.682670 29.701980
96 2738 5.811760 9.263910
96 101106 21.166190 14.305940
96 2733 17.335530 37.665650
96 202691 20.355040 10.678330
96 203110 29.278710 27.468530
96 202391 18.917320 16.588400
96 202689 17.363530 35.946200
96 203087 5.692910 19.897700
96 203469 11.944330 21.343000
96 1626163 17.196040 28.861770
108 -1 7.342140 27.907780
108 2738 6.067200 9.232650
108 101106 21.446210 14.308550
108 2733 17.951100 37.754310
108 202691 20.471670 10.994010
108 203110 29.757670 27.248930
108 202391 18.896000 16.657000
108 202689 17.426900 36.033330
108 203087 5.712990 20.320130
108 203469 11.118810 21.727900
108 1626163 16.405920 28.414400
120 -1 6.130790 26.442200
120 2738 6.402270 9.308860
120 101106 21.844430 14.384770
120 2733 18.629170 37.731720
120 202691 20.691490 11.283870
120 203110 30.379290 27.144930
120 202391 18.879060 16.627600
120 202689 17.487080 36.033130
120 203087 5.727360 20.726870
120 203469 10.633320 22.085370
120 1626163 15.619730 27.949910
132 -1 5.004680 24.733840
132 2738 6.796410 9.451860
132 101106 22.378400 14.455860
132 2733 19.381050 37.828810
132 202691 21.018830 11.527310
132 203110 30.902010 26.926930
132 202391 18.823280 16.522280
132 202689 17.530910 36.072500
132 203087 5.664500 21.209790
132 203469 10.116880 22.499650
132 1626163 14.835160 27.507180
144 -1 5.449380 24.926600
144 2738 7.270240 9.624310
144 101106 22.908580 14.528400
144 2733 20.233190 37.885860
144 202691 21.410090 11.766360
144 203110 31.459420 26.678850
144 202391 18.756570 16.402440
144 202689 17.459480 36.103690
144 203087 5.755340 21.510020
144 203469 9.404010 23.026380
144 1626163 14.053780 27.066290
156 -1 4.752730 24.929460
156 2738 7.835110 9.841380
156 101106 23.592350 14.499760
156 2733 21.169280 37.868430
156 202691 21.834270 11.981200
156 203110 32.061000 26.438560
156 202391 18.658320 16.258480
156 202689 17.338850 36.166960
156 203087 5.838960 21.862770
156 203469 8.843900 23.546240
156 1626163 13.311550 26.726720
168 -1 4.612110 24.266260
168 2738 8.460160 10.122930
168 101106 24.228690 14.483960
168 2733 22.067630 37.876200
168 202691 22.357510 12.153960
168 203110 32.702520 26.224250
168 202391 18.586910 16.124670
168 202689 17.168190 36.205240
168 203087 5.880910 22.122730
168 203469 8.448800 24.134270
168 1626163 12.635860 26.477970
180 -1 4.512640 23.408670
180 2738 9.125530 10.445660
180 101106 24.851330 14.545950
180 2733 23.045750 37.958750
180 202691 22.884090 12.317080
180 203110 33.251340 25.958920
180 202391 18.550150 16.006430
180 202689 16.922890 36.334850
180 203087 5.878660 22.228190
180 203469 8.011730 24.583400
180 1626163 12.084460 26.326610
192 -1 4.538330 22.853100
192 2738 9.838990 10.812530
192 101106 25.550010 14.625540
192 2733 24.066620 38.016120
192 202691 23.383960 12.498460
192 203110 33.962220 25.834850
192 202391 18.584840 15.911820
192 202689 16.657410 36.499620
192 203087 5.844160 22.117390
192 203469 7.696050 24.968700
192 1626163 11.703490 26.181080
204 -1 4.838960 21.883750
204 2738 10.568970 11.283530
204 101106 26.368210 14.759040
204 2733 25.161410 38.085000
204 202691 23.917090 12.674050
204 203110 34.673480 25.747170
204 202391 18.708550 15.742140
204 202689 16.440250 36.737150
204 203087 5.791580 22.125670
204 203469 7.545720 25.288910
204 1626163 11.520990 26.083390
216 -1 5.273820 21.317810
216 2738 11.346000 11.830080
216 101106 27.301930 14.917290
216 2733 26.332420 38.143200
216 202691 24.514770 12.906210
216 203110 35.394160 25.673980
216 202391 18.997600 15.486200
216 202689 16.293610 37.016820
216 203087 5.655230 22.139860
216 203469 7.290240 25.729580
216 1626163 11.561200 26.034740
228 -1 5.592250 20.884410
228 2738 12.184700 12.455170
228 101106 28.306820 15.176130
228 2733 27.547170 38.184830
228 202691 25.155260 13.202680
228 203110 36.161190 25.559040
228 202391 19.386850 15.116020
228 202689 16.285770 37.409280
228 203087 5.523700 22.122790
228 203469 7.108400 26.287540
228 1626163 11.607100 26.149130
240 -1 4.916070 21.297260
240 2738 13.069230 13.109210
240 101106 29.415590 15.459200
240 2733 28.735340 38.183900
240 202691 25.871470 13.494100
240 203110 36.978690 25.451150
240 202391 19.835010 14.674560
240 202689 16.475670 37.840080
240 203087 5.419820 22.111040
240 203469 7.121680 26.861940
240 1626163 11.792350 26.206010
252 -1 4.584730 21.576940
252 2738 13.991740 13.808410
252 101106 30.563850 15.766960
252 2733 29.959800 38.207080
252 202691 26.676880 13.737580
252 203110 37.852680 25.366370
252 202391 20.385350 14.152400
252 202689 16.881700 38.341580
252 203087 5.266490 22.114810
252 203469 7.113850 27.427550
252 1626163 12.091350 26.051270
264 -1 3.960200 22.292820
264 2738 15.030010 14.479650
264 101106 31.856890 16.110960
264 2733 31.208000 38.195490
264 202691 27.557420 13.934270
264 203110 38.811310 25.303870
264 202391 21.035180 13.581890
264 202689 17.484690 38.903130
264 203087 5.026400 21.932710
264 203469 7.285710 28.028800
264 1626163 12.611910 25.811390
276 -1 3.978280 22.123970
276 2738 16.129080 15.153460
276 101106 33.178270 16.471070
276 2733 32.468750 38.196250
276 202691 28.533390 14.049480
276 203110 39.824090 25.287320
276 202391 21.792780 12.984820
276 202689 18.280370 39.523460
276 203087 4.737250 21.744250
276 203469 7.637890 28.363880
276 1626163 13.281550 25.431640