0 -1 83.363270 44.275120
0 2200 78.629590 33.656310
0 201565 68.205560 7.149160
0 202710 83.412690 44.340460
0 203926 88.773230 1.975530
0 202703 59.609280 31.299480
0 2744 71.626200 28.057430
0 101107 84.780880 31.934370
0 201587 85.812500 38.308540
0 202689 88.648180 20.757540
0 203798 82.036820 17.916330
12 -1 83.426720 43.836230
12 2200 78.472370 34.058400
12 201565 67.986420 7.388740
12 202710 83.400120 44.357030
12 203926 88.326500 1.963430
12 202703 59.480790 31.691920
12 2744 71.328280 28.304840
12 101107 84.423080 31.803320
12 201587 85.510870 38.754850
12 202689 88.774380 20.024770
12 203798 82.119690 18.210170
24 -1 83.969810 42.117960
24 2200 78.300050 34.446050
24 201565 67.722030 7.594320
24 202710 83.367890 44.292330
24 203926 87.780670 1.979140
24 202703 59.282980 32.036020
24 2744 70.963860 28.492060
24 101107 84.100770 31.762810
24 201587 85.116510 39.253820
24 202689 88.863910 19.357730
24 203798 82.232700 18.512390
36 -1 84.588370 40.010350
36 2200 78.085520 34.837940
36 201565 67.447150 7.775810
36 202710 83.347620 44.311000
36 203926 87.115900 1.998660
36 202703 59.014680 32.282570
36 2744 70.609340 28.641490
36 101107 83.849980 31.814850
36 201587 84.632740 39.839280
36 202689 88.925580 18.768940
36 203798 82.406890 18.777380
48 -1 85.283160 37.994450
48 2200 77.798090 35.208990
48 201565 67.165890 7.884840
48 202710 83.302410 44.401180
48 203926 86.372770 2.070010
48 202703 58.686920 32.441990
48 2744 70.247200 28.748220
48 101107 83.637560 31.960360
48 201587 84.057660 40.481880
48 202689 88.963040 18.302700
48 203798 82.591070 19.030020
60 -1 85.941690 35.966010
60 2200 77.446150 35.559990
60 201565 66.848110 7.921440
60 202710 83.111020 44.662760
60 203926 85.475830 2.235930
60 202703 58.361980 32.502910
60 2744 69.888230 28.907640
60 101107 83.493130 32.142860
60 201587 83.412080 41.137920
60 202689 89.022160 18.002910
60 203798 82.772670 19.242120
72 -1 86.677350 33.972740
72 2200 77.056590 35.899710
72 201565 66.482420 7.950350
72 202710 82.940240 45.074500
72 203926 84.360460 2.472450
72 202703 57.999720 32.477900
72 2744 69.587540 28.960410
72 101107 83.446970 32.327770
72 201587 82.757470 41.784520
72 202689 89.121370 17.863830
72 203798 82.973660 19.439210
84 -1 87.238930 31.965340
84 2200 76.651350 36.202610
84 201565 66.063960 8.038830
84 202710 82.726090 45.654000
84 203926 83.211910 2.763380
84 202703 57.569570 32.437550
84 2744 69.283560 28.875760
84 101107 83.526270 32.455910
84 201587 81.995530 42.506570
84 202689 89.172320 17.812900
84 203798 83.214840 19.677390
96 -1 87.810010 29.977990
96 2200 76.232720 36.439510
96 201565 65.577050 8.181420
96 202710 82.345230 46.114380
96 203926 81.974860 3.099810
96 202703 57.118700 32.410010
96 2744 68.973440 28.776910
96 101107 83.741770 32.558220
96 201587 81.223910 43.187980
96 202689 89.179070 17.843150
96 203798 83.475040 19.987310
108 -1 88.519900 27.859160
108 2200 75.745000 36.592490
108 201565 65.072450 8.451270
108 202710 81.883240 46.552020
108 203926 80.634730 3.492360
108 202703 56.645000 32.406100
108 2744 68.549990 28.582960
108 101107 84.057730 32.629000
108 201587 80.435310 43.832230
108 202689 89.137530 17.908450
108 203798 83.734210 20.325670
120 -1 89.092840 25.959040
120 2200 75.243000 36.707520
120 201565 64.530570 8.757100
120 202710 81.449550 46.907080
120 203926 79.263360 3.919480
120 202703 56.108870 32.419210
120 2744 68.076700 28.280140
120 101107 84.410990 32.710100
120 201587 79.666070 44.458740
120 202689 88.997480 17.939680
120 203798 83.967420 20.689800
132 -1 89.033330 24.341590
132 2200 74.639020 36.756780
132 201565 63.937950 9.057550
132 202710 80.902600 47.105590
132 203926 77.839860 4.423940
132 202703 55.593980 32.439740
132 2744 67.588630 28.077180
132 101107 84.737160 32.747620
132 201587 78.805930 45.106140
132 202689 88.810970 17.962910
132 203798 84.190340 21.093800
144 -1 88.956310 23.767660
144 2200 73.971430 36.782080
144 201565 63.327150 9.332190
144 202710 80.273260 47.261790
144 203926 76.285590 4.938560
144 202703 55.073220 32.334300
144 2744 67.088270 28.006330
144 101107 84.944070 32.752230
144 201587 77.871280 45.632710
144 202689 88.608130 17.993210
144 203798 84.412490 21.456310
156 -1 88.540990 22.682180
156 2200 73.233700 36.790670
156 201565 62.704420 9.536580
156 202710 79.607890 47.389540
156 203926 74.673270 5.467630
156 202703 54.550900 32.139250
156 2744 66.552240 27.884470
156 101107 85.042990 32.680730
156 201587 76.791520 46.128050
156 202689 88.382750 18.050570
156 203798 84.677650 21.667850
168 -1 88.241030 21.903710
168 2200 72.479550 36.846230
168 201565 62.002090 9.712930
168 202710 78.811690 47.392960
168 203926 73.004300 5.993680
168 202703 54.022920 31.853750
168 2744 66.048100 27.799760
168 101107 85.109760 32.553290
168 201587 75.588730 46.539900
168 202689 88.150830 18.071680
168 203798 84.925140 21.771980
180 -1 87.947630 21.035620
180 2200 71.642450 36.868160
180 201565 61.286470 9.933500
180 202710 77.807570 47.200330
180 203926 71.226010 6.535220
180 202703 53.466270 31.531490
180 2744 65.449670 27.649530
180 101107 85.176020 32.417500
180 201587 74.236790 46.836590
180 202689 87.930140 18.022780
180 203798 85.117320 21.820950
192 -1 87.698590 20.099280
192 2200 70.772980 36.876220
192 201565 60.564170 10.265110
192 202710 76.812500 46.995180
192 203926 69.441200 7.090930
192 202703 52.856030 31.220600
192 2744 64.747400 27.455850
192 101107 85.264780 32.300990
192 201587 72.742550 46.974540
192 202689 87.694620 17.945280
192 203798 85.233430 21.809170
204 -1 87.417530 19.315930
204 2200 69.853740 36.840270
204 201565 59.811000 10.669150
204 202710 75.706120 46.663980
204 203926 67.576500 7.663140
204 202703 52.205650 30.970180
204 2744 63.987390 27.270180
204 101107 85.424030 32.232440
204 201587 71.051770 47.035610
204 202689 87.468640 17.819870
204 203798 85.240010 21.786590
216 -1 86.991780 18.359520
216 2200 68.852200 36.748980
216 201565 58.999940 11.122770
216 202710 74.468010 46.276670
216 203926 65.791520 8.361670
216 202703 51.520100 30.742850
216 2744 63.186100 27.144640
216 101107 85.607930 32.216010
216 201587 69.301080 46.994180
216 202689 87.278250 17.623930
216 203798 85.078170 21.843700
228 -1 86.808750 17.770040
228 2200 67.795850 36.584860
228 201565 58.196320 11.566690
228 202710 73.168520 45.874100
228 203926 63.941660 9.010410
228 202703 50.788370 30.515950
228 2744 62.307620 27.065680
228 101107 85.760280 32.232620
228 201587 67.514930 46.930400
228 202689 87.108420 17.427300
228 203798 84.849940 21.936200
240 -1 87.177950 17.652630
240 2200 66.702700 36.388860
240 201565 57.420140 12.020480
240 202710 71.843620 45.497990
240 203926 62.123960 9.812730
240 202703 49.995340 30.263790
240 2744 61.380670 27.064130
240 101107 85.823320 32.270550
240 201587 65.567190 46.835420
240 202689 86.955560 17.287700
240 203798 84.530540 22.015880