0 -1 70.665100 42.413790
0 201162 70.907190 42.421760
0 202066 75.231710 4.706150
0 101162 84.395090 24.880750
0 202322 80.367270 17.007640
0 1626162 88.391220 2.208320
0 101107 75.308270 35.721220
0 202391 83.368460 17.838310
0 201587 86.546280 15.944200
0 202689 80.370810 20.665760
0 203469 82.439010 26.169380
12 -1 70.643850 42.794420
12 201162 71.003880 42.391100
12 202066 74.782640 5.088910
12 101162 84.678230 24.621720
12 202322 80.245080 17.115430
12 1626162 88.314930 2.323520
12 101107 74.534250 37.084030
12 202391 83.037540 17.821070
12 201587 86.986610 16.159500
12 202689 80.794220 20.973390
12 203469 82.693080 26.582130
24 -1 71.368180 42.220980
24 201162 71.064050 42.344630
24 202066 74.327510 5.502190
24 101162 84.891350 24.694030
24 202322 79.897010 17.185750
24 1626162 88.252830 2.567560
24 101107 73.942200 38.484650
24 202391 82.802200 17.907560
24 201587 87.386030 16.359600
24 202689 81.085950 21.249240
24 203469 83.092970 26.942080
36 -1 73.015600 40.451170
36 201162 71.167930 42.213320
36 202066 73.829320 5.928700
36 101162 85.081400 24.694520
36 202322 79.495630 17.275930
36 1626162 88.202330 2.950120
36 101107 73.601790 39.763780
36 202391 82.742660 17.967220
36 201587 87.734280 16.527400
36 202689 81.281200 21.495880
36 203469 83.558460 27.181360
48 -1 74.741420 38.783930
48 201162 71.265630 42.084380
48 202066 73.264980 6.361310
48 101162 85.406350 24.915190
48 202322 79.035830 17.378860
48 1626162 88.159900 3.511200
48 101107 73.340560 40.865160
48 202391 82.761690 18.128940
48 201587 87.982840 16.659250
48 202689 81.352180 21.715230
48 203469 83.999770 27.306490
60 -1 76.368900 36.858600
60 201162 71.257800 41.983790
60 202066 72.655560 6.773390
60 101162 85.672200 25.126820
60 202322 78.515320 17.534040
60 1626162 88.210050 4.282960
60 101107 73.242200 41.764610
60 202391 82.893960 18.262490
60 201587 88.138970 16.798520
60 202689 81.355050 21.914980
60 203469 84.385930 27.361110
72 -1 78.094770 35.058360
72 201162 71.156130 41.964660
72 202066 72.003700 7.192050
72 101162 85.909530 25.453480
72 202322 77.961180 17.752510
72 1626162 88.118730 5.171160
72 101107 73.297890 42.420550
72 202391 83.079390 18.434050
72 201587 88.273560 16.965330
72 202689 81.322290 22.153840
72 203469 84.733780 27.238770
84 -1 79.799620 33.321260
84 201162 70.999710 41.991360
84 202066 71.358810 7.608010
84 101162 86.202200 25.891960
84 202322 77.415350 18.033050
84 1626162 87.974690 6.154580
84 101107 73.407490 42.828070
84 202391 83.302050 18.571990
84 201587 88.396200 17.162290
84 202689 81.214020 22.436320
84 203469 85.130760 27.120510
96 -1 81.363540 31.767430
96 201162 70.678750 42.050620
96 202066 70.689430 8.028130
96 101162 86.459630 26.330840
96 202322 76.862130 18.353340
96 1626162 87.811030 7.261640
96 101107 73.461670 43.049320
96 202391 83.550970 18.829310
96 201587 88.482030 17.356010
96 202689 81.154100 22.653080
96 203469 85.561850 27.028640
108 -1 83.104410 29.159530
108 201162 70.205210 42.184230
108 202066 69.988700 8.457960
108 101162 86.470780 26.201180
108 202322 76.327230 18.713160
108 1626162 87.626760 8.449880
108 101107 73.542140 43.159690
108 202391 83.863360 19.069460
108 201587 88.589960 17.534390
108 202689 81.147180 22.799820
108 203469 85.947770 26.874400
120 -1 84.526170 26.873660
120 201162 69.658460 42.391740
120 202066 69.214840 8.911460
120 101162 86.427300 26.015480
120 202322 75.825010 19.040340
120 1626162 87.470150 9.695380
120 101107 73.660930 43.159740
120 202391 84.149000 19.403510
120 201587 88.697100 17.756160
120 202689 81.153990 22.942110
120 203469 86.168770 26.855730
132 -1 86.042050 25.422460
132 201162 69.043470 42.623970
132 202066 68.367630 9.344650
132 101162 86.362320 25.793550
132 202322 75.335550 19.308700
132 1626162 87.270680 11.013460
132 101107 73.782830 43.123370
132 202391 84.489400 19.743170
132 201587 88.783230 18.006640
132 202689 81.202490 23.064940
132 203469 86.247400 26.788510
144 -1 87.625750 24.775000
144 201162 68.356790 42.865940
144 202066 67.433280 9.782510
144 101162 86.261670 25.468710
144 202322 74.873600 19.548130
144 1626162 87.109070 12.348360
144 101107 73.867670 43.024010
144 202391 84.941930 20.178950
144 201587 88.858760 18.227080
144 202689 81.310910 23.150810
144 203469 86.169570 26.547000
156 -1 88.705010 24.955300
156 201162 67.614660 43.077350
156 202066 66.453520 10.178200
156 101162 86.018410 25.219500
156 202322 74.425210 19.789870
156 1626162 86.907420 13.716800
156 101107 73.916970 42.864610
156 202391 85.354220 20.595410
156 201587 88.941670 18.509290
156 202689 81.388690 23.358910
156 203469 85.926310 26.297790
168 -1 88.421580 25.733240
168 201162 66.841590 43.245180
168 202066 65.461230 10.573360
168 101162 85.782240 25.378820
168 202322 73.960280 20.004720
168 1626162 86.642940 15.072370
168 101107 73.932190 42.667490
168 202391 85.704950 20.955940
168 201587 88.984700 18.835120
168 202689 81.539060 23.686220
168 203469 85.681530 26.177610
180 -1 88.209590 26.404930
180 201162 66.034230 43.347570
180 202066 64.462100 10.985690
180 101162 85.405370 25.677080
180 202322 73.489590 20.258890
180 1626162 86.229960 16.406750
180 101107 73.881550 42.549220
180 202391 86.008110 21.246840
180 201587 89.016840 19.101980
180 202689 81.684430 24.196310
180 203469 85.874440 25.811490
192 -1 87.272610 27.220540
192 201162 65.237030 43.391230
192 202066 63.455530 11.426610
192 101162 85.244070 25.936980
192 202322 72.996930 20.560570
192 1626162 85.716030 17.600260
192 101107 73.786240 42.460590
192 202391 86.309460 21.465590
192 201587 88.983880 19.285550
192 202689 81.778910 24.932880
192 203469 86.191490 25.676180
204 -1 86.450630 28.016860
204 201162 64.378390 43.414990
204 202066 62.464490 11.900330
204 101162 85.071880 26.116800
204 202322 72.399820 20.888770
204 1626162 84.976760 18.574150
204 101107 73.644310 42.409030
204 202391 86.431230 21.522300
204 201587 88.964590 19.402010
204 202689 81.874790 25.853710
204 203469 86.406870 25.781850
216 -1 85.586950 28.653540
216 201162 63.471410 43.429820
216 202066 61.470720 12.418770
216 101162 84.896600 26.006040
216 202322 71.732100 21.242940
216 1626162 84.254400 19.342020
216 101107 73.462790 42.413320
216 202391 86.482730 21.442270
216 201587 88.932440 19.414380
216 202689 82.167260 26.899620
216 203469 86.725920 25.860710
228 -1 85.082820 29.173290
228 201162 62.500870 43.398050
228 202066 60.489890 12.923550
228 101162 84.691770 25.448920
228 202322 70.999880 21.640840
228 1626162 83.422250 20.000950
228 101107 73.194510 42.489250
228 202391 86.508630 21.300180
228 201587 88.905810 19.293240
228 202689 82.325830 27.974280
228 203469 87.071070 26.012990
240 -1 85.584250 29.559050
240 201162 61.454510 43.298140
240 202066 59.502970 13.405830
240 101162 84.286790 24.842550
240 202322 70.203560 22.005330
240 1626162 82.419020 20.449180
240 101107 72.847850 42.594280
240 202391 86.402110 21.066310
240 201587 88.838110 19.074520
240 202689 82.600860 29.164760
240 203469 87.117520 26.461020
252 -1 86.175880 29.378870
252 201162 60.252430 43.147140
252 202066 58.527400 13.838750
252 101162 83.497430 24.224620
252 202322 69.355210 22.377500
252 1626162 81.313360 20.797500
252 101107 72.414710 42.750140
252 202391 86.062030 20.782350
252 201587 88.721670 18.763940
252 202689 82.841870 30.356730
252 203469 87.049710 26.903550
264 -1 86.898290 28.977520
264 201162 58.973470 42.914600
264 202066 57.490400 14.158460
264 101162 82.536950 23.676760
264 202322 68.496590 22.763640
264 1626162 80.114950 21.205020
264 101107 71.864270 42.933680
264 202391 85.623660 20.428790
264 201587 88.424550 18.366390
264 202689 83.067760 31.524010
264 203469 87.009150 27.187670
276 -1 86.814020 28.985490
276 201162 57.669250 42.633570
276 202066 56.431140 14.474760
276 101162 81.497240 23.468160
276 202322 67.605930 23.166260
276 1626162 78.691500 21.567110
276 101107 71.173190 43.156820
276 202391 85.081830 20.092750
276 201587 88.060490 17.934740
276 202689 83.107430 32.667580
276 203469 86.935040 27.478670
288 -1 86.621660 29.011290
288 201162 56.337480 42.322250
288 202066 55.315930 14.755120
288 101162 80.309110 23.728310
288 202322 66.652630 23.573010
288 1626162 77.165190 21.823580
288 101107 70.362840 43.406380
288 202391 84.377280 19.720580
288 201587 87.585350 17.514900
288 202689 83.172960 33.891690
288 203469 86.858960 27.586480