0 -1 72.024490 36.943660
0 201588 86.204440 48.280230
0 201155 72.014830 37.114470
0 101133 71.589620 33.123700
0 201978 82.305140 1.604900
0 202730 66.847570 7.429070
0 201149 76.672320 35.010570
0 201959 75.146200 21.995500
0 202734 69.867630 34.398940
0 201565 83.202860 42.197210
0 203926 87.671290 19.239800
12 -1 71.991430 37.463870
12 201588 86.317420 48.304470
12 201155 72.335190 37.135930
12 101133 71.928790 33.229340
12 201978 82.288640 1.653000
12 202730 66.955270 7.740080
12 201149 76.626160 35.504680
12 201959 75.554190 22.580460
12 202734 70.300850 34.847260
12 201565 83.685060 42.333320
12 203926 87.669330 18.791430
24 -1 72.425690 37.580220
24 201588 86.362720 48.289450
24 201155 72.577860 37.171920
24 101133 72.383160 33.380860
24 201978 82.288470 1.723370
24 202730 67.013520 8.075100
24 201149 76.485940 35.943370
24 201959 75.931710 23.026320
24 202734 70.932480 35.224630
24 201565 84.107080 42.500890
24 203926 87.619370 18.229120
36 -1 73.276980 37.073950
36 201588 86.329400 48.275830
36 201155 72.780150 37.202320
36 101133 72.945250 33.247830
36 201978 82.284930 1.822090
36 202730 66.966570 8.403510
36 201149 76.359170 36.185180
36 201959 76.354570 23.482280
36 202734 71.534710 35.548470
36 201565 84.459680 42.680510
36 203926 87.529440 17.583400
48 -1 74.859240 35.813070
48 201588 86.219580 48.276770
48 201155 72.899080 37.177450
48 101133 73.722290 32.929190
48 201978 82.236380 1.945990
48 202730 66.807680 8.737590
48 201149 76.187420 36.439080
48 201959 76.856510 23.991080
48 202734 72.110260 35.732970
48 201565 84.808030 42.792670
48 203926 87.417260 16.790880
60 -1 76.561860 34.518350
60 201588 86.033480 48.283820
60 201155 72.887930 37.314250
60 101133 74.536660 32.549180
60 201978 82.095960 2.103770
60 202730 66.565690 9.059240
60 201149 75.942350 36.805040
60 201959 77.439320 24.611310
60 202734 72.636960 35.857780
60 201565 85.144210 42.804790
60 203926 87.238520 15.863480
72 -1 78.141540 33.287500
72 201588 85.802400 48.254090
72 201155 72.882990 37.546030
72 101133 75.616700 32.071700
72 201978 81.902820 2.301690
72 202730 66.255060 9.350040
72 201149 75.719030 37.165010
72 201959 78.003600 25.230480
72 202734 73.044930 36.011340
72 201565 85.455810 42.725010
72 203926 86.953700 15.025430
84 -1 79.738290 31.936780
84 201588 85.508970 48.185460
84 201155 72.628470 37.954330
84 101133 76.676050 31.680520
84 201978 81.621190 2.532140
84 202730 65.893410 9.580020
84 201149 75.553720 37.399630
84 201959 78.589920 25.971240
84 202734 73.269160 36.151980
84 201565 85.761740 42.579780
84 203926 86.608180 14.227410
96 -1 81.304420 30.739990
96 201588 85.186520 48.076400
96 201155 72.280620 38.490620
96 101133 77.601830 31.326340
96 201978 81.256020 2.880210
96 202730 65.509720 9.771810
96 201149 75.477190 37.655190
96 201959 79.076610 26.864660
96 202734 73.413580 36.307010
96 201565 86.072410 42.367380
96 203926 86.174760 13.394510
108 -1 82.864740 29.553860
108 201588 84.825020 47.895570
108 201155 71.915930 39.173410
108 101133 78.297850 30.961410
108 201978 80.793650 3.310440
108 202730 65.114500 9.910830
108 201149 75.425000 37.836180
108 201959 79.401690 27.888450
108 202734 73.412080 36.480240
108 201565 86.325800 42.142710
108 203926 85.624200 12.549440
120 -1 84.423860 28.196980
120 201588 84.479500 47.634600
120 201155 71.381280 39.778700
120 101133 78.802620 30.546040
120 201978 80.252360 3.820570
120 202730 64.682460 10.022510
120 201149 75.375430 37.854510
120 201959 79.625030 28.629380
120 202734 73.311690 36.650920
120 201565 86.537330 41.885170
120 203926 85.030620 11.811710
132 -1 86.008660 27.015920
132 201588 84.117180 47.359610
132 201155 70.731970 40.432640
132 101133 79.161920 30.096990
132 201978 79.607940 4.442390
132 202730 64.230910 10.144610
132 201149 75.259450 37.817730
132 201959 79.693800 29.257410
132 202734 73.194410 36.801480
132 201565 86.702410 41.593290
132 203926 84.361730 11.175420
144 -1 87.607180 25.568940
144 201588 83.764130 46.998270
144 201155 70.188280 41.050570
144 101133 79.426420 29.587990
144 201978 78.885170 5.126720
144 202730 63.751030 10.286580
144 201149 75.019830 37.855910
144 201959 79.704900 29.612570
144 202734 73.048880 36.905270
144 201565 86.814260 41.232870
144 203926 83.597770 10.623460
156 -1 89.065020 24.459160
156 201588 83.359860 46.580720
156 201155 69.586430 41.671890
156 101133 79.627770 29.087230
156 201978 78.149710 5.844450
156 202730 63.244240 10.468480
156 201149 74.669590 37.937700
156 201959 79.796530 29.540600
156 202734 72.877930 36.946730
156 201565 86.882630 40.820090
156 203926 82.778950 10.221100
168 -1 89.216870 23.499860
168 201588 82.958590 46.156170
168 201155 68.834380 42.192650
168 101133 79.862610 28.520830
168 201978 77.476360 6.618850
168 202730 62.712020 10.695880
168 201149 74.346760 37.992380
168 201959 79.862580 28.873650
168 202734 72.699130 36.929950
168 201565 86.919500 40.349330
168 203926 81.883590 10.000570
180 -1 88.628960 22.723770
180 201588 82.535910 45.732800
180 201155 68.074300 42.627060
180 101133 80.197960 27.802600
180 201978 76.867350 7.596810
180 202730 62.192990 10.949180
180 201149 74.142760 37.980320
180 201959 80.053680 28.119300
180 202734 72.475070 36.895200
180 201565 86.945870 39.852740
180 203926 80.938100 9.808570
192 -1 87.777060 22.044920
192 201588 82.088140 45.268740
192 201155 67.276650 42.972460
192 101133 80.587570 26.943940
192 201978 76.471990 8.580140
192 202730 61.688360 11.201840
192 201149 74.090680 37.994700
192 201959 80.407170 27.125220
192 202734 72.048850 36.863780
192 201565 86.992550 39.324670
192 203926 80.022240 9.701250
204 -1 86.953530 21.283900
204 201588 81.611840 44.826460
204 201155 66.354670 43.248950
204 101133 81.053430 25.845510
204 201978 76.077850 9.580400
204 202730 61.211590 11.439070
204 201149 74.169490 37.934880
204 201959 80.920510 25.961690
204 202734 71.495930 36.858460
204 201565 87.069250 38.801260
204 203926 79.126920 9.707500
216 -1 86.084550 20.820060
216 201588 81.195950 44.365580
216 201155 65.454560 43.442810
216 101133 81.599470 24.554770
216 201978 75.619180 10.533670
216 202730 60.790210 11.651040
216 201149 74.317400 37.722170
216 201959 81.482210 24.620010
216 202734 70.936370 36.837220
216 201565 87.136310 38.226230
216 203926 78.434090 9.912570
228 -1 85.308980 19.975660
228 201588 80.798810 43.918690
228 201155 64.584040 43.575230
228 101133 82.258230 23.169010
228 201978 75.102000 11.512760
228 202730 60.462280 11.846950
228 201149 74.527490 37.407140
228 201959 82.246400 23.267520
228 202734 70.370500 36.794160
228 201565 87.205000 37.646720
228 203926 78.001980 10.313540
240 -1 84.535170 19.348880
240 201588 80.397010 43.490470
240 201155 63.723320 43.631210
240 101133 83.042010 21.759540
240 201978 74.616220 12.252800
240 202730 60.244330 12.060800
240 201149 74.833050 37.035430
240 201959 83.071900 21.557610
240 202734 69.919840 36.625090
240 201565 87.249460 37.073810
240 203926 77.725240 10.968430
252 -1 84.440190 17.581640
252 201588 80.006980 43.100170
252 201155 62.951920 43.646630
252 101133 83.856210 20.300340
252 201978 74.079490 13.029650
252 202730 60.121280 12.286310
252 201149 75.235710 36.572170
252 201959 83.896510 19.780510
252 202734 69.629880 36.289710
252 201565 87.240530 36.522370
252 203926 77.519870 11.816040
264 -1 84.653740 16.153600
264 201588 79.623860 42.758170
264 201155 62.316380 43.618010
264 101133 84.721620 18.654260
264 201978 73.628270 13.823360
264 202730 60.127200 12.502590
264 201149 75.690510 36.021490
264 201959 84.678290 18.208580
264 202734 69.582740 35.880150
264 201565 87.159360 36.022260
264 203926 77.496420 12.799110
276 -1 85.501920 15.273290
276 201588 79.246900 42.507210
276 201155 61.786070 43.546360
276 101133 85.547760 16.988490
276 201978 73.231810 14.544280
276 202730 60.259240 12.661000
276 201149 76.247460 35.409170
276 201959 85.398670 16.862330
276 202734 69.568500 35.386050
276 201565 87.047190 35.598320
276 203926 77.447270 13.783050
288 -1 86.576810 14.039440
288 201588 78.909650 42.286320
288 201155 61.350170 43.476880
288 101133 86.260870 15.512610
288 201978 72.979930 15.127620
288 202730 60.488970 12.735030
288 201149 76.886850 34.756410
288 201959 85.971620 16.104260
288 202734 69.587020 34.864720
288 201565 86.935650 35.212680
288 203926 77.339680 14.794610
300 -1 87.323660 12.880180
300 201588 78.650260 42.086780
300 201155 61.063230 43.407560
300 101133 86.860290 14.239950
300 201978 72.821860 15.593760
300 202730 60.779670 12.686620
300 201149 77.552700 34.053150
300 201959 86.318270 15.745870
300 202734 69.574490 34.374860
300 201565 86.833650 34.892280
300 203926 77.241130 15.773660