0 -1 70.553540 34.225230 BALL
0 2449 70.220890 34.152810 PLAYER
0 201960 74.575750 46.459780 PLAYER
0 200768 89.022990 47.642790 PLAYER
0 201942 80.195310 25.246960 PLAYER
0 202685 84.361820 15.292400 PLAYER
0 2200 85.575410 20.255990 PLAYER
0 2550 81.513870 37.083120 PLAYER
0 201959 76.700290 31.273520 PLAYER
0 202710 81.653440 26.949040 PLAYER
0 202703 78.964670 37.189080 PLAYER
12 -1 71.855370 33.490720 BALL
12 2449 70.290450 34.077960 PLAYER
12 201960 74.423310 46.269600 PLAYER
12 200768 89.119870 47.681390 PLAYER
12 201942 80.164930 25.322950 PLAYER
12 202685 84.566660 16.189050 PLAYER
12 2200 85.613140 20.214260 PLAYER
12 2550 82.319550 38.237820 PLAYER
12 201959 75.880440 31.497840 PLAYER
12 202710 81.603810 26.943730 PLAYER
12 202703 79.276130 36.819060 PLAYER
24 -1 73.683200 32.772910 BALL
24 2449 70.321380 33.901030 PLAYER
24 201960 74.366630 45.880540 PLAYER
24 200768 89.123590 47.612180 PLAYER
24 201942 79.991740 25.377500 PLAYER
24 202685 84.715090 16.985690 PLAYER
24 2200 85.484810 20.178550 PLAYER
24 2550 83.088250 39.151740 PLAYER
24 201959 74.938330 31.825640 PLAYER
24 202710 81.444710 26.823280 PLAYER
24 202703 79.714250 36.289400 PLAYER
36 -1 75.378200 31.742840 BALL
36 2449 70.250190 33.753480 PLAYER
36 201960 74.597080 45.272680 PLAYER
36 200768 89.001770 47.452300 PLAYER
36 201942 79.700600 25.390560 PLAYER
36 202685 84.792810 17.678060 PLAYER
36 2200 85.325130 20.103780 PLAYER
36 2550 83.922730 39.921710 PLAYER
36 201959 74.079820 32.002570 PLAYER
36 202710 81.224450 26.659790 PLAYER
36 202703 80.064870 35.813790 PLAYER
48 -1 77.225570 30.943340 BALL
48 2449 69.902010 33.661340 PLAYER
48 201960 74.967980 44.559350 PLAYER
48 200768 88.747230 47.253680 PLAYER
48 201942 79.314490 25.377670 PLAYER
48 202685 84.843200 18.324220 PLAYER
48 2200 85.272930 19.899210 PLAYER
48 2550 84.779080 40.330550 PLAYER
48 201959 73.251070 32.102140 PLAYER
48 202710 81.270220 26.454920 PLAYER
48 202703 80.536230 35.151610 PLAYER
60 -1 78.953460 30.054050 BALL
60 2449 69.399350 33.521660 PLAYER
60 201960 75.479960 43.623720 PLAYER
60 200768 88.364740 47.054480 PLAYER
60 201942 78.802660 25.372550 PLAYER
60 202685 84.889730 18.905330 PLAYER
60 2200 85.184700 19.821870 PLAYER
60 2550 85.658650 40.429820 PLAYER
60 201959 72.432770 32.327210 PLAYER
60 202710 81.271860 26.235870 PLAYER
60 202703 81.009920 34.524810 PLAYER
72 -1 80.695550 29.205570 BALL
72 2449 68.796010 33.253210 PLAYER
72 201960 76.032830 42.659280 PLAYER
72 200768 87.820290 46.854120 PLAYER
72 201942 78.170840 25.362350 PLAYER
72 202685 84.877930 19.471330 PLAYER
72 2200 85.118240 20.024750 PLAYER
72 2550 86.427350 40.342850 PLAYER
72 201959 71.637310 32.562830 PLAYER
72 202710 81.099520 26.062160 PLAYER
72 202703 81.490490 33.951230 PLAYER
84 -1 82.309020 28.105440 BALL
84 2449 68.053110 33.111240 PLAYER
84 201960 76.694590 41.631660 PLAYER
84 200768 87.120710 46.646020 PLAYER
84 201942 77.487790 25.328010 PLAYER
84 202685 84.864210 20.093380 PLAYER
84 2200 85.250560 20.272000 PLAYER
84 2550 87.243320 40.048350 PLAYER
84 201959 70.937810 32.683910 PLAYER
84 202710 80.909650 26.042730 PLAYER
84 202703 81.954350 33.397290 PLAYER
96 -1 84.151380 27.137910 BALL
96 2449 67.166520 32.819230 PLAYER
96 201960 77.233590 40.706380 PLAYER
96 200768 86.313460 46.427350 PLAYER
96 201942 76.762980 25.332450 PLAYER
96 202685 84.830890 20.724500 PLAYER
96 2200 85.385980 20.715320 PLAYER
96 2550 87.922840 39.642430 PLAYER
96 201959 70.237270 32.894110 PLAYER
96 202710 80.773930 25.922680 PLAYER
96 202703 82.609440 32.690750 PLAYER
108 -1 85.793400 26.572260 BALL
108 2449 66.329520 32.527690 PLAYER
108 201960 77.882880 39.606570 PLAYER
108 200768 85.404860 46.191320 PLAYER
108 201942 75.952920 25.402480 PLAYER
108 202685 84.834000 21.436730 PLAYER
108 2200 85.493760 21.179210 PLAYER
108 2550 88.390580 39.251360 PLAYER
108 201959 69.559170 33.155890 PLAYER
108 202710 80.365640 25.858350 PLAYER
108 202703 83.201070 32.070200 PLAYER
120 -1 87.435230 25.762230 BALL
120 2449 65.483140 32.283930 PLAYER
120 201960 78.661400 38.342550 PLAYER
120 200768 84.380410 45.945220 PLAYER
120 201942 75.124230 25.381060 PLAYER
120 202685 84.827340 22.107390 PLAYER
120 2200 85.677300 21.582090 PLAYER
120 2550 88.761090 38.881120 PLAYER
120 201959 68.904970 33.463540 PLAYER
120 202710 80.025110 25.764730 PLAYER
120 202703 83.743880 31.566970 PLAYER
132 -1 87.457220 25.176040 BALL
132 2449 64.543300 32.128820 PLAYER
132 201960 79.355550 37.109270 PLAYER
132 200768 83.277060 45.669350 PLAYER
132 201942 74.212680 25.416550 PLAYER
132 202685 84.855060 22.741410 PLAYER
132 2200 85.901930 21.879680 PLAYER
132 2550 89.043380 38.536880 PLAYER
132 201959 68.353320 33.667790 PLAYER
132 202710 79.841810 25.563550 PLAYER
132 202703 84.275500 31.047580 PLAYER
144 -1 86.311280 24.877210 BALL
144 2449 63.634850 31.815300 PLAYER
144 201960 79.845590 35.901300 PLAYER
144 200768 82.120100 45.373470 PLAYER
144 201942 73.363200 25.280860 PLAYER
144 202685 84.878410 23.257990 PLAYER
144 2200 86.073080 22.136450 PLAYER
144 2550 89.097080 38.249210 PLAYER
144 201959 67.909880 33.838480 PLAYER
144 202710 79.762450 25.392430 PLAYER
144 202703 84.884730 30.595890 PLAYER
156 -1 85.249610 25.387940 BALL
156 2449 62.708780 31.557680 PLAYER
156 201960 80.260830 34.506120 PLAYER
156 200768 80.913100 45.048450 PLAYER
156 201942 72.491060 25.042320 PLAYER
156 202685 84.909360 23.768940 PLAYER
156 2200 86.293110 22.374670 PLAYER
156 2550 89.021310 37.946660 PLAYER
156 201959 67.405590 33.990790 PLAYER
156 202710 79.865900 26.002350 PLAYER
156 202703 85.412230 30.247070 PLAYER
168 -1 84.049160 24.895840 BALL
168 2449 61.694960 31.352880 PLAYER
168 201960 80.518090 33.076570 PLAYER
168 200768 79.646850 44.671050 PLAYER
168 201942 71.592930 24.719760 PLAYER
168 202685 84.873670 24.144750 PLAYER
168 2200 86.442520 22.821120 PLAYER
168 2550 88.812600 37.597410 PLAYER
168 201959 66.798930 34.069840 PLAYER
168 202710 80.104500 26.613110 PLAYER
168 202703 85.831840 29.930760 PLAYER
180 -1 82.937660 24.723590 BALL
180 2449 60.750650 31.012010 PLAYER
180 201960 80.494370 31.691770 PLAYER
180 200768 78.359980 44.253310 PLAYER
180 201942 70.634330 24.414120 PLAYER
180 202685 84.828390 24.442830 PLAYER
180 2200 86.531450 23.239810 PLAYER
180 2550 88.307850 37.352290 PLAYER
180 201959 66.076950 34.086880 PLAYER
180 202710 80.364480 26.948730 PLAYER
180 202703 86.170350 29.575650 PLAYER
192 -1 81.790470 24.356440 BALL
192 2449 59.808260 30.582530 PLAYER
192 201960 80.547580 30.003420 PLAYER
192 200768 77.021860 43.842250 PLAYER
192 201942 69.736330 24.022900 PLAYER
192 202685 84.753980 24.622860 PLAYER
192 2200 86.538280 23.378660 PLAYER
192 2550 87.662860 37.108820 PLAYER
192 201959 65.163110 34.127600 PLAYER
192 202710 80.575040 27.189200 PLAYER
192 202703 86.336110 29.346570 PLAYER
204 -1 81.317080 25.524930 BALL
204 2449 58.720180 30.322660 PLAYER
204 201960 80.627530 28.217030 PLAYER
204 200768 75.642780 43.410350 PLAYER
204 201942 68.811610 23.636080 PLAYER
204 202685 84.622750 24.718500 PLAYER
204 2200 86.423210 23.533180 PLAYER
204 2550 86.986830 36.790820 PLAYER
204 201959 63.995410 34.144860 PLAYER
204 202710 80.766260 27.207810 PLAYER
204 202703 86.238820 29.227700 PLAYER
216 -1 82.517680 24.896200 BALL
216 2449 57.621190 30.005180 PLAYER
216 201960 80.658810 26.479090 PLAYER
216 200768 74.227530 42.951550 PLAYER
216 201942 67.878080 23.228950 PLAYER
216 202685 84.441680 24.786240 PLAYER
216 2200 86.271250 23.552800 PLAYER
216 2550 86.173870 36.569410 PLAYER
216 201959 62.777690 34.073450 PLAYER
216 202710 80.633880 26.118260 PLAYER
216 202703 85.813530 29.423180 PLAYER
228 -1 82.803090 25.103520 BALL
228 2449 56.517540 29.551130 PLAYER
228 201960 80.690060 24.798880 PLAYER
228 200768 72.813740 42.447960 PLAYER
228 201942 66.867270 22.974690 PLAYER
228 202685 84.265310 24.770900 PLAYER
228 2200 86.226280 23.399620 PLAYER
228 2550 85.244810 36.502740 PLAYER
228 201959 61.306440 34.083610 PLAYER
228 202710 80.578170 24.719480 PLAYER
228 202703 85.119880 29.666020 PLAYER
240 -1 83.702800 25.279520 BALL
240 2449 55.223770 29.205310 PLAYER
240 201960 80.731920 23.063990 PLAYER
240 200768 71.339690 41.956310 PLAYER
240 201942 65.859580 22.780870 PLAYER
240 202685 84.069650 24.702180 PLAYER
240 2200 86.238450 23.185110 PLAYER
240 2550 84.295690 36.404240 PLAYER
240 201959 59.790480 34.108980 PLAYER
240 202710 80.314630 23.396480 PLAYER
240 202703 84.241190 29.975900 PLAYER
252 -1 83.423230 24.875180 BALL
252 2449 53.783140 28.956850 PLAYER
252 201960 80.701530 21.363640 PLAYER
252 200768 69.847360 41.433540 PLAYER
252 201942 64.831800 22.452380 PLAYER
252 202685 83.732570 24.607800 PLAYER
252 2200 86.431650 23.116020 PLAYER
252 2550 83.088760 36.487380 PLAYER
252 201959 58.161560 34.094500 PLAYER
252 202710 79.991310 22.092200 PLAYER
252 202703 83.266340 30.355340 PLAYER
264 -1 82.710950 24.625380 BALL
264 2449 52.277170 28.705510 PLAYER
264 201960 80.599910 19.559840 PLAYER
264 200768 68.306050 40.927720 PLAYER
264 201942 63.685820 22.200600 PLAYER
264 202685 83.307980 24.578170 PLAYER
264 2200 86.768290 23.082830 PLAYER
264 2550 81.694820 36.767360 PLAYER
264 201959 56.425280 34.106130 PLAYER
264 202710 79.607420 20.824240 PLAYER
264 202703 82.200230 30.700140 PLAYER
276 -1 81.953870 24.318570 BALL
276 2449 50.678910 28.490860 PLAYER
276 201960 80.322770 17.741340 PLAYER
276 200768 66.672730 40.489720 PLAYER
276 201942 62.405780 22.075070 PLAYER
276 202685 82.819660 24.460570 PLAYER
276 2200 86.993640 23.066910 PLAYER
276 2550 80.262130 37.039480 PLAYER
276 201959 54.597160 34.171270 PLAYER
276 202710 79.319960 19.993880 PLAYER
276 202703 81.078270 30.945400 PLAYER
288 -1 80.799150 24.243630 BALL
288 2449 49.030900 28.330400 PLAYER
288 201960 79.668440 16.206050 PLAYER
288 200768 65.043840 40.050410 PLAYER
288 201942 61.178620 21.682450 PLAYER
288 202685 82.167070 24.394970 PLAYER
288 2200 87.061290 23.098670 PLAYER
288 2550 78.796300 37.285030 PLAYER
288 201959 52.888510 34.093490 PLAYER
288 202710 78.790420 19.362320 PLAYER
288 202703 80.002110 31.168680 PLAYER
300 -1 80.466870 23.762630 BALL
300 2449 47.318060 28.178210 PLAYER
300 201960 78.748600 14.853660 PLAYER
300 200768 63.405020 39.559770 PLAYER
300 201942 59.856410 21.233950 PLAYER
300 202685 81.383430 24.316720 PLAYER
300 2200 87.062390 23.080230 PLAYER
300 2550 77.239420 37.760780 PLAYER
300 201959 51.110430 33.950270 PLAYER
300 202710 78.458110 18.879270 PLAYER
300 202703 78.805830 31.430480 PLAYER
312 -1 78.222010 20.510410 BALL
312 2449 45.544250 28.061980 PLAYER
312 201960 77.557690 13.705560 PLAYER
312 200768 61.770030 39.037890 PLAYER
312 201942 58.475450 20.913670 PLAYER
312 202685 80.530400 24.251160 PLAYER
312 2200 86.758620 22.864740 PLAYER
312 2550 75.769670 38.186680 PLAYER
312 201959 49.323580 33.752100 PLAYER
312 202710 78.258030 18.485060 PLAYER
312 202703 77.489100 31.695470 PLAYER