0 -1 86.301960 30.472020
0 202334 80.330420 24.461880
0 203081 85.495460 34.390640
0 203486 86.172880 28.848930
0 203468 87.171550 14.312330
0 203459 89.213030 32.475920
0 2200 68.501860 21.069140
0 2550 86.503730 1.956720
0 201565 86.529760 30.051180
0 202710 89.096460 35.494400
0 202703 86.728870 24.731070
12 -1 87.664630 30.749370
12 202334 79.974290 24.409690
12 203081 85.473790 33.918190
12 203486 86.370520 28.787390
12 203468 87.130660 14.710440
12 203459 89.451390 32.560870
12 2200 68.515330 21.040640
12 2550 86.303740 1.985790
12 201565 86.565510 29.294850
12 202710 89.097670 35.462030
12 202703 87.223360 23.847870
24 -1 88.149430 30.201490
24 202334 79.687440 24.487440
24 203081 85.426660 33.546430
24 203486 86.574040 28.456070
24 203468 87.116250 15.206360
24 203459 89.634950 32.381400
24 2200 68.531830 21.005190
24 2550 85.979340 2.007750
24 201565 86.484870 28.748110
24 202710 89.086010 35.478540
24 202703 87.592040 23.148760
36 -1 88.247960 29.364650
36 202334 79.556250 24.645220
36 203081 85.574800 33.251000
36 203486 86.680140 27.845350
36 203468 87.137170 15.791530
36 203459 89.856790 32.075240
36 2200 68.546010 20.975900
36 2550 85.580870 2.003540
36 201565 86.407740 28.205470
36 202710 89.041510 35.566000
36 202703 87.930570 22.771400
48 -1 88.740100 28.081460
48 202334 79.628000 24.807500
48 203081 85.610250 32.980110
48 203486 86.780750 27.054020
48 203468 87.218520 16.364230
48 203459 90.069090 31.686380
48 2200 68.541960 20.947800
48 2550 85.151130 1.981410
48 201565 86.397660 27.464290
48 202710 88.953480 35.673340
48 202703 88.039380 22.580940
60 -1 89.204190 26.732430
60 202334 79.910580 24.996670
60 203081 85.574060 32.735680
60 203486 86.672970 26.432670
60 203468 87.280970 16.939070
60 203459 90.237480 31.349860
60 2200 68.532580 20.914230
60 2550 84.660230 1.978600
60 201565 86.289880 26.842950
60 202710 88.810730 35.775700
60 202703 88.169430 22.616930
72 -1 89.606950 25.419010
72 202334 80.281710 25.164860
72 203081 85.523340 32.506760
72 203486 87.215410 25.872980
72 203468 87.488880 17.588110
72 203459 90.503400 30.809970
72 2200 68.517190 20.882130
72 2550 84.086120 2.015270
72 201565 86.905410 26.276050
72 202710 88.602400 35.845240
72 202703 87.821560 23.068690
84 -1 89.150170 24.626160
84 202334 80.713360 25.061780
84 203081 85.384560 32.312100
84 203486 87.727690 25.603740
84 203468 87.734470 18.253170
84 203459 90.738190 30.299720
84 2200 68.493550 20.859750
84 2550 83.431580 2.098430
84 201565 87.529380 25.818950
84 202710 88.273000 35.888080
84 202703 87.207990 23.935290
96 -1 88.917150 23.662200
96 202334 81.193380 24.771320
96 203081 85.132660 32.118430
96 203486 88.216560 25.291560
96 203468 87.806680 18.820610
96 203459 90.921730 29.768170
96 2200 68.459940 20.844220
96 2550 82.688530 2.267710
96 201565 88.178950 25.334500
96 202710 87.836010 35.831330
96 202703 86.403100 24.998010
108 -1 88.515440 22.714070
108 202334 81.648070 24.639770
108 203081 85.111370 31.995610
108 203486 88.632870 25.079280
108 203468 87.736480 19.340820
108 203459 91.170630 29.267910
108 2200 68.429090 20.835240
108 2550 81.846670 2.524750
108 201565 88.705960 25.072070
108 202710 87.263520 35.747390
108 202703 85.686180 25.956870
120 -1 88.866340 22.094560
120 202334 82.078220 24.623540
120 203081 85.182480 31.898820
120 203486 89.180620 24.777860
120 203468 87.614230 19.740610
120 203459 91.451900 28.673500
120 2200 68.405480 20.830570
120 2550 80.986600 2.856090
120 201565 89.253710 24.770650
120 202710 86.636580 35.625660
120 202703 84.886490 26.544720
132 -1 87.673270 22.400730
132 202334 82.535670 24.694210
132 203081 85.222490 31.823040
132 203486 89.108190 24.563390
132 203468 87.510550 19.990130
132 203459 91.705430 28.013350
132 2200 68.387780 20.824270
132 2550 80.100980 3.190540
132 201565 89.108190 24.563390
132 202710 86.009940 35.507330
132 202703 84.492460 26.663020
144 -1 85.942280 21.733600
144 202334 83.110910 25.007440
144 203081 85.236290 31.785620
144 203486 88.982930 24.098900
144 203468 87.489630 20.193740
144 203459 91.982880 27.229380
144 2200 68.380960 20.812810
144 2550 79.090890 3.525150
144 201565 88.982930 24.098900
144 202710 85.424390 35.377390
144 202703 84.342760 26.480540
156 -1 84.251300 21.111140
156 202334 83.573370 25.319930
156 203081 85.190530 31.772500
156 203486 88.722240 23.433270
156 203468 87.594650 21.075590
156 203459 92.224180 26.406100
156 2200 68.381600 20.780260
156 2550 78.026540 3.865180
156 201565 88.686290 24.052920
156 202710 84.874440 35.294710
156 202703 84.277590 26.114090
168 -1 82.744010 20.570410
168 202334 83.971970 25.456270
168 203081 85.067520 31.759160
168 203486 88.547090 22.831990
168 203468 87.931090 21.992790
168 203459 92.447770 25.447150
168 2200 68.441970 20.754930
168 2550 76.953470 4.167010
168 201565 88.681560 24.097810
168 202710 84.444600 35.192060
168 202703 84.304690 25.762640
180 -1 81.044140 19.819530
180 202334 84.305730 25.332680
180 203081 84.790080 31.809850
180 203486 88.470300 22.277110
180 203468 88.340820 22.818660
180 203459 92.549210 24.390380
180 2200 68.579790 20.880250
180 2550 75.783060 4.469200
180 201565 88.710570 24.171610
180 202710 84.038620 35.115490
180 202703 84.379030 25.405930
192 -1 79.734080 19.179240
192 202334 84.492950 24.961140
192 203081 84.267580 31.836640
192 203486 88.565400 21.607770
192 203468 88.536300 23.658000
192 203459 92.654950 23.210000
192 2200 68.677870 20.915240
192 2550 74.553300 4.804950
192 201565 88.702970 24.161190
192 202710 83.350730 34.988940
192 202703 84.487490 25.089880
204 -1 78.623160 18.516310
204 202334 84.394150 24.437990
204 203081 83.663070 31.895420
204 203486 88.475260 21.113310
204 203468 88.637640 24.521780
204 203459 92.694910 21.998960
204 2200 68.717560 20.814980
204 2550 73.377970 5.213250
204 201565 88.637640 24.521780
204 202710 82.444830 34.843280
204 202703 84.654330 25.098520
216 -1 77.490880 17.876420
216 202334 84.278430 23.780010
216 203081 82.910350 31.925120
216 203486 88.379410 20.964590
216 203468 88.862890 24.678780
216 203459 92.699230 20.656100
216 2200 68.843460 20.587260
216 2550 72.307870 5.718440
216 201565 88.862890 24.678780
216 202710 81.419410 34.727280
216 202703 85.038960 25.401400
228 -1 76.361060 17.264220
228 202334 84.061380 23.160060
228 203081 82.024650 31.896520
228 203486 88.173840 20.672540
228 203468 88.935460 24.749510
228 203459 92.536560 19.310780
228 2200 68.967450 20.174090
228 2550 71.165910 6.346500
228 201565 88.935460 24.749510
228 202710 80.228520 34.652700
228 202703 85.348130 25.923100
240 -1 75.201860 16.637440
240 202334 83.485850 22.707990
240 203081 80.994200 31.813470
240 203486 87.645160 20.283990
240 203468 88.924230 24.876090
240 203459 92.367150 17.913560
240 2200 69.232450 19.505930
240 2550 70.116370 7.036800
240 201565 88.924230 24.876090
240 202710 78.954790 34.646180
240 202703 85.635400 26.800990
252 -1 73.986790 16.091630
252 202334 82.653190 22.435220
252 203081 80.087540 31.757670
252 203486 86.791970 19.743140
252 203468 89.061340 24.915160
252 203459 91.891440 16.608640
252 2200 69.771610 18.829820
252 2550 69.155430 7.758580
252 201565 89.061340 24.915160
252 202710 77.905270 34.741810
252 202703 85.821410 27.860010
264 -1 72.872350 15.372720
264 202334 81.680310 22.163930
264 203081 79.130160 31.685310
264 203486 85.734850 19.179090
264 203468 89.132450 24.678990
264 203459 91.269130 15.434960
264 2200 70.542490 18.111700
264 2550 68.278470 8.521200
264 201565 89.132450 24.678990
264 202710 76.999250 34.932940
264 202703 85.736820 28.781960
276 -1 72.750600 15.217280
276 202334 81.100100 21.990070
276 203081 78.255580 31.585650
276 203486 84.565400 18.569710
276 203468 89.220950 24.333920
276 203459 90.522220 14.522530
276 2200 71.317320 17.438330
276 2550 67.395760 9.290850
276 201565 89.220950 24.333920
276 202710 76.144890 35.157180
276 202703 85.411930 29.544580
288 -1 72.907660 16.342330
288 202334 80.690990 21.777990
288 203081 77.433190 31.500010
288 203486 83.248440 17.895930
288 203468 89.362110 23.864500
288 203459 89.777800 13.919550
288 2200 72.068210 16.860260
288 2550 66.568110 10.043590
288 201565 89.362110 23.864500
288 202710 75.369570 35.435980
288 202703 85.082070 30.303040