0 -1 71.383490 23.842710
0 201573 83.959670 48.228890
0 202328 71.504440 23.337440
0 203089 84.107980 25.609560
0 203114 85.568600 2.179290
0 203487 78.986960 12.143140
0 2210 86.889830 9.311020
0 2747 83.000120 35.076740
0 201567 85.959770 26.413060
0 203521 82.870720 16.495400
0 202684 78.467250 23.738510
12 -1 71.435370 23.842510
12 201573 83.262300 48.203230
12 202328 71.579220 23.295410
12 203089 83.668190 25.590520
12 203114 84.810110 2.300270
12 203487 78.491300 11.635260
12 2210 86.619810 9.455120
12 2747 83.075530 35.182680
12 201567 85.726330 26.086880
12 203521 82.578970 16.355900
12 202684 77.901740 24.039770
24 -1 72.057600 24.124730
24 201573 82.542730 48.165770
24 202328 71.560390 23.369130
24 203089 83.248080 25.578990
24 203114 84.080490 2.435890
24 203487 77.891830 11.203370
24 2210 86.513520 9.878450
24 2747 83.101690 35.294790
24 201567 85.366900 25.904810
24 203521 82.244030 16.284240
24 202684 77.392930 24.502360
36 -1 73.876000 24.327120
36 201573 81.824480 48.093160
36 202328 71.535030 23.358650
36 203089 82.696300 25.788130
36 203114 83.337480 2.551620
36 203487 77.196180 10.829900
36 2210 86.344980 10.311800
36 2747 83.105750 35.339840
36 201567 84.927430 25.784240
36 203521 81.919700 16.212570
36 202684 76.942040 24.765270
48 -1 75.728470 24.409780
48 201573 81.096670 47.979840
48 202328 71.449950 23.325500
48 203089 82.198430 25.997680
48 203114 82.591120 2.662120
48 203487 76.432740 10.519830
48 2210 86.177240 10.773650
48 2747 83.073360 35.238810
48 201567 84.477150 25.685370
48 203521 81.632480 16.176960
48 202684 76.495610 24.997270
60 -1 77.706550 24.549230
60 201573 80.339930 47.824800
60 202328 71.243920 23.454850
60 203089 81.772870 25.874170
60 203114 81.805840 2.801400
60 203487 75.566180 10.263030
60 2210 86.134700 11.462940
60 2747 83.089420 35.075460
60 201567 84.008510 25.706400
60 203521 81.396990 16.207830
60 202684 75.988220 25.081430
72 -1 79.670620 24.594670
72 201573 79.551020 47.591030
72 202328 70.908150 23.669860
72 203089 81.543830 25.657760
72 203114 80.982540 2.897650
72 203487 74.613080 10.078500
72 2210 86.180770 12.333460
72 2747 83.188310 34.863670
72 201567 83.558380 25.708920
72 203521 81.245950 16.309260
72 202684 75.523420 25.027560
84 -1 81.708130 24.780460
84 201573 78.781740 47.283510
84 202328 70.449300 23.802910
84 203089 81.378850 25.346400
84 203114 80.185300 3.032280
84 203487 73.581830 9.974730
84 2210 86.171430 13.186400
84 2747 83.395090 34.630010
84 201567 83.084730 25.767030
84 203521 81.173940 16.446720
84 202684 75.135110 24.992700
96 -1 83.501210 25.010150
96 201573 78.048650 46.927080
96 202328 69.890180 23.831570
96 203089 81.465050 24.717390
96 203114 79.390820 3.193500
96 203487 72.490870 9.945070
96 2210 86.292230 14.230890
96 2747 83.650450 34.324940
96 201567 82.674000 25.810950
96 203521 81.204530 16.656420
96 202684 74.818990 24.907380
108 -1 85.433840 25.059180
108 201573 77.398610 46.662440
108 202328 69.254520 23.930610
108 203089 81.608690 24.064730
108 203114 78.554410 3.379230
108 203487 71.357950 10.029530
108 2210 86.493100 15.423390
108 2747 83.912770 33.996050
108 201567 82.405690 25.867150
108 203521 81.328840 16.987490
108 202684 74.638590 24.843130
120 -1 87.219970 25.182260
120 201573 76.800950 46.452160
120 202328 68.554710 23.904480
120 203089 81.897810 23.517990
120 203114 77.735100 3.624280
120 203487 70.217670 10.205510
120 2210 86.675710 16.639200
120 2747 84.175710 33.666770
120 201567 82.298560 25.739440
120 203521 81.502210 17.271490
120 202684 74.657670 24.801810
132 -1 87.950130 25.594050
132 201573 76.182430 46.233040
132 202328 67.778500 23.748370
132 203089 82.302870 22.997530
132 203114 76.910240 3.996300
132 203487 69.026200 10.432000
132 2210 86.787430 17.848980
132 2747 84.408810 33.316490
132 201567 82.325150 25.619040
132 203521 81.626190 17.717130
132 202684 74.759790 24.803050
144 -1 87.900740 25.940870
144 201573 75.515310 45.923500
144 202328 66.914690 23.606090
144 203089 82.797350 22.723320
144 203114 76.012110 4.424530
144 203487 67.798570 10.675910
144 2210 86.904530 19.081670
144 2747 84.651750 32.925930
144 201567 82.498490 25.346310
144 203521 81.772660 18.134510
144 202684 74.889440 24.756060
156 -1 87.913310 26.104200
156 201573 74.873630 45.574580
156 202328 65.934870 23.575240
156 203089 83.235700 22.433330
156 203114 75.043500 4.928390
156 203487 66.518800 10.974920
156 2210 87.057170 20.333090
156 2747 84.946640 32.502700
156 201567 82.803370 24.954370
156 203521 81.897340 18.516730
156 202684 75.053770 24.770410
168 -1 87.865450 26.443130
168 201573 74.189430 45.040660
168 202328 64.863840 23.554270
168 203089 83.751320 22.319080
168 203114 73.982760 5.505020
168 203487 65.204050 11.307130
168 2210 87.283850 21.567960
168 2747 85.419000 32.232360
168 201567 83.320730 24.759150
168 203521 81.962350 18.761200
168 202684 75.119670 24.672600
180 -1 87.841830 26.810970
180 201573 73.456530 44.382320
180 202328 63.741400 23.541840
180 203089 83.931950 22.290840
180 203114 72.902550 6.101200
180 203487 63.874710 11.652670
180 2210 87.607810 22.900290
180 2747 85.970840 32.053650
180 201567 83.964960 24.833230
180 203521 81.918060 19.091750
180 202684 75.015220 24.506250
192 -1 87.851610 27.175950
192 201573 72.782960 43.727980
192 202328 62.595960 23.585200
192 203089 83.956530 22.349780
192 203114 71.728870 6.676880
192 203487 62.541930 12.079800
192 2210 88.098740 24.241820
192 2747 86.611160 32.073020
192 201567 84.654610 25.103910
192 203521 81.752950 19.331220
192 202684 74.793560 24.247230
204 -1 87.869780 27.533500
204 201573 72.170970 43.142450
204 202328 61.408660 23.664370
204 203089 83.797310 22.593320
204 203114 70.479010 7.255360
204 203487 61.201020 12.552870
204 2210 88.593770 25.564770
204 2747 87.251610 32.210100
204 201567 85.371330 25.613780
204 203521 81.427650 19.725100
204 202684 74.504510 23.892410
216 -1 88.604090 28.383090
216 201573 71.570390 42.642010
216 202328 60.210340 23.774900
216 203089 83.502840 23.165660
216 203114 69.175330 7.833090
216 203487 59.883720 13.045790
216 2210 89.101860 26.743580
216 2747 87.844000 32.515190
216 201567 86.125280 26.348890
216 203521 80.949180 20.278980
216 202684 74.142090 23.455980
228 -1 90.168080 28.997230
228 201573 70.887790 42.004860
228 202328 58.976080 23.879870
228 203089 83.007660 23.758190
228 203114 67.881140 8.450550
228 203487 58.563690 13.550920
228 2210 89.508540 27.862280
228 2747 88.270950 32.968320
228 201567 86.728310 26.942520
228 203521 80.354260 21.025920
228 202684 73.676710 23.034920
240 -1 91.204550 29.745150
240 201573 70.133480 41.396500
240 202328 57.694200 24.003620
240 203089 82.531220 24.433160
240 203114 66.451140 9.134030
240 203487 57.248180 14.108490
240 2210 90.010540 29.058670
240 2747 88.547590 33.566500
240 201567 87.180350 27.551050
240 203521 79.636050 21.913130
240 202684 73.224170 22.693760
252 -1 91.727910 30.695720
252 201573 69.325180 40.831210
252 202328 56.391020 24.118290
252 203089 81.816640 25.118810
252 203114 64.978540 9.832940
252 203487 55.935080 14.679480
252 2210 90.464940 30.323930
252 2747 88.603080 34.154850
252 201567 87.561370 28.108090
252 203521 78.850810 22.787310
252 202684 72.606680 22.258300
264 -1 92.251490 32.360580
264 201573 68.436540 40.313430
264 202328 55.089380 24.251070
264 203089 80.885580 25.723610
264 203114 63.468260 10.586540
264 203487 54.639300 15.293870
264 2210 90.816510 31.569340
264 2747 88.512510 34.772280
264 201567 87.796820 28.656440
264 203521 78.047960 23.808600
264 202684 71.878210 21.803970
276 -1 92.578380 34.253620
276 201573 67.423440 39.734750
276 202328 53.752300 24.396120
276 203089 79.897070 26.270460
276 203114 61.923010 11.390130
276 203487 53.365140 15.948680
276 2210 91.033290 32.964520
276 2747 88.177420 35.402140
276 201567 87.816500 29.198080
276 203521 77.119040 24.902190
276 202684 71.038690 21.344370
288 -1 92.696630 35.823050
288 201573 66.401250 39.284990
288 202328 52.454030 24.541170
288 203089 78.756140 26.889640
288 203114 60.336530 12.203080
288 203487 52.085300 16.627750
288 2210 91.133000 34.402700
288 2747 87.611780 35.960780
288 201567 87.663520 29.846730
288 203521 76.065930 26.162410
288 202684 70.124340 20.927110
300 -1 92.707510 36.678050
300 201573 65.349460 38.769680
300 202328 51.121780 24.677500
300 203089 77.524440 27.442490
300 203114 58.757780 13.037480
300 203487 50.807250 17.333900
300 2210 90.885090 35.681500
300 2747 86.835040 36.282420
300 201567 87.309420 30.464610
300 203521 75.030300 27.413220
300 202684 69.052400 20.282970
312 -1 92.155400 38.423720
312 201573 64.221720 38.180790
312 202328 49.780200 24.828240
312 203089 76.315990 27.932840
312 203114 57.234370 13.941760
312 203487 49.578560 18.101300
312 2210 90.380910 36.853170
312 2747 85.926850 36.462380
312 201567 86.718570 31.136290
312 203521 73.949490 28.868670
312 202684 68.011620 19.798160
324 -1 90.864020 39.665230
324 201573 63.049110 37.563690
324 202328 48.375210 24.904800
324 203089 75.061170 28.445730
324 203114 55.693180 14.852320
324 203487 48.369500 18.839440
324 2210 89.761960 38.114810
324 2747 84.835810 36.448270
324 201567 86.018170 31.789720
324 203521 72.770000 30.354490
324 202684 66.720020 19.213380
336 -1 89.426400 41.116280
336 201573 61.886060 36.960800
336 202328 47.021130 25.005420
336 203089 73.648750 28.874070
336 203114 54.183820 15.750870
336 203487 47.155620 19.573330
336 2210 88.956730 39.248660
336 2747 83.567360 36.165900
336 201567 85.169790 32.485470
336 203521 71.632320 31.933060
336 202684 65.307680 18.683890
348 -1 87.730880 42.298590
348 201573 60.714250 36.343700
348 202328 45.651900 25.085480
348 203089 72.185230 29.102830
348 203114 52.722710 16.707340
348 203487 45.986490 20.310110
348 2210 87.987840 40.281400
348 2747 82.272980 35.606620
348 201567 84.215070 33.001100
348 203521 70.546230 33.440760
348 202684 63.861860 18.145300
360 -1 86.325100 43.518720
360 201573 59.558900 35.716870
360 202328 44.328720 25.096350
360 203089 70.690990 29.278250
360 203114 51.278620 17.681590
360 203487 44.810440 20.997160
360 2210 86.918400 41.276770
360 2747 80.923380 35.008900
360 201567 83.119940 33.522550
360 203521 69.444100 35.032540
360 202684 62.345260 17.796870
372 -1 85.575210 43.971770
372 201573 58.435360 35.073860
372 202328 43.028760 25.061820
372 203089 69.063460 29.460680
372 203114 49.847900 18.666740
372 203487 43.637090 21.597890
372 2210 85.736650 42.209200
372 2747 79.506060 34.174460
372 201567 81.928020 33.937000
372 203521 68.357200 36.585460
372 202684 60.745710 17.402040
384 -1 84.308720 44.223080
384 201573 57.297380 34.406420
384 202328 41.750940 25.054300
384 203089 67.341090 29.481160
384 203114 48.431460 19.660990
384 203487 42.548290 22.194280
384 2210 84.385990 42.946420
384 2747 78.061830 33.203730
384 201567 80.541240 34.199180
384 203521 67.265610 38.025520
384 202684 59.209500 17.147310