0 -1 68.746720 10.630130
0 101114 74.363200 26.562050
0 101109 81.443910 4.841330
0 202083 72.759240 31.112660
0 201580 84.359190 23.698980
0 203939 86.727590 11.899900
0 2544 70.871870 27.637600
0 2747 61.394230 29.065310
0 201567 86.517750 3.413010
0 203521 68.760040 10.555840
0 202389 87.664770 26.171360
12 -1 69.358410 11.038390
12 101114 74.297470 26.407580
12 101109 82.011510 5.322180
12 202083 73.214560 30.827720
12 201580 85.021300 23.702530
12 203939 86.729950 12.132500
12 2544 70.779880 27.255420
12 2747 61.596070 28.649610
12 201567 86.459830 4.168650
12 203521 68.943710 10.710870
12 202389 88.103390 26.542990
24 -1 71.129840 12.223290
24 101114 74.267240 26.217840
24 101109 82.612780 5.965480
24 202083 73.696640 30.555080
24 201580 85.540550 23.791470
24 203939 86.731000 12.419200
24 2544 70.646220 26.878610
24 2747 61.768500 28.289940
24 201567 86.370580 5.086150
24 203521 69.161600 10.809000
24 202389 88.323260 26.774210
36 -1 72.997700 13.560500
36 101114 74.292990 26.171840
36 101109 83.040000 6.614810
36 202083 74.222160 30.267400
36 201580 86.009960 24.130350
36 203939 86.715560 12.718240
36 2544 70.526920 26.516710
36 2747 61.882340 27.949500
36 201567 86.250750 6.134540
36 203521 69.457510 10.905460
36 202389 88.422110 26.858170
48 -1 74.862960 15.086090
48 101114 74.130650 26.011000
48 101109 83.302710 7.235510
48 202083 74.769190 29.999700
48 201580 86.441800 24.511070
48 203939 86.715870 12.978120
48 2544 70.369930 26.138260
48 2747 61.924830 27.625940
48 201567 86.074110 7.200900
48 203521 69.738060 10.994010
48 202389 88.368360 26.964590
60 -1 76.823650 16.606320
60 101114 73.927140 25.762970
60 101109 83.472050 7.785370
60 202083 75.386620 29.759970
60 201580 86.857510 24.849240
60 203939 86.702910 13.217940
60 2544 70.205020 25.842470
60 2747 61.873720 27.323570
60 201567 85.899810 8.376340
60 203521 69.995120 11.093940
60 202389 88.243510 27.083480
72 -1 78.637260 18.038350
72 101114 73.703140 25.493450
72 101109 83.533270 8.282710
72 202083 76.082140 29.480550
72 201580 87.201240 25.210570
72 203939 86.664240 13.530250
72 2544 70.000930 25.618520
72 2747 61.731790 27.061740
72 201567 85.590900 9.636560
72 203521 70.215030 11.226050
72 202389 88.087380 27.193380
84 -1 80.510550 19.567150
84 101114 73.508730 25.263880
84 101109 83.398370 8.750310
84 202083 76.794630 29.200530
84 201580 87.483150 25.649730
84 203939 86.547870 13.878680
84 2544 69.741740 25.379390
84 2747 61.504460 26.823290
84 201567 85.242790 10.894080
84 203521 70.413630 11.362870
84 202389 87.976240 27.341460
96 -1 82.329010 20.984490
96 101114 73.243440 24.896720
96 101109 83.312260 9.249480
96 202083 77.495100 28.926950
96 201580 87.559400 25.871720
96 203939 86.409270 14.272440
96 2544 69.446710 25.186280
96 2747 61.207300 26.635750
96 201567 84.849520 12.112450
96 203521 70.592960 11.499120
96 202389 87.872560 27.568500
108 -1 84.191580 22.579320
108 101114 73.070500 24.657780
108 101109 83.174090 9.725880
108 202083 78.159660 28.639740
108 201580 87.521590 26.057450
108 203939 86.321570 14.807350
108 2544 69.139810 25.075700
108 2747 60.871120 26.531000
108 201567 84.421360 13.400060
108 203521 70.721750 11.645540
108 202389 87.807890 27.670910
120 -1 85.918170 23.764780
120 101114 72.968430 24.466220
120 101109 83.006040 10.193940
120 202083 78.768190 28.344870
120 201580 87.345590 26.234290
120 203939 86.225270 15.410990
120 2544 68.760270 24.947870
120 2747 60.513900 26.497890
120 201567 83.959680 14.654340
120 203521 70.813640 11.769760
120 202389 87.813620 27.750630
132 -1 87.636340 25.272580
132 101114 72.905350 24.286690
132 101109 82.785770 10.607690
132 202083 79.293860 28.136760
132 201580 87.147570 26.347970
132 203939 86.031790 16.027500
132 2544 68.325710 24.838290
132 2747 60.158780 26.516350
132 201567 83.477280 15.933190
132 203521 70.905900 11.879120
132 202389 87.826100 27.786320
144 -1 88.171920 26.096730
144 101114 72.901640 24.168610
144 101109 82.619550 10.946220
144 202083 79.760050 27.996880
144 201580 86.969350 26.296080
144 203939 85.859390 16.683240
144 2544 67.922570 24.782080
144 2747 59.792050 26.601310
144 201567 83.059830 17.265670
144 203521 70.954080 12.016460
144 202389 87.814430 27.781420
156 -1 88.414450 26.889800
156 101114 72.922380 24.144690
156 101109 82.441850 11.242150
156 202083 80.263750 27.894910
156 201580 86.933830 26.110010
156 203939 85.812920 17.249310
156 2544 67.524310 24.714050
156 2747 59.420530 26.693220
156 201567 82.755680 18.598400
156 203521 71.001700 12.167030
156 202389 87.775880 27.759970
168 -1 88.901970 27.681790
168 101114 73.033570 24.179660
168 101109 82.350990 11.512610
168 202083 80.809230 28.040100
168 201580 86.985020 25.952490
168 203939 85.565650 17.707650
168 2544 67.145020 24.653690
168 2747 59.036630 26.780620
168 201567 82.646850 19.887240
168 203521 71.086210 12.313660
168 202389 87.785960 27.834500
180 -1 89.454170 28.511000
180 101114 73.127390 24.271100
180 101109 82.316100 11.820040
180 202083 81.336860 28.311750
180 201580 87.060270 25.922270
180 203939 85.280100 18.151680
180 2544 66.751370 24.581750
180 2747 58.633140 26.873590
180 201567 82.688890 21.021370
180 203521 71.177470 12.515570
180 202389 87.696930 28.014270
192 -1 89.874240 29.240420
192 101114 73.178020 24.468590
192 101109 82.305880 12.132360
192 202083 81.968580 28.698600
192 201580 87.157100 25.993920
192 203939 85.135520 18.597120
192 2544 66.367800 24.513620
192 2747 58.256310 26.968890
192 201567 82.890900 22.006740
192 203521 71.254250 12.778050
192 202389 87.628160 28.307320
204 -1 90.289750 30.079200
204 101114 73.200650 24.727650
204 101109 82.302520 12.475830
204 202083 82.781060 29.213130
204 201580 87.286370 26.208580
204 203939 85.050150 19.025730
204 2544 65.975360 24.469970
204 2747 57.906340 27.101590
204 201567 83.092070 22.902750
204 203521 71.384640 13.053800
204 202389 87.614280 28.687240
216 -1 90.481960 30.785060
216 101114 73.223740 25.028840
216 101109 82.234040 12.845490
216 202083 83.650750 29.897250
216 201580 87.502270 26.714710
216 203939 84.900460 19.608890
216 2544 65.595800 24.491020
216 2747 57.615420 27.302560
216 201567 83.039660 24.015360
216 203521 71.566210 13.399620
216 202389 87.593260 29.178830
228 -1 90.419680 31.153760
228 101114 73.285020 25.313810
228 101109 82.074130 13.217170
228 202083 84.619430 30.706490
228 201580 87.706800 27.282260
228 203939 84.898310 20.279520
228 2544 65.254310 24.564830
228 2747 57.409350 27.607790
228 201567 82.815180 25.204330
228 203521 71.821540 13.796420
228 202389 87.637390 29.744680
240 -1 89.642400 31.544490
240 101114 73.384900 25.621010
240 101109 81.874330 13.545570
240 202083 85.610810 31.454350
240 201580 87.855250 27.774980
240 203939 84.939150 21.071650
240 2544 64.963300 24.697330
240 2747 57.325360 27.972540
240 201567 82.477650 26.446680
240 203521 72.159500 14.198540
240 202389 87.817240 30.232980
252 -1 89.162160 32.022860
252 101114 73.419530 25.984570
252 101109 81.662460 13.857660
252 202083 86.641590 32.148700
252 201580 87.938260 28.297280
252 203939 84.945840 21.926170
252 2544 64.702830 24.874690
252 2747 57.325630 28.398180
252 201567 81.947790 27.866060
252 203521 72.585180 14.570480
252 202389 88.042070 30.745750
264 -1 88.556370 32.349590
264 101114 73.411310 26.426950
264 101109 81.448550 14.142820
264 202083 87.746430 32.930460
264 201580 87.994420 28.823380
264 203939 84.884750 22.817650
264 2544 64.483870 25.089010
264 2747 57.427590 28.824890
264 201567 81.364460 29.339100
264 203521 73.083770 14.941520
264 202389 88.273550 31.206630
276 -1 89.058910 32.686330
276 101114 73.368160 26.855040
276 101109 81.286230 14.420420
276 202083 88.949840 33.666780
276 201580 87.946320 29.286750
276 203939 84.771580 23.699680
276 2544 64.256020 25.254800
276 2747 57.619440 29.265820
276 201567 80.940670 30.586070
276 203521 73.626840 15.264050
276 202389 88.648600 31.610590
288 -1 89.519990 32.339830
288 101114 73.243330 27.275930
288 101109 81.159370 14.727120
288 202083 89.883570 34.211930
288 201580 87.760740 29.636000
288 203939 84.634160 24.599360
288 2544 63.983090 25.365960
288 2747 57.878640 29.690850
288 201567 80.546280 31.863110
288 203521 74.156960 15.579730
288 202389 89.125240 31.882810