0 -1 87.461040 15.756800 BALL
0 2199 88.471760 30.793840 PLAYER
0 101179 68.621850 44.811690 PLAYER
0 200782 61.580950 25.271800 PLAYER
0 203141 87.613060 15.015700 PLAYER
0 203933 83.984400 31.424000 PLAYER
0 2592 86.272300 15.694230 PLAYER
0 2544 71.384530 23.855300 PLAYER
0 2747 88.023260 19.788210 PLAYER
0 203521 82.275840 32.930940 PLAYER
0 202389 90.454630 19.390580 PLAYER
12 -1 87.757570 17.100530 BALL
12 2199 88.441170 29.987470 PLAYER
12 101179 68.393230 44.655530 PLAYER
12 200782 61.414530 25.324480 PLAYER
12 203141 88.148330 16.155560 PLAYER
12 203933 83.595610 31.144910 PLAYER
12 2592 86.995720 16.740160 PLAYER
12 2544 71.414780 23.657800 PLAYER
12 2747 88.576920 19.892420 PLAYER
12 203521 82.756900 32.120680 PLAYER
12 202389 90.567650 18.851800 PLAYER
24 -1 87.913240 18.414030 BALL
24 2199 88.454910 29.221060 PLAYER
24 101179 68.233440 44.548720 PLAYER
24 200782 61.214110 25.432110 PLAYER
24 203141 88.610520 17.161980 PLAYER
24 203933 83.473980 30.769500 PLAYER
24 2592 87.490860 17.807350 PLAYER
24 2544 71.489340 23.480170 PLAYER
24 2747 89.128610 20.189840 PLAYER
24 203521 83.204240 31.634730 PLAYER
24 202389 90.752880 18.491410 PLAYER
36 -1 88.273600 19.756360 BALL
36 2199 88.503530 28.575880 PLAYER
36 101179 68.137620 44.476300 PLAYER
36 200782 60.977520 25.572880 PLAYER
36 203141 88.979190 18.059330 PLAYER
36 203933 83.445970 30.399050 PLAYER
36 2592 87.980840 18.991320 PLAYER
36 2544 71.599160 23.329240 PLAYER
36 2747 89.435300 20.799940 PLAYER
36 203521 83.704390 31.163870 PLAYER
36 202389 90.880400 18.245180 PLAYER
48 -1 88.258790 21.036480 BALL
48 2199 88.561260 27.975680 PLAYER
48 101179 68.057920 44.432730 PLAYER
48 200782 60.710050 25.707770 PLAYER
48 203141 89.168090 18.798410 PLAYER
48 203933 83.449190 30.078220 PLAYER
48 2592 88.364560 20.317740 PLAYER
48 2544 71.695100 23.115420 PLAYER
48 2747 89.820970 21.185900 PLAYER
48 203521 84.313280 30.641290 PLAYER
48 202389 91.027700 18.010770 PLAYER
60 -1 88.390050 22.372650 BALL
60 2199 88.568710 27.472300 PLAYER
60 101179 67.998820 44.412260 PLAYER
60 200782 60.416520 25.788420 PLAYER
60 203141 89.150610 19.392160 PLAYER
60 203933 83.572020 29.839450 PLAYER
60 2592 88.493220 21.673550 PLAYER
60 2544 71.818100 22.862450 PLAYER
60 2747 90.225860 21.588210 PLAYER
60 203521 85.122480 30.216840 PLAYER
60 202389 91.174030 17.870740 PLAYER
72 -1 88.650880 23.421250 BALL
72 2199 88.434780 27.067070 PLAYER
72 101179 67.946990 44.397460 PLAYER
72 200782 60.102750 25.810580 PLAYER
72 203141 88.916530 19.870190 PLAYER
72 203933 83.720310 29.584640 PLAYER
72 2592 88.726180 22.796700 PLAYER
72 2544 71.957270 22.606490 PLAYER
72 2747 90.737210 22.084990 PLAYER
72 203521 86.017290 29.832360 PLAYER
72 202389 91.403610 17.847120 PLAYER
84 -1 88.722160 24.976430 BALL
84 2199 88.280390 26.831460 PLAYER
84 101179 67.917430 44.386720 PLAYER
84 200782 59.772310 25.755960 PLAYER
84 203141 88.464810 20.314440 PLAYER
84 203933 83.801950 29.272230 PLAYER
84 2592 89.318180 23.858350 PLAYER
84 2544 72.105210 22.338370 PLAYER
84 2747 91.225420 22.391210 PLAYER
84 203521 86.647720 29.334860 PLAYER
84 202389 91.696840 17.882430 PLAYER
96 -1 88.767940 25.371010 BALL
96 2199 88.054450 26.523580 PLAYER
96 101179 67.912680 44.372380 PLAYER
96 200782 59.413360 25.648300 PLAYER
96 203141 87.846370 20.724870 PLAYER
96 203933 83.930320 28.878460 PLAYER
96 2592 89.847480 24.888390 PLAYER
96 2544 72.265840 22.029610 PLAYER
96 2747 91.660280 22.476130 PLAYER
96 203521 87.163060 28.830290 PLAYER
96 202389 92.025380 18.000380 PLAYER
108 -1 88.601230 24.451280 BALL
108 2199 87.760350 26.221990 PLAYER
108 101179 67.932340 44.344850 PLAYER
108 200782 59.029230 25.511300 PLAYER
108 203141 87.204300 21.092890 PLAYER
108 203933 84.060000 28.338530 PLAYER
108 2592 90.374160 25.870930 PLAYER
108 2544 72.511060 21.777270 PLAYER
108 2747 92.142460 22.552300 PLAYER
108 203521 87.517530 28.424690 PLAYER
108 202389 92.278280 18.193470 PLAYER
120 -1 88.301840 23.519860 BALL
120 2199 87.599660 26.058070 PLAYER
120 101179 67.949770 44.278940 PLAYER
120 200782 58.620500 25.392330 PLAYER
120 203141 86.568890 21.386560 PLAYER
120 203933 84.197230 27.583940 PLAYER
120 2592 90.900960 26.807960 PLAYER
120 2544 72.826250 21.568790 PLAYER
120 2747 92.549790 22.471300 PLAYER
120 203521 87.672160 28.211130 PLAYER
120 202389 92.452250 18.473040 PLAYER
132 -1 88.177850 22.723080 BALL
132 2199 87.623470 26.058640 PLAYER
132 101179 67.955220 44.169380 PLAYER
132 200782 58.195740 25.298500 PLAYER
132 203141 85.961110 21.585770 PLAYER
132 203933 84.299550 26.751560 PLAYER
132 2592 91.493200 27.724790 PLAYER
132 2544 73.176980 21.330910 PLAYER
132 2747 92.888030 22.253600 PLAYER
132 203521 87.711830 28.091850 PLAYER
132 202389 92.494430 18.811740 PLAYER
144 -1 88.072880 21.799520 BALL
144 2199 87.722130 26.089160 PLAYER
144 101179 67.945210 44.010040 PLAYER
144 200782 57.746990 25.208490 PLAYER
144 203141 85.372260 21.651940 PLAYER
144 203933 84.334050 26.003400 PLAYER
144 2592 91.873550 28.586770 PLAYER
144 2544 73.549200 21.042920 PLAYER
144 2747 93.173800 22.164420 PLAYER
144 203521 87.710440 27.993770 PLAYER
144 202389 92.414160 19.256950 PLAYER
156 -1 87.746360 21.139420 BALL
156 2199 87.967500 26.287630 PLAYER
156 101179 67.930600 43.819410 PLAYER
156 200782 57.295370 25.149030 PLAYER
156 203141 84.858950 21.659840 PLAYER
156 203933 84.400500 25.365570 PLAYER
156 2592 92.239900 29.279480 PLAYER
156 2544 73.921860 20.686020 PLAYER
156 2747 93.275870 22.101810 PLAYER
156 203521 87.633950 27.883210 PLAYER
156 202389 92.005630 19.731960 PLAYER
168 -1 87.408370 21.123830 BALL
168 2199 88.377820 26.600500 PLAYER
168 101179 67.929550 43.615700 PLAYER
168 200782 56.824910 25.090600 PLAYER
168 203141 84.351330 21.683810 PLAYER
168 203933 84.488540 24.813470 PLAYER
168 2592 92.541420 29.832810 PLAYER
168 2544 74.252080 20.313710 PLAYER
168 2747 93.274300 21.947100 PLAYER
168 203521 87.526420 27.671430 PLAYER
168 202389 91.392890 20.277930 PLAYER
180 -1 86.939970 21.235070 BALL
180 2199 88.562380 26.857130 PLAYER
180 101179 67.978560 43.421740 PLAYER
180 200782 56.363010 24.996470 PLAYER
180 203141 83.826510 21.718710 PLAYER
180 203933 84.518950 24.492390 PLAYER
180 2592 92.711410 30.241440 PLAYER
180 2544 74.561790 19.973580 PLAYER
180 2747 93.239640 21.737360 PLAYER
180 203521 87.357300 27.383170 PLAYER
180 202389 90.719480 20.824370 PLAYER
192 -1 86.535570 21.275090 BALL
192 2199 88.638290 27.108720 PLAYER
192 101179 68.050430 43.243490 PLAYER
192 200782 55.893000 24.865290 PLAYER
192 203141 83.378640 21.701940 PLAYER
192 203933 84.582450 24.314990 PLAYER
192 2592 92.775250 30.495010 PLAYER
192 2544 74.844890 19.670320 PLAYER
192 2747 93.112380 21.515240 PLAYER
192 203521 87.120360 27.154410 PLAYER
192 202389 90.005090 21.392320 PLAYER
204 -1 86.427010 21.577120 BALL
204 2199 88.684970 27.305310 PLAYER
204 101179 68.133940 43.095590 PLAYER
204 200782 55.405240 24.715540 PLAYER
204 203141 82.958170 21.804240 PLAYER
204 203933 84.613270 24.227270 PLAYER
204 2592 92.741680 30.538690 PLAYER
204 2544 75.102000 19.431780 PLAYER
204 2747 92.792360 21.223110 PLAYER
204 203521 87.017650 27.022770 PLAYER
204 202389 89.024110 21.917290 PLAYER
216 -1 86.401180 23.914300 BALL
216 2199 88.601860 27.469690 PLAYER
216 101179 68.190240 42.964780 PLAYER
216 200782 54.901430 24.517230 PLAYER
216 203141 82.583760 21.944840 PLAYER
216 203933 84.695400 24.182770 PLAYER
216 2592 92.593680 30.414100 PLAYER
216 2544 75.306580 19.237810 PLAYER
216 2747 92.470350 20.873220 PLAYER
216 203521 86.919660 26.840870 PLAYER
216 202389 88.205670 22.444130 PLAYER
228 -1 85.678320 24.682060 BALL
228 2199 88.378100 27.607450 PLAYER
228 101179 68.185830 42.850660 PLAYER
228 200782 54.405890 24.306610 PLAYER
228 203141 82.293210 22.054300 PLAYER
228 203933 84.761060 24.104800 PLAYER
228 2592 92.382940 30.187440 PLAYER
228 2544 75.450070 19.081720 PLAYER
228 2747 92.131050 20.381260 PLAYER
228 203521 86.829430 26.778370 PLAYER
228 202389 87.701920 23.035430 PLAYER
240 -1 84.389490 26.547690 BALL
240 2199 88.256440 27.728280 PLAYER
240 101179 68.113870 42.740460 PLAYER
240 200782 53.907790 24.131910 PLAYER
240 203141 82.170770 22.198520 PLAYER
240 203933 84.905810 23.921760 PLAYER
240 2592 92.056130 29.986560 PLAYER
240 2544 75.493520 18.994590 PLAYER
240 2747 91.783990 19.912310 PLAYER
240 203521 86.789660 26.858340 PLAYER
240 202389 87.198510 23.573110 PLAYER
252 -1 82.558670 28.701810 BALL
252 2199 88.120780 27.874150 PLAYER
252 101179 68.065830 42.598660 PLAYER
252 200782 53.418440 24.013330 PLAYER
252 203141 82.051410 22.360090 PLAYER
252 203933 85.081010 23.595080 PLAYER
252 2592 91.668100 29.908370 PLAYER
252 2544 75.454540 19.022350 PLAYER
252 2747 91.400400 19.394460 PLAYER
252 203521 86.745620 26.924960 PLAYER
252 202389 86.793340 24.059370 PLAYER
264 -1 80.745020 30.734970 BALL
264 2199 87.867370 28.240210 PLAYER
264 101179 68.139100 42.386540 PLAYER
264 200782 52.948520 23.946290 PLAYER
264 203141 82.002100 22.416550 PLAYER
264 203933 85.212720 23.249300 PLAYER
264 2592 91.173410 29.958970 PLAYER
264 2544 75.381450 19.107150 PLAYER
264 2747 90.968260 18.809360 PLAYER
264 203521 86.573990 27.004700 PLAYER
264 202389 86.461670 24.559860 PLAYER
276 -1 79.316920 32.441210 BALL
276 2199 87.683690 28.555300 PLAYER
276 101179 68.354480 42.127570 PLAYER
276 200782 52.508280 23.937870 PLAYER
276 203141 81.919470 22.434910 PLAYER
276 203933 85.259810 22.821620 PLAYER
276 2592 90.541750 30.220270 PLAYER
276 2544 75.254010 19.276850 PLAYER
276 2747 90.421460 18.193040 PLAYER
276 203521 86.376960 27.346250 PLAYER
276 202389 85.970010 25.219920 PLAYER
288 -1 78.393370 33.215890 BALL
288 2199 87.538900 28.895650 PLAYER
288 101179 68.718400 41.699550 PLAYER
288 200782 52.081290 23.967820 PLAYER
288 203141 81.765640 22.428790 PLAYER
288 203933 85.283020 22.432280 PLAYER
288 2592 89.849630 30.604640 PLAYER
288 2544 75.056280 19.447530 PLAYER
288 2747 89.796000 17.630310 PLAYER
288 203521 86.171860 27.762410 PLAYER
288 202389 85.044210 26.000000 PLAYER
300 -1 77.346680 34.179730 BALL
300 2199 87.319010 29.261760 PLAYER
300 101179 69.311820 41.127990 PLAYER
300 200782 51.685500 23.967060 PLAYER
300 203141 81.541340 22.336420 PLAYER
300 203933 85.240850 22.060220 PLAYER
300 2592 89.187030 31.032710 PLAYER
300 2544 74.864730 19.549170 PLAYER
300 2747 89.097290 17.089970 PLAYER
300 203521 85.898940 28.207970 PLAYER
300 202389 83.983160 26.882510 PLAYER
312 -1 76.484380 34.966730 BALL
312 2199 87.103850 29.604680 PLAYER
312 101179 70.135430 40.418820 PLAYER
312 200782 51.323970 23.944180 PLAYER
312 203141 81.323620 22.222720 PLAYER
312 203933 85.101720 21.725160 PLAYER
312 2592 88.509790 31.408560 PLAYER
312 2544 74.660700 19.578300 PLAYER
312 2747 88.356140 16.576770 PLAYER
312 203521 85.651240 28.685450 PLAYER
312 202389 82.736430 27.924380 PLAYER
324 -1 75.569840 35.684560 BALL
324 2199 86.945650 29.740820 PLAYER
324 101179 71.039160 39.685160 PLAYER
324 200782 51.054010 23.936000 PLAYER
324 203141 81.115320 22.094010 PLAYER
324 203933 85.024750 21.294640 PLAYER
324 2592 87.935690 31.752600 PLAYER
324 2544 74.423730 19.658890 PLAYER
324 2747 87.626430 16.157280 PLAYER
324 203521 85.373550 29.053680 PLAYER
324 202389 81.614100 29.079290 PLAYER
336 -1 74.488890 36.653000 BALL
336 2199 86.741990 29.842470 PLAYER
336 101179 72.050900 38.848600 PLAYER
336 200782 50.884350 23.940500 PLAYER
336 203141 80.969670 21.856520 PLAYER
336 203933 84.984000 20.823900 PLAYER
336 2592 87.490030 31.991860 PLAYER
336 2544 74.167000 19.731470 PLAYER
336 2747 86.996720 15.913370 PLAYER
336 203521 85.076960 29.226880 PLAYER
336 202389 80.661440 30.137660 PLAYER
348 -1 73.939750 37.041720 BALL
348 2199 86.527400 30.017120 PLAYER
348 101179 73.206230 38.059490 PLAYER
348 200782 50.847360 23.988190 PLAYER
348 203141 80.896690 21.532240 PLAYER
348 203933 84.998540 20.345930 PLAYER
348 2592 87.122900 32.101700 PLAYER
348 2544 73.914620 19.801370 PLAYER
348 2747 86.469990 15.820100 PLAYER
348 203521 84.809930 29.332880 PLAYER
348 202389 79.844560 30.990010 PLAYER