0 -1 65.127150 18.328650 BALL
0 1717 67.787010 26.681940 PLAYER
0 101114 65.028460 17.894160 PLAYER
0 2585 75.456390 29.665850 PLAYER
0 202083 79.640760 2.232940 PLAYER
0 202718 75.650390 46.367320 PLAYER
0 2544 70.167880 27.098210 PLAYER
0 2747 83.441780 7.955350 PLAYER
0 201567 78.614050 28.674980 PLAYER
0 202697 78.823380 36.995110 PLAYER
0 202681 70.201420 19.949600 PLAYER
12 -1 66.598100 18.945400 BALL
12 1717 68.035870 26.330690 PLAYER
12 101114 65.310440 17.904740 PLAYER
12 2585 75.659020 29.342480 PLAYER
12 202083 79.353440 2.374750 PLAYER
12 202718 75.986920 46.346860 PLAYER
12 2544 70.628600 26.998340 PLAYER
12 2747 83.484520 8.237240 PLAYER
12 201567 78.770940 28.418870 PLAYER
12 202697 79.322090 36.736650 PLAYER
12 202681 69.616190 19.133850 PLAYER
24 -1 69.108960 19.509560 BALL
24 1717 68.287270 26.023350 PLAYER
24 101114 65.626910 17.958680 PLAYER
24 2585 75.893050 29.156730 PLAYER
24 202083 78.992190 2.573480 PLAYER
24 202718 76.176880 46.258960 PLAYER
24 2544 71.173340 26.854800 PLAYER
24 2747 83.530050 8.673860 PLAYER
24 201567 79.047280 28.215340 PLAYER
24 202697 79.831990 36.479810 PLAYER
24 202681 68.911250 18.228100 PLAYER
36 -1 71.352220 20.396810 BALL
36 1717 68.449430 25.716670 PLAYER
36 101114 65.770380 17.934350 PLAYER
36 2585 76.145780 28.968480 PLAYER
36 202083 78.570950 2.861470 PLAYER
36 202718 76.267910 46.075000 PLAYER
36 2544 71.727260 26.606970 PLAYER
36 2747 83.560170 9.218120 PLAYER
36 201567 79.368640 28.103980 PLAYER
36 202697 80.395230 36.224490 PLAYER
36 202681 68.097390 17.381760 PLAYER
48 -1 73.574070 21.005760 BALL
48 1717 68.526360 25.377080 PLAYER
48 101114 65.854910 17.980900 PLAYER
48 2585 76.363430 28.732070 PLAYER
48 202083 78.131930 3.195750 PLAYER
48 202718 76.253730 45.807280 PLAYER
48 2544 72.072020 26.382960 PLAYER
48 2747 83.575820 9.801170 PLAYER
48 201567 79.645550 28.062370 PLAYER
48 202697 80.964210 35.898140 PLAYER
48 202681 67.315580 16.483170 PLAYER
60 -1 75.785160 21.622100 BALL
60 1717 68.525210 25.074560 PLAYER
60 101114 65.916720 18.017970 PLAYER
60 2585 76.564570 28.467810 PLAYER
60 202083 77.641870 3.570700 PLAYER
60 202718 76.107180 45.455020 PLAYER
60 2544 72.378660 26.073840 PLAYER
60 2747 83.572410 10.416550 PLAYER
60 201567 79.880140 28.013790 PLAYER
60 202697 81.525420 35.451530 PLAYER
60 202681 66.510430 15.586730 PLAYER
72 -1 78.087000 22.274470 BALL
72 1717 68.473890 24.759310 PLAYER
72 101114 65.950190 18.059580 PLAYER
72 2585 76.761720 28.190590 PLAYER
72 202083 77.106400 3.977170 PLAYER
72 202718 75.877750 45.033780 PLAYER
72 2544 72.652740 25.750530 PLAYER
72 2747 83.579520 11.073220 PLAYER
72 201567 80.066310 27.929590 PLAYER
72 202697 82.078950 34.896640 PLAYER
72 202681 65.715740 14.753200 PLAYER
84 -1 80.349350 22.737120 BALL
84 1717 68.282240 24.464820 PLAYER
84 101114 65.936170 18.076040 PLAYER
84 2585 76.992820 27.797440 PLAYER
84 202083 76.556980 4.392300 PLAYER
84 202718 75.568550 44.520050 PLAYER
84 2544 72.876360 25.459580 PLAYER
84 2747 83.610320 11.786370 PLAYER
84 201567 80.126700 27.803440 PLAYER
84 202697 82.579960 34.275980 PLAYER
84 202681 64.912740 13.958370 PLAYER
96 -1 82.477900 23.354950 BALL
96 1717 68.036350 24.150740 PLAYER
96 101114 66.006310 18.168110 PLAYER
96 2585 77.132030 27.393750 PLAYER
96 202083 76.009000 4.774440 PLAYER
96 202718 75.187770 43.927690 PLAYER
96 2544 73.080570 25.096990 PLAYER
96 2747 83.675870 12.526800 PLAYER
96 201567 80.130660 27.506550 PLAYER
96 202697 83.041480 33.516530 PLAYER
96 202681 64.133660 13.210000 PLAYER
108 -1 84.604350 23.957740 BALL
108 1717 67.726690 23.948440 PLAYER
108 101114 66.059630 18.176430 PLAYER
108 2585 77.254770 27.088360 PLAYER
108 202083 75.460700 5.160120 PLAYER
108 202718 74.754490 43.271790 PLAYER
108 2544 73.379770 24.836860 PLAYER
108 2747 83.786670 13.351760 PLAYER
108 201567 80.118890 27.171980 PLAYER
108 202697 83.461390 32.748280 PLAYER
108 202681 63.251970 12.613930 PLAYER
120 -1 86.685990 24.506970 BALL
120 1717 67.422340 23.782530 PLAYER
120 101114 66.084860 18.152530 PLAYER
120 2585 77.453150 26.781180 PLAYER
120 202083 74.918340 5.547800 PLAYER
120 202718 74.268650 42.615470 PLAYER
120 2544 73.710890 24.520390 PLAYER
120 2747 83.893730 14.181350 PLAYER
120 201567 80.051330 26.804430 PLAYER
120 202697 83.875270 32.015230 PLAYER
120 202681 62.425540 12.129460 PLAYER
132 -1 86.308070 24.521110 BALL
132 1717 67.089820 23.663270 PLAYER
132 101114 66.079310 18.132350 PLAYER
132 2585 77.566570 26.168010 PLAYER
132 202083 74.396830 5.914420 PLAYER
132 202718 73.714730 41.963420 PLAYER
132 2544 74.113190 24.249040 PLAYER
132 2747 83.984790 14.974230 PLAYER
132 201567 79.969110 26.347380 PLAYER
132 202697 84.292840 31.271110 PLAYER
132 202681 61.636220 11.685060 PLAYER
144 -1 84.195770 23.959710 BALL
144 1717 66.775920 23.513730 PLAYER
144 101114 66.172520 18.203290 PLAYER
144 2585 77.524700 25.554720 PLAYER
144 202083 73.895080 6.276120 PLAYER
144 202718 73.097500 41.362570 PLAYER
144 2544 74.583160 23.832040 PLAYER
144 2747 84.035390 15.693240 PLAYER
144 201567 79.855970 25.756770 PLAYER
144 202697 84.781240 30.517180 PLAYER
144 202681 60.862140 11.285790 PLAYER
156 -1 81.940490 23.278280 BALL
156 1717 66.443470 23.395220 PLAYER
156 101114 66.131100 18.192550 PLAYER
156 2585 77.440830 25.010850 PLAYER
156 202083 73.409110 6.618840 PLAYER
156 202718 72.410820 40.766610 PLAYER
156 2544 75.140360 23.360990 PLAYER
156 2747 84.071310 16.331120 PLAYER
156 201567 79.726280 25.223420 PLAYER
156 202697 85.245170 29.828580 PLAYER
156 202681 60.168990 10.846050 PLAYER
168 -1 79.774190 22.960510 BALL
168 1717 66.089830 23.250890 PLAYER
168 101114 65.935930 18.139390 PLAYER
168 2585 77.298320 24.367760 PLAYER
168 202083 72.918400 6.950870 PLAYER
168 202718 71.645040 40.227780 PLAYER
168 2544 75.614050 22.798860 PLAYER
168 2747 84.070370 16.816120 PLAYER
168 201567 79.563320 24.618650 PLAYER
168 202697 85.681860 29.135020 PLAYER
168 202681 59.536390 10.376930 PLAYER
180 -1 78.144330 20.842070 BALL
180 1717 65.697410 23.037070 PLAYER
180 101114 65.619360 18.039800 PLAYER
180 2585 76.978920 23.819520 PLAYER
180 202083 72.430000 7.262250 PLAYER
180 202718 70.797510 39.677500 PLAYER
180 2544 75.929130 22.274390 PLAYER
180 2747 83.998660 17.126620 PLAYER
180 201567 79.367790 23.978430 PLAYER
180 202697 86.111330 28.563220 PLAYER
180 202681 58.906750 9.882450 PLAYER
192 -1 76.844850 17.521580 BALL
192 1717 65.270360 22.796990 PLAYER
192 101114 65.177980 17.869400 PLAYER
192 2585 76.740020 23.571080 PLAYER
192 202083 71.999560 7.499050 PLAYER
192 202718 69.904380 39.153010 PLAYER
192 2544 76.160280 21.660700 PLAYER
192 2747 83.842500 17.133310 PLAYER
192 201567 79.174090 23.420880 PLAYER
192 202697 86.462370 28.197570 PLAYER
192 202681 58.340020 9.369450 PLAYER
204 -1 75.341300 15.466660 BALL
204 1717 64.787190 22.621550 PLAYER
204 101114 64.442530 17.547660 PLAYER
204 2585 76.595110 23.382600 PLAYER
204 202083 71.652530 7.711340 PLAYER
204 202718 68.948870 38.656180 PLAYER
204 2544 76.247990 21.117840 PLAYER
204 2747 83.635640 16.888450 PLAYER
204 201567 79.107100 23.035280 PLAYER
204 202697 86.726040 28.012910 PLAYER
204 202681 57.850230 8.880230 PLAYER
216 -1 73.949790 13.484730 BALL
216 1717 64.316970 22.432790 PLAYER
216 101114 63.599310 17.279100 PLAYER
216 2585 76.503000 23.157120 PLAYER
216 202083 71.399710 7.847850 PLAYER
216 202718 67.944650 38.244180 PLAYER
216 2544 76.144730 20.702010 PLAYER
216 2747 83.205510 16.472590 PLAYER
216 201567 79.120930 22.681650 PLAYER
216 202697 86.867040 28.083840 PLAYER
216 202681 57.378010 8.470160 PLAYER
228 -1 72.572350 11.773720 BALL
228 1717 63.892030 22.277390 PLAYER
228 101114 62.667260 17.036060 PLAYER
228 2585 76.462860 23.018680 PLAYER
228 202083 71.272120 7.901570 PLAYER
228 202718 66.897250 37.812490 PLAYER
228 2544 75.928760 20.384770 PLAYER
228 2747 82.677590 15.874240 PLAYER
228 201567 79.253120 22.403260 PLAYER
228 202697 86.889190 28.333160 PLAYER
228 202681 56.983360 8.162700 PLAYER
240 -1 71.352940 9.918000 BALL
240 1717 63.492630 22.189840 PLAYER
240 101114 61.651310 16.796910 PLAYER
240 2585 76.462160 23.005720 PLAYER
240 202083 71.263770 7.830350 PLAYER
240 202718 65.961890 37.423650 PLAYER
240 2544 75.696230 20.130290 PLAYER
240 2747 82.066860 15.338650 PLAYER
240 201567 79.472800 22.206650 PLAYER
240 202697 86.777010 28.580630 PLAYER
240 202681 56.705790 7.975200 PLAYER
252 -1 71.714300 8.960230 BALL
252 1717 63.139200 22.147820 PLAYER
252 101114 60.561630 16.534230 PLAYER
252 2585 76.397920 23.029680 PLAYER
252 202083 71.384040 7.765020 PLAYER
252 202718 65.170080 37.066540 PLAYER
252 2544 75.351110 19.962410 PLAYER
252 2747 81.297990 14.869920 PLAYER
252 201567 79.705510 22.105000 PLAYER
252 202697 86.586930 28.788880 PLAYER
252 202681 56.547370 7.891270 PLAYER