0 -1 24.466890 27.965410
0 201566 14.876680 9.493680
0 201586 24.522380 27.921230
0 203460 5.619780 2.139400
0 203079 16.575760 47.064030
0 202683 5.282810 28.616800
0 1717 16.246530 21.462040
0 2734 20.181150 28.563430
0 101114 8.003620 12.023330
0 101109 16.452390 11.186170
0 2585 9.940280 24.752760
12 -1 24.590750 27.980870
12 201566 14.429350 9.176400
12 201586 24.404340 28.015620
12 203460 5.625820 2.166420
12 203079 15.732400 47.281840
12 202683 5.270380 28.402810
12 1717 16.568180 22.531220
12 2734 20.238330 28.833750
12 101114 7.927780 12.207240
12 101109 16.104040 11.486810
12 2585 9.493800 25.124610
24 -1 23.971500 28.131160
24 201566 14.132560 8.809290
24 201586 24.340080 28.079160
24 203460 5.649900 2.197750
24 203079 14.921950 47.475620
24 202683 5.226640 28.028440
24 1717 16.823590 23.325070
24 2734 20.040650 29.771050
24 101114 7.862000 12.480880
24 101109 15.989330 11.792680
24 2585 9.072720 25.656620
36 -1 23.078930 28.019670
36 201566 13.984940 8.535070
36 201586 24.252640 28.124180
36 203460 5.707190 2.242970
36 203079 14.173920 47.608000
36 202683 5.268640 27.628540
36 1717 17.081630 24.067950
36 2734 19.767540 31.188000
36 101114 7.829690 12.807780
36 101109 15.949640 12.170210
36 2585 8.640710 26.266180
48 -1 20.827320 27.550050
48 201566 13.949500 8.220550
48 201586 24.129680 28.082820
48 203460 5.807000 2.334170
48 203079 13.555600 47.761020
48 202683 5.439370 27.216230
48 1717 17.334330 24.831150
48 2734 19.518260 32.571850
48 101114 7.834580 13.178840
48 101109 15.960520 12.630060
48 2585 8.180050 26.633800
60 -1 18.713230 27.273710
60 201566 14.008200 8.048320
60 201586 24.024480 28.067940
60 203460 5.959760 2.455060
60 203079 13.159630 47.951950
60 202683 5.544390 26.704960
60 1717 17.458250 25.555360
60 2734 19.207350 33.423770
60 101114 7.834000 13.608100
60 101109 15.820290 12.937530
60 2585 7.825230 26.875390
72 -1 16.597960 26.977990
72 201566 14.215940 7.936240
72 201586 23.970420 28.001890
72 203460 6.153410 2.611040
72 203079 12.839740 48.045300
72 202683 5.639610 26.446870
72 1717 17.463200 26.201900
72 2734 18.864230 34.074780
72 101114 7.778160 14.052650
72 101109 15.622920 13.192680
72 2585 7.578330 27.111900
84 -1 14.499250 26.790990
84 201566 14.503940 7.935970
84 201586 24.052240 28.089690
84 203460 6.395990 2.765180
84 203079 12.712770 48.099480
84 202683 5.751540 26.342790
84 1717 17.415840 26.825310
84 2734 18.475650 34.767910
84 101114 7.751980 14.588870
84 101109 15.388960 13.660760
84 2585 7.426940 27.062930
96 -1 12.408720 26.262170
96 201566 14.835280 7.947250
96 201586 24.258940 28.268340
96 203460 6.663740 2.947220
96 203079 12.715650 48.146260
96 202683 5.905810 26.323430
96 1717 17.262250 27.362400
96 2734 17.993900 35.454380
96 101114 7.674840 15.192880
96 101109 15.146170 14.323780
96 2585 7.296900 26.970100
108 -1 10.354740 26.002620
108 201566 15.232980 8.216470
108 201586 24.558400 28.519160
108 203460 6.985330 3.128930
108 203079 12.783150 48.120470
108 202683 5.976120 26.519060
108 1717 16.978870 27.538740
108 2734 17.431880 36.103380
108 101114 7.530700 15.875610
108 101109 14.869010 15.089000
108 2585 7.378440 26.846340
120 -1 8.306070 25.691070
120 201566 15.639420 8.568090
120 201586 24.937460 28.732180
120 203460 7.329350 3.358510
120 203079 12.856570 48.021510
120 202683 6.269850 26.520720
120 1717 16.662040 27.619940
120 2734 16.836660 36.734080
120 101114 7.334720 16.610030
120 101109 14.582740 15.888540
120 2585 7.394090 26.638200
132 -1 6.296640 25.381600
132 201566 15.998330 8.971540
132 201586 25.343800 28.919220
132 203460 7.744270 3.541150
132 203079 13.123220 47.976620
132 202683 6.591360 26.477990
132 1717 16.282240 27.721040
132 2734 16.267700 37.343260
132 101114 7.343610 17.343270
132 101109 14.300030 16.650120
132 2585 7.426520 26.428070
144 -1 4.927670 24.796710
144 201566 16.356890 9.484160
144 201586 25.750350 28.936620
144 203460 8.226600 3.733640
144 203079 13.426800 47.937050
144 202683 6.901280 26.501130
144 1717 15.861940 27.715350
144 2734 15.694140 37.896720
144 101114 7.308500 18.009400
144 101109 14.007080 17.351700
144 2585 7.397650 26.422740
156 -1 6.120760 23.224310
156 201566 16.747990 10.108140
156 201586 26.200110 28.916400
156 203460 8.789840 3.989520
156 203079 13.720300 47.860100
156 202683 7.097030 26.206160
156 1717 15.509430 27.645120
156 2734 15.069670 38.399400
156 101114 7.332460 18.662360
156 101109 13.592630 17.981240
156 2585 7.407920 26.119290
168 -1 7.398990 21.728220
168 201566 17.108140 10.674090
168 201586 26.696700 28.875540
168 203460 9.397290 4.186610
168 203079 14.030160 47.778990
168 202683 7.364080 25.856270
168 1717 15.204920 27.663730
168 2734 14.464610 38.795820
168 101114 7.505440 19.203790
168 101109 13.245810 18.420360
168 2585 7.282320 26.058870
180 -1 8.673570 20.297120
180 201566 17.479080 11.233800
180 201586 27.173850 28.654600
180 203460 10.066070 4.342120
180 203079 14.375170 47.659090
180 202683 7.228200 25.730920
180 1717 14.962130 27.689190
180 2734 13.894120 39.140380
180 101114 7.853870 19.610350
180 101109 12.887200 18.684350
180 2585 7.362130 26.109600
192 -1 9.867690 18.699310
192 201566 17.892440 11.751020
192 201586 27.798040 28.446450
192 203460 10.681060 4.535570
192 203079 14.743700 47.498650
192 202683 7.015700 25.695730
192 1717 14.795850 27.623290
192 2734 13.355930 39.445980
192 101114 8.196160 19.833540
192 101109 12.505410 18.751590
192 2585 7.514680 26.184130
204 -1 11.071930 17.105210
204 201566 18.324730 12.187380
204 201586 28.557730 28.377940
204 203460 11.319390 4.774810
204 203079 15.178970 47.299880
204 202683 6.800140 25.556400
204 1717 14.694430 27.640080
204 2734 12.852520 39.729120
204 101114 8.660360 19.837000
204 101109 12.096980 18.564730
204 2585 7.810230 25.979850
216 -1 11.212270 16.334220
216 201566 18.763090 12.577020
216 201586 29.357840 28.350250
216 203460 12.146940 5.030940
216 203079 15.681990 47.063370
216 202683 6.629360 25.740880
216 1717 14.626940 27.631330
216 2734 12.454910 39.987580
216 101114 9.175360 19.690460
216 101109 11.705770 18.003000
216 2585 8.271640 25.969340
228 -1 10.765640 15.603290
228 201566 19.275350 12.971350
228 201586 30.184400 28.394610
228 203460 13.100490 5.401850
228 203079 16.206930 46.861840
228 202683 6.473460 25.993130
228 1717 14.650380 27.594600
228 2734 12.113120 40.262860
228 101114 9.660260 19.480710
228 101109 11.329840 17.482680
228 2585 9.017950 25.837150
240 -1 10.339800 15.379510
240 201566 19.847110 13.333580
240 201586 31.157180 28.638880
240 203460 14.154880 5.772910
240 203079 16.753510 46.653540
240 202683 6.544960 26.250950
240 1717 14.770650 27.537860
240 2734 11.909850 40.547870
240 101114 10.203540 19.262690
240 101109 11.101500 17.019650
240 2585 9.832660 25.755420
252 -1 10.176220 15.760460
252 201566 20.475030 13.657270
252 201586 32.149180 28.891170
252 203460 15.465980 6.235980
252 203079 17.355170 46.472200
252 202683 6.759820 26.476620
252 1717 15.039350 27.504440
252 2734 11.788590 40.787100
252 101114 10.761450 19.134640
252 101109 11.011540 16.619780
252 2585 10.527470 25.623750