0 -1 30.836730 24.413570
0 2555 1.780280 18.804750
0 201566 31.305980 24.488700
0 203460 7.227690 2.045030
0 203079 14.816100 47.521910
0 203500 19.645100 22.223170
0 2734 24.586360 24.892050
0 101114 15.432450 32.507650
0 2585 24.186590 20.318020
0 202718 11.403770 15.228530
0 203939 5.324500 19.020960
12 -1 30.257290 24.330310
12 2555 1.733140 19.320100
12 201566 31.151740 24.574040
12 203460 7.541470 1.968810
12 203079 14.561020 47.588690
12 203500 18.481830 22.314520
12 2734 24.968850 24.885120
12 101114 15.166190 32.707130
12 2585 23.058790 20.657310
12 202718 11.182190 15.182130
12 203939 5.403250 19.526660
24 -1 27.803540 24.215500
24 2555 1.766230 19.828120
24 201566 30.938360 24.644480
24 203460 7.916590 1.893910
24 203079 14.388430 47.639070
24 203500 17.262890 22.281470
24 2734 25.266060 24.911970
24 101114 14.866390 32.856440
24 2585 21.953660 20.994680
24 202718 10.945030 15.060110
24 203939 5.566620 20.336920
36 -1 25.252150 24.377160
36 2555 1.917110 20.286880
36 201566 30.677510 24.756320
36 203460 8.518400 1.890070
36 203079 14.359000 47.692410
36 203500 16.239830 22.609300
36 2734 25.420930 24.962410
36 101114 14.574350 33.044500
36 2585 20.776270 21.354090
36 202718 10.720800 14.855720
36 203939 5.694920 21.196010
48 -1 22.589620 24.361950
48 2555 2.183530 20.780080
48 201566 30.522780 24.886720
48 203460 9.299120 1.897940
48 203079 14.460290 47.704330
48 203500 15.446850 22.912980
48 2734 25.341840 24.989340
48 101114 14.245220 33.148660
48 2585 19.502400 21.939090
48 202718 10.573080 14.616660
48 203939 5.774500 21.906930
60 -1 20.029400 24.368980
60 2555 2.571820 21.331560
60 201566 30.530670 25.069100
60 203460 10.164810 1.927520
60 203079 14.681870 47.677240
60 203500 14.800230 23.174170
60 2734 25.019060 25.030630
60 101114 13.746390 33.075090
60 2585 18.317330 22.619300
60 202718 10.532610 14.381620
60 203939 5.821640 22.535700
72 -1 17.452260 24.236320
72 2555 3.023820 21.987580
72 201566 30.703410 25.286850
72 203460 11.071560 2.111270
72 203079 15.003090 47.659560
72 203500 14.341900 23.460340
72 2734 24.561960 25.146950
72 101114 13.308700 32.984190
72 2585 17.210090 23.400420
72 202718 10.577690 14.148540
72 203939 5.924490 22.978690
84 -1 14.941770 24.438430
84 2555 3.500740 22.535010
84 201566 31.027510 25.539450
84 203460 12.209070 2.330640
84 203079 15.384620 47.627750
84 203500 13.898900 23.732430
84 2734 24.009230 25.201550
84 101114 12.939700 32.905900
84 2585 16.093710 24.278660
84 202718 10.742020 13.998210
84 203939 6.042560 23.338830
96 -1 12.523680 24.480530
96 2555 3.981470 22.993790
96 201566 31.542970 25.858960
96 203460 13.387380 2.528130
96 203079 15.752630 47.561680
96 203500 13.552290 23.924430
96 2734 23.419050 25.162650
96 101114 12.565110 32.836180
96 2585 15.087910 25.207650
96 202718 11.021780 14.000540
96 203939 6.187590 23.668140
108 -1 9.995990 24.486650
108 2555 4.439650 23.468700
108 201566 32.196110 26.213210
108 203460 14.613780 2.769790
108 203079 16.131290 47.460400
108 203500 13.256360 24.173900
108 2734 22.825780 25.040410
108 101114 12.175460 32.787890
108 2585 14.243810 25.975750
108 202718 11.385950 14.088750
108 203939 6.401590 23.999200
120 -1 7.519710 24.503970
120 2555 4.817680 23.798890
120 201566 32.945420 26.539190
120 203460 16.015790 2.977240
120 203079 16.515890 47.306150
120 203500 12.899890 24.328490
120 2734 22.224350 24.890670
120 101114 11.946110 32.841230
120 2585 13.448540 26.599790
120 202718 11.827450 14.259700
120 203939 6.737190 24.235700
132 -1 5.176650 24.513040
132 2555 5.101960 23.961620
132 201566 33.778680 26.876590
132 203460 17.439560 3.249770
132 203079 16.909110 47.113540
132 203500 12.508000 24.439790
132 2734 21.641540 24.729890
132 101114 11.627800 32.851970
132 2585 12.698840 27.106230
132 202718 12.301400 14.542470
132 203939 7.004500 24.368970
144 -1 5.255680 25.411410
144 2555 5.402030 24.112120
144 201566 34.721960 27.210090
144 203460 18.898890 3.531570
144 203079 17.334190 46.934570
144 203500 12.085620 24.614510
144 2734 21.078640 24.564470
144 101114 11.175650 32.821560
144 2585 12.087530 27.361240
144 202718 12.786860 14.863320
144 203939 7.208710 24.447410
156 -1 6.310800 26.039990
156 2555 5.649730 24.241530
156 201566 35.725790 27.512390
156 203460 20.423930 3.830700
156 203079 17.821740 46.724270
156 203500 11.605470 24.851930
156 2734 20.527750 24.407060
156 101114 10.668770 32.800350
156 2585 11.537600 27.515210
156 202718 13.269740 15.158350
156 203939 7.341010 24.359660
168 -1 7.446000 26.650700
168 2555 5.807440 24.265270
168 201566 36.742480 27.744380
168 203460 22.022810 4.146840
168 203079 18.345730 46.481720
168 203500 11.158780 25.153300
168 2734 20.001940 24.275550
168 101114 10.194610 32.772230
168 2585 11.086600 27.629130
168 202718 13.700370 15.467740
168 203939 7.418730 24.107270
180 -1 8.514610 27.298110
180 2555 5.900220 24.312680
180 201566 37.732360 27.908930
180 203460 23.530130 4.496480
180 203079 18.930060 46.266120
180 203500 10.724400 25.490400
180 2734 19.517490 24.162530
180 101114 9.745270 32.790000
180 2585 10.794180 27.743920
180 202718 13.974060 15.775820
180 203939 7.451240 23.856430
192 -1 9.559260 28.036430
192 2555 6.004720 24.387500
192 201566 38.740050 27.991340
192 203460 25.076030 4.880000
192 203079 19.533190 46.063380
192 203500 10.270010 25.812460
192 2734 19.082320 24.113930
192 101114 9.343590 32.864550
192 2585 10.667660 27.801230
192 202718 14.267850 16.118310
192 203939 7.426750 23.680710
204 -1 9.074050 28.692130
204 2555 6.045890 24.477690
204 201566 39.776270 28.066730
204 203460 26.608280 5.310440
204 203079 20.159190 45.848030
204 203500 9.808340 26.066370
204 2734 18.670440 24.087270
204 101114 9.013940 33.020030
204 2585 10.563590 27.952320
204 202718 14.463360 16.434030
204 203939 7.503610 23.561210
216 -1 8.643470 29.435840
216 2555 6.026830 24.573150
216 201566 40.795400 28.086180
216 203460 28.105010 5.778850
216 203079 20.666070 45.549630
216 203500 9.415460 26.102200
216 2734 18.262910 24.047390
216 101114 8.618090 33.120220
216 2585 10.490520 28.029510
216 202718 14.650680 16.704600
216 203939 7.600250 23.557290
228 -1 8.160870 30.081160
228 2555 5.977830 24.654420
228 201566 41.822540 28.088160
228 203460 29.595100 6.277290
228 203079 21.171450 45.354030
228 203500 9.000660 25.996600
228 2734 17.877900 23.970620
228 101114 8.199690 33.315630
228 2585 10.600730 28.092240
228 202718 14.937330 17.070570
228 203939 7.777290 23.458040
240 -1 7.696250 30.828040
240 2555 5.889470 24.752500
240 201566 42.888040 28.108980
240 203460 31.116450 6.773780
240 203079 21.775240 45.106570
240 203500 8.517310 25.902760
240 2734 17.495470 23.800200
240 101114 7.760610 33.500380
240 2585 10.824630 28.152540
240 202718 15.338210 17.395720
240 203939 7.928900 23.366960
252 -1 7.262320 31.444630
252 2555 5.791430 24.822400
252 201566 43.909960 28.104960
252 203460 32.603460 7.296420
252 203079 22.325700 44.852470
252 203500 8.101730 25.854410
252 2734 17.131320 23.539190
252 101114 7.276740 33.649240
252 2585 11.236470 28.229160
252 202718 15.666550 17.552100
252 203939 8.103470 23.287440
264 -1 6.990410 32.422820
264 2555 5.704180 24.871940
264 201566 44.845740 28.020890
264 203460 34.052510 7.825670
264 203079 22.851670 44.574990
264 203500 7.806180 25.881560
264 2734 16.791610 23.180800
264 101114 6.755810 33.697230
264 2585 11.987650 28.433300
264 202718 16.118360 17.807110
264 203939 8.459270 23.174340
276 -1 6.666620 33.502570
276 2555 5.683270 24.857340
276 201566 45.784350 27.904420
276 203460 35.481430 8.364030
276 203079 23.562400 44.389390
276 203500 7.596790 25.958740
276 2734 16.533330 22.783930
276 101114 6.408250 33.806130
276 2585 12.993310 28.807600
276 202718 16.632340 18.018870
276 203939 9.010550 22.920430
288 -1 6.354190 34.417420
288 2555 5.877710 24.861320
288 201566 46.703110 27.788060
288 203460 36.893610 8.907890
288 203079 24.234740 44.056300
288 203500 7.625400 26.028540
288 2734 16.366720 22.231330
288 101114 6.152480 33.876760
288 2585 13.940850 29.091740
288 202718 17.240580 18.044070
288 203939 9.490190 22.675920