0 -1 22.008020 6.926760
0 201627 17.196220 34.706440
0 201571 25.171050 20.369180
0 202713 10.134510 14.815820
0 201586 14.581120 23.583720
0 202683 14.166860 22.707330
0 1717 10.739170 12.955680
0 200826 39.376070 25.521550
0 101109 21.875270 6.610000
0 202083 22.981500 40.093940
0 201580 23.591380 25.882060
12 -1 21.359320 7.834510
12 201627 16.752250 34.615540
12 201571 24.983210 20.141990
12 202713 10.132120 14.959050
12 201586 13.353360 23.081960
12 202683 13.721740 23.134510
12 1717 10.802430 13.110210
12 200826 39.842180 25.481010
12 101109 21.926210 6.800270
12 202083 23.218980 40.171290
12 201580 23.084090 26.148830
24 -1 19.769110 9.519220
24 201627 16.318320 34.570070
24 201571 24.851130 20.058050
24 202713 10.100940 15.074080
24 201586 12.103300 22.726100
24 202683 13.332210 23.613560
24 1717 10.909720 13.383140
24 200826 40.276180 25.437520
24 101109 22.014390 6.971340
24 202083 23.456240 40.228020
24 201580 22.610770 26.521580
36 -1 18.183950 11.368680
36 201627 15.856180 34.519690
36 201571 24.658070 19.954060
36 202713 9.985540 15.177930
36 201586 10.888470 22.526090
36 202683 12.975210 24.134140
36 1717 11.104240 13.649690
36 200826 40.730340 25.421070
36 101109 22.104970 7.135140
36 202083 23.746730 40.304400
36 201580 22.148000 26.845280
48 -1 16.567650 12.801360
48 201627 15.433030 34.461310
48 201571 24.345550 19.780600
48 202713 9.866980 15.250620
48 201586 9.861410 22.624840
48 202683 12.662500 24.543760
48 1717 11.408800 13.939900
48 200826 41.191290 25.442800
48 101109 22.214320 7.171500
48 202083 24.074120 40.323230
48 201580 21.682460 27.170240
60 -1 15.060170 14.456650
60 201627 15.073860 34.454740
60 201571 23.923650 19.561200
60 202713 9.753010 15.336950
60 201586 9.276860 23.023320
60 202683 12.130270 24.983850
60 1717 11.726000 14.320250
60 200826 41.653170 25.467740
60 101109 22.376330 7.109610
60 202083 24.386190 40.286740
60 201580 21.143180 27.463970
72 -1 13.505310 16.106350
72 201627 14.628340 34.282680
72 201571 23.517620 19.341890
72 202713 9.607970 15.497300
72 201586 8.896870 23.527900
72 202683 11.649760 25.390390
72 1717 12.030250 14.716860
72 200826 42.112110 25.480430
72 101109 22.602470 6.977790
72 202083 24.706000 40.300230
72 201580 20.633790 27.817340
84 -1 12.036140 17.794540
84 201627 14.228470 34.118390
84 201571 23.059090 19.109760
84 202713 9.478050 15.747960
84 201586 8.673390 24.056610
84 202683 11.217780 25.731130
84 1717 12.332240 15.147110
84 200826 42.597270 25.454060
84 101109 22.875220 6.827090
84 202083 25.043090 40.269450
84 201580 20.021380 28.083750
96 -1 10.458070 19.322510
96 201627 13.901410 34.000400
96 201571 22.563510 18.932240
96 202713 9.517770 16.132000
96 201586 8.597350 24.583140
96 202683 10.904360 26.114560
96 1717 12.615410 15.673540
96 200826 43.030000 25.370000
96 101109 23.197560 6.642920
96 202083 25.396770 40.229390
96 201580 19.214500 28.138590
108 -1 9.032600 20.879370
108 201627 13.549230 33.866180
108 201571 22.030160 18.795690
108 202713 9.683220 16.600510
108 201586 8.612330 25.015810
108 202683 10.619910 26.456710
108 1717 12.783640 16.209400
108 200826 43.448350 25.233710
108 101109 23.604390 6.523200
108 202083 25.775400 40.170150
108 201580 18.237920 28.049090
120 -1 7.551380 22.453040
120 201627 13.255920 33.778170
120 201571 21.581500 18.732340
120 202713 9.884990 17.095000
120 201586 8.655300 25.330390
120 202683 10.396440 26.616560
120 1717 12.913850 16.606820
120 200826 43.887390 25.069100
120 101109 24.066090 6.456030
120 202083 26.174950 40.110920
120 201580 17.243480 27.719890
132 -1 6.084260 24.067220
132 201627 13.065270 33.764440
132 201571 21.101460 18.718680
132 202713 10.143270 17.602540
132 201586 8.671670 25.605780
132 202683 10.196450 26.656600
132 1717 13.162400 17.032000
132 200826 44.329090 24.906450
132 101109 24.561580 6.431680
132 202083 26.584450 40.061350
132 201580 16.087070 27.173720
144 -1 4.795140 25.406950
144 201627 12.871770 33.744490
144 201571 20.634910 18.741360
144 202713 10.452170 18.056410
144 201586 8.783670 25.916780
144 202683 9.895400 26.636990
144 1717 13.464660 17.357760
144 200826 44.746350 24.766460
144 101109 25.079540 6.374590
144 202083 26.968550 39.982610
144 201580 14.911420 26.586490
156 -1 4.900710 24.959740
156 201627 12.714270 33.701110
156 201571 20.162440 18.692780
156 202713 10.713630 18.342470
156 201586 9.042240 25.894030
156 202683 9.457240 26.470910
156 1717 13.729660 17.577080
156 200826 45.200280 24.661810
156 101109 25.635410 6.338020
156 202083 27.287160 39.855410
156 201580 13.731120 25.892500
168 -1 5.038550 24.545710
168 201627 12.756760 33.713560
168 201571 19.710320 18.568670
168 202713 10.916080 18.563310
168 201586 9.313420 25.890370
168 202683 8.957650 26.280980
168 1717 13.975870 17.778180
168 200826 45.636690 24.544020
168 101109 26.239130 6.309640
168 202083 27.572490 39.733880
168 201580 12.587640 25.238030
180 -1 5.159710 24.065600
180 201627 12.865150 33.730160
180 201571 19.254740 18.405320
180 202713 11.099700 18.718350
180 201586 9.634370 25.820950
180 202683 8.430950 25.932410
180 1717 14.229450 17.975520
180 200826 46.058840 24.401360
180 101109 26.856440 6.289450
180 202083 27.848630 39.617680
180 201580 11.460880 24.666140
192 -1 5.130470 23.761360
192 201627 13.078640 33.776350
192 201571 18.795410 18.193970
192 202713 11.160810 18.769680
192 201586 9.995940 25.624950
192 202683 7.997340 25.622100
192 1717 14.344950 18.138330
192 200826 46.478710 24.269490
192 101109 27.502220 6.276630
192 202083 28.122240 39.507560
192 201580 10.468870 24.067450
204 -1 5.257170 23.302810
204 201627 13.299640 33.840130
204 201571 18.327810 17.887990
204 202713 11.081160 18.779230
204 201586 10.233960 25.205950
204 202683 7.647570 25.170690
204 1717 14.381000 18.290220
204 200826 46.885950 24.083850
204 101109 28.145130 6.272840
204 202083 28.412570 39.436970
204 201580 9.624520 23.619710
216 -1 5.290340 22.847050
216 201627 13.481970 33.934710
216 201571 17.867340 17.558820
216 202713 10.861250 18.733320
216 201586 10.244910 24.967940
216 202683 7.496400 24.622720
216 1717 14.400960 18.468850
216 200826 47.270850 23.883530
216 101109 28.760950 6.275500
216 202083 28.736230 39.419420
216 201580 8.884840 23.391100
228 -1 5.442080 22.395830
228 201627 13.532780 34.005770
228 201571 17.470870 17.291710
228 202713 10.494040 18.706390
228 201586 10.226570 24.637010
228 202683 7.202070 23.884770
228 1717 14.448630 18.622490
228 200826 47.659840 23.710890
228 101109 29.309690 6.288110
228 202083 29.056630 39.430210
228 201580 8.301970 23.212780
240 -1 5.358160 21.953740
240 201627 13.471910 34.040960
240 201571 16.924060 16.814300
240 202713 10.022040 18.594660
240 201586 10.151510 24.318350
240 202683 6.866640 23.144520
240 1717 14.415360 18.811380
240 200826 48.036410 23.552490
240 101109 29.895880 6.339620
240 202083 29.363050 39.453070
240 201580 7.742440 23.100450
252 -1 4.434650 22.835520
252 201627 13.285440 34.019930
252 201571 16.552790 16.457040
252 202713 9.532900 18.366310
252 201586 10.055320 24.088470
252 202683 6.306490 22.367760
252 1717 14.326540 18.966970
252 200826 48.413930 23.423690
252 101109 30.434850 6.415220
252 202083 29.635750 39.465220
252 201580 7.460970 23.087730
264 -1 4.805570 23.327740
264 201627 13.084980 33.945160
264 201571 16.264770 16.163640
264 202713 9.064940 18.134340
264 201586 9.951860 23.900560
264 202683 5.784330 21.614610
264 1717 14.209040 19.135360
264 200826 48.764570 23.348300
264 101109 30.926590 6.522350
264 202083 29.863060 39.464880
264 201580 7.133650 22.899130
276 -1 5.695980 23.879880
276 201627 12.924020 33.854660
276 201571 16.067210 15.936600
276 202713 8.706270 17.947140
276 201586 9.906870 23.791980
276 202683 5.221990 21.033940
276 1717 14.115160 19.264810
276 200826 49.031280 23.305560
276 101109 31.326450 6.623760
276 202083 30.029730 39.460710
276 201580 6.960000 22.751250
288 -1 6.449870 24.424960
288 201627 13.121890 33.905830
288 201571 15.771020 15.613320
288 202713 8.558710 17.926590
288 201586 9.651740 23.902610
288 202683 4.719270 20.852060
288 1717 13.625590 19.647260
288 200826 49.506930 23.275890
288 101109 31.976050 7.000600
288 202083 30.187630 39.462610
288 201580 6.778410 22.675940
300 -1 7.308840 24.847260
300 201627 13.408410 33.997650
300 201571 15.751520 15.553400
300 202713 8.466310 17.999620
300 201586 9.408800 24.090930
300 202683 4.341890 20.620510
300 1717 13.451690 20.141820
300 200826 49.855130 23.266390
300 101109 32.366710 7.269310
300 202083 30.302820 39.460870
300 201580 6.848070 22.489040
312 -1 8.150090 25.432470
312 201627 13.895790 34.236190
312 201571 15.600710 15.332500
312 202713 8.427930 18.221940
312 201586 9.034170 24.312140
312 202683 4.136230 20.432340
312 1717 13.244720 20.669680
312 200826 50.182590 23.223070
312 101109 32.717350 7.548400
312 202083 30.409180 39.481220
312 201580 6.931120 21.921460
324 -1 9.490410 25.524460
324 201627 14.626270 34.618210
324 201571 15.465740 15.054940
324 202713 8.450400 18.484750
324 201586 8.671960 24.646690
324 202683 4.005690 20.260710
324 1717 13.122710 21.211980
324 200826 50.510900 23.155630
324 101109 33.053130 7.870990
324 202083 30.523200 39.494390
324 201580 7.131500 21.634360
336 -1 9.129330 25.965110
336 201627 15.453980 35.074180
336 201571 15.332910 14.683790
336 202713 8.580370 18.691780
336 201586 8.254850 24.983350
336 202683 4.057720 20.056270
336 1717 13.130820 21.690440
336 200826 50.840680 23.061120
336 101109 33.426680 8.200650
336 202083 30.654020 39.474270
336 201580 7.387750 21.697420
348 -1 8.551730 26.549160
348 201627 16.310960 35.553470
348 201571 15.179620 14.228140
348 202713 8.854100 18.773650
348 201586 7.868580 25.382860
348 202683 4.326770 19.874810
348 1717 13.241890 22.239470
348 200826 51.174170 22.936460
348 101109 33.879840 8.507590
348 202083 30.840120 39.465240
348 201580 7.741270 21.761770
360 -1 8.137190 26.319650
360 201627 17.227610 36.097690
360 201571 15.063310 13.727010
360 202713 9.342950 18.740630
360 201586 7.557890 25.671880
360 202683 4.804860 19.657190
360 1717 13.505130 22.629680
360 200826 51.537910 22.772480
360 101109 34.426150 8.842750
360 202083 31.164600 39.486620
360 201580 8.146760 21.895990
372 -1 7.765330 23.862550
372 201627 18.213570 36.663380
372 201571 15.068750 13.256060
372 202713 10.075650 18.631400
372 201586 7.339100 25.848010
372 202683 5.560300 19.462130
372 1717 14.039300 23.044190
372 200826 51.956120 22.604990
372 101109 35.049160 9.201310
372 202083 31.596890 39.549520
372 201580 8.432580 22.447140