0 -1 6.021230 28.358150
0 201155 7.424590 13.410850
0 101139 5.184400 22.611840
0 101145 16.387330 20.737170
0 201941 6.230340 27.766980
0 202331 18.016790 32.074590
0 101114 28.482840 21.260030
0 2585 6.393300 28.161490
0 101111 6.815400 23.621760
0 202083 8.378080 2.098710
0 202718 38.414350 30.820840
12 -1 5.586500 27.227090
12 201155 6.970820 12.834440
12 101139 5.320670 22.494810
12 101145 16.816810 20.893460
12 201941 6.391720 28.260990
12 202331 17.608700 32.151330
12 101114 29.055870 21.210140
12 2585 6.525060 28.340520
12 101111 6.707270 23.834160
12 202083 8.173580 2.204750
12 202718 38.522750 30.784630
24 -1 5.208670 26.090230
24 201155 6.606000 12.328480
24 101139 5.370960 22.442580
24 101145 17.239350 20.966370
24 201941 6.490300 28.531890
24 202331 17.212710 32.260050
24 101114 29.686390 21.169220
24 2585 6.599330 28.837720
24 101111 6.464830 23.975750
24 202083 8.162950 2.287590
24 202718 38.681070 30.798420
36 -1 4.939030 24.780630
36 201155 6.364660 12.014350
36 101139 5.364260 22.521940
36 101145 17.637490 20.943570
36 201941 6.342890 28.594870
36 202331 16.860600 32.499600
36 101114 30.345760 21.160030
36 2585 6.865610 29.454370
36 101111 6.451130 24.104410
36 202083 8.389490 2.388550
36 202718 38.878240 30.876620
48 -1 4.814480 23.597040
48 201155 6.238490 11.864150
48 101139 5.463480 22.782470
48 101145 17.973570 20.842000
48 201941 6.099800 28.292450
48 202331 16.512090 32.759390
48 101114 30.977260 21.177540
48 2585 7.262080 30.044850
48 101111 6.446490 24.105600
48 202083 8.727610 2.528150
48 202718 39.133970 31.005010
60 -1 5.032620 22.784710
60 201155 6.255890 11.857820
60 101139 5.469820 23.077150
60 101145 18.285400 20.701880
60 201941 5.806960 27.961300
60 202331 16.199660 33.088330
60 101114 31.593350 21.177640
60 2585 7.697060 30.639770
60 101111 6.463430 24.101560
60 202083 9.163120 2.666410
60 202718 39.467540 31.127090
72 -1 5.719000 22.286240
72 201155 6.382920 12.000000
72 101139 5.656210 23.332220
72 101145 18.585380 20.515650
72 201941 5.557550 27.915230
72 202331 15.860060 33.547610
72 101114 32.240320 21.129360
72 2585 8.261320 31.050720
72 101111 6.503650 23.951660
72 202083 9.639480 2.863620
72 202718 39.898850 31.224350
84 -1 6.322250 21.596730
84 201155 6.639980 12.246190
84 101139 5.960730 23.499790
84 101145 18.883790 20.341380
84 201941 5.303340 28.001320
84 202331 15.532270 34.076550
84 101114 32.925820 21.053030
84 2585 8.786420 31.259060
84 101111 6.559810 23.763660
84 202083 10.202780 3.132690
84 202718 40.404670 31.300050
96 -1 7.104640 21.144790
96 201155 7.160900 12.446860
96 101139 6.373300 23.634760
96 101145 19.146340 20.118490
96 201941 5.200740 28.097640
96 202331 15.163560 34.575140
96 101114 33.659400 20.933620
96 2585 9.312930 31.233530
96 101111 6.746120 23.727460
96 202083 10.838920 3.411870
96 202718 40.997730 31.370740
108 -1 7.210500 21.398650
108 201155 7.915260 12.639530
108 101139 6.767540 23.572950
108 101145 19.373500 19.854940
108 201941 5.283310 28.449740
108 202331 14.815040 35.181130
108 101114 34.477240 20.817720
108 2585 9.882140 31.117950
108 101111 6.978690 24.209690
108 202083 11.602520 3.733130
108 202718 41.666450 31.475720
120 -1 7.422340 21.816160
120 201155 8.882780 12.845720
120 101139 7.498940 23.505100
120 101145 19.549060 19.425420
120 201941 5.497550 28.738130
120 202331 14.532780 35.817640
120 101114 35.376220 20.730940
120 2585 10.554010 30.965310
120 101111 7.353690 24.788470
120 202083 12.540850 4.105020
120 202718 42.407510 31.628030
132 -1 7.337950 22.285230
132 201155 10.109240 12.981830
132 101139 8.297190 23.470860
132 101145 19.682920 18.841580
132 201941 5.862790 28.599860
132 202331 14.426890 36.446250
132 101114 36.356770 20.651330
132 2585 11.366730 30.882030
132 101111 7.908580 25.513010
132 202083 13.690140 4.507810
132 202718 43.210510 31.815980
144 -1 8.997550 21.508810
144 201155 11.558020 12.972410
144 101139 9.280710 23.456280
144 101145 19.855950 18.085870
144 201941 6.288660 28.372580
144 202331 14.471180 37.160940
144 101114 37.387800 20.556310
144 2585 12.174330 30.763320
144 101111 8.656100 26.392210
144 202083 15.057510 4.964590
144 202718 44.082870 32.057200
156 -1 10.070000 21.275130
156 201155 13.087540 12.910190
156 101139 10.442940 23.346330
156 101145 20.089060 17.226590
156 201941 6.821830 28.162570
156 202331 14.672210 37.939920
156 101114 38.510040 20.467340
156 2585 13.092190 30.620510
156 101111 9.560650 27.169970
156 202083 16.441390 5.422880
156 202718 45.016560 32.296930
168 -1 12.289550 21.352020
168 201155 14.681150 12.859420
168 101139 11.803660 23.317910
168 101145 20.390550 16.315240
168 201941 7.579590 27.871270
168 202331 15.047920 38.747820
168 101114 39.688800 20.406040
168 2585 14.331870 30.490040
168 101111 10.642970 27.496820
168 202083 18.010020 5.841380
168 202718 46.000720 32.550580
180 -1 14.863000 21.937290
180 201155 16.364680 12.618200
180 101139 13.309630 23.270350
180 101145 20.873590 15.484020
180 201941 8.258150 27.575460
180 202331 15.553250 39.607210
180 101114 40.939580 20.340280
180 2585 15.689140 30.405000
180 101111 11.767990 27.690070
180 202083 19.636140 6.242260
180 202718 47.011860 32.825360
192 -1 16.705090 21.551360
192 201155 18.064760 12.195770
192 101139 15.076460 23.166170
192 101145 21.502420 14.761220
192 201941 8.986740 27.264660
192 202331 16.288990 40.455440
192 101114 42.229930 20.310750
192 2585 17.125560 30.400260
192 101111 13.060910 27.825030
192 202083 21.389780 6.603710
192 202718 48.042230 33.113550
204 -1 17.507010 21.293860
204 201155 19.684580 11.656420
204 101139 16.995430 22.965470
204 101145 22.216830 14.092450
204 201941 9.891260 26.917350
204 202331 17.154410 41.242700
204 101114 43.560960 20.317030
204 2585 18.924310 30.336860
204 101111 14.507080 27.801040
204 202083 23.153930 6.885660
204 202718 49.099560 33.425960
216 -1 19.214470 21.144520
216 201155 21.485970 11.129270
216 101139 19.085710 22.852450
216 101145 22.871780 13.492410
216 201941 10.905940 26.488730
216 202331 18.159640 41.899230
216 101114 44.863720 20.429510
216 2585 20.953160 30.271410
216 101111 16.086020 27.745710
216 202083 25.112870 7.118610
216 202718 50.171780 33.759030
228 -1 22.043080 21.481880
228 201155 23.204540 10.535050
228 101139 21.261480 22.744260
228 101145 23.708220 13.057300
228 201941 11.956420 26.077120
228 202331 19.367770 42.441500
228 101114 46.200220 20.589440
228 2585 22.829690 30.186030
228 101111 17.709200 27.695650
228 202083 27.116890 7.332710
228 202718 51.266000 34.093560
240 -1 25.107960 21.805970
240 201155 24.944910 10.011450
240 101139 23.523450 22.639160
240 101145 24.506200 12.695560
240 201941 13.218130 25.671450
240 202331 20.812940 42.892490
240 101114 47.526370 20.799090
240 2585 24.897280 30.062890
240 101111 19.563240 27.625890
240 202083 29.192360 7.544760
240 202718 52.376570 34.439900
252 -1 27.000090 21.683990
252 201155 26.759150 9.562700
252 101139 25.833620 22.596520
252 101145 25.430580 12.227500
252 201941 14.589880 25.262970
252 202331 22.308280 43.239880
252 101114 48.848770 21.042160
252 2585 26.973490 29.917520
252 101111 21.526410 27.462640
252 202083 31.300570 7.703690
252 202718 53.488340 34.797300
264 -1 28.214710 21.572510
264 201155 28.722610 9.185560
264 101139 28.257130 22.652820
264 101145 26.409860 11.821110
264 201941 15.972410 24.931950
264 202331 23.935200 43.482900
264 101114 50.179500 21.309820
264 2585 29.134410 29.771760
264 101111 23.619470 27.204280
264 202083 33.438390 7.887870
264 202718 54.598700 35.119300
276 -1 30.986820 21.629320
276 201155 30.599530 8.699130
276 101139 30.662590 22.717040
276 101145 27.655750 11.386000
276 201941 17.468500 24.604520
276 202331 25.707020 43.682290
276 101114 51.530660 21.567900
276 2585 31.048590 29.575630
276 101111 25.735380 26.826720
276 202083 35.615430 8.105600
276 202718 55.736380 35.429110