0 -1 84.637270 47.709210
0 201593 82.870430 18.475030
0 201937 68.942840 38.256870
0 203476 88.018090 28.336660
0 203498 88.243010 2.612220
0 203952 84.760050 47.569050
0 101114 80.820480 36.509720
0 101109 77.194300 29.524970
0 2585 84.356060 21.750300
0 202083 88.171380 27.256890
0 203939 87.104600 15.525510
12 -1 84.649160 47.440480
12 201593 83.574110 18.706570
12 201937 67.976470 38.361530
12 203476 87.827850 28.804720
12 203498 88.122100 2.820050
12 203952 84.867870 47.522340
12 101114 81.423110 37.550640
12 101109 77.310450 29.620190
12 2585 84.731190 21.529720
12 202083 88.139370 27.454900
12 203939 87.231710 15.322940
24 -1 84.827880 46.354170
24 201593 84.197300 18.867140
24 201937 66.992380 38.241860
24 203476 87.569340 29.105800
24 203498 87.938370 3.026670
24 203952 84.930590 47.386690
24 101114 82.081780 38.452350
24 101109 77.482940 29.723450
24 2585 85.144090 21.246980
24 202083 88.256950 27.641830
24 203939 87.363280 15.132320
36 -1 85.202970 44.195200
36 201593 84.626330 19.177570
36 201937 65.952470 38.025760
36 203476 87.207200 29.412120
36 203498 87.681260 3.259500
36 203952 84.949800 47.193520
36 101114 82.692730 39.291360
36 101109 77.723380 29.838950
36 2585 85.459670 20.983180
36 202083 88.278350 27.873810
36 203939 87.479080 14.975680
48 -1 85.522310 42.110510
48 201593 85.073990 19.633070
48 201937 64.933030 37.771690
48 203476 86.936460 29.685910
48 203498 87.414390 3.704840
48 203952 84.947360 47.047000
48 101114 83.256470 39.947240
48 101109 77.997850 29.945300
48 2585 85.617610 20.917050
48 202083 88.143750 28.105190
48 203939 87.572570 14.835880
60 -1 85.907290 39.891330
60 201593 85.624820 20.024380
60 201937 63.893260 37.447530
60 203476 86.730420 29.902780
60 203498 87.162750 4.268030
60 203952 84.971540 46.982220
60 101114 83.772310 40.396920
60 101109 78.293180 29.986470
60 2585 85.751100 20.963290
60 202083 87.996900 28.256180
60 203939 87.624480 14.691860
72 -1 86.178150 37.809460
72 201593 86.062320 20.313440
72 201937 62.811880 37.088690
72 203476 86.557320 29.983120
72 203498 86.779250 4.751470
72 203952 85.022990 47.034000
72 101114 84.242410 40.683140
72 101109 78.559420 29.959740
72 2585 85.831570 21.069570
72 202083 87.872190 28.355100
72 203939 87.634600 14.902800
84 -1 86.444650 35.674760
84 201593 86.542300 20.659840
84 201937 61.712660 36.676040
84 203476 86.423950 29.964280
84 203498 86.337570 5.252640
84 203952 85.128110 47.206250
84 101114 84.637060 40.901510
84 101109 78.784210 29.840490
84 2585 85.749750 21.218770
84 202083 87.599580 28.390380
84 203939 87.593490 14.923020
96 -1 86.692180 33.629510
96 201593 87.074830 20.807690
96 201937 60.585600 36.268020
96 203476 86.363290 29.862390
96 203498 85.844510 5.719570
96 203952 85.286710 47.433380
96 101114 85.021650 40.986980
96 101109 78.983120 29.654740
96 2585 85.665620 21.506470
96 202083 87.408930 28.349880
96 203939 87.561420 15.052380
108 -1 86.986360 31.452420
108 201593 87.551730 20.807060
108 201937 59.398320 35.805210
108 203476 86.285750 29.729120
108 203498 85.315610 6.138220
108 203952 85.458580 47.583040
108 101114 85.363540 41.027800
108 101109 79.152880 29.434150
108 2585 85.633400 21.908900
108 202083 87.285030 28.294970
108 203939 87.588040 15.169380
120 -1 87.092330 29.402490
120 201593 87.740510 20.914070
120 201937 58.200210 35.327020
120 203476 86.139380 29.606090
120 203498 84.644700 6.439430
120 203952 85.553900 47.711350
120 101114 85.671430 40.971220
120 101109 79.305510 29.217470
120 2585 85.662660 22.368060
120 202083 87.123920 28.217720
120 203939 87.655450 15.457630
132 -1 87.496380 27.363020
132 201593 87.846100 21.090080
132 201937 57.016200 34.860550
132 203476 85.918250 29.455840
132 203498 83.972010 6.822780
132 203952 85.566980 47.769320
132 101114 85.992890 40.762770
132 101109 79.467380 29.002590
132 2585 85.777480 22.577010
132 202083 87.048040 28.114300
132 203939 87.659140 15.716000
144 -1 87.798110 25.193010
144 201593 87.843880 21.028990
144 201937 55.804440 34.391200
144 203476 85.648250 29.290260
144 203498 83.261410 7.204220
144 203952 85.464530 47.705060
144 101114 86.307720 40.413330
144 101109 79.651540 28.809610
144 2585 86.046160 22.694430
144 202083 86.891810 28.028000
144 203939 87.664940 16.317750
156 -1 87.538350 24.241900
156 201593 87.839430 20.941840
156 201937 54.582690 33.885500
156 203476 85.331490 29.071720
156 203498 82.560960 7.541000
156 203952 85.224620 47.578890
156 101114 86.590900 39.992470
156 101109 79.783680 28.546470
156 2585 86.331050 22.586830
156 202083 86.613590 27.983080
156 203939 87.616800 16.822740
168 -1 87.211720 23.395980
168 201593 87.795650 20.752250
168 201937 53.390910 33.366220
168 203476 84.991240 28.807820
168 203498 81.851250 7.884020
168 203952 84.750960 47.471660
168 101114 86.913190 39.496710
168 101109 79.833920 28.170910
168 2585 86.717810 22.290320
168 202083 86.393660 27.842480
168 203939 87.446060 17.368980
180 -1 86.822560 22.316800
180 201593 87.800940 20.407440
180 201937 52.177550 32.836960
180 203476 84.657280 28.523910
180 203498 81.149640 8.213560
180 203952 84.268890 47.338360
180 101114 87.233680 38.996300
180 101109 79.794520 27.656950
180 2585 86.922290 21.808990
180 202083 86.238090 27.654650
180 203939 87.171640 17.863130
192 -1 86.522600 21.406540
192 201593 87.805580 19.950600
192 201937 51.002430 32.285330
192 203476 84.333060 28.250480
192 203498 80.443380 8.539690
192 203952 83.760060 47.164850
192 101114 87.529960 38.513480
192 101109 79.684900 27.065110
192 2585 86.965790 21.524830
192 202083 85.869190 27.496920
192 203939 86.858200 18.281620
204 -1 86.178980 20.488410
204 201593 87.811660 19.600840
204 201937 49.856600 31.747340
204 203476 84.005820 27.872020
204 203498 79.739050 8.907780
204 203952 83.170890 46.965260
204 101114 87.770330 38.028190
204 101109 79.524690 26.370740
204 2585 86.843390 21.132110
204 202083 85.613810 27.316480
204 203939 86.446390 18.603720
216 -1 85.728110 20.105550
216 201593 87.787280 19.237680
216 201937 48.774350 31.225210
216 203476 83.712510 27.499090
216 203498 78.999080 9.321270
216 203952 82.516720 46.679020
216 101114 87.950420 37.560820
216 101109 79.329970 25.635950
216 2585 86.550830 20.743570
216 202083 85.388630 27.097000
216 203939 86.094710 18.966340
228 -1 84.781270 18.811940
228 201593 87.794170 18.918170
228 201937 47.687960 30.711800
228 203476 83.423970 27.162530
228 203498 78.206970 9.704430
228 203952 81.916070 46.315470
228 101114 88.064180 37.117870
228 101109 79.114760 24.864650
228 2585 86.095920 20.278320
228 202083 85.134720 26.914980
228 203939 85.754920 19.247020
240 -1 84.119340 18.714730
240 201593 87.711950 18.643830
240 201937 46.653770 30.193670
240 203476 83.115440 26.811050
240 203498 77.354120 10.061930
240 203952 81.209960 45.800600
240 101114 88.130610 36.687440
240 101109 78.915720 24.131740
240 2585 85.768780 19.929170
240 202083 84.881450 26.762140
240 203939 85.345480 19.538710
252 -1 83.734460 19.029350
252 201593 87.497340 18.335050
252 201937 45.638350 29.682170
252 203476 82.811970 26.437770
252 203498 76.434890 10.394920
252 203952 80.488280 45.127140
252 101114 88.152670 36.266410
252 101109 78.742040 23.378980
252 2585 85.572220 19.555020
252 202083 84.728780 26.593620
252 203939 84.934930 19.600480
264 -1 83.782080 18.577100
264 201593 87.033250 17.951280
264 201937 44.621900 29.160170
264 203476 82.415020 26.182780
264 203498 75.427130 10.705900
264 203952 79.760240 44.292740
264 101114 88.148670 35.861410
264 101109 78.542910 22.661090
264 2585 85.320040 19.346820
264 202083 84.666620 26.491040
264 203939 84.528580 19.469580