0 -1 74.995220 25.719120
0 2738 84.486970 16.084380
0 101106 81.490900 24.108450
0 201939 80.523610 39.071230
0 202691 67.440870 26.298690
0 203110 78.086190 34.463180
0 200751 85.118510 2.255060
0 201568 69.698720 40.237270
0 203115 82.774430 47.670690
0 203914 74.766480 25.926510
0 203994 75.172840 20.701280
12 -1 75.931210 25.765920
12 2738 84.542950 17.043170
12 101106 81.588930 23.722990
12 201939 80.658520 39.055610
12 202691 67.857950 26.967060
12 203110 77.585360 34.534770
12 200751 84.224490 2.316490
12 201568 68.993640 40.047930
12 203115 82.857160 47.735420
12 203914 75.612790 25.981210
12 203994 76.372970 20.468370
24 -1 77.549320 25.601370
24 2738 84.482200 18.222250
24 101106 81.453110 23.069350
24 201939 80.777610 39.029960
24 202691 68.329250 27.564790
24 203110 76.974010 34.598660
24 200751 83.287670 2.343410
24 201568 68.454450 39.906580
24 203115 82.845810 47.741250
24 203914 76.590600 25.981950
24 203994 77.588660 20.342310
36 -1 79.342990 25.599560
36 2738 84.626340 18.996670
36 101106 81.512960 22.512870
36 201939 80.871440 39.091370
36 202691 68.775910 28.073280
36 203110 76.313530 34.616430
36 200751 82.435690 2.391780
36 201568 68.033620 39.745590
36 203115 82.780710 47.739900
36 203914 77.533440 25.871980
36 203994 79.036080 20.495740
48 -1 81.107120 25.139660
48 2738 84.859720 19.675880
48 101106 81.796910 22.107030
48 201939 81.001830 39.119660
48 202691 69.110000 28.402580
48 203110 75.673100 34.571120
48 200751 81.610450 2.422420
48 201568 67.539430 39.357340
48 203115 82.615150 47.715770
48 203914 78.409310 25.902060
48 203994 80.444340 20.853400
60 -1 82.886830 25.253420
60 2738 85.139150 20.343430
60 101106 82.186740 21.879430
60 201939 81.127320 39.114660
60 202691 69.403460 28.657400
60 203110 74.974470 34.569810
60 200751 80.780580 2.497280
60 201568 66.841320 38.977840
60 203115 82.361420 47.645960
60 203914 79.273320 26.000390
60 203994 81.714200 21.314240
72 -1 84.683340 25.099580
72 2738 85.290050 20.737010
72 101106 82.787850 22.013630
72 201939 81.224500 39.118870
72 202691 69.610390 28.822510
72 203110 74.440030 34.684840
72 200751 79.882910 2.626700
72 201568 66.188120 38.707510
72 203115 81.983940 47.444670
72 203914 80.098650 26.045550
72 203994 82.814650 21.766400
84 -1 86.526600 24.841610
84 2738 85.592350 20.652160
84 101106 83.735860 22.321730
84 201939 81.310370 39.096940
84 202691 69.701150 28.899170
84 203110 73.866630 34.859520
84 200751 79.056610 2.892800
84 201568 65.409060 38.295550
84 203115 81.464520 47.143730
84 203914 80.905960 26.202230
84 203994 83.824080 22.133470
96 -1 88.146100 24.694290
96 2738 85.806670 20.669020
96 101106 84.576980 23.014850
96 201939 81.376500 38.938040
96 202691 69.713780 28.944030
96 203110 73.336350 35.004350
96 200751 78.293240 3.235300
96 201568 64.593210 37.836650
96 203115 80.841090 46.906660
96 203914 81.639630 26.530770
96 203994 84.633960 22.461530
108 -1 88.950230 25.060690
108 2738 85.990250 20.603540
108 101106 85.321800 24.069230
108 201939 81.411850 38.753670
108 202691 69.647630 28.925140
108 203110 72.718230 35.310000
108 200751 77.557380 3.636280
108 201568 63.805900 37.560750
108 203115 80.279980 46.663390
108 203914 82.387530 26.953010
108 203994 85.385490 22.789830
120 -1 88.494050 26.605650
120 2738 86.191140 20.443570
120 101106 85.993500 25.329440
120 201939 81.440990 38.564970
120 202691 69.450900 28.804860
120 203110 72.024420 35.581480
120 200751 76.771730 4.031630
120 201568 63.142790 37.211450
120 203115 79.664090 46.466750
120 203914 83.090960 27.425120
120 203994 86.062190 23.126100
132 -1 87.948260 27.966030
132 2738 86.232130 20.214130
132 101106 86.133630 26.766380
132 201939 81.459880 38.382900
132 202691 69.253470 28.653670
132 203110 71.239300 35.678760
132 200751 76.072520 4.478900
132 201568 62.508840 36.750180
132 203115 78.991440 46.296100
132 203914 83.623490 28.000360
132 203994 86.636700 23.449710
144 -1 87.450340 29.368830
144 2738 86.249060 19.898560
144 101106 86.481920 28.294380
144 201939 81.446390 38.228940
144 202691 68.919130 28.410830
144 203110 70.570370 35.911260
144 200751 75.346230 4.942250
144 201568 61.853450 36.354670
144 203115 78.346170 46.158430
144 203914 84.027580 28.735180
144 203994 87.133260 23.746370
156 -1 86.985740 30.753610
156 2738 86.241600 19.711530
156 101106 86.815780 29.565020
156 201939 81.409820 38.069620
156 202691 68.457000 28.069760
156 203110 69.886830 36.056510
156 200751 74.479600 5.344870
156 201568 61.168020 36.075550
156 203115 77.753780 45.912970
156 203914 84.532680 29.748840
156 203994 87.548740 24.032900
168 -1 87.097290 31.646900
168 2738 86.003750 19.463050
168 101106 87.008550 30.635270
168 201939 81.363130 37.963810
168 202691 68.001710 27.750050
168 203110 69.326640 36.093260
168 200751 73.655610 5.828160
168 201568 60.416990 35.778920
168 203115 77.053370 45.623570
168 203914 85.126260 30.778780
168 203994 87.742210 24.241920
180 -1 88.603980 31.708140
180 2738 85.613610 19.209410
180 101106 87.338240 31.511140
180 201939 81.265880 37.859620
180 202691 67.482730 27.375230
180 203110 68.703050 36.238660
180 200751 72.831350 6.318280
180 201568 59.573470 35.508450
180 203115 76.331860 45.261470
180 203914 85.680170 31.848490
180 203994 87.767770 24.471950
192 -1 89.574000 31.813150
192 2738 85.246680 18.922870
192 101106 88.111240 32.263760
192 201939 81.114510 37.751930
192 202691 66.807670 26.949740
192 203110 68.055200 36.532660
192 200751 71.981960 6.783620
192 201568 58.647310 35.294330
192 203115 75.646320 44.899740
192 203914 86.259560 32.938210
192 203994 87.616720 24.782830
204 -1 89.571500 31.947400
204 2738 84.665760 18.584050
204 101106 88.448130 33.023720
204 201939 80.867540 37.543250
204 202691 66.097020 26.501950
204 203110 67.479890 36.810420
204 200751 71.131040 7.228620
204 201568 57.613290 35.114940
204 203115 74.987620 44.507850
204 203914 87.042480 34.061510
204 203994 87.296630 25.117500
216 -1 90.050140 32.553540
216 2738 83.928810 18.158160
216 101106 88.833720 33.659600
216 201939 80.477760 37.232020
216 202691 65.293160 26.058160
216 203110 66.875110 37.324610
216 200751 70.238410 7.672050
216 201568 56.547930 34.951890
216 203115 74.346750 44.083010
216 203914 87.708700 34.948880
216 203994 86.978840 25.457270
228 -1 90.521830 33.246290
228 2738 83.308370 17.821330
228 101106 89.345710 34.127130
228 201939 79.948810 36.856250
228 202691 64.156760 25.506870
228 203110 66.030060 37.745850
228 200751 69.170230 8.078690
228 201568 55.504880 34.873570
228 203115 73.793740 43.541110
228 203914 88.257780 35.713420
228 203994 86.558780 25.783530
240 -1 90.771300 33.819120
240 2738 82.660470 17.427840
240 101106 89.668930 34.572810
240 201939 79.348120 36.447810
240 202691 63.019580 24.901880
240 203110 65.295240 38.124560
240 200751 68.145270 8.606750
240 201568 54.412110 34.780700
240 203115 73.295270 42.731250
240 203914 88.642840 36.360210
240 203994 86.132510 26.119200
252 -1 90.864030 34.944790
252 2738 81.991200 16.991480
252 101106 89.916510 34.912740
252 201939 78.682560 36.009120
252 202691 61.697300 24.244700
252 203110 64.535410 38.485540
252 200751 67.008440 9.120820
252 201568 53.262400 34.651260
252 203115 72.889260 41.883190
252 203914 88.756310 36.892250
252 203994 85.608440 26.437590