0 -1 85.191640 42.593000
0 201564 92.193350 35.978440
0 201573 66.608950 36.150090
0 202328 87.139600 21.066410
0 203114 64.481040 7.983390
0 203507 84.962210 43.151790
0 200751 89.708490 31.920570
0 202702 87.212280 35.971120
0 201568 74.571650 17.111260
0 203999 85.770760 21.322010
0 1626144 74.446750 34.343840
12 -1 85.579660 40.556510
12 201564 92.000160 35.856430
12 201573 66.237690 35.418010
12 202328 87.120230 21.176220
12 203114 64.041430 8.130560
12 203507 84.926220 43.145800
12 200751 89.892220 32.216690
12 202702 86.430400 36.644880
12 201568 75.252210 17.778150
12 203999 86.028120 21.649340
12 1626144 74.503430 33.557820
24 -1 85.932430 38.685090
24 201564 91.654880 35.695530
24 201573 65.900590 34.777100
24 202328 87.266430 21.213480
24 203114 63.546900 8.286270
24 203507 84.883720 43.231650
24 200751 90.064290 32.549700
24 202702 85.668770 37.614710
24 201568 75.938610 18.464350
24 203999 86.132010 21.896440
24 1626144 74.538220 32.730750
36 -1 86.253270 36.962260
36 201564 91.151850 35.533910
36 201573 65.588410 34.168720
36 202328 87.463090 21.233950
36 203114 63.023730 8.439480
36 203507 84.826120 43.311910
36 200751 90.151740 32.837610
36 202702 84.897320 38.544190
36 201568 76.712180 19.260210
36 203999 86.432200 21.939760
36 1626144 74.670240 32.110260
48 -1 86.545520 35.371530
48 201564 90.639510 35.593690
48 201573 65.343610 33.630000
48 202328 87.744200 21.288890
48 203114 62.471860 8.609600
48 203507 84.747300 43.364730
48 200751 90.100730 33.005630
48 202702 84.191910 39.198040
48 201568 77.515590 19.962490
48 203999 86.722690 21.920530
48 1626144 74.938360 31.488770
60 -1 86.812500 33.896420
60 201564 90.050910 35.915370
60 201573 65.175740 33.126200
60 202328 88.038660 21.270540
60 203114 61.869210 8.806600
60 203507 84.661020 43.403380
60 200751 89.945050 33.171030
60 202702 83.509210 39.920290
60 201568 78.381890 20.778120
60 203999 87.036870 21.955300
60 1626144 75.309300 30.910480
72 -1 87.057540 32.520460
72 201564 89.352470 36.273520
72 201573 65.079520 32.640200
72 202328 88.206520 21.323320
72 203114 61.207040 9.037210
72 203507 84.583880 43.506650
72 200751 89.679410 33.239210
72 202702 82.858070 40.852520
72 201568 79.252330 21.723910
72 203999 87.321340 22.057170
72 1626144 75.772730 30.375360
84 -1 87.272960 31.155940
84 201564 88.659520 36.536620
84 201573 64.996860 32.159040
84 202328 88.314850 21.476650
84 203114 60.541900 9.270050
84 203507 84.510500 43.486000
84 200751 89.333800 33.297690
84 202702 82.234840 41.499430
84 201568 80.100510 22.646050
84 203999 87.698420 22.184010
84 1626144 76.333560 29.882340
96 -1 87.772670 29.387580
96 201564 87.803920 36.841280
96 201573 64.877170 31.697030
96 202328 88.302470 21.525920
96 203114 59.832210 9.520460
96 203507 84.430470 43.375720
96 200751 88.932250 33.403520
96 202702 81.572530 41.975840
96 201568 80.938940 23.517430
96 203999 87.719270 22.023580
96 1626144 76.998690 29.467520
108 -1 88.101070 27.719980
108 201564 86.705720 37.029490
108 201573 64.715660 31.214400
108 202328 88.367680 21.422410
108 203114 59.094970 9.732880
108 203507 84.431050 43.372040
108 200751 88.540380 33.552640
108 202702 80.762990 42.560610
108 201568 81.771620 24.367690
108 203999 87.818240 21.990030
108 1626144 77.686680 29.212390
120 -1 88.498750 26.065760
120 201564 85.575130 37.154560
120 201573 64.500140 30.719470
120 202328 88.384590 21.255840
120 203114 58.353380 9.918410
120 203507 84.448110 43.469920
120 200751 88.132930 33.712500
120 202702 79.944370 42.961390
120 201568 82.558800 25.135140
120 203999 87.932990 21.950280
120 1626144 78.406680 29.032020
132 -1 88.689840 24.888300
132 201564 84.436210 37.068590
132 201573 64.194640 30.279260
132 202328 88.534220 20.918770
132 203114 57.601810 10.099450
132 203507 84.457600 43.557940
132 200751 87.695410 33.797500
132 202702 79.103170 43.126470
132 201568 83.335410 25.814660
132 203999 88.004500 21.753130
132 1626144 79.133110 28.845900
144 -1 88.969640 23.914540
144 201564 83.179940 37.005190
144 201573 63.823880 29.831320
144 202328 88.627870 20.620470
144 203114 56.835290 10.307230
144 203507 84.437730 43.644330
144 200751 87.201490 33.888290
144 202702 78.263230 43.170750
144 201568 84.085060 26.389350
144 203999 88.172840 21.463280
144 1626144 79.843900 28.643960
156 -1 89.072420 22.819770
156 201564 81.970560 36.863970
156 201573 63.381210 29.433970
156 202328 88.750900 20.390610
156 203114 56.062820 10.553130
156 203507 84.432750 43.789200
156 200751 86.781890 33.750160
156 202702 77.400550 43.167680
156 201568 84.759840 26.906470
156 203999 88.473200 21.507970
156 1626144 80.470970 28.315310
168 -1 89.308160 21.949140
168 201564 80.853940 36.748360
168 201573 62.874410 29.075480
168 202328 88.826400 20.220960
168 203114 55.323830 10.867280
168 203507 84.382050 43.861650
168 200751 86.393060 33.503870
168 202702 76.561650 43.126230
168 201568 85.333790 27.311830
168 203999 88.829790 21.546020
168 1626144 81.015080 27.796060
180 -1 89.707870 21.351010
180 201564 79.720740 36.558740
180 201573 62.316640 28.775830
180 202328 89.041840 20.011970
180 203114 54.678490 11.198140
180 203507 84.329810 43.770360
180 200751 85.999950 33.312550
180 202702 75.708360 42.985530
180 201568 85.848970 27.605830
180 203999 89.124730 21.413640
180 1626144 81.459110 27.148360
192 -1 90.394800 20.996730
192 201564 78.509520 36.389860
192 201573 61.773570 28.419550
192 202328 89.301660 19.849710
192 203114 54.109900 11.469040
192 203507 84.286750 43.588890
192 200751 85.626560 33.161710
192 202702 74.839140 42.785400
192 201568 86.255270 27.719090
192 203999 89.270480 21.131720
192 1626144 81.829980 26.460270
204 -1 91.081730 20.642440
204 201564 77.412070 36.172300
204 201573 61.236770 28.042690
204 202328 89.521610 19.489840
204 203114 53.619390 11.687970
204 203507 84.218010 43.300700
204 200751 85.282710 32.924050
204 202702 73.919240 42.562250
204 201568 86.574100 27.745340
204 203999 89.554450 20.965190
204 1626144 82.090720 25.668060
216 -1 91.768670 20.288150
216 201564 76.236910 35.802260
216 201573 60.755660 27.648660
216 202328 89.602110 19.188960
216 203114 53.223740 11.840670
216 203507 84.108040 42.927480
216 200751 84.835830 32.786220
216 202702 73.008910 42.273520
216 201568 86.822830 27.701670
216 203999 89.858900 20.661230
216 1626144 82.259690 24.820070
228 -1 92.121580 20.554990
228 201564 75.053470 35.386440
228 201573 60.295790 27.267060
228 202328 89.485100 18.876880
228 203114 52.893370 11.919950
228 203507 84.165280 42.529650
228 200751 84.325980 32.703870
228 202702 72.101630 41.911660
228 201568 87.046240 27.614760
228 203999 90.035500 20.245890
228 1626144 82.330790 23.921070
240 -1 92.695430 20.484610
240 201564 73.780780 34.894470
240 201573 59.840130 26.894020
240 202328 89.212840 18.666180
240 203114 52.589130 11.977950
240 203507 84.174290 42.196910
240 200751 83.819220 32.504210
240 202702 71.105180 41.579200
240 201568 87.231250 27.463840
240 203999 90.388720 19.856610
240 1626144 82.344250 22.974570
252 -1 93.269280 20.414240
252 201564 72.527220 34.401430
252 201573 59.354580 26.588090
252 202328 88.800300 18.303720
252 203114 52.343110 12.051160
252 203507 84.060200 41.806490
252 200751 83.302350 32.265170
252 202702 70.040710 41.302110
252 201568 87.470210 27.361740
252 203999 90.900480 19.681680
252 1626144 82.290800 21.950460
264 -1 93.242340 20.124980
264 201564 71.175820 33.838260
264 201573 58.867050 26.307620
264 202328 88.404410 18.035530
264 203114 52.166680 12.097200
264 203507 83.793430 41.378250
264 200751 82.742630 31.991530
264 202702 68.940420 41.052060
264 201568 87.715680 27.312630
264 203999 91.140030 19.445440
264 1626144 82.213700 20.955780
276 -1 92.915020 19.726280
276 201564 69.915180 33.331220
276 201573 58.388860 26.021710
276 202328 88.077670 17.888180
276 203114 52.027620 12.145160
276 203507 83.380770 41.008680
276 200751 82.081220 31.744560
276 202702 67.714610 40.775800
276 201568 87.945420 27.293380
276 203999 91.287730 19.227470
276 1626144 82.093690 19.922140
288 -1 92.587690 19.327570
288 201564 68.538210 32.799480
288 201573 57.922570 25.746160
288 202328 87.769700 17.839610
288 203114 51.880880 12.168220
288 203507 82.578550 40.576950
288 200751 81.309570 31.467790
288 202702 66.421100 40.585510
288 201568 88.113950 27.348870
288 203999 91.423860 19.001860
288 1626144 81.909760 18.812130