0 -1 24.024970 27.368650
0 202720 2.356210 10.134840
0 202339 24.026780 27.271350
0 202688 23.337150 3.730430
0 203458 16.261150 25.916250
0 203933 12.403420 48.126540
0 2034 6.719260 20.826290
0 200751 15.948050 26.189350
0 202702 13.399430 24.666550
0 203123 11.881150 37.586480
0 203914 18.901610 13.859630
12 -1 22.907580 26.963070
12 202720 2.409870 9.287690
12 202339 24.138910 27.162230
12 202688 23.914920 4.042960
12 203458 15.458420 25.640120
12 203933 11.963690 48.177210
12 2034 6.570820 20.333030
12 200751 15.728270 25.801850
12 202702 13.057840 24.691940
12 203123 11.399260 37.143540
12 203914 18.912200 13.609180
24 -1 20.727710 26.688030
24 202720 2.540240 8.512370
24 202339 24.264590 27.146340
24 202688 24.656470 4.390020
24 203458 15.125380 25.554390
24 203933 11.749820 48.210660
24 2034 6.429450 19.900070
24 200751 15.464770 25.253790
24 202702 12.815970 24.853490
24 203123 10.935760 36.615760
24 203914 18.951320 13.392650
36 -1 18.634510 26.554200
36 202720 2.765460 7.820710
36 202339 24.479330 27.094430
36 202688 25.506900 4.751750
36 203458 14.864510 25.404890
36 203933 11.707230 48.192560
36 2034 6.292250 19.570430
36 200751 15.150450 24.639900
36 202702 12.555860 24.952690
36 203123 10.504960 36.091230
36 203914 19.031650 13.264510
48 -1 16.587100 26.041330
48 202720 3.075590 7.210090
48 202339 24.862510 27.000890
48 202688 26.437670 5.095910
48 203458 14.634070 25.375260
48 203933 11.824390 48.115760
48 2034 6.174970 19.392030
48 200751 14.920360 24.130810
48 202702 12.411350 24.977970
48 203123 10.077840 35.563330
48 203914 19.147710 13.216060
60 -1 14.513510 25.752320
60 202720 3.443810 6.688260
60 202339 25.364810 26.877920
60 202688 27.444280 5.475380
60 203458 14.666810 25.078400
60 203933 12.057230 47.970940
60 2034 6.089080 19.372070
60 200751 14.719280 23.691030
60 202702 12.453280 25.065280
60 203123 9.630910 34.985140
60 203914 19.315550 13.217690
72 -1 12.393400 25.489530
72 202720 3.898190 6.259190
72 202339 26.014050 26.765530
72 202688 28.477800 5.912390
72 203458 14.983240 24.773300
72 203933 12.388450 47.758980
72 2034 6.037020 19.512340
72 200751 14.558570 23.289850
72 202702 12.450910 25.067290
72 203123 9.183720 34.404050
72 203914 19.508580 13.239860
84 -1 10.517050 25.081530
84 202720 4.462950 5.904460
84 202339 26.807740 26.614260
84 202688 29.501810 6.406530
84 203458 14.893870 24.577140
84 203933 12.809120 47.477090
84 2034 6.064610 19.782990
84 200751 14.408740 23.023770
84 202702 12.400070 24.907580
84 203123 8.782890 33.845020
84 203914 19.731650 13.266970
96 -1 8.398830 24.933640
96 202720 5.072220 5.674790
96 202339 27.760260 26.540880
96 202688 30.574160 6.940130
96 203458 14.731190 24.467070
96 203933 13.320160 47.166760
96 2034 6.174530 20.121800
96 200751 14.332700 22.733300
96 202702 12.395050 24.822090
96 203123 8.455070 33.289300
96 203914 19.956740 13.239840
108 -1 6.361250 24.713880
108 202720 5.745040 5.554740
108 202339 28.735300 26.511730
108 202688 31.693940 7.530500
108 203458 14.700470 24.284860
108 203933 13.863060 46.812190
108 2034 6.364440 20.501400
108 200751 14.312380 22.489800
108 202702 12.260240 24.708030
108 203123 8.204600 32.737410
108 203914 20.210430 13.164180
120 -1 4.532200 24.331870
120 202720 6.495410 5.536340
120 202339 29.772980 26.508940
120 202688 32.791420 8.104700
120 203458 14.556650 24.428800
120 203933 14.403240 46.436190
120 2034 6.570300 20.926090
120 200751 14.383570 22.226780
120 202702 12.031000 24.460980
120 203123 8.048970 32.244200
120 203914 20.461680 13.017420
132 -1 4.641610 23.503980
132 202720 7.304010 5.619270
132 202339 30.862540 26.513080
132 202688 33.877080 8.667340
132 203458 14.319130 24.587050
132 203933 14.950750 46.054080
132 2034 6.759140 21.335310
132 200751 14.498150 21.931880
132 202702 11.879960 24.321610
132 203123 7.992230 31.791320
132 203914 20.695870 12.793780
144 -1 4.847450 22.702060
144 202720 8.125420 5.759740
144 202339 31.950670 26.560690
144 202688 35.003360 9.202080
144 203458 14.200760 24.639300
144 203933 15.523160 45.685600
144 2034 6.907310 21.629160
144 200751 14.650580 21.638520
144 202702 11.713920 24.260740
144 203123 8.132710 31.430180
144 203914 20.899070 12.481360
156 -1 5.025720 21.543830
156 202720 8.987200 5.930620
156 202339 33.025110 26.569710
156 202688 36.147840 9.734600
156 203458 14.092500 24.717710
156 203933 16.162210 45.315220
156 2034 6.954330 21.849440
156 200751 14.821680 21.380160
156 202702 11.613350 24.252120
156 203123 8.469900 31.147620
156 203914 21.129250 12.090520
168 -1 5.225410 20.569080
168 202720 9.884280 6.109530
168 202339 34.158010 26.588760
168 202688 37.321500 10.217700
168 203458 14.118400 24.685900
168 203933 16.902660 44.948460
168 2034 6.884140 21.990190
168 200751 15.063120 21.103110
168 202702 11.571110 24.356590
168 203123 8.934270 30.949160
168 203914 21.377980 11.616270
180 -1 5.242560 19.806230
180 202720 10.821240 6.340730
180 202339 35.325330 26.626250
180 202688 38.553800 10.654760
180 203458 14.251950 24.566770
180 203933 17.780100 44.591230
180 2034 6.748920 22.006500
180 200751 15.290690 20.891780
180 202702 11.475550 24.529250
180 203123 9.541800 30.825600
180 203914 21.693000 11.082880
192 -1 5.402910 18.959680
192 202720 11.819690 6.575910
192 202339 36.485830 26.653230
192 202688 39.823270 10.981360
192 203458 14.580400 24.360670
192 203933 18.795080 44.176800
192 2034 6.553110 21.965860
192 200751 15.567690 20.701390
192 202702 11.347700 24.718740
192 203123 10.344170 30.823700
192 203914 22.079870 10.489000
204 -1 5.307110 18.465010
204 202720 12.853100 6.791520
204 202339 37.622540 26.656020
204 202688 41.047100 11.231020
204 203458 15.017990 24.172300
204 203933 19.881230 43.736540
204 2034 6.272230 21.919420
204 200751 15.870910 20.469970
204 202702 11.187210 24.821140
204 203123 11.221270 30.978160
204 203914 22.508250 9.853150
216 -1 5.073160 18.832790
216 202720 13.998780 7.036620
216 202339 38.789430 26.671720
216 202688 42.267980 11.417560
216 203458 15.634590 23.947940
216 203933 21.052480 43.261030
216 2034 5.954380 21.809030
216 200751 16.252140 20.276710
216 202702 10.922060 24.915190
216 203123 12.156910 31.291880
216 203914 22.956850 9.193010
228 -1 4.964690 18.885520
228 202720 15.237400 7.328890
228 202339 39.958340 26.676290
228 202688 43.463900 11.516860
228 203458 16.310040 23.748300
228 203933 22.291410 42.815900
228 2034 5.604810 21.420160
228 200751 16.648840 20.118760
228 202702 10.621220 24.936980
228 203123 13.188320 31.733480
228 203914 23.444860 8.527240
240 -1 4.879650 18.665190
240 202720 16.558340 7.631180
240 202339 41.120520 26.668160
240 202688 44.646260 11.612020
240 203458 17.202990 23.574780
240 203933 23.586070 42.373250
240 2034 5.306390 20.853280
240 200751 17.087190 19.891660
240 202702 10.320430 24.919760
240 203123 14.307130 32.331450
240 203914 23.974630 7.837640
252 -1 4.585820 18.581910
252 202720 17.889660 7.857260
252 202339 42.293860 26.658140
252 202688 45.830440 11.679490
252 203458 18.201370 23.409840
252 203933 24.938240 41.941610
252 2034 5.108850 20.070890
252 200751 17.538940 19.611820
252 202702 10.124310 24.858010
252 203123 15.457410 33.051120
252 203914 24.645000 7.201820
264 -1 4.102510 18.791880
264 202720 19.307180 8.136720
264 202339 43.481070 26.617300
264 202688 47.075650 11.734330
264 203458 19.315920 23.243920
264 203933 26.427970 41.513740
264 2034 5.073450 19.067420
264 200751 18.003130 19.293020
264 202702 10.045580 24.862830
264 203123 16.696860 33.818500
264 203914 25.282470 6.566940