0 -1 23.805650 23.319050
0 2225 9.918290 42.305030
0 2564 15.727020 27.898420
0 201980 14.106150 11.206620
0 202695 21.385600 31.354230
0 1626246 9.937360 19.817990
0 2034 17.618290 3.046930
0 200751 9.924950 48.328820
0 201589 23.949500 23.060360
0 203115 23.763880 35.758540
0 203999 15.146180 13.759990
12 -1 23.465310 23.282110
12 2225 9.946090 41.860340
12 2564 16.439110 27.041730
12 201980 14.178570 11.092670
12 202695 21.495570 31.214250
12 1626246 9.932360 19.637120
12 2034 18.265080 3.229040
12 200751 10.166810 48.257800
12 201589 23.939070 22.811980
12 203115 24.231870 35.623550
12 203999 15.054320 13.969990
24 -1 22.364940 23.400040
24 2225 9.944860 41.305260
24 2564 17.323080 26.312470
24 201980 14.169340 11.054190
24 202695 21.646260 31.140490
24 1626246 9.953330 19.441640
24 2034 18.941920 3.452150
24 200751 10.459450 48.155900
24 201589 23.889350 22.775900
24 203115 24.731050 35.487920
24 203999 14.836990 14.265140
36 -1 20.349840 23.518760
36 2225 9.921020 40.634560
36 2564 18.274730 25.624790
36 201980 14.078330 11.075580
36 202695 21.875440 31.167250
36 1626246 10.021560 19.182730
36 2034 19.639860 3.708650
36 200751 10.792750 48.014930
36 201589 23.865780 22.843470
36 203115 25.266600 35.367780
36 203999 14.579930 14.725380
48 -1 18.207030 23.643960
48 2225 9.842030 39.838910
48 2564 19.274110 24.952840
48 201980 13.941780 11.144400
48 202695 22.200560 31.307820
48 1626246 10.116320 18.743740
48 2034 20.371450 3.976470
48 200751 11.152040 47.830910
48 201589 23.992300 22.962330
48 203115 25.829900 35.237430
48 203999 14.314440 15.183560
60 -1 16.170410 23.681370
60 2225 9.747680 38.947850
60 2564 20.274780 24.357920
60 201980 13.749070 11.299770
60 202695 22.451240 31.437520
60 1626246 10.210270 18.501700
60 2034 21.157180 4.272460
60 200751 11.558340 47.613370
60 201589 24.226500 23.171230
60 203115 26.441010 35.115460
60 203999 14.129070 15.660550
72 -1 14.118550 23.930250
72 2225 9.691690 37.937150
72 2564 21.239230 23.748280
72 201980 13.491790 11.532310
72 202695 22.613090 31.529380
72 1626246 10.276340 18.452580
72 2034 21.972890 4.590390
72 200751 12.014140 47.369700
72 201589 24.684870 23.405790
72 203115 27.139570 34.991240
72 203999 13.988270 16.292020
84 -1 12.052680 24.114010
84 2225 9.656190 36.834300
84 2564 22.136220 23.069640
84 201980 13.244790 11.796430
84 202695 22.705380 31.609830
84 1626246 10.278990 18.579890
84 2034 22.852190 4.954490
84 200751 12.498900 47.124120
84 201589 25.388250 23.558730
84 203115 27.867970 34.866770
84 203999 13.957180 17.039800
96 -1 10.096450 24.395960
96 2225 9.626600 35.665890
96 2564 22.968980 22.401630
96 201980 12.990740 12.109370
96 202695 22.696680 31.658670
96 1626246 10.275750 18.908950
96 2034 23.775190 5.367540
96 200751 13.000870 46.909380
96 201589 26.302490 23.689290
96 203115 28.630420 34.728420
96 203999 13.960950 17.767430
108 -1 8.206760 24.398230
108 2225 9.623730 34.544450
108 2564 23.706340 21.702040
108 201980 12.815180 12.502830
108 202695 22.626670 31.717860
108 1626246 10.249080 19.420970
108 2034 24.720880 5.808900
108 200751 13.499990 46.699200
108 201589 27.382090 23.802230
108 203115 29.435570 34.577700
108 203999 13.943280 18.686090
120 -1 6.084040 24.435650
120 2225 9.644400 33.496240
120 2564 24.372810 20.981190
120 201980 12.641170 12.906720
120 202695 22.587480 31.892070
120 1626246 10.176190 20.035980
120 2034 25.689350 6.227830
120 200751 13.981460 46.481370
120 201589 28.684530 23.873440
120 203115 30.241380 34.410890
120 203999 13.814010 19.712110
132 -1 5.295020 25.095740
132 2225 9.646210 32.472940
132 2564 25.163510 20.491600
132 201980 12.468590 13.303310
132 202695 22.601400 32.080050
132 1626246 10.023740 20.704600
132 2034 26.706770 6.596320
132 200751 14.467570 46.242920
132 201589 30.078360 23.987970
132 203115 31.055060 34.238400
132 203999 13.639350 20.879010
144 -1 6.748690 26.582130
144 2225 9.713780 31.499420
144 2564 26.019730 20.129130
144 201980 12.267760 13.682050
144 202695 22.555690 32.164210
144 1626246 9.932940 21.491440
144 2034 27.735120 6.967590
144 200751 14.955030 45.977070
144 201589 31.505200 24.161030
144 203115 31.900920 34.117100
144 203999 13.421440 21.947800
156 -1 8.308650 27.815750
156 2225 9.904950 30.718700
156 2564 26.975260 19.822260
156 201980 12.058000 13.982270
156 202695 22.682240 32.434690
156 1626246 9.796200 22.282280
156 2034 28.787880 7.418990
156 200751 15.449600 45.658420
156 201589 32.998550 24.319590
156 203115 32.793320 34.030120
156 203999 13.151530 23.039130
168 -1 9.821280 29.187310
168 2225 10.169990 30.159910
168 2564 28.063790 19.641140
168 201980 11.851650 14.211540
168 202695 22.888300 32.763300
168 1626246 9.471980 23.026380
168 2034 29.885090 7.849750
168 200751 15.939980 45.202280
168 201589 34.499560 24.474220
168 203115 33.738520 33.978690
168 203999 12.947620 24.076530
180 -1 11.323470 30.569760
180 2225 10.473070 29.801850
180 2564 29.306660 19.487410
180 201980 11.725320 14.396340
180 202695 23.040680 33.101630
180 1626246 9.138080 23.724170
180 2034 30.995200 8.232440
180 200751 16.376720 44.611010
180 201589 36.011740 24.636140
180 203115 34.757570 33.953110
180 203999 12.879490 25.086840
192 -1 12.694360 31.828590
192 2225 10.910230 29.668000
192 2564 30.474470 19.146320
192 201980 11.794990 14.471490
192 202695 23.049280 33.590350
192 1626246 8.885790 24.444880
192 2034 32.117830 8.621610
192 200751 16.760770 43.884640
192 201589 37.490710 24.765530
192 203115 35.795480 33.928890
192 203999 12.781680 25.907870
204 -1 14.239920 33.148730
204 2225 11.361390 29.767300
204 2564 31.640630 18.836490
204 201980 11.906040 14.448010
204 202695 22.940960 34.306050
204 1626246 8.625010 25.117720
204 2034 33.283020 8.977150
204 200751 17.116860 42.940890
204 201589 38.989020 24.832130
204 203115 36.853320 33.898880
204 203999 12.762290 26.798810
216 -1 15.832150 34.478220
216 2225 11.929290 30.080490
216 2564 32.808620 18.532370
216 201980 12.099050 14.334070
216 202695 22.495390 34.907430
216 1626246 8.484930 25.666090
216 2034 34.459840 9.251570
216 200751 17.406450 41.750140
216 201589 40.476930 24.848960
216 203115 37.917280 33.926830
216 203999 12.865250 27.635690
228 -1 17.446960 35.767860
228 2225 12.575150 30.480750
228 2564 33.979600 18.195570
228 201980 12.301380 14.296230
228 202695 21.735750 35.457660
228 1626246 8.649900 26.083430
228 2034 35.621010 9.520740
228 200751 17.637410 40.546450
228 201589 41.988500 24.843170
228 203115 38.931570 34.047900
228 203999 13.052090 28.408660
240 -1 18.268760 36.329340
240 2225 13.258090 31.034910
240 2564 35.098290 17.902810
240 201980 12.521940 14.175220
240 202695 20.987970 35.931070
240 1626246 8.937410 26.437730
240 2034 36.821710 9.798390
240 200751 17.905000 39.411560
240 201589 43.473310 24.736580
240 203115 39.948500 34.252810
240 203999 13.191890 29.026770
252 -1 17.085500 35.644010
252 2225 13.855950 31.800480
252 2564 36.174910 17.634910
252 201980 12.550660 14.194600
252 202695 20.498490 36.285370
252 1626246 9.361210 26.674850
252 2034 37.996590 10.040530
252 200751 18.151960 38.375830
252 201589 44.964650 24.578020
252 203115 40.917850 34.538610
252 203999 13.498410 29.601470
264 -1 16.170550 35.049700
264 2225 14.378700 32.706630
264 2564 37.256560 17.287050
264 201980 12.586410 14.279960
264 202695 20.200410 36.488580
264 1626246 9.878880 26.796100
264 2034 39.144190 10.266100
264 200751 18.356930 37.518910
264 201589 46.400540 24.445950
264 203115 41.780530 34.839380
264 203999 13.756870 30.059840
276 -1 15.544240 35.100910
276 2225 14.729730 33.596880
276 2564 38.341430 16.928040
276 201980 12.586520 14.417810
276 202695 20.071270 36.598920
276 1626246 10.430330 26.797520
276 2034 40.273400 10.469230
276 200751 18.394820 36.976020
276 201589 47.745800 24.322690
276 203115 42.492310 35.107050
276 203999 14.117290 30.472540
288 -1 15.056960 35.258480
288 2225 14.997420 34.555370
288 2564 39.407640 16.585620
288 201980 12.596950 14.458550
288 202695 20.115070 36.561640
288 1626246 11.018510 26.821010
288 2034 41.371880 10.656800
288 200751 18.340500 36.549460
288 201589 48.983640 24.185040
288 203115 43.172430 35.288860
288 203999 14.325820 30.860130