0 -1 62.913370 25.765490
0 201945 85.927070 37.091410
0 202334 89.131770 14.613680
0 204025 67.789370 27.451810
0 203086 82.472860 22.814110
0 203090 78.473020 26.572770
0 2749 62.941960 25.762240
0 200751 86.921250 48.040970
0 201589 90.666930 6.264890
0 203115 74.102320 28.844790
0 203999 80.597510 19.624000
12 -1 64.173170 25.632640
12 201945 86.039370 36.911480
12 202334 89.031490 14.573240
12 204025 67.086620 27.420710
12 203086 82.832790 22.572740
12 203090 78.742570 27.530410
12 2749 62.989950 25.638160
12 200751 86.584580 47.925240
12 201589 90.502670 6.399590
12 203115 73.955390 29.929250
12 203999 80.879700 19.935930
24 -1 66.748540 25.722760
24 201945 86.085870 36.655050
24 202334 88.921230 14.614680
24 204025 66.333880 27.426370
24 203086 83.114520 22.544260
24 203090 78.922710 28.401850
24 2749 63.188030 25.529140
24 200751 86.208840 47.790790
24 201589 90.363320 6.613000
24 203115 73.813540 30.999460
24 203999 81.086870 20.132480
36 -1 69.392230 25.733940
36 201945 86.078870 36.370210
36 202334 88.796950 14.529840
36 204025 65.585810 27.377620
36 203086 83.262160 22.392320
36 203090 79.091280 29.180090
36 2749 63.350250 25.373510
36 200751 85.809940 47.621530
36 201589 90.242790 6.878210
36 203115 73.587880 31.930370
36 203999 81.180880 20.198610
48 -1 71.828620 25.645540
48 201945 86.012540 36.062160
48 202334 88.562440 14.466380
48 204025 64.819010 27.206730
48 203086 83.363310 22.345660
48 203090 79.106780 30.047580
48 2749 63.423620 25.252730
48 200751 85.421860 47.396800
48 201589 90.058790 7.197520
48 203115 73.211980 32.744710
48 203999 81.340660 20.146930
60 -1 74.362990 25.831560
60 201945 85.956300 35.671170
60 202334 88.241570 14.441650
60 204025 63.943010 27.166240
60 203086 83.265750 22.499290
60 203090 79.060170 30.876480
60 2749 63.394130 25.085300
60 200751 85.007880 47.151940
60 201589 89.851880 7.593910
60 203115 72.720640 33.491760
60 203999 81.639150 20.118450
72 -1 76.570140 25.760770
72 201945 85.929440 35.233990
72 202334 87.905440 14.424470
72 204025 62.936340 27.165340
72 203086 83.077340 22.649560
72 203090 78.944540 31.633630
72 2749 63.307650 24.901670
72 200751 84.537580 46.890870
72 201589 89.564350 8.060320
72 203115 72.158340 34.153530
72 203999 81.982540 20.108230
84 -1 79.012030 25.858010
84 201945 85.933910 34.754600
84 202334 87.565460 14.535550
84 204025 61.842810 27.113280
84 203086 83.017000 22.649560
84 203090 78.729840 32.342060
84 2749 63.080310 24.663580
84 200751 84.040940 46.626730
84 201589 89.176090 8.537730
84 203115 71.459580 34.725530
84 203999 82.451560 20.099430
96 -1 81.587440 25.880420
96 201945 85.938030 34.200590
96 202334 87.266250 14.899080
96 204025 60.586500 27.019370
96 203086 83.095870 22.929730
96 203090 78.438970 32.957320
96 2749 62.801600 24.422950
96 200751 83.525470 46.346850
96 201589 88.699020 9.023010
96 203115 70.623470 35.202520
96 203999 83.015070 20.012220
108 -1 83.987710 25.987960
108 201945 85.908680 33.605390
108 202334 87.248170 15.377950
108 204025 59.156380 26.971380
108 203086 83.481810 23.081150
108 203090 78.131190 33.444420
108 2749 62.534620 24.075150
108 200751 82.992430 46.034050
108 201589 88.180160 9.554140
108 203115 69.738480 35.592730
108 203999 83.643220 20.007320
120 -1 86.353830 26.178240
120 201945 85.822890 33.039720
120 202334 87.293910 15.891820
120 204025 57.654250 26.827920
120 203086 84.112820 22.932960
120 203090 77.734470 33.851930
120 2749 62.196560 23.862790
120 200751 82.471750 45.716960
120 201589 87.552600 10.113690
120 203115 68.880000 35.890980
120 203999 84.292390 20.053430
132 -1 88.038850 26.444280
132 201945 85.700630 32.453550
132 202334 87.310100 16.412940
132 204025 56.138290 26.693460
132 203086 84.502410 22.785300
132 203090 77.296690 34.191310
132 2749 61.755920 23.681440
132 200751 81.986100 45.393090
132 201589 86.856530 10.672370
132 203115 68.003330 36.119970
132 203999 84.625690 20.152950
144 -1 88.089910 26.340750
144 201945 85.481560 31.827020
144 202334 87.255130 16.770300
144 204025 54.584820 26.624360
144 203086 84.817320 22.662040
144 203090 76.866240 34.464520
144 2749 61.212540 23.505430
144 200751 81.508170 45.070460
144 201589 86.038150 11.257470
144 203115 67.138450 36.281870
144 203999 84.853690 20.279200
156 -1 86.116800 26.240480
156 201945 84.917880 31.176090
156 202334 87.073750 17.100090
156 204025 52.975200 26.633700
156 203086 85.030820 22.501810
156 203090 76.412140 34.646890
156 2749 60.567690 23.313670
156 200751 81.045130 44.747480
156 201589 85.091390 11.847410
156 203115 66.232000 36.370030
156 203999 85.111160 20.454360
168 -1 83.974910 26.228240
168 201945 84.286780 30.515930
168 202334 86.650090 17.318950
168 204025 51.310800 26.717130
168 203086 84.931580 22.412220
168 203090 75.903090 34.752830
168 2749 59.779580 23.194600
168 200751 80.558940 44.414720
168 201589 84.066800 12.417600
168 203115 65.281000 36.401790
168 203999 85.300560 20.662370
180 -1 81.986940 26.241110
180 201945 83.459540 29.787920
180 202334 86.061540 17.543110
180 204025 49.609240 26.825800
180 203086 84.920930 22.621060
180 203090 75.312640 34.822140
180 2749 58.873010 23.064140
180 200751 79.994640 44.055820
180 201589 82.952040 12.955900
180 203115 64.249920 36.396990
180 203999 85.200120 20.836630
192 -1 80.121140 26.145970
192 201945 82.408610 28.985440
192 202334 85.301910 17.647100
192 204025 47.812510 26.908090
192 203086 85.402900 23.128970
192 203090 74.670250 34.871310
192 2749 57.797170 22.953470
192 200751 79.325750 43.667350
192 201589 81.674530 13.500030
192 203115 63.141520 36.334380
192 203999 85.244650 21.060060
204 -1 78.480010 26.092540
204 201945 81.038730 28.096900
204 202334 84.464100 17.881360
204 204025 45.984210 26.987540
204 203086 85.836030 23.585130
204 203090 73.988120 34.922360
204 2749 56.592430 22.885010
204 200751 78.509060 43.233320
204 201589 80.249680 13.997800
204 203115 62.009980 36.213160
204 203999 84.841310 21.360400
216 -1 77.074170 26.006120
216 201945 79.744990 27.203600
216 202334 83.541570 18.097110
216 204025 44.111010 27.078970
216 203086 86.310820 24.110640
216 203090 73.241960 34.977520
216 2749 55.278350 22.904880
216 200751 77.615440 42.759700
216 201589 78.663570 14.480110
216 203115 60.865580 36.064270
216 203999 84.129160 21.704300
228 -1 75.805210 25.709790
228 201945 78.176550 26.265710
228 202334 82.290150 18.180290
228 204025 42.229910 27.170970
228 203086 86.880960 24.675130
228 203090 72.415930 35.055140
228 2749 53.813090 22.984590
228 200751 76.583520 42.269070
228 201589 76.926870 14.956120
228 203115 59.647130 35.922630
228 203999 83.231280 21.982420
240 -1 74.681960 25.345380
240 201945 76.450760 25.340310
240 202334 80.816580 18.037010
240 204025 40.315160 27.197610
240 203086 87.206210 25.069670
240 203090 71.439690 35.140220
240 2749 52.198070 23.046280
240 200751 75.438020 41.768790
240 201589 75.001980 15.437640
240 203115 58.314130 35.758360
240 203999 82.160320 22.368590
252 -1 73.660500 24.785660
252 201945 74.626710 24.381970
252 202334 79.242440 18.151290
252 204025 38.381560 27.252360
252 203086 87.193520 25.268900
252 203090 70.281490 35.201880
252 2749 50.495020 23.115620
252 200751 74.214440 41.249200
252 201589 73.003040 15.899790
252 203115 56.914460 35.578270
252 203999 80.954480 22.882650