0 -1 17.125440 46.554060
0 201564 13.105440 2.113640
0 202328 11.012550 36.731260
0 203114 30.100850 30.420970
0 203487 25.252700 10.094520
0 203507 17.103950 46.825630
0 2749 23.007420 28.699290
0 200751 10.544370 11.299140
0 202702 14.202110 38.362200
0 201568 10.046130 34.263560
0 203530 19.437610 17.815660
12 -1 16.579020 46.324340
12 201564 13.006700 2.184440
12 202328 11.178530 36.449890
12 203114 30.461330 30.268700
12 203487 25.223650 9.910690
12 203507 16.935140 46.783720
12 2749 22.808870 28.583320
12 200751 10.402820 11.767990
12 202702 14.439160 39.215790
12 201568 9.971180 34.219440
12 203530 19.115430 17.783030
24 -1 16.224050 45.273400
24 201564 12.916350 2.275750
24 202328 11.434140 36.154320
24 203114 30.820760 30.163450
24 203487 25.206320 9.781560
24 203507 16.799800 46.600400
24 2749 22.571750 28.464660
24 200751 10.300620 12.108500
24 202702 14.707820 40.192110
24 201568 9.901440 34.251620
24 203530 18.670410 17.872550
36 -1 15.167400 43.142900
36 201564 12.868460 2.374600
36 202328 11.726710 36.112210
36 203114 31.169060 30.108620
36 203487 25.222730 9.727900
36 203507 16.637900 46.487570
36 2749 22.301630 28.247660
36 200751 10.159740 12.514030
36 202702 14.980810 41.166440
36 201568 9.888910 34.285620
36 203530 18.140010 18.054870
48 -1 13.427470 39.910130
48 201564 12.865300 2.494360
48 202328 12.095910 36.272850
48 203114 31.431350 30.211320
48 203487 25.288900 9.720790
48 203507 16.520480 46.197380
48 2749 21.986370 27.935700
48 200751 9.990350 12.924670
48 202702 15.270320 41.922740
48 201568 9.982320 34.330620
48 203530 17.632210 18.292470
60 -1 12.725140 38.497340
60 201564 12.935530 2.634500
60 202328 12.571200 36.470630
60 203114 31.659210 30.337960
60 203487 25.411550 9.774490
60 203507 16.475030 45.841290
60 2749 21.603690 27.944360
60 200751 9.816470 13.382690
60 202702 15.534810 42.549900
60 201568 10.185380 34.381510
60 203530 16.824190 18.753790
72 -1 11.849310 36.542760
72 201564 13.081250 2.799540
72 202328 13.014490 36.933700
72 203114 31.943030 30.279990
72 203487 25.598470 9.895450
72 203507 16.371040 45.770530
72 2749 21.175660 27.756200
72 200751 9.695930 13.737610
72 202702 15.847670 43.074110
72 201568 10.440730 34.392480
72 203530 15.936070 19.281610
84 -1 10.937590 34.640870
84 201564 13.310820 2.988430
84 202328 13.523140 37.395740
84 203114 32.186620 30.116780
84 203487 25.855330 10.086740
84 203507 16.240280 45.875920
84 2749 20.742940 27.611430
84 200751 9.533310 14.279820
84 202702 16.121110 43.625550
84 201568 10.728070 34.426560
84 203530 15.148500 19.743150
96 -1 9.942150 32.634110
96 201564 13.598180 3.221890
96 202328 14.094450 37.525460
96 203114 32.423940 29.840440
96 203487 26.163910 10.322390
96 203507 16.162450 46.005110
96 2749 20.301770 27.461110
96 200751 9.382470 14.796780
96 202702 16.405980 44.122740
96 201568 11.030950 34.362630
96 203530 14.301720 20.256530
108 -1 8.945120 30.627490
108 201564 13.950480 3.474630
108 202328 14.732650 37.504830
108 203114 32.706820 29.591300
108 203487 26.503810 10.610180
108 203507 16.109540 46.298670
108 2749 19.873870 27.302340
108 200751 9.238780 15.265310
108 202702 16.662450 44.665090
108 201568 11.301110 34.225320
108 203530 13.336260 20.819900
120 -1 8.038810 28.804090
120 201564 14.316520 3.767740
120 202328 15.414490 37.454400
120 203114 33.029460 29.313110
120 203487 26.860540 10.940730
120 203507 16.044980 46.687440
120 2749 19.468250 27.063720
120 200751 9.067300 15.723710
120 202702 16.997280 45.152000
120 201568 11.567590 33.987170
120 203530 12.569600 21.242920
132 -1 7.043400 26.782120
132 201564 14.694170 4.109280
132 202328 16.069850 37.378490
132 203114 33.351610 29.100600
132 203487 27.214700 11.307480
132 203507 16.099710 46.814180
132 2749 19.097890 26.821340
132 200751 8.867110 16.179500
132 202702 17.402470 45.469170
132 201568 11.826400 33.799850
132 203530 11.894950 21.652090
144 -1 6.428520 24.958100
144 201564 15.041030 4.511200
144 202328 16.791830 37.328340
144 203114 33.707810 29.030490
144 203487 27.532980 11.701120
144 203507 16.185650 46.869470
144 2749 18.757300 26.488380
144 200751 8.632320 16.598200
144 202702 17.749140 45.721690
144 201568 12.064330 33.566600
144 203530 11.134130 22.096890
156 -1 6.428610 23.268320
156 201564 15.413900 4.919700
156 202328 17.565430 37.435410
156 203114 34.121120 29.012770
156 203487 27.877450 12.164720
156 203507 16.379240 46.883480
156 2749 18.450340 26.084710
156 200751 8.395960 16.991340
156 202702 18.087880 45.836150
156 201568 12.234140 33.421600
156 203530 10.447250 22.508820
168 -1 6.936170 21.599950
168 201564 15.815080 5.377310
168 202328 18.375570 37.585570
168 203114 34.534210 28.962060
168 203487 28.284430 12.633050
168 203507 16.526780 46.904150
168 2749 18.224620 25.524090
168 200751 8.151860 17.325280
168 202702 18.484370 45.875040
168 201568 12.337090 33.303750
168 203530 9.825530 22.848900
180 -1 7.325310 20.116260
180 201564 16.320850 5.868920
180 202328 19.158030 37.732880
180 203114 34.991230 28.911840
180 203487 28.745300 13.111470
180 203507 16.753770 46.936460
180 2749 18.100570 24.821240
180 200751 7.952870 17.578670
180 202702 18.893930 45.976030
180 201568 12.395770 33.144280
180 203530 9.249650 23.101970
192 -1 7.861370 18.628470
192 201564 16.929450 6.362120
192 202328 19.973700 37.802820
192 203114 35.519190 28.771690
192 203487 29.289570 13.617130
192 203507 17.030600 46.892360
192 2749 18.113130 23.929790
192 200751 7.781050 17.753480
192 202702 19.402540 46.082490
192 201568 12.407630 32.897990
192 203530 8.733570 23.226690
204 -1 8.064370 17.555910
204 201564 17.674610 6.850690
204 202328 20.785900 37.906060
204 203114 36.145500 28.531100
204 203487 29.972350 14.193810
204 203507 17.390070 46.811400
204 2749 18.293930 22.908280
204 200751 7.641500 17.858510
204 202702 20.095730 46.099130
204 201568 12.461190 32.674810
204 203530 8.320630 23.345960
216 -1 7.857750 17.463630
216 201564 18.543100 7.388940
216 202328 21.657110 37.913600
216 203114 36.853640 28.285090
216 203487 30.649140 14.750350
216 203507 17.793010 46.632670
216 2749 18.647880 21.789880
216 200751 7.559020 17.863430
216 202702 20.993920 46.115640
216 201568 12.592540 32.403970
216 203530 7.990300 23.450010
228 -1 7.887390 17.672810
228 201564 19.499470 7.908920
228 202328 22.589490 37.809090
228 203114 37.670350 28.039880
228 203487 31.333160 15.342870
228 203507 18.431190 46.290470
228 2749 19.189640 20.697150
228 200751 7.547200 17.841830
228 202702 22.014820 46.198980
228 201568 12.847310 32.136740
228 203530 7.776450 23.592200