0 -1 73.055960 6.175200
0 202330 79.560780 34.721420
0 202324 80.775350 15.376160
0 203918 72.651560 10.686740
0 203526 82.224330 28.378290
0 1626168 83.604440 30.563570
0 2749 83.209570 44.039120
0 202702 75.749260 11.516730
0 201568 76.903760 43.176140
0 203914 72.858660 6.354260
0 203530 82.531350 37.607960
12 -1 73.732770 6.929570
12 202330 79.003710 34.818300
12 202324 80.831830 15.222290
12 203918 71.947430 10.217590
12 203526 83.031160 28.198290
12 1626168 84.168420 30.295280
12 2749 83.521470 44.411830
12 202702 75.592240 11.522150
12 201568 76.236910 42.885010
12 203914 72.778350 6.344680
12 203530 83.129010 37.399550
24 -1 75.237400 8.773910
24 202330 78.595440 34.827690
24 202324 80.956390 15.205660
24 203918 71.255720 9.469310
24 203526 83.713170 28.292540
24 1626168 84.763550 30.206250
24 2749 83.725300 44.733990
24 202702 75.306950 11.535320
24 201568 75.599170 42.586440
24 203914 72.851190 6.403720
24 203530 83.739080 37.078580
36 -1 76.732950 10.612110
36 202330 78.241110 34.721050
36 202324 81.140020 15.295610
36 203918 70.822660 8.561500
36 203526 84.296360 28.505410
36 1626168 85.383650 30.149660
36 2749 83.833400 45.008240
36 202702 74.941780 11.554800
36 201568 74.967970 42.267020
36 203914 72.909350 6.403040
36 203530 84.319820 36.631820
48 -1 78.149890 12.495400
48 202330 78.059010 34.509680
48 202324 81.393880 15.494380
48 203918 70.383890 7.614250
48 203526 84.692490 28.889680
48 1626168 86.017570 30.080980
48 2749 83.883480 45.169790
48 202702 74.542310 11.680630
48 201568 74.334280 41.854010
48 203914 72.998890 6.445890
48 203530 84.767520 36.121590
60 -1 79.631200 14.287080
60 202330 77.872060 34.175290
60 202324 81.572120 15.794570
60 203918 69.878250 6.623840
60 203526 84.903550 29.231130
60 1626168 86.587000 30.033840
60 2749 83.824930 45.212580
60 202702 74.002930 11.770010
60 201568 73.644920 41.531280
60 203914 72.932450 6.285040
60 203530 85.189820 35.506850
72 -1 81.081880 16.106050
72 202330 77.806200 33.716000
72 202324 81.578580 16.174020
72 203918 69.393410 5.743610
72 203526 84.926930 29.657330
72 1626168 86.998270 30.001390
72 2749 83.725920 45.124610
72 202702 73.517550 11.988220
72 201568 72.946100 41.108540
72 203914 72.713310 6.030240
72 203530 85.405910 34.854970
84 -1 82.488880 17.857260
84 202330 77.752670 33.189500
84 202324 81.424890 16.599720
84 203918 68.975490 5.056220
84 203526 84.794430 30.010050
84 1626168 87.307120 29.983560
84 2749 83.568800 44.897180
84 202702 72.979440 12.247570
84 201568 72.175160 40.696910
84 203914 72.307470 5.650380
84 203530 85.796500 34.151860
96 -1 83.930640 19.488660
96 202330 77.702430 32.619100
96 202324 81.031090 17.011840
96 203918 68.610870 4.558430
96 203526 84.553030 30.240630
96 1626168 87.543730 29.897500
96 2749 83.349340 44.524610
96 202702 72.320270 12.495540
96 201568 71.355700 40.310160
96 203914 71.708750 5.193030
96 203530 86.208540 33.421610
108 -1 85.313160 21.162690
108 202330 77.663460 32.010780
108 202324 80.514960 17.387880
108 203918 68.281640 4.210770
108 203526 84.399550 30.302410
108 1626168 87.660610 29.877070
108 2749 83.061060 44.019020
108 202702 71.505370 12.670270
108 201568 70.470580 39.955820
108 203914 70.984370 4.616220
108 203530 86.400140 32.689660
120 -1 86.626260 22.840860
120 202330 77.677720 31.434660
120 202324 79.993020 17.738550
120 203918 67.888420 3.935670
120 203526 84.326250 30.589130
120 1626168 87.536640 29.697650
120 2749 82.694170 43.383660
120 202702 70.757570 12.966550
120 201568 69.581280 39.612190
120 203914 70.260280 4.155720
120 203530 86.415240 32.020190
132 -1 87.979330 24.288220
132 202330 77.704380 30.849030
132 202324 79.524710 18.048930
132 203918 67.498570 3.712470
132 203526 84.330650 30.782820
132 1626168 87.289550 29.413740
132 2749 82.255350 42.646550
132 202702 69.884650 13.190160
132 201568 68.700630 39.310390
132 203914 69.477870 3.627310
132 203530 86.503000 31.381380
144 -1 86.539240 23.600640
144 202330 77.730510 30.206550
144 202324 79.095750 18.329090
144 203918 67.047380 3.505090
144 203526 84.430790 31.037320
144 1626168 87.007670 29.007600
144 2749 81.698310 41.818340
144 202702 68.936270 13.432850
144 201568 67.790320 38.979380
144 203914 68.605600 3.095820
144 203530 86.434380 30.854030
156 -1 85.301200 22.884530
156 202330 77.714570 29.535440
156 202324 78.808370 18.612790
156 203918 66.468230 3.304760
156 203526 84.554730 31.375990
156 1626168 86.802790 28.569080
156 2749 81.024230 40.939640
156 202702 67.934380 13.749780
156 201568 66.855360 38.597750
156 203914 67.789140 2.651630
156 203530 86.264790 30.389130
168 -1 83.977340 22.210380
168 202330 77.587660 28.797720
168 202324 78.452800 18.857500
168 203918 65.609290 3.010500
168 203526 84.527520 31.790040
168 1626168 86.610210 27.986640
168 2749 80.223550 40.061550
168 202702 66.918310 14.154520
168 201568 65.926450 38.190150
168 203914 67.025730 2.327880
168 203530 86.268060 29.999380
180 -1 82.589960 21.461530
180 202330 77.330000 28.043860
180 202324 78.134620 19.016850
180 203918 64.765990 2.798070
180 203526 84.407730 32.052160
180 1626168 86.567690 27.494190
180 2749 79.310730 39.174770
180 202702 65.845810 14.627110
180 201568 64.914370 37.757550
180 203914 66.269160 2.091910
180 203530 86.363570 29.537130
192 -1 81.288830 20.743190
192 202330 76.986900 27.295320
192 202324 77.920900 19.115630
192 203918 63.679230 2.610670
192 203526 84.279170 32.436120
192 1626168 86.447080 27.051290
192 2749 78.291250 38.260490
192 202702 64.743760 15.160980
192 201568 63.810360 37.275360
192 203914 65.513650 2.122560
192 203530 86.346470 29.071220
204 -1 80.047140 19.901580
204 202330 76.622740 26.559230
204 202324 77.761790 19.158890
204 203918 62.303850 2.510620
204 203526 84.029980 32.771720
204 1626168 86.109830 26.759010
204 2749 77.197460 37.367880
204 202702 63.591900 15.716490
204 201568 62.706090 36.819420
204 203914 64.675350 2.291090
204 203530 86.104930 28.702020
216 -1 78.775660 19.433630
216 202330 76.178970 25.829910
216 202324 77.608920 19.156110
216 203918 60.812390 2.475800
216 203526 83.710390 33.073920
216 1626168 85.509440 26.610650
216 2749 75.993030 36.519300
216 202702 62.419960 16.266500
216 201568 61.534310 36.315920
216 203914 63.736200 2.606740
216 203530 85.808420 28.351980
228 -1 78.021550 19.121880
228 202330 75.612590 25.052360
228 202324 77.573930 19.131990
228 203918 59.373240 2.534520
228 203526 83.379340 33.438660
228 1626168 84.877050 26.684270
228 2749 74.695840 35.736090
228 202702 61.191170 16.726960
228 201568 60.307450 35.749870
228 203914 62.590870 3.020450
228 203530 85.327060 28.075920
240 -1 77.406640 18.774820
240 202330 75.048080 24.304560
240 202324 77.559320 19.112260
240 203918 57.644560 2.570830
240 203526 82.874310 33.857120
240 1626168 84.220080 26.863670
240 2749 73.325580 35.048980
240 202702 59.907750 17.139910
240 201568 59.095120 35.199570
240 203914 61.282340 3.571530
240 203530 84.543080 27.950350
252 -1 77.160720 19.004530
252 202330 74.433310 23.477440
252 202324 77.499500 19.102300
252 203918 55.873780 2.595120
252 203526 82.161390 34.239790
252 1626168 83.596410 26.964700
252 2749 71.858640 34.435330
252 202702 58.556790 17.483090
252 201568 57.833330 34.639100
252 203914 59.780900 4.101750
252 203530 83.649450 27.833120
264 -1 76.520460 19.048140
264 202330 73.696560 22.567550
264 202324 77.387690 19.115720
264 203918 54.043890 2.599310
264 203526 81.292980 34.651810
264 1626168 82.821500 26.737030
264 2749 70.308630 33.911540
264 202702 57.203630 17.770540
264 201568 56.489660 34.004810
264 203914 58.139870 4.657170
264 203530 82.501560 27.605190