0 -1 84.987700 27.406090
0 203138 85.769730 33.875010
0 204456 73.810960 29.883760
0 203917 78.725420 16.810180
0 203924 81.387950 25.868160
0 203457 86.271780 24.047020
0 101141 58.112250 15.419060
0 202704 66.376110 29.683250
0 202694 85.185990 47.432450
0 203484 69.838200 4.746550
0 203083 84.789250 26.652550
12 -1 85.896070 27.782820
12 203138 86.024330 33.120650
12 204456 73.987970 29.974460
12 203917 79.481710 16.982620
12 203924 82.377170 26.311610
12 203457 86.434120 24.237650
12 101141 58.845950 15.575870
12 202704 66.068270 29.678100
12 202694 85.572300 47.479130
12 203484 70.701730 4.744610
12 203083 85.263180 26.478220
24 -1 87.070560 27.823450
24 203138 86.241430 32.471750
24 204456 74.138990 29.992250
24 203917 80.240570 17.151270
24 203924 83.247640 26.979900
24 203457 86.457250 24.518520
24 101141 59.468940 15.670230
24 202704 65.736780 29.747190
24 202694 85.841630 47.538610
24 203484 71.504180 4.741130
24 203083 85.678930 26.156520
36 -1 88.050190 27.343760
36 203138 86.385250 31.733370
36 204456 74.315160 29.936620
36 203917 80.914020 17.312430
36 203924 84.252920 27.452850
36 203457 86.589610 24.886950
36 101141 60.011640 15.725170
36 202704 65.378340 29.827360
36 202694 85.961010 47.573720
36 203484 72.215820 4.890950
36 203083 86.020930 26.331710
48 -1 88.675620 26.558980
48 203138 86.504830 31.181630
48 204456 74.531770 29.840530
48 203917 81.630700 17.497500
48 203924 85.229240 27.869470
48 203457 86.788730 25.175750
48 101141 60.518400 15.751610
48 202704 65.005460 29.859190
48 202694 85.954730 47.578650
48 203484 72.817370 5.136520
48 203083 86.418900 26.632710
60 -1 89.436930 25.916640
60 203138 86.670950 30.913910
60 204456 74.767660 29.631010
60 203917 82.345380 17.753380
60 203924 86.219590 27.993210
60 203457 87.024050 25.220400
60 101141 60.946700 15.718660
60 202704 64.601260 29.843330
60 202694 85.823010 47.568100
60 203484 73.301720 5.237570
60 203083 86.881830 26.819220
72 -1 89.359590 25.500340
72 203138 86.844830 30.861410
72 204456 75.042080 29.368710
72 203917 82.971670 18.043890
72 203924 87.033490 27.902590
72 203457 87.423570 25.119820
72 101141 61.334240 15.613550
72 202704 64.169380 29.760160
72 202694 85.620090 47.529580
72 203484 73.741890 5.463160
72 203083 87.330570 27.088080
84 -1 88.597170 24.947870
84 203138 87.005830 30.896320
84 204456 75.343160 29.110290
84 203917 83.509020 18.284900
84 203924 87.845400 27.876720
84 203457 87.847040 24.908950
84 101141 61.665630 15.572980
84 202704 63.741840 29.678110
84 202694 85.365740 47.459980
84 203484 74.201600 5.779900
84 203083 87.893500 27.737660
96 -1 88.085620 24.852620
96 203138 87.167780 31.070260
96 204456 75.637740 28.831650
96 203917 84.067940 18.468250
96 203924 88.604020 28.290190
96 203457 88.110890 24.482650
96 101141 61.915380 15.549420
96 202704 63.296640 29.621380
96 202694 85.080030 47.365470
96 203484 74.638950 6.084870
96 203083 88.682230 28.219100
108 -1 87.865430 24.728900
108 203138 87.285460 31.210410
108 204456 75.946320 28.566370
108 203917 84.493960 18.560790
108 203924 89.391300 28.798200
108 203457 88.335000 24.126430
108 101141 62.073060 15.546500
108 202704 62.820750 29.587560
108 202694 84.765710 47.237890
108 203484 74.992700 6.338550
108 203083 89.493530 28.690370
120 -1 87.672100 24.665250
120 203138 87.401940 31.305490
120 204456 76.294700 28.327580
120 203917 84.736200 18.573200
120 203924 90.180810 29.486460
120 203457 88.371130 23.981570
120 101141 62.117510 15.567700
120 202704 62.298730 29.547960
120 202694 84.431430 47.074990
120 203484 75.258560 6.783890
120 203083 90.168350 29.359670
132 -1 87.753590 24.787170
132 203138 87.548700 31.300530
132 204456 76.646480 28.057070
132 203917 84.790000 18.535130
132 203924 90.946480 30.197360
132 203457 88.380330 23.793070
132 101141 62.000120 15.739070
132 202704 61.753770 29.529050
132 202694 84.060860 46.862340
132 203484 75.539260 7.348820
132 203083 90.786360 30.086740
144 -1 87.739730 24.781490
144 203138 87.642060 31.189110
144 204456 77.019990 27.726570
144 203917 84.699490 18.540550
144 203924 91.553190 30.512730
144 203457 88.336140 23.598300
144 101141 61.789460 15.969650
144 202704 61.193770 29.476580
144 202694 83.664580 46.630210
144 203484 75.731320 7.935080
144 203083 91.343730 30.437890
156 -1 87.786700 24.996540
156 203138 87.643970 30.947080
156 204456 77.407360 27.382610
156 203917 84.679080 18.663160
156 203924 91.949510 30.425600
156 203457 88.446750 23.524280
156 101141 61.608330 16.266850
156 202704 60.618400 29.389320
156 202694 83.213340 46.377600
156 203484 75.748370 8.425400
156 203083 91.648660 30.414260
168 -1 87.801200 25.099620
168 203138 87.620040 30.595180
168 204456 77.773450 27.087500
168 203917 84.613570 18.853800
168 203924 92.139480 30.167620
168 203457 88.507620 23.436280
168 101141 61.320160 16.513340
168 202704 60.045670 29.277860
168 202694 82.695350 46.137090
168 203484 75.777010 9.005880
168 203083 91.772170 30.142200
180 -1 87.632560 25.365100
180 203138 87.531450 30.069670
180 204456 78.112350 26.828930
180 203917 84.622380 19.098020
180 203924 92.089390 29.675800
180 203457 88.573670 23.372710
180 101141 61.053360 16.801870
180 202704 59.495870 29.159450
180 202694 82.137420 45.897340
180 203484 75.887370 9.577330
180 203083 91.836760 29.669330
192 -1 87.387010 25.439720
192 203138 87.389410 29.423320
192 204456 78.452140 26.670880
192 203917 84.705990 19.399170
192 203924 91.887830 29.200140
192 203457 88.613050 23.287010
192 101141 60.786630 16.946300
192 202704 58.965830 29.017480
192 202694 81.559190 45.678980
192 203484 75.941980 10.042580
192 203083 91.782870 29.177510
204 -1 86.893990 25.568770
204 203138 87.224390 28.687040
204 204456 78.779540 26.628870
204 203917 84.836070 19.715400
204 203924 91.515110 28.852030
204 203457 88.661940 23.276590
204 101141 60.508250 17.042730
204 202704 58.432610 28.909580
204 202694 80.969770 45.443920
204 203484 76.040010 10.610830
204 203083 91.583900 28.462260
216 -1 85.299720 25.307860
216 203138 87.099940 27.886680
216 204456 79.116060 26.625100
216 203917 84.816360 20.019360
216 203924 91.180230 28.499810
216 203457 88.656790 23.186590
216 101141 60.144500 17.050510
216 202704 57.912250 28.794780
216 202694 80.384200 45.171030
216 203484 76.272220 11.265110
216 203083 91.174680 27.938430
228 -1 84.131170 24.838490
228 203138 86.986470 27.109710
228 204456 79.442390 26.592530
228 203917 84.799970 20.316680
228 203924 90.699600 28.119860
228 203457 88.619230 23.117410
228 101141 59.776870 17.109430
228 202704 57.403840 28.697160
228 202694 79.824170 44.887650
228 203484 76.483620 11.899740
228 203083 90.707070 27.556300
240 -1 83.715750 25.022800
240 203138 86.836650 26.421610
240 204456 79.745220 26.657660
240 203917 84.675720 20.624210
240 203924 90.090110 27.846590
240 203457 88.606370 23.145600
240 101141 59.362810 17.133090
240 202704 56.945680 28.637450
240 202694 79.289860 44.619350
240 203484 76.612440 12.506690
240 203083 90.097580 27.283030
252 -1 83.606310 25.714920
252 203138 86.637540 25.775660
252 204456 80.073060 26.703560
252 203917 84.471360 20.892940
252 203924 89.582100 27.600690
252 203457 88.605720 23.235040
252 101141 58.998180 17.221020
252 202704 56.559830 28.594660
252 202694 78.760320 44.364140
252 203484 76.864510 13.189970
252 203083 89.589570 27.037130
264 -1 84.189020 25.617390
264 203138 86.217270 25.307740
264 204456 80.269420 26.761280
264 203917 84.247950 21.112840
264 203924 89.099170 27.234790
264 203457 88.550540 23.292700
264 101141 58.674240 17.332720
264 202704 56.265500 28.548320
264 202694 78.224080 44.163800
264 203484 77.090350 13.705680
264 203083 88.982220 27.002590
276 -1 84.283590 26.217730
276 203138 85.600430 24.553020
276 204456 80.560130 26.872560
276 203917 83.893940 21.226080
276 203924 88.537600 27.031170
276 203457 88.469510 23.441870
276 101141 58.417400 17.464080
276 202704 56.105710 28.542850
276 202694 77.705770 44.068120
276 203484 77.387730 14.178180
276 203083 88.508170 26.978170
288 -1 84.144110 26.588490
288 203138 84.932130 23.797740
288 204456 80.820530 27.045520
288 203917 83.536520 21.228970
288 203924 88.143710 26.922390
288 203457 88.363740 23.581540
288 101141 58.270060 17.567510
288 202704 56.077260 28.525910
288 202694 77.218150 44.057640
288 203484 77.769030 14.656730
288 203083 88.143710 26.922390
300 -1 84.838600 26.559490
300 203138 84.399510 23.121540
300 204456 81.012450 27.199100
300 203917 83.174100 21.190430
300 203924 87.926440 26.820380
300 203457 88.388600 23.749330
300 101141 58.205920 17.654290
300 202704 56.181990 28.471550
300 202694 76.766030 44.111110
300 203484 78.240150 15.224940
300 203083 87.926440 26.820380
312 -1 85.150240 26.110160
312 203138 84.100170 22.531990
312 204456 81.069940 27.446930
312 203917 82.875190 21.121670
312 203924 87.442300 26.723900
312 203457 88.339180 23.977200
312 101141 58.247590 17.678750
312 202704 56.398880 28.424730
312 202694 76.360380 44.220600
312 203484 78.681020 15.763280
312 203083 87.706000 26.436850
324 -1 85.143400 26.515760
324 203138 84.155800 21.811780
324 204456 81.222260 27.746400
324 203917 82.552850 21.003310
324 203924 87.073040 26.615040
324 203457 88.229490 24.323310
324 101141 58.381650 17.646550
324 202704 56.697830 28.384150
324 202694 76.024850 44.391250
324 203484 79.213070 16.317940
324 203083 87.561700 26.320380
336 -1 85.489600 26.106030
336 203138 84.315710 21.426750
336 204456 81.259970 28.107890
336 203917 82.300500 20.944020
336 203924 86.833970 26.485890
336 203457 88.235610 24.588860
336 101141 58.579350 17.574280
336 202704 57.015810 28.359300
336 202694 75.752240 44.575540
336 203484 79.782890 16.903520
336 203083 87.322630 26.191230