0 -1 64.782040 30.755430
0 2772 66.417390 19.598620
0 201976 85.994610 21.076650
0 201935 70.449960 34.758900
0 201977 82.491760 15.603420
0 203991 69.277130 29.633940
0 2738 86.482520 2.293740
0 101106 57.610750 14.615770
0 2733 86.413160 14.582670
0 202691 64.595330 30.288050
0 203110 66.857100 35.482440
12 -1 66.308290 30.304290
12 2772 66.648060 19.410190
12 201976 85.939970 21.362250
12 201935 70.988770 34.533090
12 201977 83.082280 15.973550
12 203991 68.546990 28.898320
12 2738 86.040790 2.234890
12 101106 58.422490 14.490780
12 2733 87.140010 15.330860
12 202691 64.786180 30.027900
12 203110 66.623000 35.679850
24 -1 68.527520 29.769040
24 2772 66.853590 19.250650
24 201976 85.960610 21.717020
24 201935 71.588710 34.192270
24 201977 83.489820 16.275100
24 203991 67.807720 28.344310
24 2738 85.553820 2.183700
24 101106 59.087280 14.372970
24 2733 87.816580 16.140710
24 202691 65.027180 29.785200
24 203110 66.386520 35.965570
36 -1 70.725040 29.297670
36 2772 67.007950 19.122430
36 201976 86.009530 22.108640
36 201935 72.247190 33.875540
36 201977 83.908730 16.642190
36 203991 67.041780 27.828990
36 2738 85.010060 2.157580
36 101106 59.587410 14.229520
36 2733 88.466140 17.054280
36 202691 65.253110 29.554990
36 203110 66.185520 36.273950
48 -1 72.670420 28.707160
48 2772 67.038440 18.928450
48 201976 86.054710 22.498410
48 201935 72.851380 33.632810
48 201977 84.352360 17.191990
48 203991 66.255250 27.380630
48 2738 84.453900 2.172280
48 101106 59.940220 14.124030
48 2733 88.968000 18.001430
48 202691 65.542970 29.345040
48 203110 65.911890 36.492990
60 -1 74.998640 28.412880
60 2772 67.019590 18.771050
60 201976 86.004590 22.855170
60 201935 73.286400 33.338340
60 201977 84.716240 17.816160
60 203991 65.439090 26.937790
60 2738 83.921260 2.253560
60 101106 60.148750 13.996910
60 2733 89.418250 19.052530
60 202691 65.892610 29.244330
60 203110 65.541640 36.716330
72 -1 77.109240 27.934460
72 2772 67.042270 18.745600
72 201976 86.032330 23.246000
72 201935 73.709300 33.122850
72 201977 85.136240 18.315730
72 203991 64.606580 26.555220
72 2738 83.334850 2.369540
72 101106 60.187910 13.886280
72 2733 89.785600 20.182290
72 202691 66.230470 29.024320
72 203110 65.086440 36.817650
84 -1 79.158140 27.567530
84 2772 67.088450 18.711110
84 201976 86.001350 23.629750
84 201935 74.155540 32.963250
84 201977 85.773100 18.813180
84 203991 63.759140 26.115460
84 2738 82.718000 2.499390
84 101106 60.109030 13.792710
84 2733 90.096500 21.393210
84 202691 66.687390 28.887580
84 203110 64.588840 36.922650
96 -1 81.169710 26.906750
96 2772 67.247670 18.576790
96 201976 85.873500 24.036660
96 201935 74.649870 32.771420
96 201977 86.418900 19.471220
96 203991 62.975790 25.732420
96 2738 82.107570 2.638860
96 101106 59.929660 13.709250
96 2733 90.315370 22.647380
96 202691 67.261840 28.770780
96 203110 64.054240 37.071940
108 -1 83.174970 26.615210
108 2772 67.559090 18.556770
108 201976 85.647990 24.492580
108 201935 75.184640 32.552470
108 201977 87.091550 20.195680
108 203991 62.376150 25.505750
108 2738 81.491410 2.809370
108 101106 59.695340 13.683350
108 2733 90.527410 23.992440
108 202691 67.843380 28.671230
108 203110 63.440930 37.142840
120 -1 85.196080 26.264660
120 2772 67.910340 18.513740
120 201976 85.436260 25.036160
120 201935 75.800980 32.290170
120 201977 87.811250 20.905640
120 203991 61.759710 25.321210
120 2738 80.847930 3.000520
120 101106 59.375870 13.746810
120 2733 90.579280 25.326420
120 202691 68.419390 28.531870
120 203110 62.843260 37.183120
132 -1 87.188790 25.780870
132 2772 68.227780 18.348330
132 201976 85.061720 25.599750
132 201935 76.460420 32.008840
132 201977 88.419910 21.822040
132 203991 61.285730 25.250010
132 2738 80.216650 3.245920
132 101106 59.033850 13.836260
132 2733 90.488580 26.669350
132 202691 69.148370 28.583810
132 203110 62.262310 37.260110
144 -1 87.677850 26.013900
144 2772 68.523110 18.172030
144 201976 84.603610 26.242810
144 201935 77.096740 31.805370
144 201977 88.902740 22.879230
144 203991 60.913450 25.304050
144 2738 79.609190 3.546800
144 101106 58.648600 13.947180
144 2733 90.263200 28.014940
144 202691 69.863670 28.582170
144 203110 61.684530 37.308000
156 -1 87.482370 26.487270
156 2772 68.781910 18.127600
156 201976 84.254400 26.875190
156 201935 77.594300 31.604780
156 201977 89.274670 23.894330
156 203991 60.493040 25.398410
156 2738 79.005870 3.847030
156 101106 58.191510 14.083930
156 2733 89.896470 29.339750
156 202691 70.595710 28.627290
156 203110 61.094180 37.227990
168 -1 87.312820 26.988500
168 2772 69.005040 17.949160
168 201976 83.977010 27.434300
168 201935 77.930010 31.348970
168 201977 89.558890 24.804540
168 203991 59.906940 25.467950
168 2738 78.401990 4.184200
168 101106 57.651990 14.125170
168 2733 89.383200 30.577790
168 202691 71.294290 28.706780
168 203110 60.509970 37.133520
180 -1 86.886190 27.693960
180 2772 69.206500 17.726260
180 201976 83.809820 27.848150
180 201935 78.136980 31.078240
180 201977 89.752940 25.587050
180 203991 59.279760 25.594550
180 2738 77.777700 4.559850
180 101106 57.041540 14.156920
180 2733 88.726570 31.772620
180 202691 71.958930 28.817740
180 203110 59.874620 37.012520
192 -1 86.204350 28.128250
192 2772 69.291240 17.489360
192 201976 83.867700 28.222300
192 201935 78.202740 30.767360
192 201977 89.893090 26.196100
192 203991 58.555510 25.732320
192 2738 77.080150 4.948070
192 101106 56.379240 14.143590
192 2733 87.939660 32.882030
192 202691 72.473550 28.869390
192 203110 59.139650 36.860510
204 -1 85.863950 28.333170
204 2772 69.410770 17.359220
204 201976 84.020620 28.283090
204 201935 78.075560 30.359020
204 201977 89.908580 26.622220
204 203991 57.677640 25.975090
204 2738 76.312580 5.338470
204 101106 55.618500 14.144410
204 2733 86.957020 33.827630
204 202691 72.788120 28.860190
204 203110 58.327830 36.672350
216 -1 85.530800 28.340800
216 2772 69.450940 17.197660
216 201976 83.993580 28.063280
216 201935 77.790110 29.854520
216 201977 89.803520 26.735710
216 203991 56.644050 26.232360
216 2738 75.368560 5.747140
216 101106 54.804200 14.216800
216 2733 85.906400 34.694040
216 202691 72.872710 28.802370
216 203110 57.439260 36.462580
228 -1 84.778310 27.668420
228 2772 69.393070 17.113940
228 201976 83.769120 27.596310
228 201935 77.417180 29.316910
228 201977 89.581770 26.595660
228 203991 55.479630 26.465650
228 2738 74.369430 6.192240
228 101106 53.922350 14.375990
228 2733 84.750020 35.472420
228 202691 72.816290 28.713650
228 203110 56.476580 36.206480