0 -1 8.902090 27.339290
0 2734 31.852860 29.636220
0 200826 11.437200 48.669750
0 2585 7.088290 14.560830
0 101111 8.427690 27.094000
0 202083 24.237690 42.563830
0 101106 6.584500 23.175730
0 2733 10.030130 37.769200
0 201575 14.076880 31.710020
0 202691 20.723680 20.445930
0 203110 9.486080 25.428960
12 -1 7.796360 26.799760
12 2734 31.846610 29.346980
12 200826 11.167600 48.678390
12 2585 6.957990 15.737290
12 101111 7.132990 27.596540
12 202083 24.428120 42.353240
12 101106 6.519950 23.912790
12 2733 9.804160 38.212740
12 201575 13.557560 31.016940
12 202691 20.633110 20.462940
12 203110 8.776200 26.066000
24 -1 6.777330 26.330230
24 2734 31.855750 29.001160
24 200826 11.038210 48.706010
24 2585 6.874940 17.057830
24 101111 5.863620 28.302940
24 202083 24.646340 42.107240
24 101106 6.369350 24.626100
24 2733 9.506960 38.564320
24 201575 12.969740 30.255370
24 202691 20.549360 20.426850
24 203110 8.172950 26.598530
36 -1 5.641960 25.779800
36 2734 31.867330 28.648970
36 200826 10.992810 48.736530
36 2585 6.658600 18.468750
36 101111 4.674340 29.128310
36 202083 24.875570 41.839500
36 101106 6.169760 25.282860
36 2733 9.186820 38.794550
36 201575 12.198020 29.443860
36 202691 20.406410 20.365240
36 203110 7.632440 27.134630
48 -1 4.868210 25.170130
48 2734 31.880500 28.281450
48 200826 11.029620 48.760230
48 2585 6.390410 19.752140
48 101111 3.582580 30.155190
48 202083 25.133330 41.542110
48 101106 6.052910 26.059070
48 2733 8.883910 38.934140
48 201575 11.376730 28.679480
48 202691 20.262520 20.241440
48 203110 7.151840 27.687270
60 -1 4.573520 24.664390
60 2734 31.887110 27.920860
60 200826 11.149940 48.781120
60 2585 6.286920 21.074650
60 101111 2.749620 31.371260
60 202083 25.439600 41.208280
60 101106 5.780050 26.750840
60 2733 8.622590 38.990660
60 201575 10.590400 27.876890
60 202691 19.968730 20.057010
60 203110 6.764520 28.399350
72 -1 5.381560 24.527800
72 2734 31.919270 27.525890
72 200826 11.319170 48.770310
72 2585 6.121220 22.287780
72 101111 2.070600 32.635110
72 202083 25.825780 40.821430
72 101106 5.369620 27.475860
72 2733 8.442620 38.982270
72 201575 9.885200 27.229820
72 202691 19.641710 19.886710
72 203110 6.574230 29.000810
84 -1 6.047410 24.872610
84 2734 31.980820 27.136880
84 200826 11.527170 48.748010
84 2585 5.973610 23.323390
84 101111 1.540210 33.842090
84 202083 26.286390 40.340000
84 101106 4.985530 28.059770
84 2733 8.353170 38.904390
84 201575 9.255760 26.625260
84 202691 19.249860 19.748410
84 203110 6.504540 29.495100
96 -1 6.766830 25.244470
96 2734 32.084590 26.722050
96 200826 11.740080 48.716530
96 2585 6.032470 24.116630
96 101111 1.136250 35.060920
96 202083 26.802490 39.865560
96 101106 4.753120 28.456790
96 2733 8.292920 38.799060
96 201575 8.861020 26.063890
96 202691 18.801290 19.559100
96 203110 6.618170 29.911680
108 -1 7.422970 25.524990
108 2734 32.266850 26.291970
108 200826 12.090400 48.606210
108 2585 6.102240 24.802030
108 101111 0.871230 36.164050
108 202083 27.347100 39.404730
108 101106 4.403610 28.546810
108 2733 8.287450 38.654480
108 201575 8.554660 25.452440
108 202691 18.368080 19.385920
108 203110 6.837180 30.321050
120 -1 7.833670 26.052450
120 2734 32.530880 25.864980
120 200826 12.502700 48.451480
120 2585 6.171840 25.515380
120 101111 0.676950 37.181390
120 202083 27.884500 38.922050
120 101106 4.183900 28.708940
120 2733 8.358440 38.466850
120 201575 8.265480 24.878390
120 202691 18.019890 19.207160
120 203110 7.090570 30.602520
132 -1 8.956240 26.400360
132 2734 32.855600 25.446110
132 200826 13.052260 48.245210
132 2585 6.269100 26.161800
132 101111 0.601380 38.265540
132 202083 28.412270 38.422460
132 101106 4.074090 28.810640
132 2733 8.527080 38.229480
132 201575 7.923860 24.206790
132 202691 17.720330 18.966180
132 203110 7.452230 30.908090
144 -1 10.181110 26.745090
144 2734 33.217900 25.028330
144 200826 13.762120 47.967950
144 2585 6.483980 26.701380
144 101111 0.627530 39.204700
144 202083 28.918920 37.939500
144 101106 4.079930 28.831720
144 2733 8.789920 37.930840
144 201575 7.596770 23.398580
144 202691 17.529800 18.702050
144 203110 7.855340 31.272000
156 -1 11.245000 27.183570
156 2734 33.651540 24.669410
156 200826 14.532490 47.571290
156 2585 6.661410 27.171690
156 101111 0.745070 39.958480
156 202083 29.435460 37.395290
156 101106 3.957300 28.953500
156 2733 9.272530 37.606000
156 201575 7.348240 22.546290
156 202691 17.458620 18.418190
156 203110 8.343610 31.627920
168 -1 12.347940 27.587170
168 2734 34.174320 24.326220
168 200826 15.404490 47.126080
168 2585 6.936860 27.582880
168 101111 0.953500 40.542180
168 202083 30.002250 36.757100
168 101106 3.853220 29.069450
168 2733 9.949480 37.288680
168 201575 7.272020 21.611060
168 202691 17.454320 18.078910
168 203110 8.915190 31.851900
180 -1 13.455410 28.061120
180 2734 34.755640 23.972600
180 200826 16.471460 46.598870
180 2585 7.426690 27.903330
180 101111 1.255110 41.056430
180 202083 30.663070 36.073230
180 101106 3.824870 29.003810
180 2733 10.801720 36.938840
180 201575 7.340320 20.568170
180 202691 17.600720 17.754320
180 203110 9.534470 32.190650
192 -1 14.343740 28.324420
192 2734 35.389880 23.612610
192 200826 17.629720 45.988220
192 2585 8.079260 28.017890
192 101111 1.566340 41.397500
192 202083 31.341750 35.412880
192 101106 3.829240 28.861020
192 2733 11.858270 36.580940
192 201575 7.583290 19.399750
192 202691 18.030940 17.393640
192 203110 10.245660 32.371010
204 -1 15.132740 28.200860
204 2734 36.058070 23.207440
204 200826 18.856270 45.278290
204 2585 8.877210 28.027130
204 101111 1.961410 41.667390
204 202083 32.034740 34.779150
204 101106 3.829570 28.716420
204 2733 13.011380 36.264020
204 201575 7.986040 18.141680
204 202691 18.676160 17.000570
204 203110 11.069050 32.367420
216 -1 15.757580 28.084460
216 2734 36.762400 22.745870
216 200826 20.248620 44.547860
216 2585 9.921580 28.037730
216 101111 2.385660 41.867720
216 202083 32.684230 34.226470
216 101106 3.906080 28.516620
216 2733 14.255740 35.983980
216 201575 8.586190 16.751820
216 202691 19.506350 16.561550
216 203110 12.124110 32.156570
228 -1 16.445260 27.854550
228 2734 37.516310 22.258190
228 200826 21.670860 43.796080
228 2585 11.128580 28.020730
228 101111 2.889780 41.980490
228 202083 33.358670 33.598670
228 101106 4.051970 28.274250
228 2733 15.573620 35.682730
228 201575 9.348710 15.322370
228 202691 20.584690 16.098020
228 203110 13.316880 31.866500
240 -1 17.212550 27.787870
240 2734 38.313140 21.724430
240 200826 23.115480 43.073460
240 2585 12.380230 27.881040
240 101111 3.530700 42.001190
240 202083 33.970840 32.982540
240 101106 4.234870 28.077700
240 2733 16.961250 35.439690
240 201575 10.337150 13.890940
240 202691 21.823590 15.597320
240 203110 14.762300 31.111480
252 -1 18.673500 27.302990
252 2734 39.196520 21.214960
252 200826 24.558020 42.290370
252 2585 13.778880 27.849380
252 101111 4.322580 41.970250
252 202083 34.635660 32.348000
252 101106 4.390490 27.887750
252 2733 18.413210 35.200840
252 201575 11.514940 12.533730
252 202691 23.140530 15.061470
252 203110 16.316020 30.136380
264 -1 20.725770 26.897490
264 2734 40.207590 20.836180
264 200826 26.017370 41.500280
264 2585 15.263690 27.860080
264 101111 5.235760 41.917390
264 202083 35.304610 31.638220
264 101106 4.535690 27.721290
264 2733 19.988330 34.984720
264 201575 12.934300 11.222960
264 202691 24.548490 14.501160
264 203110 17.980750 29.216720
276 -1 22.842230 26.463040
276 2734 41.275000 20.454740
276 200826 27.556760 40.657550
276 2585 16.743710 27.833660
276 101111 6.150750 41.808360
276 202083 36.062470 30.778060
276 101106 4.667720 27.560200
276 2733 21.642880 34.759610
276 201575 14.554840 10.010680
276 202691 26.090810 13.915400
276 203110 19.556510 28.185110
288 -1 24.831520 26.045960
288 2734 42.306360 20.092720
288 200826 29.133170 39.860020
288 2585 18.347230 27.864510
288 101111 7.263540 41.652970
288 202083 36.834170 29.894070
288 101106 4.797880 27.370700
288 2733 23.415170 34.556920
288 201575 16.341070 8.860590
288 202691 27.696340 13.318720
288 203110 21.241450 26.912160
300 -1 26.126050 25.916950
300 2734 43.392140 19.755850
300 200826 30.764540 39.055350
300 2585 20.043630 27.888240
300 101111 8.403820 41.430820
300 202083 37.664370 29.108920
300 101106 4.940480 27.135540
300 2733 25.253830 34.351660
300 201575 18.281500 7.826630
300 202691 29.367310 12.661620
300 203110 22.890740 25.685150
312 -1 27.367450 25.814360
312 2734 44.549390 19.445230
312 200826 32.506580 38.309980
312 2585 21.878960 27.921710
312 101111 9.624950 41.161960
312 202083 38.534320 28.274370
312 101106 5.126420 26.878450
312 2733 27.128410 34.157330
312 201575 20.380350 6.921830
312 202691 31.121110 12.007170
312 203110 24.529510 24.570850
324 -1 29.241270 24.993540
324 2734 45.922870 19.136090
324 200826 34.349140 37.593470
324 2585 23.555800 27.923170
324 101111 10.896160 40.809770
324 202083 39.530030 27.403450
324 101106 5.350980 26.616250
324 2733 29.153200 33.989800
324 201575 22.584780 6.140720
324 202691 32.982360 11.284140
324 203110 26.291590 23.361180
336 -1 31.362760 23.339380
336 2734 47.323980 18.897530
336 200826 36.253560 36.960000
336 2585 25.304780 27.903810
336 101111 12.380710 40.442590
336 202083 40.607690 26.587550
336 101106 5.620050 26.374420
336 2733 31.293820 33.885920
336 201575 24.881610 5.451890
336 202691 34.940790 10.518460
336 203110 28.300950 22.314780
348 -1 33.301130 21.194350
348 2734 48.838780 18.707120
348 200826 38.232190 36.396460
348 2585 27.092080 27.801500
348 101111 13.837680 40.062960
348 202083 41.768660 25.869960
348 101106 5.950340 26.166850
348 2733 33.486460 33.888310
348 201575 27.252610 4.883850
348 202691 36.981360 9.733740
348 203110 30.381050 21.497410
360 -1 34.313850 19.626940
360 2734 50.441950 18.603320
360 200826 40.262930 35.887800
360 2585 28.881620 27.670670
360 101111 15.387820 39.655600
360 202083 43.140740 24.927380
360 101106 6.313910 25.982760
360 2733 35.727920 33.925020
360 201575 29.682060 4.424090
360 202691 39.082520 8.947700
360 203110 32.607890 20.848840
372 -1 35.340180 18.552390
372 2734 52.092540 18.480830
372 200826 42.336800 35.380370
372 2585 30.608970 27.518820
372 101111 16.970530 39.223580
372 202083 44.598500 24.018180
372 101106 6.690980 25.824290
372 2733 38.053560 34.079280
372 201575 32.167220 4.050950
372 202691 41.284270 8.196960
372 203110 34.984150 20.171600
384 -1 36.941890 17.558870
384 2734 53.680700 18.329820
384 200826 44.498660 34.946980
384 2585 32.528850 27.370130
384 101111 18.630560 38.748530
384 202083 46.073920 23.211890
384 101106 7.114550 25.646670
384 2733 40.333250 34.337620
384 201575 34.689830 3.743890
384 202691 43.557370 7.455960
384 203110 37.335840 19.414160
396 -1 39.460580 17.048020
396 2734 55.520790 18.224020
396 200826 46.669040 34.581480
396 2585 34.483590 27.208130
396 101111 20.340380 38.246690
396 202083 47.635620 22.444880
396 101106 7.635250 25.469700
396 2733 42.549300 34.632280
396 201575 37.247390 3.494380
396 202691 45.874700 6.805980
396 203110 39.596590 18.662380
408 -1 42.297040 16.606380
408 2734 57.491900 18.122330
408 200826 48.835580 34.270250
408 2585 36.489740 27.037710
408 101111 22.072440 37.746050
408 202083 49.268310 21.626350
408 101106 8.233650 25.314670
408 2733 44.751480 34.964480
408 201575 39.838240 3.294090
408 202691 48.270650 6.188280
408 203110 41.884060 18.000770