0 -1 63.945960 25.412520 BALL
0 200765 85.424380 48.575190 PLAYER
0 201158 63.602230 25.784100 PLAYER
0 201585 90.075230 13.829770 PLAYER
0 202341 86.077130 3.560240 PLAYER
0 201956 64.043000 34.365560 PLAYER
0 101236 87.671520 21.896110 PLAYER
0 2772 72.682360 26.181380 PLAYER
0 201951 66.955210 26.621140 PLAYER
0 201935 82.055860 12.350580 PLAYER
0 201977 83.881030 38.848680 PLAYER
12 -1 65.441510 25.127410 BALL
12 200765 85.575750 48.131530 PLAYER
12 201158 64.092430 25.448680 PLAYER
12 201585 90.100170 13.660940 PLAYER
12 202341 85.877220 3.460140 PLAYER
12 201956 64.118400 35.131700 PLAYER
12 101236 87.826630 21.179260 PLAYER
12 2772 73.003630 26.137160 PLAYER
12 201951 66.862230 25.067510 PLAYER
12 201935 82.148110 12.342290 PLAYER
12 201977 83.995470 38.172170 PLAYER
24 -1 67.956500 25.181330 BALL
24 200765 85.704860 47.609560 PLAYER
24 201158 64.467300 25.306750 PLAYER
24 201585 90.204420 13.526390 PLAYER
24 202341 85.425390 3.435860 PLAYER
24 201956 64.253760 35.950930 PLAYER
24 101236 88.022690 20.420920 PLAYER
24 2772 73.398230 26.052590 PLAYER
24 201951 66.729690 23.695710 PLAYER
24 201935 82.248860 12.473890 PLAYER
24 201977 84.177610 37.394220 PLAYER
36 -1 70.325180 25.137740 BALL
36 200765 85.785370 46.983590 PLAYER
36 201158 64.834100 25.199620 PLAYER
36 201585 90.302210 13.496480 PLAYER
36 202341 84.771130 3.367540 PLAYER
36 201956 64.441780 36.539150 PLAYER
36 101236 88.268670 19.643100 PLAYER
36 2772 73.714190 26.013710 PLAYER
36 201951 66.553650 22.536390 PLAYER
36 201935 82.339290 12.757930 PLAYER
36 201977 84.330610 36.664270 PLAYER
48 -1 72.709990 25.245500 BALL
48 200765 85.817080 46.398080 PLAYER
48 201158 65.163520 24.938400 PLAYER
48 201585 90.339350 13.586440 PLAYER
48 202341 83.816530 3.473220 PLAYER
48 201956 64.652880 36.979260 PLAYER
48 101236 88.534680 18.938530 PLAYER
48 2772 74.083840 25.997910 PLAYER
48 201951 66.318670 21.522860 PLAYER
48 201935 82.389740 13.242180 PLAYER
48 201977 84.444680 35.955970 PLAYER
60 -1 75.084170 25.354100 BALL
60 200765 85.686910 45.714770 PLAYER
60 201158 65.308110 24.924000 PLAYER
60 201585 90.297060 13.729640 PLAYER
60 202341 82.719980 3.536290 PLAYER
60 201956 64.808860 37.388160 PLAYER
60 101236 88.702820 18.698090 PLAYER
60 2772 74.521710 25.984800 PLAYER
60 201951 66.095470 20.742730 PLAYER
60 201935 82.428150 13.729070 PLAYER
60 201977 84.569430 35.257300 PLAYER
72 -1 77.549200 25.238380 BALL
72 200765 85.560610 44.732080 PLAYER
72 201158 65.318780 24.696290 PLAYER
72 201585 90.198840 13.901810 PLAYER
72 202341 81.494750 3.707560 PLAYER
72 201956 64.935970 37.661630 PLAYER
72 101236 88.820570 18.777030 PLAYER
72 2772 75.004440 26.022520 PLAYER
72 201951 65.838120 19.883640 PLAYER
72 201935 82.429700 14.200340 PLAYER
72 201977 84.694320 34.544220 PLAYER
84 -1 79.932760 25.061880 BALL
84 200765 85.415380 43.598310 PLAYER
84 201158 65.244390 24.350960 PLAYER
84 201585 90.107890 14.026760 PLAYER
84 202341 80.165550 3.959250 PLAYER
84 201956 65.009910 37.827280 PLAYER
84 101236 88.881380 19.028730 PLAYER
84 2772 75.561900 26.040010 PLAYER
84 201951 65.525090 18.915250 PLAYER
84 201935 82.388990 14.399860 PLAYER
84 201977 84.832980 33.848860 PLAYER
96 -1 82.114240 25.747540 BALL
96 200765 85.274920 42.322670 PLAYER
96 201158 65.066700 24.068120 PLAYER
96 201585 90.010410 14.112430 PLAYER
96 202341 78.619730 4.339240 PLAYER
96 201956 65.023910 37.924110 PLAYER
96 101236 88.902500 19.302060 PLAYER
96 2772 76.241230 26.032460 PLAYER
96 201951 65.182350 17.840450 PLAYER
96 201935 82.298040 14.557420 PLAYER
96 201977 84.999380 33.178350 PLAYER
108 -1 84.387430 25.411840 BALL
108 200765 85.172520 40.817210 PLAYER
108 201158 64.805410 23.778000 PLAYER
108 201585 89.879530 14.330920 PLAYER
108 202341 76.961280 4.759860 PLAYER
108 201956 64.983150 37.983030 PLAYER
108 101236 88.841990 19.587050 PLAYER
108 2772 76.963740 26.029310 PLAYER
108 201951 64.837510 16.780110 PLAYER
108 201935 82.155810 14.816870 PLAYER
108 201977 85.172610 32.597330 PLAYER
120 -1 86.539840 25.506150 BALL
120 200765 85.089150 39.391370 PLAYER
120 201158 64.469770 23.313380 PLAYER
120 201585 89.784890 14.596920 PLAYER
120 202341 75.200380 5.290250 PLAYER
120 201956 64.883940 37.996880 PLAYER
120 101236 88.771790 19.758660 PLAYER
120 2772 77.721650 26.008650 PLAYER
120 201951 64.490650 15.815720 PLAYER
120 201935 81.989330 15.172760 PLAYER
120 201977 85.349310 32.096380 PLAYER
132 -1 88.022910 25.906190 BALL
132 200765 84.961860 38.087050 PLAYER
132 201158 64.079780 22.797150 PLAYER
132 201585 89.709850 15.009530 PLAYER
132 202341 73.359150 5.796720 PLAYER
132 201956 64.718470 37.961300 PLAYER
132 101236 88.641860 19.735670 PLAYER
132 2772 78.484440 26.016870 PLAYER
132 201951 64.153680 14.939700 PLAYER
132 201935 81.807640 15.660210 PLAYER
132 201977 85.524790 31.717250 PLAYER
144 -1 88.173950 26.605070 BALL
144 200765 84.773350 36.865390 PLAYER
144 201158 63.718130 22.160930 PLAYER
144 201585 89.467710 15.456760 PLAYER
144 202341 71.399680 6.374180 PLAYER
144 201956 64.549470 37.835130 PLAYER
144 101236 88.469000 19.702800 PLAYER
144 2772 79.237590 26.018930 PLAYER
144 201951 63.864380 14.176580 PLAYER
144 201935 81.606160 16.493900 PLAYER
144 201977 85.675930 31.548020 PLAYER
156 -1 88.361610 27.513520 BALL
156 200765 84.762190 35.771490 PLAYER
156 201158 63.200420 21.658960 PLAYER
156 201585 89.189810 15.886880 PLAYER
156 202341 69.388090 6.785330 PLAYER
156 201956 64.349030 37.651310 PLAYER
156 101236 88.258650 19.822650 PLAYER
156 2772 79.861760 26.051580 PLAYER
156 201951 63.559460 13.527510 PLAYER
156 201935 81.423310 17.334700 PLAYER
156 201977 85.837340 31.540630 PLAYER
168 -1 88.498560 28.291060 BALL
168 200765 84.902390 34.871350 PLAYER
168 201158 62.659600 21.122460 PLAYER
168 201585 88.885120 16.066430 PLAYER
168 202341 67.325770 7.187240 PLAYER
168 201956 64.134920 37.494190 PLAYER
168 101236 88.002620 20.018360 PLAYER
168 2772 80.342940 26.093550 PLAYER
168 201951 63.222450 12.961990 PLAYER
168 201935 81.282150 17.936030 PLAYER
168 201977 86.121700 31.523840 PLAYER
180 -1 88.715150 29.060540 BALL
180 200765 85.144940 34.217480 PLAYER
180 201158 62.102930 20.560280 PLAYER
180 201585 88.472350 16.152480 PLAYER
180 202341 65.181210 7.489230 PLAYER
180 201956 63.889370 37.391950 PLAYER
180 101236 87.693070 20.097560 PLAYER
180 2772 80.683090 26.164410 PLAYER
180 201951 62.882230 12.341940 PLAYER
180 201935 81.118630 18.503280 PLAYER
180 201977 86.422190 31.618530 PLAYER
192 -1 88.883690 29.901500 BALL
192 200765 85.488630 33.805780 PLAYER
192 201158 61.464650 20.059590 PLAYER
192 201585 87.875290 16.023790 PLAYER
192 202341 63.097730 7.599470 PLAYER
192 201956 63.623880 37.251060 PLAYER
192 101236 87.308080 20.462260 PLAYER
192 2772 80.890520 26.279620 PLAYER
192 201951 62.517300 11.716770 PLAYER
192 201935 80.895460 19.111790 PLAYER
192 201977 86.727680 31.799080 PLAYER
204 -1 89.065530 30.683390 BALL
204 200765 86.029460 33.587040 PLAYER
204 201158 60.628330 19.642880 PLAYER
204 201585 87.197720 15.922590 PLAYER
204 202341 60.990280 7.567210 PLAYER
204 201956 63.331940 37.087650 PLAYER
204 101236 86.965300 20.829520 PLAYER
204 2772 80.989200 26.407660 PLAYER
204 201951 62.185180 11.093080 PLAYER
204 201935 80.702700 19.610570 PLAYER
204 201977 87.113090 31.831430 PLAYER
216 -1 89.462310 31.146290 BALL
216 200765 86.524050 33.495920 PLAYER
216 201158 59.759280 18.964460 PLAYER
216 201585 86.406090 15.948060 PLAYER
216 202341 58.817900 7.830140 PLAYER
216 201956 63.045780 36.949350 PLAYER
216 101236 86.594280 21.100350 PLAYER
216 2772 81.075890 26.540930 PLAYER
216 201951 61.820100 10.566560 PLAYER
216 201935 80.414460 20.247120 PLAYER
216 201977 87.689870 31.833850 PLAYER
228 -1 89.431480 31.922410 BALL
228 200765 87.015390 33.440770 PLAYER
228 201158 58.812060 18.220160 PLAYER
228 201585 85.458240 16.198560 PLAYER
228 202341 56.733100 8.080940 PLAYER
228 201956 62.718660 36.848070 PLAYER
228 101236 86.261910 21.381800 PLAYER
228 2772 81.213100 26.709200 PLAYER
228 201951 61.470970 10.095410 PLAYER
228 201935 80.180270 20.779160 PLAYER
228 201977 88.288400 31.775740 PLAYER
240 -1 88.829090 32.787050 BALL
240 200765 87.604080 33.371390 PLAYER
240 201158 57.775110 17.696470 PLAYER
240 201585 84.412900 16.467670 PLAYER
240 202341 54.686170 8.480850 PLAYER
240 201956 62.400120 36.895270 PLAYER
240 101236 85.968830 21.807830 PLAYER
240 2772 81.376800 26.956280 PLAYER
240 201951 61.185980 9.681530 PLAYER
240 201935 79.856040 21.447310 PLAYER
240 201977 88.899630 31.746010 PLAYER
252 -1 88.491160 33.889840 BALL
252 200765 88.163190 33.523820 PLAYER
252 201158 56.704730 17.307390 PLAYER
252 201585 83.350350 16.904100 PLAYER
252 202341 52.518170 9.152590 PLAYER
252 201956 62.277500 37.050220 PLAYER
252 101236 85.799740 22.106960 PLAYER
252 2772 81.521980 27.312400 PLAYER
252 201951 60.908710 9.270010 PLAYER
252 201935 79.547790 22.015610 PLAYER
252 201977 89.499380 31.659120 PLAYER
264 -1 88.160500 34.587010 BALL
264 200765 88.627410 33.883740 PLAYER
264 201158 55.624310 17.035310 PLAYER
264 201585 82.330860 17.306350 PLAYER
264 202341 50.430970 9.890230 PLAYER
264 201956 62.260650 37.502170 PLAYER
264 101236 85.635150 22.404160 PLAYER
264 2772 81.721960 27.829490 PLAYER
264 201951 60.573280 8.991090 PLAYER
264 201935 79.212470 22.600760 PLAYER
264 201977 90.052290 31.495820 PLAYER
276 -1 87.790040 35.708660 BALL
276 200765 89.099160 34.388850 PLAYER
276 201158 54.628960 16.847680 PLAYER
276 201585 81.387270 17.746190 PLAYER
276 202341 48.459790 10.532150 PLAYER
276 201956 62.408530 38.036200 PLAYER
276 101236 85.518820 22.740370 PLAYER
276 2772 81.943440 28.543030 PLAYER
276 201951 60.328660 8.693470 PLAYER
276 201935 78.974230 23.017090 PLAYER
276 201977 90.352300 31.342060 PLAYER
288 -1 87.283710 36.546690 BALL
288 200765 89.408130 35.064870 PLAYER
288 201158 53.867850 16.795470 PLAYER
288 201585 80.661320 18.213220 PLAYER
288 202341 46.622180 11.215670 PLAYER
288 201956 62.820770 38.442090 PLAYER
288 101236 85.354380 23.099310 PLAYER
288 2772 82.094010 29.415500 PLAYER
288 201951 60.138990 8.539010 PLAYER
288 201935 78.703950 23.553270 PLAYER
288 201977 90.416640 31.375350 PLAYER
300 -1 86.920110 37.277200 BALL
300 200765 89.461340 35.982550 PLAYER
300 201158 53.456000 16.813600 PLAYER
300 201585 80.144620 18.768550 PLAYER
300 202341 44.885180 12.075080 PLAYER
300 201956 63.484460 38.600530 PLAYER
300 101236 85.132800 23.497940 PLAYER
300 2772 82.012240 30.415960 PLAYER
300 201951 59.965970 8.381390 PLAYER
300 201935 78.625050 23.851120 PLAYER
300 201977 90.286810 31.505300 PLAYER
312 -1 86.738700 38.032810 BALL
312 200765 89.323530 36.973550 PLAYER
312 201158 53.401190 16.831460 PLAYER
312 201585 79.842970 19.386790 PLAYER
312 202341 43.330570 12.906820 PLAYER
312 201956 64.154960 38.814750 PLAYER
312 101236 84.974640 23.842120 PLAYER
312 2772 81.860530 31.473960 PLAYER
312 201951 59.887560 8.394190 PLAYER
312 201935 78.687080 24.003290 PLAYER
312 201977 90.065830 31.772120 PLAYER
324 -1 87.050000 39.277650 BALL
324 200765 89.102380 37.984360 PLAYER
324 201158 53.735210 16.894970 PLAYER
324 201585 79.647530 20.202030 PLAYER
324 202341 41.849160 13.699240 PLAYER
324 201956 64.878200 38.921380 PLAYER
324 101236 84.823270 24.083680 PLAYER
324 2772 81.474300 32.488520 PLAYER
324 201951 59.989630 8.552200 PLAYER
324 201935 78.849570 24.083450 PLAYER
324 201977 89.665870 32.317350 PLAYER
336 -1 88.019090 40.219010 BALL
336 200765 88.737020 39.044300 PLAYER
336 201158 54.315350 16.936850 PLAYER
336 201585 79.612520 20.874010 PLAYER
336 202341 40.561400 14.604760 PLAYER
336 201956 65.579760 38.986460 PLAYER
336 101236 84.680600 24.323180 PLAYER
336 2772 80.977960 33.341280 PLAYER
336 201951 60.267550 8.871050 PLAYER
336 201935 79.112490 24.066600 PLAYER
336 201977 89.231370 32.909790 PLAYER