0 -1 24.385610 11.543270
0 202323 24.986100 10.388380
0 201973 29.414300 33.069830
0 202340 12.888200 47.369500
0 203482 10.331100 18.434360
0 203935 13.216140 11.463430
0 201588 9.255000 38.704340
0 101139 10.559360 20.061490
0 201941 18.532550 29.276460
0 202331 18.156720 16.088360
0 203922 12.455770 16.778860
12 -1 23.464590 11.515820
12 202323 24.681330 10.581940
12 201973 29.702050 33.081720
12 202340 13.311850 47.277640
12 203482 10.096800 18.889970
12 203935 12.828870 10.398460
12 201588 9.306290 38.610260
12 101139 10.566620 20.357340
12 201941 18.723430 29.178910
12 202331 18.619120 15.326810
12 203922 12.219630 16.370470
24 -1 21.393420 12.909490
24 202323 24.415810 10.765560
24 201973 29.927390 33.098790
24 202340 13.767090 47.172950
24 203482 10.154950 19.316090
24 203935 12.513200 9.367270
24 201588 9.392660 38.471160
24 101139 10.442140 20.683390
24 201941 18.829370 29.097550
24 202331 19.085130 14.651160
24 203922 12.016220 16.011200
36 -1 19.623120 14.500440
36 202323 24.136580 11.031160
36 201973 30.138170 33.090280
36 202340 14.231130 47.051140
36 203482 10.279200 19.689040
36 203935 12.343420 8.367120
36 201588 9.505630 38.293690
36 101139 10.240130 21.077960
36 201941 18.818160 29.017630
36 202331 19.625410 13.844780
36 203922 11.851150 15.717260
48 -1 17.635480 15.720960
48 202323 23.953420 11.265100
48 201973 30.357700 33.052070
48 202340 14.699890 46.944510
48 203482 10.394150 20.040000
48 203935 12.259500 7.398540
48 201588 9.618860 38.093120
48 101139 10.005800 21.482960
48 201941 18.682720 28.919990
48 202331 20.313730 12.907320
48 203922 11.729040 15.439510
60 -1 15.571760 17.181880
60 202323 23.890820 11.340510
60 201973 30.639700 33.002160
60 202340 15.162740 46.853370
60 203482 10.528910 20.570710
60 203935 12.262570 6.543540
60 201588 9.700340 37.871540
60 101139 9.830860 21.810260
60 201941 18.432800 28.760570
60 202331 21.087710 11.997490
60 203922 11.644570 15.176530
72 -1 13.722800 18.602350
72 202323 23.918840 11.384660
72 201973 30.966290 32.965620
72 202340 15.628050 46.754140
72 203482 10.759650 21.025830
72 203935 12.343890 5.819980
72 201588 9.740850 37.586270
72 101139 9.776940 22.051550
72 201941 18.026920 28.591310
72 202331 22.123550 11.029940
72 203922 11.562700 14.969130
84 -1 11.905470 19.949360
84 202323 24.073620 11.414870
84 201973 31.308470 32.968900
84 202340 16.066270 46.648450
84 203482 10.811280 21.465110
84 203935 12.546020 5.146230
84 201588 9.700970 37.232710
84 101139 9.741830 22.342850
84 201941 17.537820 28.360130
84 202331 23.144580 10.108520
84 203922 11.474090 14.828180
96 -1 9.998090 21.390560
96 202323 24.376710 11.400830
96 201973 31.643910 33.029740
96 202340 16.463760 46.530460
96 203482 10.785710 21.994390
96 203935 12.845660 4.554300
96 201588 9.560590 36.830220
96 101139 9.691070 22.683990
96 201941 16.939830 28.251010
96 202331 24.318160 9.249030
96 203922 11.353910 14.789500
108 -1 8.132310 22.626670
108 202323 24.767840 11.353610
108 201973 31.993940 33.107350
108 202340 16.819460 46.374890
108 203482 10.555810 22.527250
108 203935 13.214350 4.078830
108 201588 9.389370 36.374970
108 101139 9.784030 23.130030
108 201941 16.341000 28.055290
108 202331 25.529740 8.526870
108 203922 11.189510 14.854660
120 -1 6.572990 23.909790
120 202323 25.195410 11.393670
120 201973 32.323370 33.164810
120 202340 17.169040 46.185640
120 203482 10.262130 22.853420
120 203935 13.727140 3.697600
120 201588 9.198700 35.904340
120 101139 9.708400 23.398540
120 201941 15.668760 28.058090
120 202331 26.898640 7.806270
120 203922 10.984450 15.015560
132 -1 5.120410 24.976210
132 202323 25.714320 11.401610
132 201973 32.657470 33.174420
132 202340 17.496110 45.981600
132 203482 10.021170 23.164280
132 203935 14.341080 3.373050
132 201588 9.011000 35.454610
132 101139 9.465850 23.831000
132 201941 14.903540 28.010520
132 202331 28.446720 7.217220
132 203922 10.770530 15.205430
144 -1 4.935660 25.747790
144 202323 26.356810 11.383640
144 201973 33.024890 33.136880
144 202340 17.818350 45.757970
144 203482 9.809250 23.543090
144 203935 15.010100 3.204060
144 201588 8.812380 35.032660
144 101139 9.222020 24.223850
144 201941 14.074400 28.048970
144 202331 29.970770 6.777340
144 203922 10.529380 15.445630
156 -1 5.544130 26.488690
156 202323 27.116330 11.328320
156 201973 33.422510 33.039930
156 202340 18.166700 45.534520
156 203482 9.701090 23.823950
156 203935 15.616770 3.158840
156 201588 8.579250 34.641130
156 101139 9.067120 24.554890
156 201941 13.279500 28.072590
156 202331 31.443560 6.540560
156 203922 10.277550 15.640930
168 -1 6.486290 27.119720
168 202323 27.897600 11.249020
168 201973 33.859200 32.917280
168 202340 18.551890 45.305560
168 203482 9.845020 24.051490
168 203935 16.280730 3.186650
168 201588 8.344150 34.304290
168 101139 8.892110 24.757940
168 201941 12.400830 28.283470
168 202331 33.007500 6.388450
168 203922 10.079970 15.787950
180 -1 7.539650 27.583610
180 202323 28.751700 11.187720
180 201973 34.345500 32.788130
180 202340 18.989620 45.101220
180 203482 10.124890 24.303330
180 203935 16.927180 3.272340
180 201588 8.088040 34.100330
180 101139 8.861730 25.077630
180 201941 11.453720 28.523580
180 202331 34.586580 6.364540
180 203922 9.968200 15.860080
192 -1 8.291850 28.333920
192 202323 29.663060 11.188130
192 201973 34.861140 32.685310
192 202340 19.469940 44.888430
192 203482 10.395270 24.715390
192 203935 17.605050 3.403570
192 201588 7.873510 34.062130
192 101139 8.978650 25.220170
192 201941 10.569950 28.941850
192 202331 36.001190 6.476950
192 203922 9.925490 15.891810
204 -1 8.177500 28.848230
204 202323 30.644490 11.118670
204 201973 35.364650 32.662230
204 202340 20.009350 44.658690
204 203482 10.699600 25.109320
204 203935 18.280950 3.562470
204 201588 7.677700 34.196640
204 101139 9.148400 25.324740
204 201941 9.684650 29.453960
204 202331 37.641010 6.642620
204 203922 10.057520 15.855150
216 -1 7.627530 29.448850
216 202323 31.703330 11.046620
216 201973 35.918430 32.700290
216 202340 20.625290 44.405920
216 203482 11.021650 25.589110
216 203935 19.044940 3.763730
216 201588 7.547570 34.483300
216 101139 9.328090 25.427320
216 201941 8.743920 30.001600
216 202331 39.430220 6.878490
216 203922 10.457620 15.763690
228 -1 7.032030 30.358390
228 202323 32.965590 11.086610
228 201973 36.598320 32.652630
228 202340 21.325500 44.142880
228 203482 11.365460 26.038180
228 203935 19.763410 4.066230
228 201588 7.461730 34.942480
228 101139 9.446570 25.387240
228 201941 7.819500 30.578730
228 202331 41.275990 7.250030
228 203922 11.048130 15.601280