0 -1 78.458560 7.915710 BALL
0 708 73.039340 19.356880 PLAYER
0 2755 78.439050 35.586830 PLAYER
0 201937 79.638770 16.619900 PLAYER
0 203952 84.861320 27.056710 PLAYER
0 1626157 86.073610 29.737410 PLAYER
0 200755 76.421540 47.157840 PLAYER
0 101108 78.375690 7.911420 PLAYER
0 201601 92.736310 34.546470 PLAYER
0 201599 84.106910 30.165170 PLAYER
0 201933 68.654110 23.916540 PLAYER
12 -1 78.088960 7.741220 BALL
12 708 72.974230 19.820760 PLAYER
12 2755 78.731700 35.623980 PLAYER
12 201937 80.137100 15.607720 PLAYER
12 203952 85.059810 27.127740 PLAYER
12 1626157 85.854910 29.405710 PLAYER
12 200755 76.096410 46.966830 PLAYER
12 101108 78.509200 7.914720 PLAYER
12 201601 92.719590 32.968110 PLAYER
12 201599 84.213100 29.693120 PLAYER
12 201933 68.567960 23.808220 PLAYER
24 -1 78.402180 8.193510 BALL
24 708 73.084000 20.089360 PLAYER
24 2755 79.146490 35.541540 PLAYER
24 201937 80.423830 14.515040 PLAYER
24 203952 85.316590 27.254840 PLAYER
24 1626157 85.607910 29.107280 PLAYER
24 200755 75.753930 46.730180 PLAYER
24 101108 78.532750 7.909070 PLAYER
24 201601 92.697190 31.311390 PLAYER
24 201599 84.345990 29.290340 PLAYER
24 201933 68.409350 23.666240 PLAYER
36 -1 79.381450 9.859820 BALL
36 708 73.275770 20.201730 PLAYER
36 2755 79.679260 35.313530 PLAYER
36 201937 80.522200 13.420110 PLAYER
36 203952 85.632660 27.410230 PLAYER
36 1626157 85.406880 28.871000 PLAYER
36 200755 75.408020 46.459240 PLAYER
36 101108 78.585640 7.890250 PLAYER
36 201601 92.571100 29.857290 PLAYER
36 201599 84.499730 28.937910 PLAYER
36 201933 68.214460 23.545500 PLAYER
48 -1 80.527780 11.783640 BALL
48 708 73.706830 20.349150 PLAYER
48 2755 80.314410 34.961400 PLAYER
48 201937 80.521960 12.452470 PLAYER
48 203952 86.027680 27.542570 PLAYER
48 1626157 85.217890 28.639870 PLAYER
48 200755 75.000950 46.183650 PLAYER
48 101108 78.677120 7.876440 PLAYER
48 201601 92.414390 28.541230 PLAYER
48 201599 84.727270 28.613360 PLAYER
48 201933 67.964290 23.440890 PLAYER
60 -1 81.600860 13.523610 BALL
60 708 74.320420 20.537840 PLAYER
60 2755 81.025030 34.532520 PLAYER
60 201937 80.507320 11.400590 PLAYER
60 203952 86.452760 27.707420 PLAYER
60 1626157 85.075440 28.525850 PLAYER
60 200755 74.546940 45.871420 PLAYER
60 101108 78.699520 7.821410 PLAYER
60 201601 92.157140 27.257430 PLAYER
60 201599 85.010260 28.510150 PLAYER
60 201933 67.703080 23.444930 PLAYER
72 -1 82.698230 15.350170 BALL
72 708 75.054810 20.685240 PLAYER
72 2755 81.765610 34.049480 PLAYER
72 201937 80.411060 10.418770 PLAYER
72 203952 86.776070 27.771290 PLAYER
72 1626157 85.266270 28.455940 PLAYER
72 200755 74.020070 45.582000 PLAYER
72 101108 78.682430 7.729530 PLAYER
72 201601 91.808560 26.052370 PLAYER
72 201599 85.266270 28.455940 PLAYER
72 201933 67.451300 23.626570 PLAYER
84 -1 83.834450 17.110580 BALL
84 708 75.860300 20.858410 PLAYER
84 2755 82.458860 33.522420 PLAYER
84 201937 80.315040 9.595650 PLAYER
84 203952 87.059170 27.823170 PLAYER
84 1626157 85.495160 28.355180 PLAYER
84 200755 73.460740 45.313380 PLAYER
84 101108 78.573700 7.562420 PLAYER
84 201601 91.422960 24.995640 PLAYER
84 201599 85.495160 28.355180 PLAYER
84 201933 67.134600 23.718700 PLAYER
96 -1 84.811340 18.917790 BALL
96 708 76.800460 20.995220 PLAYER
96 2755 83.077730 32.980310 PLAYER
96 201937 80.180110 8.893370 PLAYER
96 203952 87.474510 27.687080 PLAYER
96 1626157 85.847910 28.241040 PLAYER
96 200755 72.876990 45.048340 PLAYER
96 101108 78.339380 7.341680 PLAYER
96 201601 91.011700 24.104470 PLAYER
96 201599 85.681890 28.209330 PLAYER
96 201933 66.755140 23.789550 PLAYER
108 -1 85.789680 20.748380 BALL
108 708 77.711480 21.043040 PLAYER
108 2755 83.611140 32.500420 PLAYER
108 201937 80.098220 8.205270 PLAYER
108 203952 87.872830 27.338130 PLAYER
108 1626157 86.337740 28.156180 PLAYER
108 200755 72.224830 44.781420 PLAYER
108 101108 78.012370 7.058020 PLAYER
108 201601 90.597620 23.284090 PLAYER
108 201599 85.811600 28.079110 PLAYER
108 201933 66.341680 23.830510 PLAYER
120 -1 86.950990 22.504850 BALL
120 708 78.669920 20.996160 PLAYER
120 2755 84.031500 32.101140 PLAYER
120 201937 80.023580 7.750300 PLAYER
120 203952 88.245540 26.992920 PLAYER
120 1626157 86.762330 27.991580 PLAYER
120 200755 71.539570 44.530200 PLAYER
120 101108 77.618320 6.723050 PLAYER
120 201601 90.189290 22.476840 PLAYER
120 201599 85.862240 27.874610 PLAYER
120 201933 65.871110 23.775860 PLAYER
132 -1 87.905370 24.256790 BALL
132 708 79.578000 20.885510 PLAYER
132 2755 84.280890 31.774650 PLAYER
132 201937 79.984230 7.513370 PLAYER
132 203952 88.664160 26.341260 PLAYER
132 1626157 87.180390 27.841460 PLAYER
132 200755 70.886170 44.269580 PLAYER
132 101108 77.150470 6.357690 PLAYER
132 201601 89.813870 21.830420 PLAYER
132 201599 85.841020 27.818430 PLAYER
132 201933 65.327430 23.560420 PLAYER
144 -1 88.855000 25.442080 BALL
144 708 80.539180 20.820800 PLAYER
144 2755 84.438900 31.576370 PLAYER
144 201937 79.918660 7.363700 PLAYER
144 203952 89.120880 25.468180 PLAYER
144 1626157 87.554280 27.715910 PLAYER
144 200755 70.208890 44.005680 PLAYER
144 101108 76.678520 6.002320 PLAYER
144 201601 89.427680 21.300290 PLAYER
144 201599 85.800390 27.768240 PLAYER
144 201933 64.791740 23.412540 PLAYER
156 -1 88.911930 25.108620 BALL
156 708 81.516220 20.811810 PLAYER
156 2755 84.574910 31.459100 PLAYER
156 201937 79.918960 7.313820 PLAYER
156 203952 89.373390 24.732550 PLAYER
156 1626157 87.712070 27.588960 PLAYER
156 200755 69.529800 43.723830 PLAYER
156 101108 76.201590 5.641960 PLAYER
156 201601 89.059610 20.901940 PLAYER
156 201599 85.716290 27.784200 PLAYER
156 201933 64.274270 23.268090 PLAYER
168 -1 89.008700 24.678340 BALL
168 708 82.489880 20.929330 PLAYER
168 2755 84.692620 31.406060 PLAYER
168 201937 79.929170 7.407570 PLAYER
168 203952 89.688110 23.995360 PLAYER
168 1626157 87.640490 27.485030 PLAYER
168 200755 68.870720 43.436210 PLAYER
168 101108 75.694770 5.304770 PLAYER
168 201601 88.684190 20.663640 PLAYER
168 201599 85.520820 27.725330 PLAYER
168 201933 63.770450 23.129730 PLAYER
180 -1 89.241250 24.239170 BALL
180 708 83.468640 21.103500 PLAYER
180 2755 84.840310 31.392070 PLAYER
180 201937 79.992320 7.628620 PLAYER
180 203952 89.781920 23.214120 PLAYER
180 1626157 87.501050 27.367010 PLAYER
180 200755 68.217700 43.154970 PLAYER
180 101108 75.159300 5.032910 PLAYER
180 201601 88.370300 20.645270 PLAYER
180 201599 85.250670 27.592850 PLAYER
180 201933 63.282530 23.001980 PLAYER
192 -1 89.399510 23.838510 BALL
192 708 84.393380 21.478580 PLAYER
192 2755 85.006670 31.459110 PLAYER
192 201937 80.138010 7.899640 PLAYER
192 203952 89.750470 22.567670 PLAYER
192 1626157 87.281270 27.236830 PLAYER
192 200755 67.588890 42.859100 PLAYER
192 101108 74.595420 4.868790 PLAYER
192 201601 88.004470 20.697210 PLAYER
192 201599 84.916500 27.337390 PLAYER
192 201933 62.793260 22.934470 PLAYER
204 -1 89.485980 23.547690 BALL
204 708 85.198750 21.971380 PLAYER
204 2755 85.171730 31.551230 PLAYER
204 201937 80.376540 8.166160 PLAYER
204 203952 89.602970 22.056460 PLAYER
204 1626157 87.022040 27.126870 PLAYER
204 200755 67.032370 42.566430 PLAYER
204 101108 73.957830 4.758790 PLAYER
204 201601 87.981910 20.831160 PLAYER
204 201599 84.417210 27.094600 PLAYER
204 201933 62.306240 22.959920 PLAYER
216 -1 89.274080 23.345520 BALL
216 708 85.914270 22.478890 PLAYER
216 2755 85.276920 31.703970 PLAYER
216 201937 80.681120 8.473150 PLAYER
216 203952 89.348370 21.547240 PLAYER
216 1626157 86.720090 27.020620 PLAYER
216 200755 66.530420 42.269710 PLAYER
216 101108 73.279880 4.660740 PLAYER
216 201601 88.010370 20.837810 PLAYER
216 201599 83.709420 26.720160 PLAYER
216 201933 61.841390 23.013710 PLAYER
228 -1 89.009550 23.031040 BALL
228 708 86.527580 22.929160 PLAYER
228 2755 85.352110 31.885150 PLAYER
228 201937 81.030670 8.850200 PLAYER
228 203952 88.808230 21.340880 PLAYER
228 1626157 86.465730 26.883670 PLAYER
228 200755 66.064330 41.938940 PLAYER
228 101108 72.593040 4.580200 PLAYER
228 201601 87.938980 20.953640 PLAYER
228 201599 82.893650 26.371560 PLAYER
228 201933 61.369200 23.071570 PLAYER
240 -1 88.742290 22.978660 BALL
240 708 87.052530 23.346280 PLAYER
240 2755 85.388320 32.056570 PLAYER
240 201937 81.362020 9.232100 PLAYER
240 203952 88.462760 21.110580 PLAYER
240 1626157 86.275590 26.770930 PLAYER
240 200755 65.678920 41.571310 PLAYER
240 101108 71.918270 4.523640 PLAYER
240 201601 87.868110 21.032660 PLAYER
240 201599 81.930140 26.044240 PLAYER
240 201933 60.886790 23.120280 PLAYER
252 -1 88.771690 22.803220 BALL
252 708 87.553550 23.723640 PLAYER
252 2755 85.435040 32.174250 PLAYER
252 201937 81.694110 9.616750 PLAYER
252 203952 88.265800 20.889780 PLAYER
252 1626157 86.089300 26.709910 PLAYER
252 200755 65.306180 41.219420 PLAYER
252 101108 71.252600 4.418620 PLAYER
252 201601 87.822470 21.148330 PLAYER
252 201599 80.826880 25.659070 PLAYER
252 201933 60.409810 23.120790 PLAYER
264 -1 89.175450 23.213520 BALL
264 708 87.979700 24.049170 PLAYER
264 2755 85.502990 32.219200 PLAYER
264 201937 82.034680 9.980990 PLAYER
264 203952 88.142170 20.781510 PLAYER
264 1626157 85.955530 26.685400 PLAYER
264 200755 64.930310 40.868020 PLAYER
264 101108 70.651030 4.312400 PLAYER
264 201601 87.535380 21.283220 PLAYER
264 201599 79.654250 25.309150 PLAYER
264 201933 59.920440 23.084940 PLAYER
276 -1 88.903260 23.423800 BALL
276 708 88.341460 24.318790 PLAYER
276 2755 85.546220 32.245310 PLAYER
276 201937 82.365700 10.343290 PLAYER
276 203952 88.159620 20.706120 PLAYER
276 1626157 85.835940 26.621680 PLAYER
276 200755 64.528490 40.523300 PLAYER
276 101108 70.067830 4.288170 PLAYER
276 201601 87.294920 21.645980 PLAYER
276 201599 78.455620 25.031130 PLAYER
276 201933 59.385980 23.092030 PLAYER
288 -1 88.583680 23.674930 BALL
288 708 88.721120 24.622970 PLAYER
288 2755 85.563260 32.246870 PLAYER
288 201937 82.659460 10.651730 PLAYER
288 203952 88.313080 20.467520 PLAYER
288 1626157 85.710460 26.673760 PLAYER
288 200755 64.112390 40.227150 PLAYER
288 101108 69.502560 4.315470 PLAYER
288 201601 87.217930 22.073810 PLAYER
288 201599 77.234560 24.739180 PLAYER
288 201933 58.853490 23.157550 PLAYER
300 -1 88.161680 23.743820 BALL
300 708 89.058900 24.776500 PLAYER
300 2755 85.544300 32.259960 PLAYER
300 201937 82.899320 10.931430 PLAYER
300 203952 88.473430 20.166370 PLAYER
300 1626157 85.522550 26.632300 PLAYER
300 200755 63.655690 39.994320 PLAYER
300 101108 68.900180 4.376880 PLAYER
300 201601 87.280840 22.598350 PLAYER
300 201599 75.948030 24.444650 PLAYER
300 201933 58.313940 23.265160 PLAYER
312 -1 87.620460 23.615940 BALL
312 708 89.353660 24.702400 PLAYER
312 2755 85.463150 32.328950 PLAYER
312 201937 83.068870 11.181920 PLAYER
312 203952 88.498270 19.883770 PLAYER
312 1626157 85.351160 26.615260 PLAYER
312 200755 63.187050 39.797970 PLAYER
312 101108 68.257280 4.497220 PLAYER
312 201601 87.398770 23.135420 PLAYER
312 201599 74.620890 24.238800 PLAYER
312 201933 57.744480 23.425170 PLAYER
324 -1 87.858820 22.680090 BALL
324 708 89.679860 24.647730 PLAYER
324 2755 85.336100 32.489170 PLAYER
324 201937 83.177660 11.409900 PLAYER
324 203952 88.532820 19.565580 PLAYER
324 1626157 85.118660 26.579890 PLAYER
324 200755 62.716640 39.656080 PLAYER
324 101108 67.575100 4.661060 PLAYER
324 201601 87.610700 23.778330 PLAYER
324 201599 73.251780 24.054800 PLAYER
324 201933 57.195510 23.531040 PLAYER
336 -1 88.250960 21.495670 BALL
336 708 90.034920 24.654360 PLAYER
336 2755 85.224630 32.693550 PLAYER
336 201937 83.270340 11.563300 PLAYER
336 203952 88.505960 19.173700 PLAYER
336 1626157 84.886240 26.524490 PLAYER
336 200755 62.163330 39.570230 PLAYER
336 101108 66.895440 4.843860 PLAYER
336 201601 87.852230 24.381290 PLAYER
336 201599 71.880540 23.904400 PLAYER
336 201933 56.667110 23.541320 PLAYER
348 -1 88.611070 20.351990 BALL
348 708 90.295690 24.536420 PLAYER
348 2755 85.094380 32.917910 PLAYER
348 201937 83.382180 11.676380 PLAYER
348 203952 88.455090 18.739470 PLAYER
348 1626157 84.645780 26.253180 PLAYER
348 200755 61.579860 39.570100 PLAYER
348 101108 66.198260 5.041820 PLAYER
348 201601 88.152460 24.888890 PLAYER
348 201599 70.456300 23.826250 PLAYER
348 201933 56.105240 23.516240 PLAYER
360 -1 88.634870 19.322730 BALL
360 708 90.581190 24.503030 PLAYER
360 2755 84.856880 33.154030 PLAYER
360 201937 83.427020 11.691250 PLAYER
360 203952 88.310060 18.362260 PLAYER
360 1626157 84.433570 25.950700 PLAYER
360 200755 60.978970 39.607300 PLAYER
360 101108 65.505360 5.212090 PLAYER
360 201601 88.336570 25.416390 PLAYER
360 201599 69.007050 23.777820 PLAYER
360 201933 55.453930 23.472470 PLAYER