0 -1 24.756750 23.400050
0 1938 12.223090 13.602960
0 2564 18.613930 36.405120
0 200746 7.074740 20.635720
0 201988 7.371870 37.418520
0 202695 19.196040 24.134510
0 2037 8.861710 48.681560
0 101108 25.006820 43.611330
0 202325 13.014640 2.808160
0 201599 7.510960 18.845140
0 201933 25.011810 23.203050
12 -1 24.002070 23.384400
12 1938 12.213510 13.809530
12 2564 18.439450 35.968380
12 200746 7.252340 20.778620
12 201988 7.449790 37.381790
12 202695 20.137630 23.991560
12 2037 9.384490 48.628460
12 101108 25.304590 43.285690
12 202325 13.592280 3.214790
12 201599 7.501700 19.069710
12 201933 25.253700 23.219340
24 -1 21.943130 23.559540
24 1938 12.179520 14.090760
24 2564 18.183060 35.448500
24 200746 7.405940 20.922890
24 201988 7.524670 37.164950
24 202695 21.137500 23.842280
24 2037 9.966100 48.505250
24 101108 25.602110 42.876120
24 202325 14.155370 3.716660
24 201599 7.470250 19.202840
24 201933 25.571620 23.224190
36 -1 19.817690 23.743620
36 1938 12.125300 14.454660
36 2564 17.845060 34.828790
36 200746 7.503820 21.047310
36 201988 7.582530 36.776080
36 202695 22.167000 23.679680
36 2037 10.571370 48.313990
36 101108 25.902740 42.418980
36 202325 14.795970 4.255140
36 201599 7.437880 19.291540
36 201933 25.965880 23.231050
48 -1 17.680040 23.931700
48 1938 12.042280 14.901820
48 2564 17.421840 34.097200
48 200746 7.531880 21.065640
48 201988 7.628630 36.297820
48 202695 23.140600 23.536540
48 2037 11.233960 48.068090
48 101108 26.228430 41.901280
48 202325 15.542150 4.985680
48 201599 7.426250 19.314500
48 201933 26.473110 23.230230
60 -1 15.711910 23.999620
60 1938 11.998150 15.299540
60 2564 16.923780 33.457730
60 200746 7.511740 21.008640
60 201988 7.667360 35.751480
60 202695 24.078110 23.429100
60 2037 11.959540 47.757510
60 101108 26.571700 41.325000
60 202325 16.243210 5.771630
60 201599 7.396190 19.220710
60 201933 27.049250 23.160720
72 -1 13.685500 24.217500
72 1938 11.926200 15.840360
72 2564 16.357520 32.726660
72 200746 7.400690 20.950050
72 201988 7.639860 35.156990
72 202695 24.995540 23.232960
72 2037 12.734120 47.389180
72 101108 26.927000 40.749660
72 202325 16.876580 6.563350
72 201599 7.472020 19.232120
72 201933 27.731150 22.991180
84 -1 11.667410 24.306010
84 1938 11.856790 16.429810
84 2564 15.708680 31.971100
84 200746 7.341550 20.907540
84 201988 7.550540 34.582480
84 202695 25.952880 23.018870
84 2037 13.498750 46.998410
84 101108 27.297510 40.187970
84 202325 17.696330 7.431950
84 201599 7.505160 19.213970
84 201933 28.438220 22.850920
96 -1 9.718830 24.687410
96 1938 11.834840 17.055710
96 2564 15.004120 31.198670
96 200746 7.345420 20.921040
96 201988 7.434530 34.057440
96 202695 26.868920 22.886290
96 2037 14.325280 46.545870
96 101108 27.662720 39.639350
96 202325 18.610740 8.407090
96 201599 7.586600 19.442280
96 201933 29.253220 22.691170
108 -1 7.799810 24.726710
108 1938 11.848570 17.689790
108 2564 14.249560 30.476570
108 200746 7.401080 21.016570
108 201988 7.299230 33.501610
108 202695 27.824470 22.942170
108 2037 15.145830 46.043470
108 101108 28.006710 39.084930
108 202325 19.577320 9.413590
108 201599 7.686690 19.627720
108 201933 30.092520 22.396750
120 -1 6.148540 24.839200
120 1938 11.960080 18.421190
120 2564 13.497340 29.736070
120 200746 7.531270 21.173060
120 201988 7.134640 32.891440
120 202695 28.731720 22.887580
120 2037 15.936380 45.513130
120 101108 28.359640 38.525790
120 202325 20.634120 10.429710
120 201599 7.816640 19.816730
120 201933 31.041600 22.157340
132 -1 6.644040 25.081990
132 1938 12.160520 19.132320
132 2564 12.724130 29.095360
132 200746 7.747030 21.317680
132 201988 7.006020 32.339030
132 202695 29.645890 22.867550
132 2037 16.748130 44.946400
132 101108 28.723510 37.949670
132 202325 21.783040 11.453620
132 201599 7.845650 19.881570
132 201933 32.019660 21.857730
144 -1 7.162540 25.388070
144 1938 12.532900 19.853950
144 2564 12.027880 28.622910
144 200746 7.796780 21.395020
144 201988 6.898040 31.890260
144 202695 30.450420 22.946540
144 2037 17.610240 44.368260
144 101108 29.096580 37.359300
144 202325 22.956320 12.359280
144 201599 7.957230 19.973630
144 201933 33.092810 21.547510
156 -1 7.613750 25.391130
156 1938 13.087670 20.520180
156 2564 11.384810 28.248520
156 200746 7.861990 21.403940
156 201988 6.771880 31.546890
156 202695 31.232240 23.073020
156 2037 18.492270 43.783940
156 101108 29.495780 36.735550
156 202325 24.276790 13.246260
156 201599 8.050510 19.861410
156 201933 34.171640 21.226030
168 -1 8.146420 25.662780
168 1938 13.893790 21.091730
168 2564 10.803630 27.819120
168 200746 7.943500 21.328550
168 201988 6.644010 31.346540
168 202695 32.005530 23.052250
168 2037 19.417990 43.168020
168 101108 29.965310 36.101650
168 202325 25.698270 14.068860
168 201599 8.115790 19.740090
168 201933 35.322650 20.998510
180 -1 8.600550 25.712470
180 1938 14.884270 21.454120
180 2564 10.304390 27.534340
180 200746 8.059130 21.151170
180 201988 6.524850 31.363970
180 202695 32.871880 23.288020
180 2037 20.390760 42.547960
180 101108 30.484950 35.475150
180 202325 27.186760 14.766660
180 201599 8.162650 19.597070
180 201933 36.473830 20.680830
192 -1 9.060300 25.852110
192 1938 15.968600 21.723160
192 2564 9.910260 27.235800
192 200746 8.058280 20.981220
192 201988 6.487710 31.620700
192 202695 33.755590 23.642370
192 2037 21.380330 41.942260
192 101108 31.044980 34.878170
192 202325 28.755540 15.263000
192 201599 8.333950 19.409480
192 201933 37.722620 20.488410
204 -1 9.517440 26.035680
204 1938 17.229940 21.877070
204 2564 9.526220 26.835910
204 200746 8.261960 20.870910
204 201988 6.601180 32.030820
204 202695 34.718280 24.133470
204 2037 22.427030 41.317650
204 101108 31.652980 34.311670
204 202325 30.467160 15.928360
204 201599 8.616610 19.242360
204 201933 39.041860 20.317810
216 -1 8.681200 26.365080
216 1938 18.559800 21.755240
216 2564 9.203220 26.515250
216 200746 8.538470 20.783130
216 201988 6.847770 32.591510
216 202695 35.768070 24.696830
216 2037 23.518810 40.707740
216 101108 32.347230 33.793410
216 202325 32.191120 16.588860
216 201599 8.934320 19.068230
216 201933 40.393020 20.213690
228 -1 8.098890 26.963810
228 1938 19.931470 21.515040
228 2564 8.959670 26.317680
228 200746 8.870080 20.714890
228 201988 7.236400 33.318030
228 202695 36.938910 25.436840
228 2037 24.709850 40.121020
228 101108 33.121170 33.315710
228 202325 33.994950 17.228340
228 201599 9.593800 18.942940
228 201933 41.793560 20.165200