0 -1 21.084340 5.823140 BALL
0 708 25.252640 19.207580 PLAYER
0 2755 17.739990 9.283030 PLAYER
0 201937 20.928080 5.617710 PLAYER
0 203952 5.767100 3.240960 PLAYER
0 1626157 9.619670 24.392270 PLAYER
0 200755 14.823000 13.699010 PLAYER
0 101108 17.154020 11.632110 PLAYER
0 201601 6.978760 9.092460 PLAYER
0 201599 8.106880 24.604510 PLAYER
0 201933 20.992800 22.473850 PLAYER
12 -1 20.573700 6.607460 BALL
12 708 25.201720 18.960280 PLAYER
12 2755 17.905970 8.549470 PLAYER
12 201937 20.907350 5.786750 PLAYER
12 203952 6.096100 3.259390 PLAYER
12 1626157 9.718980 23.942070 PLAYER
12 200755 14.298200 13.318280 PLAYER
12 101108 17.094890 11.806370 PLAYER
12 201601 7.053220 9.102640 PLAYER
12 201599 8.278910 24.266850 PLAYER
12 201933 20.693310 22.447160 PLAYER
24 -1 18.937690 8.475120 BALL
24 708 25.202890 18.746990 PLAYER
24 2755 18.111360 7.770320 PLAYER
24 201937 20.848230 6.020560 PLAYER
24 203952 6.406030 3.450100 PLAYER
24 1626157 10.004730 23.641220 PLAYER
24 200755 13.907700 12.922990 PLAYER
24 101108 16.918170 11.986390 PLAYER
24 201601 7.045310 9.105000 PLAYER
24 201599 8.487380 23.990280 PLAYER
24 201933 20.280030 22.440390 PLAYER
36 -1 17.127480 10.840810 BALL
36 708 25.284070 18.629850 PLAYER
36 2755 18.326460 6.981590 PLAYER
36 201937 20.823670 6.222390 PLAYER
36 203952 6.620490 3.772440 PLAYER
36 1626157 10.268450 23.165930 PLAYER
36 200755 13.611680 12.639730 PLAYER
36 101108 16.622480 12.192040 PLAYER
36 201601 6.973900 9.141400 PLAYER
36 201599 8.747890 23.815210 PLAYER
36 201933 19.857500 22.462190 PLAYER
48 -1 15.573950 12.632800 BALL
48 708 25.405550 18.631290 PLAYER
48 2755 18.597580 6.145120 PLAYER
48 201937 20.861160 6.358810 PLAYER
48 203952 6.893410 4.120020 PLAYER
48 1626157 10.502360 22.701500 PLAYER
48 200755 13.462210 12.357160 PLAYER
48 101108 16.324840 12.371050 PLAYER
48 201601 6.880620 9.226610 PLAYER
48 201599 9.020670 23.626530 PLAYER
48 201933 19.317430 22.570910 PLAYER
60 -1 14.058640 14.526280 BALL
60 708 25.545740 18.720490 PLAYER
60 2755 18.820550 5.491990 PLAYER
60 201937 21.014600 6.447120 PLAYER
60 203952 7.141190 4.590190 PLAYER
60 1626157 10.861390 22.154830 PLAYER
60 200755 13.495700 12.057280 PLAYER
60 101108 16.025650 12.547550 PLAYER
60 201601 6.798000 9.408550 PLAYER
60 201599 9.300600 23.471020 PLAYER
60 201933 18.803190 22.772960 PLAYER
72 -1 12.820350 15.934050 BALL
72 708 25.753440 18.874610 PLAYER
72 2755 19.034770 4.926810 PLAYER
72 201937 21.302750 6.424690 PLAYER
72 203952 7.356650 5.064020 PLAYER
72 1626157 11.111280 21.614670 PLAYER
72 200755 13.589670 11.803240 PLAYER
72 101108 15.749040 12.715430 PLAYER
72 201601 6.748440 9.639760 PLAYER
72 201599 9.476230 23.545190 PLAYER
72 201933 18.072460 23.107490 PLAYER
84 -1 11.329040 17.849790 BALL
84 708 26.031820 19.047720 PLAYER
84 2755 19.387870 4.467890 PLAYER
84 201937 21.749030 6.262860 PLAYER
84 203952 7.605330 5.530760 PLAYER
84 1626157 11.196380 21.095270 PLAYER
84 200755 13.568030 11.753960 PLAYER
84 101108 15.480160 12.823840 PLAYER
84 201601 6.768940 9.862950 PLAYER
84 201599 9.539260 23.811870 PLAYER
84 201933 17.317100 23.534020 PLAYER
96 -1 9.831840 19.591750 BALL
96 708 26.363950 19.184380 PLAYER
96 2755 19.822090 4.124320 PLAYER
96 201937 22.302600 6.082930 PLAYER
96 203952 7.906890 6.068490 PLAYER
96 1626157 11.233060 20.720510 PLAYER
96 200755 13.616090 11.720600 PLAYER
96 101108 15.114390 12.913090 PLAYER
96 201601 6.866560 10.047430 PLAYER
96 201599 9.555930 24.249460 PLAYER
96 201933 16.463350 24.043840 PLAYER
108 -1 8.274030 21.501550 BALL
108 708 26.763100 19.272590 PLAYER
108 2755 20.377230 3.820450 PLAYER
108 201937 22.912480 5.901200 PLAYER
108 203952 8.244590 6.555400 PLAYER
108 1626157 11.159990 20.421260 PLAYER
108 200755 13.640510 11.719370 PLAYER
108 101108 14.754710 13.023880 PLAYER
108 201601 6.987040 10.179830 PLAYER
108 201599 9.473920 24.896240 PLAYER
108 201933 15.547380 24.598110 PLAYER
120 -1 6.990670 23.039960 BALL
120 708 27.210260 19.342030 PLAYER
120 2755 21.015940 3.543350 PLAYER
120 201937 23.592810 5.707420 PLAYER
120 203952 8.585360 6.980230 PLAYER
120 1626157 10.784880 20.270650 PLAYER
120 200755 13.685800 11.828460 PLAYER
120 101108 14.471070 13.256040 PLAYER
120 201601 7.127410 10.280340 PLAYER
120 201599 9.288970 25.625820 PLAYER
120 201933 14.604470 25.259320 PLAYER
132 -1 5.577100 24.942990 BALL
132 708 27.748090 19.415090 PLAYER
132 2755 21.742220 3.318370 PLAYER
132 201937 24.380290 5.549790 PLAYER
132 203952 9.042520 7.380480 PLAYER
132 1626157 10.335910 20.181270 PLAYER
132 200755 13.842830 11.937990 PLAYER
132 101108 14.219460 13.549090 PLAYER
132 201601 7.298980 10.363080 PLAYER
132 201599 9.120440 26.238540 PLAYER
132 201933 13.814250 25.890790 PLAYER
144 -1 5.114600 24.446540 BALL
144 708 28.364000 19.523160 PLAYER
144 2755 22.500050 3.192850 PLAYER
144 201937 25.210090 5.445860 PLAYER
144 203952 9.504990 7.792460 PLAYER
144 1626157 9.821420 20.186400 PLAYER
144 200755 14.151040 11.938530 PLAYER
144 101108 14.013080 13.881450 PLAYER
144 201601 7.485130 10.479800 PLAYER
144 201599 8.918380 26.709770 PLAYER
144 201933 13.069790 26.562010 PLAYER
156 -1 5.401020 22.511440 BALL
156 708 29.051420 19.702190 PLAYER
156 2755 23.296740 3.114470 PLAYER
156 201937 26.088650 5.383910 PLAYER
156 203952 9.990240 8.281510 PLAYER
156 1626157 9.181100 20.171920 PLAYER
156 200755 14.514280 12.026100 PLAYER
156 101108 13.832330 14.311540 PLAYER
156 201601 7.667220 10.671670 PLAYER
156 201599 8.744770 27.129940 PLAYER
156 201933 12.458500 27.217770 PLAYER
168 -1 5.566040 20.973890 BALL
168 708 29.784650 19.963580 PLAYER
168 2755 24.110480 3.117700 PLAYER
168 201937 26.980340 5.409820 PLAYER
168 203952 10.483050 8.686000 PLAYER
168 1626157 8.497700 20.131990 PLAYER
168 200755 14.967210 12.279840 PLAYER
168 101108 13.447910 14.751210 PLAYER
168 201601 7.783950 10.916140 PLAYER
168 201599 8.576060 27.431810 PLAYER
168 201933 12.028590 27.853100 PLAYER
180 -1 5.779420 19.341390 BALL
180 708 30.553480 20.265430 PLAYER
180 2755 24.981630 3.196660 PLAYER
180 201937 27.921820 5.525670 PLAYER
180 203952 10.948500 9.006720 PLAYER
180 1626157 7.834720 20.100490 PLAYER
180 200755 15.319200 12.421070 PLAYER
180 101108 12.833990 15.038710 PLAYER
180 201601 7.834480 11.192380 PLAYER
180 201599 8.396950 27.634010 PLAYER
180 201933 11.742060 28.402650 PLAYER
192 -1 5.946960 17.653430 BALL
192 708 31.385800 20.467320 PLAYER
192 2755 25.836430 3.366070 PLAYER
192 201937 28.858420 5.653000 PLAYER
192 203952 11.443800 9.329060 PLAYER
192 1626157 7.171540 20.042960 PLAYER
192 200755 15.713710 12.697490 PLAYER
192 101108 12.038400 15.215210 PLAYER
192 201601 7.785980 11.534300 PLAYER
192 201599 8.242980 27.771190 PLAYER
192 201933 11.603690 28.807940 PLAYER
204 -1 6.029460 16.041010 BALL
204 708 32.207210 20.619480 PLAYER
204 2755 26.588460 3.572410 PLAYER
204 201937 29.775930 5.838990 PLAYER
204 203952 11.935390 9.623330 PLAYER
204 1626157 6.468950 19.851190 PLAYER
204 200755 16.091370 13.180860 PLAYER
204 101108 11.092960 15.303620 PLAYER
204 201601 7.629900 11.903390 PLAYER
204 201599 8.185970 27.875610 PLAYER
204 201933 11.556620 29.126590 PLAYER
216 -1 5.840500 14.744840 BALL
216 708 32.999100 20.887350 PLAYER
216 2755 27.251470 3.814210 PLAYER
216 201937 30.676920 6.131930 PLAYER
216 203952 12.406820 9.829790 PLAYER
216 1626157 5.745860 19.652630 PLAYER
216 200755 16.485730 13.567570 PLAYER
216 101108 10.121720 15.299150 PLAYER
216 201601 7.362240 12.299740 PLAYER
216 201599 8.054520 27.955480 PLAYER
216 201933 11.607650 29.404290 PLAYER
228 -1 6.920700 13.482560 BALL
228 708 33.850590 21.045260 PLAYER
228 2755 27.757540 4.065540 PLAYER
228 201937 31.520120 6.520970 PLAYER
228 203952 12.785880 10.160800 PLAYER
228 1626157 5.063560 19.402990 PLAYER
228 200755 16.856580 13.928580 PLAYER
228 101108 9.317960 15.239650 PLAYER
228 201601 6.985670 12.776810 PLAYER
228 201599 8.017270 27.942970 PLAYER
228 201933 11.680530 29.606950 PLAYER
240 -1 8.836380 12.854520 BALL
240 708 34.738310 21.074870 PLAYER
240 2755 28.115690 4.347870 PLAYER
240 201937 32.291080 6.973600 PLAYER
240 203952 13.184430 10.544910 PLAYER
240 1626157 4.285580 19.054930 PLAYER
240 200755 17.300970 14.475130 PLAYER
240 101108 8.733960 15.278150 PLAYER
240 201601 6.567100 13.367640 PLAYER
240 201599 8.060500 27.879760 PLAYER
240 201933 11.859040 29.756230 PLAYER
252 -1 10.511450 12.613710 BALL
252 708 35.590880 21.204870 PLAYER
252 2755 28.341710 4.610820 PLAYER
252 201937 32.997060 7.512380 PLAYER
252 203952 13.469160 10.983330 PLAYER
252 1626157 3.413310 18.631550 PLAYER
252 200755 17.565370 14.889500 PLAYER
252 101108 8.453160 15.280770 PLAYER
252 201601 6.117390 13.962460 PLAYER
252 201599 8.153160 27.792040 PLAYER
252 201933 12.067510 29.907980 PLAYER
264 -1 12.269220 12.334830 BALL
264 708 36.464290 21.396770 PLAYER
264 2755 28.465440 4.846980 PLAYER
264 201937 33.648850 8.118360 PLAYER
264 203952 13.654800 11.517910 PLAYER
264 1626157 2.626790 18.211810 PLAYER
264 200755 17.757720 15.056500 PLAYER
264 101108 8.518480 15.280830 PLAYER
264 201601 5.656060 14.513160 PLAYER
264 201599 8.282480 27.677450 PLAYER
264 201933 12.324350 30.029050 PLAYER
276 -1 13.076250 12.342170 BALL
276 708 37.396290 21.439600 PLAYER
276 2755 28.475090 5.077300 PLAYER
276 201937 34.183210 8.789100 PLAYER
276 203952 13.802860 12.054470 PLAYER
276 1626157 2.094360 17.681460 PLAYER
276 200755 17.783570 15.181230 PLAYER
276 101108 8.831190 15.329270 PLAYER
276 201601 5.254200 14.969550 PLAYER
276 201599 8.460320 27.492130 PLAYER
276 201933 12.594810 30.104540 PLAYER