0 -1 21.182700 35.012910
0 201162 22.708450 6.384320
0 202066 7.190640 48.064830
0 101162 17.654940 22.573470
0 202322 21.255600 34.984290
0 1626162 5.494000 15.244140
0 1718 8.409940 22.833260
0 200755 22.116440 29.445840
0 101108 8.550730 37.632990
0 201601 17.788870 17.258710
0 201599 15.206250 24.932650
12 -1 20.979480 35.000920
12 201162 22.808960 6.412040
12 202066 7.293950 48.029730
12 101162 16.423540 22.520210
12 202322 21.020600 35.185810
12 1626162 5.263160 14.431210
12 1718 8.228340 21.985620
12 200755 21.208470 30.411560
12 101108 8.581760 37.598890
12 201601 17.458640 17.114720
12 201599 14.674590 24.560680
24 -1 20.459080 34.928060
24 201162 23.084500 6.554810
24 202066 7.406510 47.956430
24 101162 15.275070 22.440590
24 202322 20.784890 35.343860
24 1626162 5.032000 13.851780
24 1718 8.057500 21.172360
24 200755 20.296020 31.389620
24 101108 8.608720 37.507290
24 201601 17.220880 16.888990
24 201599 14.138590 24.200460
36 -1 19.119360 34.093360
36 201162 23.397090 6.759830
36 202066 7.602510 47.819050
36 101162 14.000360 22.302190
36 202322 20.511810 35.491650
36 1626162 4.799390 13.511730
36 1718 7.822150 20.482320
36 200755 19.274190 32.316730
36 101108 8.627430 37.357970
36 201601 17.098820 16.550330
36 201599 13.600100 23.946380
48 -1 17.496010 32.826180
48 201162 23.760320 7.049210
48 202066 7.916710 47.643980
48 101162 12.738320 22.201590
48 202322 20.197750 35.651790
48 1626162 4.494140 13.392760
48 1718 7.557990 20.056050
48 200755 18.276630 33.377450
48 101108 8.637290 37.143770
48 201601 17.033710 16.448630
48 201599 13.082870 23.855350
60 -1 15.773850 31.722110
60 201162 24.247510 7.407650
60 202066 8.340690 47.450130
60 101162 11.606470 22.140100
60 202322 19.910110 35.848090
60 1626162 4.162090 13.538940
60 1718 7.262990 19.753050
60 200755 17.258550 34.476690
60 101108 8.662870 36.850120
60 201601 16.821590 16.603910
60 201599 12.367490 23.955470
72 -1 14.197450 30.639090
72 201162 24.891500 7.815210
72 202066 8.855020 47.269130
72 101162 10.629400 22.195460
72 202322 19.698260 36.060210
72 1626162 3.835510 14.035590
72 1718 6.956860 19.606060
72 200755 16.297150 35.495070
72 101108 8.696750 36.489800
72 201601 16.534010 16.889610
72 201599 11.688640 24.021300
84 -1 12.728520 29.660550
84 201162 25.330310 8.283770
84 202066 9.470440 47.091610
84 101162 9.703040 22.281160
84 202322 19.578820 36.265220
84 1626162 3.525700 14.757530
84 1718 6.662230 19.586620
84 200755 15.389370 36.552990
84 101108 8.767980 36.087150
84 201601 16.226630 17.305980
84 201599 11.036300 24.136470
96 -1 11.189800 28.415830
96 201162 25.795790 8.782560
96 202066 10.139190 46.918610
96 101162 8.894080 22.403220
96 202322 19.436620 36.439970
96 1626162 3.300100 15.698170
96 1718 6.406060 19.641900
96 200755 14.628470 37.584840
96 101108 8.883260 35.646540
96 201601 15.771570 17.931300
96 201599 10.489450 24.311360
108 -1 9.658580 27.358320
108 201162 26.276720 9.289920
108 202066 10.858870 46.733440
108 101162 8.134580 22.346520
108 202322 19.385550 36.549800
108 1626162 3.077860 16.670910
108 1718 6.186230 19.727770
108 200755 13.970240 38.515850
108 101108 9.012980 35.188440
108 201601 15.205110 18.477650
108 201599 10.119370 24.674770
120 -1 8.068460 26.287110
120 201162 26.727400 9.814420
120 202066 11.660020 46.541260
120 101162 7.587840 22.407250
120 202322 19.324440 36.532080
120 1626162 2.945570 17.718770
120 1718 6.041230 19.836960
120 200755 13.441750 39.410300
120 101108 9.113570 34.744400
120 201601 14.631850 18.904040
120 201599 9.942530 25.054240
132 -1 6.767630 25.243710
132 201162 27.074270 10.358200
132 202066 12.511170 46.311780
132 101162 7.273570 23.047770
132 202322 19.271860 36.420890
132 1626162 2.883710 18.773430
132 1718 6.062780 19.958600
132 200755 13.049130 40.321250
132 101108 9.209590 34.323540
132 201601 14.062050 19.387290
132 201599 9.828670 25.505570
144 -1 7.260450 24.215940
144 201162 27.603430 10.888880
144 202066 13.529920 46.085540
144 101162 7.210110 23.634280
144 202322 19.234640 36.250700
144 1626162 2.873560 19.893710
144 1718 6.254130 20.071010
144 200755 12.809270 41.141070
144 101108 9.278160 33.925940
144 201601 13.426650 19.811530
144 201599 9.780810 25.939930
156 -1 8.608230 23.454340
156 201162 28.132320 11.423970
156 202066 14.574110 45.843640
156 101162 7.307810 23.580050
156 202322 19.218890 36.094390
156 1626162 2.898910 20.889950
156 1718 6.611720 20.164790
156 200755 12.743100 41.885060
156 101108 9.363630 33.506730
156 201601 12.861590 20.206390
156 201599 9.745230 26.305870
168 -1 9.777430 22.555890
168 201162 28.654740 11.961090
168 202066 15.699260 45.597450
168 101162 7.786120 23.525510
168 202322 19.220870 35.970890
168 1626162 3.095010 21.845660
168 1718 7.059100 20.239970
168 200755 12.829360 42.498600
168 101108 9.602480 33.104910
168 201601 12.467720 20.603370
168 201599 9.643440 26.452540
180 -1 10.785720 22.182370
180 201162 29.144350 12.499940
180 202066 16.919650 45.372340
180 101162 8.184930 23.478770
180 202322 19.259870 35.856260
180 1626162 3.275930 22.568860
180 1718 7.585690 20.264800
180 200755 13.043280 43.042150
180 101108 9.982500 32.690780
180 201601 12.304200 20.969590
180 201599 9.560140 26.522880
192 -1 11.747910 21.786750
192 201162 29.683580 13.027280
192 202066 18.144100 45.105400
192 101162 8.616740 22.811860
192 202322 19.333000 35.733300
192 1626162 3.499540 23.015560
192 1718 8.192550 20.233400
192 200755 13.434530 43.552070
192 101108 10.543330 32.257440
192 201601 12.307200 21.306130
192 201599 9.498930 26.567500
204 -1 12.566670 21.633610
204 201162 30.392800 13.531400
204 202066 19.351330 44.772380
204 101162 9.113520 22.124200
204 202322 19.458100 35.518870
204 1626162 3.809540 23.251310
204 1718 8.891540 20.115570
204 200755 14.009780 44.044640
204 101108 11.294870 31.765630
204 201601 12.388370 21.586300
204 201599 9.481070 26.579470
216 -1 13.444390 21.451600
216 201162 31.373350 14.094830
216 202066 20.761740 44.445880
216 101162 9.789500 22.070630
216 202322 19.707600 35.133350
216 1626162 4.268950 23.436590
216 1718 9.645320 19.939260
216 200755 14.800340 44.501980
216 101108 12.270250 31.241050
216 201601 12.445800 21.706790
216 201599 9.466960 26.616680
228 -1 14.446160 21.300040
228 201162 32.479670 14.684390
228 202066 22.239570 44.098050
228 101162 10.052020 22.125440
228 202322 20.070970 34.597150
228 1626162 4.589350 23.232940
228 1718 10.561660 19.697700
228 200755 15.766480 44.922170
228 101108 13.231450 30.747930
228 201601 12.379330 21.675590
228 201599 9.219450 26.657210
240 -1 15.743030 21.050440
240 201162 33.666110 15.203150
240 202066 23.760240 43.710560
240 101162 10.576280 21.995450
240 202322 20.503330 33.891830
240 1626162 5.149330 23.074310
240 1718 11.673950 19.410820
240 200755 16.873230 45.301950
240 101108 14.353330 30.177400
240 201601 12.305560 21.598420
240 201599 8.796180 26.878710
252 -1 16.807200 20.769350
252 201162 34.929700 15.664820
252 202066 25.428110 43.335440
252 101162 11.212270 21.847870
252 202322 21.120520 32.982790
252 1626162 5.891020 23.004670
252 1718 12.912760 19.068720
252 200755 18.068010 45.613330
252 101108 15.571730 29.537580
252 201601 12.355840 21.445750
252 201599 8.603460 26.990230
264 -1 17.833940 20.365190
264 201162 36.213850 16.094810
264 202066 27.139080 42.996060
264 101162 11.858570 21.782980
264 202322 21.900150 31.944490
264 1626162 6.756840 22.957320
264 1718 14.232220 18.762170
264 200755 19.329750 45.885000
264 101108 16.857080 28.838300
264 201601 12.603970 21.313860
264 201599 8.625460 27.050890
276 -1 18.795950 20.112370
276 201162 37.424380 16.429160
276 202066 28.794210 42.649160
276 101162 12.436590 21.938840
276 202322 22.735610 30.759420
276 1626162 7.679030 22.872850
276 1718 15.813200 18.442550
276 200755 20.674350 46.131790
276 101108 18.138740 28.082240
276 201601 12.995630 21.256600
276 201599 8.650650 27.105290
288 -1 19.837630 19.583040
288 201162 38.729160 16.701360
288 202066 30.439750 42.332330
288 101162 13.357060 22.191570
288 202322 23.463970 29.376090
288 1626162 9.010150 23.185790
288 1718 17.411410 18.192270
288 200755 22.121640 46.357190
288 101108 19.538160 27.255400
288 201601 13.583220 21.273680
288 201599 8.879710 27.149940
300 -1 20.711810 19.256350
300 201162 40.126950 16.969980
300 202066 32.083560 42.017480
300 101162 14.225080 22.476120
300 202322 24.395440 27.786760
300 1626162 10.411000 23.294780
300 1718 18.929040 18.010180
300 200755 23.637970 46.519290
300 101108 20.818860 26.463020
300 201601 14.283070 21.303010
300 201599 9.347190 26.955860
312 -1 21.642240 18.985210
312 201162 41.589180 17.187890
312 202066 33.776410 41.738630
312 101162 15.060880 22.782320
312 202322 25.293670 26.129810
312 1626162 11.740450 23.539610
312 1718 20.450040 17.893010
312 200755 25.204430 46.681360
312 101108 22.058270 25.740040
312 201601 14.958010 21.319100
312 201599 9.676380 26.886270
324 -1 22.777760 18.448260
324 201162 43.096090 17.411640
324 202066 35.482720 41.496290
324 101162 16.026280 23.185850
324 202322 26.175770 24.423240
324 1626162 13.026900 23.718700
324 1718 21.904860 17.790770
324 200755 26.825260 46.838150
324 101108 23.270620 25.108260
324 201601 15.622060 21.309100
324 201599 9.861600 26.853980
336 -1 24.325910 18.177990
336 201162 44.623620 17.588170
336 202066 37.196520 41.309290
336 101162 17.023020 23.420040
336 202322 27.001460 22.702820
336 1626162 14.247060 23.876280
336 1718 23.225300 17.697670
336 200755 28.471830 46.991690
336 101108 24.671770 24.634300
336 201601 16.240540 21.267510
336 201599 10.119460 26.788160