0 -1 76.563910 8.372500
0 201589 84.952740 28.565990
0 201568 90.309590 32.200050
0 203914 69.657960 25.208720
0 203999 80.645190 15.081030
0 1626144 75.034430 4.430430
0 200755 76.534580 8.069600
0 101108 57.651200 28.936200
0 202325 88.526870 37.210500
0 201599 79.224140 13.537330
0 201933 74.425370 34.172490
12 -1 76.679910 8.949930
12 201589 84.838860 28.344090
12 201568 89.820510 32.234570
12 203914 69.668710 25.303790
12 203999 80.749690 15.099610
12 1626144 75.623360 4.587570
12 200755 76.624960 8.438530
12 101108 57.781080 28.962550
12 202325 87.822010 37.697240
12 201599 79.285610 13.567440
12 201933 74.471140 34.031170
24 -1 77.173330 9.666130
24 201589 84.718870 28.092490
24 201568 89.378500 32.211110
24 203914 69.665800 25.385900
24 203999 80.891300 15.273390
24 1626144 76.304770 4.878630
24 200755 76.708400 8.665150
24 101108 57.862880 28.960540
24 202325 87.121010 38.164790
24 201599 79.333390 13.601510
24 201933 74.622260 33.859030
36 -1 78.344240 11.252520
36 201589 84.558150 27.844820
36 201568 88.943520 32.079430
36 203914 69.656970 25.446040
36 203999 80.941060 15.436550
36 1626144 77.117110 5.242930
36 200755 76.919560 8.993060
36 101108 57.867770 28.915940
36 202325 86.406150 38.563080
36 201599 79.345780 13.635120
36 201933 74.899920 33.633260
48 -1 79.845240 13.147150
48 201589 84.353370 27.687990
48 201568 88.596130 31.849100
48 203914 69.659190 25.498300
48 203999 81.023380 15.628510
48 1626144 78.001620 5.634200
48 200755 77.099400 9.245240
48 101108 57.789130 28.809910
48 202325 85.662860 38.933320
48 201599 79.235010 13.621670
48 201933 75.312670 33.358770
60 -1 81.059890 14.845360
60 201589 84.115250 27.640560
60 201568 88.327360 31.718230
60 203914 69.645380 25.553790
60 203999 81.120550 15.854590
60 1626144 78.916030 6.102030
60 200755 77.119320 9.338560
60 101108 57.630330 28.657470
60 202325 84.857650 39.301440
60 201599 78.982910 13.585490
60 201933 75.836990 32.988490
72 -1 82.415230 16.664220
72 201589 83.790350 27.766550
72 201568 88.244490 31.401180
72 203914 69.581250 25.622790
72 203999 81.238450 16.106150
72 1626144 79.810580 6.645250
72 200755 76.970510 9.312950
72 101108 57.386610 28.494800
72 202325 84.016020 39.669430
72 201599 78.619600 13.471100
72 201933 76.449580 32.507280
84 -1 83.692080 18.333990
84 201589 83.366510 27.905850
84 201568 88.184840 31.085120
84 203914 69.470730 25.723460
84 203999 81.320290 16.333790
84 1626144 80.689350 7.176640
84 200755 76.679530 9.175830
84 101108 57.073910 28.337240
84 202325 83.167670 40.031410
84 201599 78.271150 13.248820
84 201933 77.060040 31.913780
96 -1 85.007840 20.037770
96 201589 82.804650 28.150360
96 201568 88.228640 30.842400
96 203914 69.324590 25.878040
96 203999 81.582370 16.686300
96 1626144 81.523290 7.687620
96 200755 76.203960 8.954410
96 101108 56.707930 28.220190
96 202325 82.331820 40.366100
96 201599 77.895960 12.992850
96 201933 77.619830 31.199930
108 -1 86.311350 21.801210
108 201589 82.226640 28.370580
108 201568 88.314060 30.597710
108 203914 69.118260 26.070450
108 203999 81.951390 17.100660
108 1626144 82.294000 8.280000
108 200755 75.573030 8.684100
108 101108 56.289610 28.139180
108 202325 81.473690 40.629510
108 201599 77.515240 12.779220
108 201933 78.162510 30.242400
120 -1 87.534670 23.494520
120 201589 81.686340 28.357980
120 201568 88.380590 30.297850
120 203914 68.859560 26.300790
120 203999 82.434470 17.547710
120 1626144 83.001980 8.894780
120 200755 74.850060 8.410800
120 101108 55.824620 28.077390
120 202325 80.578730 40.815110
120 201599 77.041970 12.493040
120 201933 78.625700 29.261790
132 -1 88.507350 24.827600
132 201589 81.273480 28.159050
132 201568 88.341850 29.925100
132 203914 68.579290 26.585240
132 203999 82.979020 18.034690
132 1626144 83.623510 9.508100
132 200755 74.078650 8.129840
132 101108 55.314140 28.012620
132 202325 79.647410 40.952680
132 201599 76.496110 12.348320
132 201933 79.010360 28.305820
144 -1 88.642490 24.891250
144 201589 80.990060 27.885980
144 201568 88.363370 29.557050
144 203914 68.240570 26.888640
144 203999 83.612120 18.548380
144 1626144 84.174160 10.101200
144 200755 73.204800 7.864170
144 101108 54.773220 27.928380
144 202325 78.643350 41.046840
144 201599 75.836800 12.291950
144 201933 79.359380 27.331280
156 -1 88.793960 25.455770
156 201589 80.934440 27.415830
156 201568 88.379160 29.200060
156 203914 67.823200 27.191140
156 203999 84.255320 19.102110
156 1626144 84.625760 10.673610
156 200755 72.263680 7.631530
156 101108 54.198870 27.811130
156 202325 77.610550 41.083330
156 201599 75.098210 12.253530
156 201933 79.721790 26.341660
168 -1 88.973610 26.289420
168 201589 80.963270 26.886580
168 201568 88.347940 28.843040
168 203914 67.351700 27.538770
168 203999 84.816060 19.579620
168 1626144 85.062320 11.097560
168 200755 71.336160 7.426790
168 101108 53.605300 27.686800
168 202325 76.571710 41.029350
168 201599 74.269770 12.235490
168 201933 80.011540 25.517980
180 -1 89.109340 27.090600
180 201589 80.895890 26.580010
180 201568 88.393320 28.559630
180 203914 66.785780 27.925210
180 203999 85.248720 20.039250
180 1626144 85.503950 11.322480
180 200755 70.426910 7.249300
180 101108 53.005390 27.572010
180 202325 75.524620 40.949600
180 201599 73.450160 12.336280
180 201933 80.163520 24.675670
192 -1 89.189170 27.643650
192 201589 80.868600 26.270690
192 201568 88.513290 28.354370
192 203914 66.109310 28.412490
192 203999 85.490290 20.450200
192 1626144 85.903260 11.375510
192 200755 69.479430 7.144510
192 101108 52.346750 27.504470
192 202325 74.407320 40.790260
192 201599 72.565640 12.454800
192 201933 80.132450 23.862310
204 -1 88.970000 27.692200
204 201589 80.872390 25.884570
204 201568 88.666710 28.167860
204 203914 65.348960 29.071250
204 203999 85.466000 20.732360
204 1626144 86.314550 11.300260
204 200755 68.513650 7.073100
204 101108 51.635080 27.544750
204 202325 73.289410 40.572870
204 201599 71.652840 12.607190
204 201933 79.887500 23.175680
216 -1 88.929370 27.645040
216 201589 80.772840 25.550780
216 201568 88.837490 27.989620
216 203914 64.511800 29.896970
216 203999 85.159520 20.787470
216 1626144 86.695080 11.113730
216 200755 67.583670 6.983250
216 101108 50.889460 27.610000
216 202325 72.144450 40.359440
216 201599 70.697700 12.801570
216 201933 79.306460 22.665620
228 -1 89.204900 27.400500
228 201589 80.514120 25.166040
228 201568 89.072720 27.869860
228 203914 63.556040 30.865560
228 203999 84.749070 20.995630
228 1626144 86.918840 10.802360
228 200755 66.539190 6.932880
228 101108 50.129090 27.723720
228 202325 70.993440 40.158000
228 201599 69.732820 13.016690
228 201933 78.526260 22.227470
240 -1 89.032290 26.997810
240 201589 80.194060 24.640910
240 201568 89.244350 27.837540
240 203914 62.490150 31.934830
240 203999 84.048050 21.022390
240 1626144 86.860670 10.399100
240 200755 65.328250 6.920130
240 101108 49.303760 27.873090
240 202325 69.836480 39.868210
240 201599 68.708060 13.283700
240 201933 77.559290 21.955640
252 -1 89.656920 27.175690
252 201589 79.568380 24.206340
252 201568 89.297430 27.798050
252 203914 61.337550 33.070770
252 203999 83.145980 20.965970
252 1626144 86.559800 9.986810
252 200755 64.009590 6.921390
252 101108 48.490590 28.054320
252 202325 68.695870 39.516960
252 201599 67.639730 13.580510
252 201933 76.500020 21.778590