0 -1 3.905590 45.379540 BALL
0 2199 10.661250 24.004900 PLAYER
0 200782 1.292850 34.782610 PLAYER
0 202720 23.374170 9.006440 PLAYER
0 202339 3.849290 47.340580 PLAYER
0 202688 32.139690 32.023450 PLAYER
0 1718 5.342960 29.204630 PLAYER
0 201599 9.526270 17.163520 PLAYER
0 201933 7.815450 26.370020 PLAYER
0 203143 18.256020 32.445210 PLAYER
0 203085 9.351550 36.420250 PLAYER
12 -1 3.975170 45.295260 BALL
12 2199 10.053090 23.621940 PLAYER
12 200782 1.871550 35.434740 PLAYER
12 202720 23.851940 9.284740 PLAYER
12 202339 3.765250 47.291630 PLAYER
12 202688 32.451080 31.927720 PLAYER
12 1718 5.332810 29.697350 PLAYER
12 201599 9.211180 17.393160 PLAYER
12 201933 7.771900 25.999160 PLAYER
12 203143 17.922020 32.385080 PLAYER
12 203085 9.047700 37.840560 PLAYER
24 -1 4.018410 45.169540 BALL
24 2199 9.518340 23.347210 PLAYER
24 200782 2.503900 35.985600 PLAYER
24 202720 24.263360 9.591220 PLAYER
24 202339 3.700480 47.242690 PLAYER
24 202688 32.806160 31.910810 PLAYER
24 1718 5.370740 30.159960 PLAYER
24 201599 8.911270 17.638050 PLAYER
24 201933 7.824590 25.679950 PLAYER
24 203143 17.576130 32.313760 PLAYER
24 203085 8.656760 39.292530 PLAYER
36 -1 4.037290 44.994080 BALL
36 2199 9.044870 23.118120 PLAYER
36 200782 3.301160 36.481690 PLAYER
36 202720 24.552960 9.899630 PLAYER
36 202339 3.686610 47.171770 PLAYER
36 202688 33.178600 31.913410 PLAYER
36 1718 5.481440 30.615580 PLAYER
36 201599 8.648930 17.897900 PLAYER
36 201933 7.845570 25.231100 PLAYER
36 203143 17.191970 32.270730 PLAYER
36 203085 8.174310 40.674480 PLAYER
48 -1 4.027780 43.441620 BALL
48 2199 8.632060 22.885760 PLAYER
48 200782 4.139090 36.862890 PLAYER
48 202720 24.644560 10.362000 PLAYER
48 202339 3.615240 47.058160 PLAYER
48 202688 33.571560 31.897180 PLAYER
48 1718 5.593200 31.030820 PLAYER
48 201599 8.409870 18.132120 PLAYER
48 201933 7.898880 24.854760 PLAYER
48 203143 16.794960 32.258060 PLAYER
48 203085 7.873930 41.897340 PLAYER
60 -1 4.061520 41.018070 BALL
60 2199 8.317260 22.686430 PLAYER
60 200782 5.050330 37.140850 PLAYER
60 202720 24.563590 10.920260 PLAYER
60 202339 3.526500 46.958390 PLAYER
60 202688 33.952420 31.834270 PLAYER
60 1718 5.751420 31.440100 PLAYER
60 201599 8.235070 18.269740 PLAYER
60 201933 7.812210 24.541180 PLAYER
60 203143 16.360720 32.292730 PLAYER
60 203085 7.657190 43.003360 PLAYER
72 -1 4.220950 38.720090 BALL
72 2199 8.091150 22.532310 PLAYER
72 200782 6.043510 37.355470 PLAYER
72 202720 24.321100 11.621680 PLAYER
72 202339 3.477460 46.883810 PLAYER
72 202688 34.340840 31.730690 PLAYER
72 1718 5.955960 31.808330 PLAYER
72 201599 8.029990 18.338580 PLAYER
72 201933 7.600370 24.257620 PLAYER
72 203143 15.901940 32.316700 PLAYER
72 203085 7.492940 43.996400 PLAYER
84 -1 4.292210 36.434280 BALL
84 2199 7.902100 22.398920 PLAYER
84 200782 7.106350 37.496120 PLAYER
84 202720 23.811350 12.437680 PLAYER
84 202339 3.451160 46.817720 PLAYER
84 202688 34.726200 31.555640 PLAYER
84 1718 6.132110 32.247950 PLAYER
84 201599 7.834880 18.341280 PLAYER
84 201933 7.305060 23.955680 PLAYER
84 203143 15.411620 32.270050 PLAYER
84 203085 7.474990 44.803350 PLAYER
96 -1 4.427920 34.084870 BALL
96 2199 7.710040 22.297190 PLAYER
96 200782 8.027840 37.526180 PLAYER
96 202720 23.133960 13.420850 PLAYER
96 202339 3.469620 46.770390 PLAYER
96 202688 35.141960 31.350340 PLAYER
96 1718 6.306800 32.541660 PLAYER
96 201599 7.685630 18.259330 PLAYER
96 201933 7.029360 23.782020 PLAYER
96 203143 14.921510 32.122800 PLAYER
96 203085 7.589750 45.398240 PLAYER
108 -1 4.440720 31.719870 BALL
108 2199 7.527060 22.274170 PLAYER
108 200782 8.962910 37.498320 PLAYER
108 202720 22.286510 14.449850 PLAYER
108 202339 3.522110 46.738770 PLAYER
108 202688 35.570020 31.152660 PLAYER
108 1718 6.574660 32.683930 PLAYER
108 201599 7.572590 18.165050 PLAYER
108 201933 6.712310 23.640150 PLAYER
108 203143 14.450670 31.926800 PLAYER
108 203085 7.714680 45.888600 PLAYER
120 -1 4.589640 29.541100 BALL
120 2199 7.366710 22.303070 PLAYER
120 200782 9.899220 37.442720 PLAYER
120 202720 21.247370 15.533030 PLAYER
120 202339 3.606520 46.732430 PLAYER
120 202688 36.027250 31.010150 PLAYER
120 1718 6.843110 32.769350 PLAYER
120 201599 7.511180 18.185580 PLAYER
120 201933 6.647710 23.732100 PLAYER
120 203143 14.011240 31.644820 PLAYER
120 203085 7.841670 46.270130 PLAYER
132 -1 4.815940 27.393130 BALL
132 2199 7.212640 22.324550 PLAYER
132 200782 10.795980 37.313060 PLAYER
132 202720 20.076730 16.631240 PLAYER
132 202339 3.683830 46.758920 PLAYER
132 202688 36.481880 30.893770 PLAYER
132 1718 7.173000 32.850480 PLAYER
132 201599 7.529020 18.225050 PLAYER
132 201933 6.874650 23.990020 PLAYER
132 203143 13.598560 31.319280 PLAYER
132 203085 8.013980 46.561220 PLAYER
144 -1 4.897230 25.194710 BALL
144 2199 7.155250 22.336850 PLAYER
144 200782 11.661910 37.132090 PLAYER
144 202720 18.922690 17.738270 PLAYER
144 202339 3.779020 46.802360 PLAYER
144 202688 36.942800 30.805630 PLAYER
144 1718 7.654470 32.721470 PLAYER
144 201599 7.592050 18.176220 PLAYER
144 201933 6.981380 24.261120 PLAYER
144 203143 13.267480 30.995230 PLAYER
144 203085 8.222750 46.768530 PLAYER
156 -1 6.040570 23.939050 BALL
156 2199 7.209560 22.398420 PLAYER
156 200782 12.585610 36.883180 PLAYER
156 202720 17.668950 18.843790 PLAYER
156 202339 3.892290 46.818090 PLAYER
156 202688 37.404640 30.730120 PLAYER
156 1718 8.092410 32.584100 PLAYER
156 201599 7.759930 18.261250 PLAYER
156 201933 7.053400 24.631980 PLAYER
156 203143 12.993330 30.650580 PLAYER
156 203085 8.453560 46.974890 PLAYER
168 -1 7.193690 23.542140 BALL
168 2199 7.402300 22.488220 PLAYER
168 200782 13.601670 36.527870 PLAYER
168 202720 16.455260 19.862320 PLAYER
168 202339 4.064070 46.857170 PLAYER
168 202688 37.857040 30.619950 PLAYER
168 1718 8.315270 32.512280 PLAYER
168 201599 8.134490 18.479670 PLAYER
168 201933 7.103170 25.093600 PLAYER
168 203143 12.822060 30.231230 PLAYER
168 203085 8.672100 47.115410 PLAYER
180 -1 8.392180 23.007000 BALL
180 2199 7.769160 22.574980 PLAYER
180 200782 14.662950 36.104200 PLAYER
180 202720 15.366180 20.772910 PLAYER
180 202339 4.283250 46.943620 PLAYER
180 202688 38.287960 30.449290 PLAYER
180 1718 8.481860 32.393090 PLAYER
180 201599 8.603190 18.632080 PLAYER
180 201933 7.023950 25.421350 PLAYER
180 203143 12.840680 29.754800 PLAYER
180 203085 8.920630 47.203420 PLAYER
192 -1 9.548690 22.403690 BALL
192 2199 8.265490 22.727020 PLAYER
192 200782 15.752970 35.644660 PLAYER
192 202720 14.344170 21.552810 PLAYER
192 202339 4.563440 47.019720 PLAYER
192 202688 38.725860 30.235260 PLAYER
192 1718 8.537560 32.220430 PLAYER
192 201599 9.143770 18.713290 PLAYER
192 201933 6.820230 25.697480 PLAYER
192 203143 13.000310 29.231500 PLAYER
192 203085 9.142770 47.255400 PLAYER
204 -1 10.715330 21.931660 BALL
204 2199 8.807860 22.882200 PLAYER
204 200782 16.866810 35.134200 PLAYER
204 202720 13.280360 22.081540 PLAYER
204 202339 4.891340 47.092670 PLAYER
204 202688 39.169280 30.012800 PLAYER
204 1718 8.463060 32.050560 PLAYER
204 201599 9.873220 18.960400 PLAYER
204 201933 6.689110 25.916580 PLAYER
204 203143 13.280730 28.670700 PLAYER
204 203085 9.328180 47.261220 PLAYER
216 -1 11.768600 21.270440 BALL
216 2199 9.447050 23.145410 PLAYER
216 200782 18.070540 34.551990 PLAYER
216 202720 12.335260 22.280890 PLAYER
216 202339 5.271020 47.144910 PLAYER
216 202688 39.639150 29.789380 PLAYER
216 1718 8.406100 31.878590 PLAYER
216 201599 10.634960 19.103410 PLAYER
216 201933 6.676540 25.999660 PLAYER
216 203143 13.717320 28.072470 PLAYER
216 203085 9.516600 47.169580 PLAYER
228 -1 13.791350 22.027810 BALL
228 2199 10.066750 23.365030 PLAYER
228 200782 19.263760 33.876170 PLAYER
228 202720 11.414350 22.226690 PLAYER
228 202339 5.650110 47.101250 PLAYER
228 202688 40.141670 29.618820 PLAYER
228 1718 8.493670 31.725170 PLAYER
228 201599 11.422660 19.172360 PLAYER
228 201933 6.617270 25.931540 PLAYER
228 203143 14.354880 27.441070 PLAYER
228 203085 9.667720 46.991270 PLAYER
240 -1 15.827320 22.911960 BALL
240 2199 10.584020 23.556710 PLAYER
240 200782 20.440590 33.210850 PLAYER
240 202720 10.618120 21.967310 PLAYER
240 202339 6.028570 46.951640 PLAYER
240 202688 40.713330 29.503880 PLAYER
240 1718 8.630800 31.600620 PLAYER
240 201599 12.209440 19.269010 PLAYER
240 201933 6.610800 25.807940 PLAYER
240 203143 15.056240 26.813140 PLAYER
240 203085 9.838030 46.780570 PLAYER
252 -1 17.838780 23.466100 BALL
252 2199 11.013390 23.748700 PLAYER
252 200782 21.545700 32.435440 PLAYER
252 202720 10.024370 21.546740 PLAYER
252 202339 6.407810 46.695880 PLAYER
252 202688 41.303770 29.397790 PLAYER
252 1718 8.873150 31.526010 PLAYER
252 201599 13.209180 19.426940 PLAYER
252 201933 6.650680 25.633620 PLAYER
252 203143 15.859330 26.172690 PLAYER
252 203085 10.019560 46.501840 PLAYER
264 -1 19.744120 24.443410 BALL
264 2199 11.394930 24.011010 PLAYER
264 200782 22.681060 31.621150 PLAYER
264 202720 9.584440 21.072840 PLAYER
264 202339 6.770630 46.406260 PLAYER
264 202688 41.926430 29.266040 PLAYER
264 1718 9.173380 31.490910 PLAYER
264 201599 14.274780 19.654910 PLAYER
264 201933 6.761130 25.476190 PLAYER
264 203143 16.900810 25.562650 PLAYER
264 203085 10.225600 46.156890 PLAYER
276 -1 21.844840 25.013570 BALL
276 2199 11.632810 24.168230 PLAYER
276 200782 23.766450 30.774430 PLAYER
276 202720 9.291770 20.564800 PLAYER
276 202339 7.082060 46.116250 PLAYER
276 202688 42.541800 29.082870 PLAYER
276 1718 9.511700 31.465490 PLAYER
276 201599 15.367630 19.907010 PLAYER
276 201933 6.785940 25.331430 PLAYER
276 203143 18.123540 24.989620 PLAYER
276 203085 10.430540 45.818650 PLAYER
288 -1 23.708580 25.669100 BALL
288 2199 11.830000 24.357910 PLAYER
288 200782 24.806040 29.958210 PLAYER
288 202720 9.239280 20.140140 PLAYER
288 202339 7.351210 45.843360 PLAYER
288 202688 43.134760 28.869900 PLAYER
288 1718 9.872870 31.419870 PLAYER
288 201599 16.446200 19.930100 PLAYER
288 201933 6.861960 25.125020 PLAYER
288 203143 19.396760 24.582560 PLAYER
288 203085 10.681400 45.492560 PLAYER
300 -1 25.620730 26.460180 BALL
300 2199 11.958570 24.540880 PLAYER
300 200782 25.867300 29.070940 PLAYER
300 202720 9.201610 19.689710 PLAYER
300 202339 7.574020 45.602990 PLAYER
300 202688 43.641390 28.658380 PLAYER
300 1718 10.281570 31.377330 PLAYER
300 201599 17.654100 19.921590 PLAYER
300 201933 6.860430 24.929520 PLAYER
300 203143 20.784060 24.363190 PLAYER
300 203085 10.905240 45.177200 PLAYER
312 -1 27.536250 26.939100 BALL
312 2199 12.042450 24.649450 PLAYER
312 200782 26.996580 28.252870 PLAYER
312 202720 9.160430 19.242130 PLAYER
312 202339 7.737230 45.435660 PLAYER
312 202688 44.020980 28.534450 PLAYER
312 1718 10.701220 31.353260 PLAYER
312 201599 18.793090 19.910480 PLAYER
312 201933 6.829810 24.758240 PLAYER
312 203143 22.316500 24.263650 PLAYER
312 203085 11.079340 44.864050 PLAYER
324 -1 29.416730 27.634170 BALL
324 2199 12.087570 24.653290 PLAYER
324 200782 28.073960 27.455240 PLAYER
324 202720 9.242240 18.720910 PLAYER
324 202339 7.815820 45.337710 PLAYER
324 202688 44.245810 28.506250 PLAYER
324 1718 11.166560 31.319720 PLAYER
324 201599 19.773880 19.731590 PLAYER
324 201933 6.793140 24.547420 PLAYER
324 203143 23.777970 24.202560 PLAYER
324 203085 11.165510 44.520320 PLAYER
336 -1 30.915850 27.161740 BALL
336 2199 12.150660 24.491790 PLAYER
336 200782 29.014370 26.572880 PLAYER
336 202720 9.381880 18.116210 PLAYER
336 202339 7.811270 45.309350 PLAYER
336 202688 44.318330 28.559440 PLAYER
336 1718 11.710520 31.280960 PLAYER
336 201599 20.620980 19.523650 PLAYER
336 201933 6.826210 24.336040 PLAYER
336 203143 25.159070 24.223370 PLAYER
336 203085 11.222430 44.152120 PLAYER
348 -1 31.908750 26.354170 BALL
348 2199 12.199690 24.194740 PLAYER
348 200782 30.083640 25.822050 PLAYER
348 202720 9.481230 17.366330 PLAYER
348 202339 7.768390 45.366830 PLAYER
348 202688 44.281160 28.625720 PLAYER
348 1718 12.325850 31.203910 PLAYER
348 201599 21.245900 19.491690 PLAYER
348 201933 6.915350 24.206490 PLAYER
348 203143 26.517700 24.228300 PLAYER
348 203085 11.231780 43.768730 PLAYER
360 -1 32.703120 25.262370 BALL
360 2199 12.238570 23.836060 PLAYER
360 200782 31.211270 25.060740 PLAYER
360 202720 9.621430 16.567150 PLAYER
360 202339 7.676550 45.506850 PLAYER
360 202688 44.191290 28.654230 PLAYER
360 1718 12.988130 31.041040 PLAYER
360 201599 21.715320 19.470670 PLAYER
360 201933 7.038070 24.091860 PLAYER
360 203143 27.768230 24.204250 PLAYER
360 203085 11.179150 43.352440 PLAYER
372 -1 33.580320 24.006630 BALL
372 2199 12.295100 23.429790 PLAYER
372 200782 32.314810 24.113770 PLAYER
372 202720 9.774820 15.642370 PLAYER
372 202339 7.539300 45.697050 PLAYER
372 202688 44.122790 28.621080 PLAYER
372 1718 13.671010 30.757450 PLAYER
372 201599 21.784890 19.498370 PLAYER
372 201933 7.217870 23.954870 PLAYER
372 203143 28.853100 24.250830 PLAYER
372 203085 11.098180 42.921600 PLAYER
384 -1 34.474570 22.843920 BALL
384 2199 12.346880 23.014340 PLAYER
384 200782 33.258980 23.110540 PLAYER
384 202720 9.861690 14.627050 PLAYER
384 202339 7.399330 45.881780 PLAYER
384 202688 44.066470 28.527940 PLAYER
384 1718 14.402300 30.429930 PLAYER
384 201599 21.545840 19.633470 PLAYER
384 201933 7.385650 23.740690 PLAYER
384 203143 29.816630 24.394650 PLAYER
384 203085 11.028960 42.518850 PLAYER
396 -1 35.236480 21.570290 BALL
396 2199 12.392260 22.620040 PLAYER
396 200782 34.169760 22.263330 PLAYER
396 202720 9.859600 13.598090 PLAYER
396 202339 7.253720 46.070330 PLAYER
396 202688 44.026410 28.428960 PLAYER
396 1718 15.151700 29.900530 PLAYER
396 201599 21.156170 19.782660 PLAYER
396 201933 7.491500 23.461570 PLAYER
396 203143 30.689800 24.649480 PLAYER
396 203085 10.881240 42.125540 PLAYER
408 -1 35.494150 20.310320 BALL
408 2199 12.431350 22.241560 PLAYER
408 200782 34.701690 21.405200 PLAYER
408 202720 9.787640 12.494310 PLAYER
408 202339 7.092150 46.261540 PLAYER
408 202688 44.014720 28.383210 PLAYER
408 1718 15.857830 29.278320 PLAYER
408 201599 20.605490 19.907870 PLAYER
408 201933 7.576660 23.004300 PLAYER
408 203143 31.447950 24.916490 PLAYER
408 203085 10.663100 41.759210 PLAYER
420 -1 35.272330 19.254980 BALL
420 2199 12.501690 21.842070 PLAYER
420 200782 34.943250 20.516450 PLAYER
420 202720 9.642520 11.345560 PLAYER
420 202339 6.960640 46.433560 PLAYER
420 202688 44.010770 28.386220 PLAYER
420 1718 16.531270 28.562970 PLAYER
420 201599 19.832890 20.039440 PLAYER
420 201933 7.662710 22.419580 PLAYER
420 203143 32.134020 25.197010 PLAYER
420 203085 10.375630 41.397270 PLAYER
432 -1 35.002460 18.061620 BALL
432 2199 12.548670 21.465140 PLAYER
432 200782 34.996710 19.857870 PLAYER
432 202720 9.395200 10.220850 PLAYER
432 202339 6.856390 46.612300 PLAYER
432 202688 43.998350 28.407480 PLAYER
432 1718 17.228180 27.767210 PLAYER
432 201599 19.011750 20.052760 PLAYER
432 201933 7.731320 21.769200 PLAYER
432 203143 32.745210 25.455460 PLAYER
432 203085 10.054680 41.103570 PLAYER
444 -1 35.141360 17.599380 BALL
444 2199 12.532800 21.051330 PLAYER
444 200782 34.908850 19.238120 PLAYER
444 202720 9.105530 9.140850 PLAYER
444 202339 6.741130 46.789200 PLAYER
444 202688 44.004630 28.465010 PLAYER
444 1718 17.884180 26.916290 PLAYER
444 201599 18.250990 20.032060 PLAYER
444 201933 7.773330 20.984110 PLAYER
444 203143 33.289090 25.673710 PLAYER
444 203085 9.689690 40.875590 PLAYER
456 -1 34.574890 17.828200 BALL
456 2199 12.435140 20.619500 PLAYER
456 200782 34.707010 18.574350 PLAYER
456 202720 8.799270 8.084290 PLAYER
456 202339 6.645330 46.939940 PLAYER
456 202688 44.025190 28.529110 PLAYER
456 1718 18.500630 26.104860 PLAYER
456 201599 17.455100 19.911690 PLAYER
456 201933 7.867700 20.060150 PLAYER
456 203143 33.744650 25.842680 PLAYER
456 203085 9.309750 40.709250 PLAYER