0 -1 83.224530 39.210160
0 201162 87.975670 25.482840
0 101162 84.294460 34.785630
0 202322 79.648940 25.051960
0 203078 71.576300 37.406810
0 203490 91.649500 20.816980
0 977 88.981960 12.461630
0 201579 83.639180 39.772420
0 203903 66.077040 43.792240
0 203944 78.589570 23.624620
0 1626156 90.890010 19.400420
12 -1 83.314820 38.900620
12 201162 88.181180 25.317920
12 101162 84.407020 35.049080
12 202322 79.565680 25.129910
12 203078 72.101550 37.523130
12 203490 91.278160 20.203710
12 977 87.708250 11.334690
12 201579 83.562190 39.780960
12 203903 66.478230 44.146200
12 203944 78.367050 24.147180
12 1626156 90.905190 18.790440
24 -1 83.888370 37.515910
24 201162 88.223510 24.907880
24 101162 84.568380 35.258540
24 202322 79.529650 25.222500
24 203078 72.529160 37.580010
24 203490 90.779160 19.689330
24 977 86.350090 10.339380
24 201579 83.444490 39.814940
24 203903 66.851590 44.465090
24 203944 78.205050 24.523680
24 1626156 90.934120 18.303000
36 -1 84.728800 35.917080
36 201162 88.198140 24.392440
36 101162 84.494040 35.518000
36 202322 79.530570 25.302300
36 203078 72.832290 37.642770
36 203490 90.187330 19.146410
36 977 84.877060 9.545690
36 201579 83.309850 39.857220
36 203903 67.175940 44.772190
36 203944 77.997110 24.783000
36 1626156 90.977100 17.888130
48 -1 85.313360 34.326530
48 201162 88.230780 23.828760
48 101162 84.396700 35.827420
48 202322 79.475460 25.275250
48 203078 72.978770 37.777350
48 203490 89.459770 18.616570
48 977 83.316550 8.955500
48 201579 83.131350 40.011110
48 203903 67.425140 45.054850
48 203944 77.716450 25.077720
48 1626156 90.999250 17.582320
60 -1 85.939740 32.799380
60 201162 88.232550 23.178680
60 101162 84.351540 36.109760
60 202322 79.434420 25.255800
60 203078 72.975620 38.012970
60 203490 88.602370 18.020830
60 977 81.714430 8.443330
60 201579 82.937490 40.314640
60 203903 67.675620 45.318020
60 203944 77.339540 25.352220
60 1626156 91.042970 17.407630
72 -1 86.647750 31.142400
72 201162 88.215120 22.561620
72 101162 84.277580 36.422190
72 202322 79.517850 25.184660
72 203078 72.908050 38.309800
72 203490 87.666170 17.413480
72 977 80.087680 8.089930
72 201579 82.699430 40.708720
72 203903 67.902180 45.568210
72 203944 76.968610 25.616450
72 1626156 90.969520 17.393690
84 -1 87.206030 29.720750
84 201162 88.221850 22.078010
84 101162 84.188770 36.716690
84 202322 79.639160 25.193070
84 203078 72.751330 38.612150
84 203490 86.967890 16.984010
84 977 78.438170 7.873300
84 201579 82.321050 41.171380
84 203903 68.039600 45.751930
84 203944 76.511380 25.833310
84 1626156 90.801670 17.430800
96 -1 87.759160 28.095750
96 201162 88.287570 21.623810
96 101162 84.026840 36.977730
96 202322 79.784400 25.231280
96 203078 72.501110 38.910840
96 203490 86.249650 16.712230
96 977 76.819130 7.788440
96 201579 82.021050 41.701490
96 203903 68.078400 45.815910
96 203944 76.012160 25.982200
96 1626156 90.503780 17.576990
108 -1 88.300060 26.648460
108 201162 88.271120 21.268550
108 101162 83.783810 37.156660
108 202322 80.014080 25.365930
108 203078 72.122500 39.200660
108 203490 85.538310 16.550650
108 977 75.271900 7.817160
108 201579 81.601290 42.241820
108 203903 68.133170 45.861190
108 203944 75.480030 26.071090
108 1626156 90.191150 17.750150
120 -1 88.771300 25.567900
120 201162 88.217200 21.053530
120 101162 83.390320 37.308880
120 202322 80.318910 25.485000
120 203078 71.644240 39.489850
120 203490 84.781100 16.567080
120 977 73.748270 7.966260
120 201579 81.015850 42.720470
120 203903 68.055820 45.769860
120 203944 74.902020 26.041130
120 1626156 89.802780 17.956120
132 -1 89.034720 24.833810
132 201162 88.151340 20.860510
132 101162 82.870950 37.375170
132 202322 80.529440 25.617750
132 203078 71.072310 39.811110
132 203490 83.980900 16.631780
132 977 72.185340 8.195980
132 201579 80.293010 43.193900
132 203903 67.729020 45.486820
132 203944 74.253610 25.957290
132 1626156 89.389700 18.190070
144 -1 89.199780 24.281400
144 201162 88.077510 20.768300
144 101162 82.323080 37.377960
144 202322 80.779370 25.763850
144 203078 70.427590 40.157130
144 203490 82.991110 16.606370
144 977 70.641360 8.520740
144 201579 79.577850 43.659000
144 203903 67.345590 45.138220
144 203944 73.588460 25.839220
144 1626156 89.067600 18.477120
156 -1 89.256920 23.886590
156 201162 88.069640 20.632370
156 101162 81.614610 37.263760
156 202322 81.036000 25.956090
156 203078 69.747660 40.533470
156 203490 82.169180 16.582460
156 977 69.111380 8.906410
156 201579 78.704580 44.096720
156 203903 66.957210 44.812990
156 203944 72.883390 25.714650
156 1626156 88.825310 18.880110
168 -1 89.102060 23.686440
168 201162 88.038230 20.714250
168 101162 80.790300 37.072920
168 202322 81.340650 26.127150
168 203078 69.054420 40.988070
168 203490 81.121820 16.506890
168 977 67.582720 9.391960
168 201579 77.819230 44.428290
168 203903 66.432290 44.411700
168 203944 72.162890 25.618450
168 1626156 88.581060 19.520900
180 -1 89.211160 23.464940
180 201162 88.034300 20.800600
180 101162 79.832490 36.788050
180 202322 81.703060 26.380100
180 203078 68.135790 41.327180
180 203490 80.079340 16.367020
180 977 66.089250 9.948900
180 201579 76.855350 44.664320
180 203903 65.836070 43.998980
180 203944 71.395040 25.589800
180 1626156 88.375170 20.149920
192 -1 89.173440 23.214520
192 201162 88.292450 20.939870
192 101162 78.759770 36.444400
192 202322 82.079470 26.681150
192 203078 67.091900 41.682390
192 203490 79.002850 16.188180
192 977 64.673130 10.517320
192 201579 75.881480 44.770710
192 203903 65.143890 43.673230
192 203944 70.579570 25.588130
192 1626156 88.209690 20.436580
204 -1 89.104530 23.239770
204 201162 88.514880 21.132320
204 101162 77.469920 36.080100
204 202322 82.434730 26.998280
204 203078 66.028570 42.117070
204 203490 77.816520 15.952940
204 977 63.227450 11.135540
204 201579 74.912780 44.778450
204 203903 64.215850 43.384490
204 203944 69.728530 25.583790
204 1626156 88.004580 20.700100
216 -1 89.127210 23.043110
216 201162 88.589510 21.513600
216 101162 76.094580 35.713320
216 202322 82.774750 27.263800
216 203078 64.821640 42.442280
216 203490 76.389980 15.633350
216 977 61.775960 11.774060
216 201579 73.764930 44.604540
216 203903 63.139240 42.972180
216 203944 68.832730 25.579190
216 1626156 87.724210 20.850420
228 -1 89.063330 22.791150
228 201162 88.780670 21.783700
228 101162 74.602770 35.345590
228 202322 83.077560 27.518890
228 203078 63.545500 42.805870
228 203490 75.094680 15.225820
228 977 60.308110 12.404340
228 201579 72.448570 44.282020
228 203903 61.881020 42.575990
228 203944 67.874190 25.585190
228 1626156 87.342080 20.815920
240 -1 88.744900 22.897580
240 201162 88.927110 22.245050
240 101162 72.982760 34.984900
240 202322 83.232320 27.785350
240 203078 62.329210 43.269950
240 203490 73.772300 14.727450
240 977 58.853410 13.088570
240 201579 71.091120 43.838870
240 203903 60.472800 42.178250
240 203944 66.907300 25.595080
240 1626156 86.906970 20.845790