0 -1 24.868830 31.043820
0 2548 14.188340 37.315620
0 2547 19.091720 27.843910
0 2736 10.939450 9.746900
0 201609 19.286720 17.226830
0 202355 9.116490 28.734670
0 1897 11.251910 2.044930
0 201579 10.356460 27.525620
0 203903 13.950470 47.858790
0 203944 24.724400 31.441160
0 1626156 25.102290 9.423530
12 -1 23.192390 30.614230
12 2548 13.943040 37.121360
12 2547 19.531780 28.029470
12 2736 10.703120 10.056280
12 201609 19.320270 17.218360
12 202355 9.181480 28.684360
12 1897 11.615770 2.133780
12 201579 10.459800 27.392780
12 203903 14.253330 47.780530
12 203944 24.778200 31.431450
12 1626156 25.203100 8.854740
24 -1 21.205790 29.866650
24 2548 13.645480 37.011170
24 2547 20.152310 28.117040
24 2736 10.468000 10.565880
24 201609 19.317410 17.255640
24 202355 9.190010 28.589790
24 1897 11.980070 2.431520
24 201579 10.572840 27.241280
24 203903 14.620770 47.645440
24 203944 24.766470 31.120030
24 1626156 25.260600 8.330750
36 -1 19.191430 29.430290
36 2548 13.295290 36.907400
36 2547 20.748130 28.217190
36 2736 10.210060 11.102920
36 201609 19.280220 17.326530
36 202355 9.118500 28.443790
36 1897 12.325460 2.794750
36 201579 10.556700 27.122420
36 203903 15.033980 47.435660
36 203944 24.787830 30.821430
36 1626156 25.416630 7.817860
48 -1 17.070400 28.888380
48 2548 12.908480 36.822720
48 2547 21.425130 28.292870
48 2736 9.956310 11.689640
48 201609 19.197860 17.373350
48 202355 9.036370 28.202000
48 1897 12.651930 3.282000
48 201579 10.442640 26.962970
48 203903 15.492720 47.240900
48 203944 24.980190 30.603210
48 1626156 25.554220 7.401940
60 -1 15.002470 28.326140
60 2548 12.481740 36.809480
60 2547 21.984370 28.283980
60 2736 9.705520 12.317400
60 201609 19.073050 17.493210
60 202355 9.003170 27.905230
60 1897 12.986290 3.921300
60 201579 10.239100 26.801290
60 203903 16.090550 47.075130
60 203944 25.336230 30.404770
60 1626156 25.748510 7.124140
72 -1 13.053430 27.869870
72 2548 12.023710 36.771480
72 2547 22.655710 28.448070
72 2736 9.482300 12.960270
72 201609 18.810140 17.808620
72 202355 8.985970 27.598880
72 1897 13.225820 4.731810
72 201579 10.163140 26.485960
72 203903 16.681240 46.893960
72 203944 25.855150 30.249230
72 1626156 26.042490 6.844970
84 -1 11.114390 27.351430
84 2548 11.572570 36.524090
84 2547 23.258000 28.711190
84 2736 9.289720 13.628550
84 201609 18.508710 18.217290
84 202355 8.985010 27.340710
84 1897 13.497440 5.518090
84 201579 10.093140 26.108100
84 203903 17.310380 46.706400
84 203944 26.619760 30.259300
84 1626156 26.328420 6.580860
96 -1 9.257350 26.694960
96 2548 11.205460 36.169830
96 2547 23.888630 28.974240
96 2736 9.146800 14.366280
96 201609 18.262240 18.566520
96 202355 8.977700 27.098050
96 1897 13.815750 6.416980
96 201579 10.102180 25.677320
96 203903 17.974790 46.545550
96 203944 27.559930 30.344890
96 1626156 26.525070 6.384250
108 -1 7.444900 26.029850
108 2548 10.832150 35.815790
108 2547 24.496790 29.290100
108 2736 9.061740 15.050760
108 201609 18.053800 19.056010
108 202355 8.879890 26.859550
108 1897 14.141850 7.385450
108 201579 10.287340 25.296330
108 203903 18.626200 46.374080
108 203944 28.420380 30.467250
108 1626156 26.727910 6.251340
120 -1 5.462330 25.692590
120 2548 10.466060 35.434250
120 2547 25.240880 29.692550
120 2736 8.988360 15.697330
120 201609 17.829500 19.548990
120 202355 8.710380 26.666050
120 1897 14.516890 8.277780
120 201579 10.556620 24.902810
120 203903 19.254900 46.138170
120 203944 29.403230 30.494750
120 1626156 26.931430 6.010510
132 -1 5.132930 24.550610
132 2548 10.164020 35.022480
132 2547 25.984040 29.976730
132 2736 8.932730 16.294390
132 201609 17.673700 19.991370
132 202355 8.627890 26.550110
132 1897 14.882620 9.176240
132 201579 10.551540 24.431770
132 203903 19.902550 45.895380
132 203944 30.441260 30.409730
132 1626156 27.102500 5.867320
144 -1 5.708540 23.696140
144 2548 9.864680 34.730460
144 2547 26.710710 30.296220
144 2736 8.914560 16.718190
144 201609 17.534970 20.404280
144 202355 8.510020 26.405490
144 1897 15.338540 10.041240
144 201579 10.420880 23.902500
144 203903 20.551740 45.645310
144 203944 31.531240 30.272990
144 1626156 27.329670 5.779050
156 -1 6.295060 22.663600
156 2548 9.492430 34.597920
156 2547 27.427840 30.820790
156 2736 8.820520 17.068830
156 201609 17.329620 20.942750
156 202355 8.334660 26.154190
156 1897 15.879590 11.012870
156 201579 10.279520 23.398480
156 203903 21.208370 45.386640
156 203944 32.654940 30.063970
156 1626156 27.651670 5.700070
168 -1 6.575060 22.147090
168 2548 9.143140 34.588230
168 2547 28.193570 31.133430
168 2736 8.647480 17.400770
168 201609 16.991580 21.288980
168 202355 8.390650 25.840910
168 1897 16.472990 11.972720
168 201579 9.945690 22.973670
168 203903 21.830660 45.130230
168 203944 33.919160 29.761640
168 1626156 28.018280 5.690940
180 -1 7.181130 21.275050
180 2548 8.898260 34.525320
180 2547 28.902420 31.517120
180 2736 8.469560 17.644800
180 201609 16.698660 21.663100
180 202355 8.509250 25.468520
180 1897 17.085320 12.870150
180 201579 9.619820 22.569120
180 203903 22.460080 44.910570
180 203944 35.091300 29.595100
180 1626156 28.370140 5.787140
192 -1 7.578510 20.520890
192 2548 8.684060 34.488770
192 2547 29.656910 32.056770
192 2736 8.288070 17.834400
192 201609 16.467590 22.020710
192 202355 8.502380 24.996290
192 1897 17.835850 13.711850
192 201579 9.352700 22.336480
192 203903 23.067840 44.751970
192 203944 36.245170 29.603080
192 1626156 28.695170 5.988460
204 -1 7.765980 19.895550
204 2548 8.533460 34.417050
204 2547 30.462060 32.562520
204 2736 8.023630 18.031950
204 201609 16.268810 22.348030
204 202355 8.461110 24.589440
204 1897 18.700160 14.566530
204 201579 9.135350 22.119010
204 203903 23.663260 44.597980
204 203944 37.390270 29.687120
204 1626156 29.017550 6.282060
216 -1 7.507420 19.062400
216 2548 8.493050 34.427370
216 2547 31.313190 32.871620
216 2736 7.800490 18.177330
216 201609 16.103180 22.645800
216 202355 8.470650 24.212080
216 1897 19.613310 15.299190
216 201579 8.921520 21.879290
216 203903 24.256100 44.227730
216 203944 38.555810 29.779770
216 1626156 29.362670 6.637240
228 -1 6.876080 18.089820
228 2548 8.559630 34.390760
228 2547 32.203270 33.426870
228 2736 7.600970 18.288370
228 201609 16.054030 22.875610
228 202355 8.333280 23.936000
228 1897 20.468270 16.075210
228 201579 8.849050 21.397850
228 203903 24.787750 43.984650
228 203944 39.738560 29.901360
228 1626156 29.736760 7.022050
240 -1 6.591250 17.880080
240 2548 8.736780 34.350440
240 2547 33.206780 33.916560
240 2736 7.473160 18.356750
240 201609 16.063050 22.799950
240 202355 8.214490 23.719080
240 1897 21.481250 16.741020
240 201579 8.898710 20.907670
240 203903 25.292110 43.665130
240 203944 40.951360 30.038710
240 1626156 30.159760 7.443600
252 -1 6.018540 17.984980
252 2548 9.032110 34.462740
252 2547 34.274920 34.242330
252 2736 7.322890 18.391120
252 201609 16.142240 22.427890
252 202355 8.141210 23.551880
252 1897 22.456450 17.338100
252 201579 9.027290 20.358070
252 203903 25.758780 43.261430
252 203944 42.200280 30.173970
252 1626156 30.605840 7.856470
264 -1 5.979200 18.371510
264 2548 9.483100 34.611090
264 2547 35.523710 34.647920
264 2736 7.215680 18.491120
264 201609 16.264140 21.758940
264 202355 8.182850 23.313560
264 1897 23.349970 17.825880
264 201579 9.325440 19.864330
264 203903 26.251530 42.664690
264 203944 43.434310 30.291250
264 1626156 31.059420 8.250490
276 -1 6.025040 18.837020
276 2548 9.945880 34.804950
276 2547 36.851060 35.003920
276 2736 7.127750 18.620560
276 201609 16.420190 20.616450
276 202355 8.330910 23.108900
276 1897 24.271030 18.220680
276 201579 9.779990 19.288730
276 203903 26.678940 42.244500
276 203944 44.659220 30.451110
276 1626156 31.546330 8.619480
288 -1 6.107150 19.338140
288 2548 10.494920 35.097860
288 2547 38.234310 35.444020
288 2736 7.034410 18.779920
288 201609 16.656420 19.472760
288 202355 8.563600 22.886790
288 1897 25.355140 18.484240
288 201579 10.316770 18.669940
288 203903 27.166860 41.830340
288 203944 45.916990 30.625220
288 1626156 32.045920 8.985700
300 -1 6.222650 19.826980
300 2548 11.105020 35.414120
300 2547 39.685870 35.909050
300 2736 6.850170 19.018770
300 201609 16.876320 18.387010
300 202355 8.875840 22.722890
300 1897 26.454940 18.716690
300 201579 10.914220 18.087360
300 203903 27.630410 41.389240
300 203944 47.221890 30.803680
300 1626156 32.556460 9.347250
312 -1 6.368650 20.255620
312 2548 11.781050 35.759260
312 2547 41.252970 36.415800
312 2736 6.699680 19.141980
312 201609 17.084440 17.277920
312 202355 9.315460 22.603910
312 1897 27.633720 18.957210
312 201579 11.702590 17.624750
312 203903 28.010240 40.972020
312 203944 48.544300 31.002090
312 1626156 33.097750 9.669880
324 -1 6.542260 20.576180
324 2548 12.484540 36.153750
324 2547 42.804600 36.864070
324 2736 6.557500 19.369710
324 201609 17.310150 16.141570
324 202355 9.974300 22.712410
324 1897 28.886400 19.064350
324 201579 12.592350 17.199760
324 203903 28.145150 40.743760
324 203944 49.907950 31.187710
324 1626156 33.650410 9.956390
336 -1 6.740610 20.740760
336 2548 13.313900 36.443180
336 2547 44.440470 37.422030
336 2736 6.504850 19.577050
336 201609 17.524780 15.237410
336 202355 10.734600 22.775110
336 1897 30.165090 19.180230
336 201579 13.671360 16.967160
336 203903 28.090350 40.542690
336 203944 51.297380 31.323500
336 1626156 34.180360 10.205160