0 -1 21.748780 45.830380
0 708 17.398970 42.004240
0 2755 23.077350 42.654890
0 201937 9.303560 20.588360
0 203952 25.810020 15.469330
0 1626157 14.160110 24.091590
0 201156 36.121270 7.946630
0 201579 47.765770 17.040580
0 101150 22.147340 45.774980
0 203903 3.706060 1.993050
0 1626204 17.606180 32.713560
12 -1 20.342130 44.265790
12 708 16.928190 41.893010
12 2755 22.119800 43.046430
12 201937 8.931600 20.937340
12 203952 24.693590 15.739530
12 1626157 13.292360 24.803990
12 201156 35.630080 8.312950
12 201579 46.474740 17.253320
12 101150 21.425980 46.066570
12 203903 3.401950 2.071860
12 1626204 16.499200 32.400370
24 -1 18.789870 42.135250
24 708 16.450110 41.776380
24 2755 21.272080 43.364270
24 201937 8.544730 21.156780
24 203952 23.611400 16.033660
24 1626157 12.498820 25.566240
24 201156 35.256630 8.732330
24 201579 45.221130 17.514160
24 101150 20.761050 46.342400
24 203903 3.123830 2.276100
24 1626204 15.486240 32.070450
36 -1 17.015650 39.970100
36 708 16.025160 41.428540
36 2755 20.481970 43.657130
36 201937 8.129010 21.258810
36 203952 22.481340 16.398430
36 1626157 11.688140 26.112210
36 201156 34.977450 9.142040
36 201579 44.021420 17.841760
36 101150 20.093100 46.618700
36 203903 2.933410 2.442590
36 1626204 14.581950 31.758970
48 -1 15.535180 37.896170
48 708 15.639310 40.912640
48 2755 19.893650 43.940640
48 201937 7.691430 21.217790
48 203952 21.352090 16.792460
48 1626157 11.109400 26.656940
48 201156 34.761360 9.584590
48 201579 42.910470 18.135880
48 101150 19.390320 47.082660
48 203903 2.861590 2.593630
48 1626204 13.864380 31.504240
60 -1 13.829920 35.760720
60 708 15.218250 40.370060
60 2755 19.478270 44.160880
60 201937 7.230050 21.106220
60 203952 20.266030 17.190770
60 1626157 10.700110 27.143850
60 201156 34.610790 9.999430
60 201579 41.855230 18.466830
60 101150 18.729760 47.572100
60 203903 2.924800 2.633030
60 1626204 13.250430 31.272030
72 -1 12.256630 33.695400
72 708 14.805990 39.762630
72 2755 19.161780 44.351100
72 201937 6.759250 20.927450
72 203952 19.209340 17.553990
72 1626157 10.445730 27.488020
72 201156 34.543380 10.398270
72 201579 40.858830 18.770120
72 101150 18.204200 48.029850
72 203903 3.072530 2.682910
72 1626204 12.712700 31.146680
84 -1 10.771830 31.628860
84 708 14.448170 39.096580
84 2755 18.998590 44.520330
84 201937 6.312270 20.723980
84 203952 18.145640 17.900500
84 1626157 10.203260 27.700270
84 201156 34.555740 10.738630
84 201579 39.932990 19.072220
84 101150 17.776950 48.542560
84 203903 3.295140 2.893510
84 1626204 12.167560 31.122170
96 -1 9.272520 29.628300
96 708 14.192500 38.364500
96 2755 18.822500 44.699260
96 201937 5.884890 20.488490
96 203952 17.135370 18.267520
96 1626157 10.181260 28.137930
96 201156 34.673420 11.122630
96 201579 39.128500 19.380720
96 101150 17.484410 49.043340
96 203903 3.602790 3.187260
96 1626204 11.581700 31.167650
108 -1 7.648490 27.466300
108 708 13.992940 37.546370
108 2755 18.832070 44.772450
108 201937 5.542640 20.259970
108 203952 16.241130 18.637310
108 1626157 10.153000 28.420400
108 201156 34.846840 11.485820
108 201579 38.555520 19.751220
108 101150 17.390800 49.368830
108 203903 4.000020 3.558370
108 1626204 10.965460 31.203090
120 -1 6.184950 25.519190
120 708 13.817610 36.703650
120 2755 19.102470 44.809510
120 201937 5.378120 20.056200
120 203952 15.403060 19.037190
120 1626157 10.176260 28.620320
120 201156 34.968120 11.788690
120 201579 38.180310 20.135410
120 101150 17.398010 49.575460
120 203903 4.452210 4.128130
120 1626204 10.399350 31.184050
132 -1 4.777130 24.588760
132 708 13.705090 35.861040
132 2755 19.553980 44.850540
132 201937 5.415010 19.873760
132 203952 14.618190 19.452210
132 1626157 10.214360 28.814270
132 201156 35.095110 12.075250
132 201579 37.959200 20.563450
132 101150 17.445840 49.727770
132 203903 5.049040 4.727560
132 1626204 9.817670 31.050310
144 -1 4.737490 24.951570
144 708 13.710570 34.998960
144 2755 20.200900 44.841900
144 201937 5.567200 19.709740
144 203952 13.911300 19.876640
144 1626157 10.218210 28.977210
144 201156 35.193800 12.374330
144 201579 37.861610 20.985080
144 101150 17.491960 49.810100
144 203903 5.771950 5.243290
144 1626204 9.253810 30.772560
156 -1 5.676160 25.354880
156 708 13.790400 34.134380
156 2755 21.200280 44.793910
156 201937 5.800380 19.560850
156 203952 13.299330 20.237270
156 1626157 10.044620 28.902110
156 201156 35.195650 12.644740
156 201579 37.912650 21.366090
156 101150 17.501870 49.822070
156 203903 6.568660 5.785640
156 1626204 8.796870 30.433340
168 -1 6.595910 25.790580
168 708 13.954300 33.316080
168 2755 22.196840 44.756420
168 201937 6.069670 19.420760
168 203952 12.739700 20.526290
168 1626157 9.851270 28.712210
168 201156 35.201360 12.924960
168 201579 37.998620 21.668660
168 101150 17.595750 49.748270
168 203903 7.462580 6.359830
168 1626204 8.405180 30.074610
180 -1 7.399530 26.304070
180 708 14.188190 32.576140
180 2755 23.195900 44.676040
180 201937 6.325560 19.294210
180 203952 12.328090 20.727940
180 1626157 9.558360 28.451330
180 201156 35.325620 13.276200
180 201579 38.164180 21.907680
180 101150 17.892200 49.581690
180 203903 8.422500 6.963010
180 1626204 8.028890 29.837530
192 -1 8.382830 26.543650
192 708 14.503240 31.869020
192 2755 24.252960 44.558850
192 201937 6.508880 19.221300
192 203952 12.123850 20.833920
192 1626157 9.221130 28.138990
192 201156 35.501550 13.605770
192 201579 38.451310 22.159510
192 101150 18.342380 49.343640
192 203903 9.432570 7.590510
192 1626204 7.769590 29.553810
204 -1 9.342680 26.963020
204 708 14.824170 31.233150
204 2755 25.391160 44.419790
204 201937 6.658030 19.168590
204 203952 12.117080 20.834180
204 1626157 8.869820 27.760590
204 201156 35.765000 13.905570
204 201579 38.860120 22.363790
204 101150 18.953430 48.995150
204 203903 10.542590 8.217530
204 1626204 7.416670 29.352070
216 -1 10.264180 26.598790
216 708 15.145430 30.668640
216 2755 26.610520 44.214730
216 201937 6.845830 19.202870
216 203952 12.277690 20.765940
216 1626157 8.633620 27.391210
216 201156 36.153410 14.174420
216 201579 39.315080 22.534040
216 101150 19.849490 48.535220
216 203903 11.690260 8.835100
216 1626204 6.951600 29.171070
228 -1 9.481570 26.136120
228 708 15.592990 30.096980
228 2755 28.043910 43.989130
228 201937 7.144000 19.349560
228 203952 12.637600 20.632780
228 1626157 8.371830 26.998850
228 201156 36.679990 14.402130
228 201579 39.842810 22.746520
228 101150 20.927020 48.076710
228 203903 12.873830 9.417460
228 1626204 6.397070 29.054880