0 -1 85.334790 23.958630
0 1717 63.270110 16.174290
0 101114 85.276640 1.809390
0 2585 88.340250 31.898590
0 202083 85.204440 23.881340
0 202718 61.937320 36.233820
0 977 77.934830 32.089010
0 201579 86.761610 24.642880
0 203903 86.404170 23.328920
0 203944 79.066680 22.328830
0 1626156 86.219870 13.418790
12 -1 86.136280 24.248600
12 1717 63.025620 16.210630
12 101114 84.533110 1.773430
12 2585 88.384090 31.118650
12 202083 85.450660 23.997920
12 202718 61.396130 36.002690
12 977 78.295640 32.068430
12 201579 86.879490 24.932240
12 203903 86.854520 23.686860
12 203944 80.281320 22.427300
12 1626156 86.446980 13.386650
24 -1 87.005440 24.480570
24 1717 62.730050 16.320560
24 101114 83.711650 1.873310
24 2585 88.449460 30.458580
24 202083 85.281350 23.696890
24 202718 60.826910 35.790320
24 977 78.596870 32.016710
24 201579 86.966060 25.156680
24 203903 87.226270 24.012280
24 203944 81.501590 22.476360
24 1626156 86.623550 13.470390
36 -1 87.867960 24.693420
36 1717 62.394960 16.439370
36 101114 82.805830 2.078270
36 2585 88.563330 29.805790
36 202083 85.006190 23.666560
36 202718 60.276650 35.597700
36 977 78.855020 31.994000
36 201579 86.913720 25.770050
36 203903 87.700080 24.050380
36 203944 82.609690 22.310760
36 1626156 86.738020 13.597500
48 -1 87.160680 24.454270
48 1717 61.999140 16.549840
48 101114 81.880780 2.333230
48 2585 88.642320 29.190500
48 202083 84.644260 23.632770
48 202718 59.755790 35.392440
48 977 79.077630 32.003220
48 201579 86.825850 26.410270
48 203903 88.126020 24.046540
48 203944 83.668090 22.165880
48 1626156 86.796720 13.808280
60 -1 86.823820 24.138130
60 1717 61.557670 16.606360
60 101114 80.938510 2.656840
60 2585 88.635640 28.680530
60 202083 84.330760 23.732470
60 202718 59.245310 35.141400
60 977 79.277270 32.095760
60 201579 86.885640 26.490690
60 203903 88.368470 24.348730
60 203944 84.468650 22.098570
60 1626156 86.805790 14.053150
72 -1 86.135760 23.666160
72 1717 61.077410 16.698640
72 101114 79.968830 3.066750
72 2585 88.529340 28.355690
72 202083 83.881670 23.701870
72 202718 58.683350 34.918530
72 977 79.468280 32.271970
72 201579 86.777100 26.625420
72 203903 88.585350 24.519360
72 203944 85.132610 22.052770
72 1626156 86.790330 14.289000
84 -1 85.750980 23.407190
84 1717 60.613160 16.711910
84 101114 78.982900 3.507180
84 2585 88.478610 28.119190
84 202083 83.467780 23.858400
84 202718 58.104940 34.762340
84 977 79.582020 32.561230
84 201579 86.859750 26.963480
84 203903 88.774720 24.665820
84 203944 85.749560 21.987500
84 1626156 86.745540 14.486460
96 -1 85.682640 23.195050
96 1717 60.095100 16.708280
96 101114 77.962830 4.023790
96 2585 88.487170 28.010260
96 202083 82.877380 23.825030
96 202718 57.464190 34.597280
96 977 79.611800 32.948370
96 201579 86.901470 27.114750
96 203903 89.046990 24.850060
96 203944 86.217630 21.996520
96 1626156 86.709600 14.642310
108 -1 85.894040 23.430780
108 1717 59.503920 16.738730
108 101114 76.889540 4.619950
108 2585 88.488660 27.930400
108 202083 82.144480 23.776420
108 202718 56.744600 34.475270
108 977 79.552930 33.446790
108 201579 86.674510 27.304250
108 203903 89.280730 24.920480
108 203944 86.558050 21.922010
108 1626156 86.756420 14.808740
120 -1 86.160120 22.690230
120 1717 58.899330 16.817550
120 101114 75.778340 5.218570
120 2585 88.473410 27.825290
120 202083 81.342440 23.718380
120 202718 55.951430 34.423920
120 977 79.376230 33.978610
120 201579 86.431170 27.620370
120 203903 89.468720 24.638220
120 203944 86.910650 21.667780
120 1626156 86.815070 14.936020
132 -1 86.565780 21.488710
132 1717 58.241260 16.959240
132 101114 74.601250 5.788230
132 2585 88.435650 27.604830
132 202083 80.894160 23.762340
132 202718 55.141950 34.383230
132 977 79.008940 34.578570
132 201579 86.082790 27.835000
132 203903 89.540710 24.336760
132 203944 87.298740 21.483640
132 1626156 86.848120 15.020540
144 -1 87.119580 20.373980
144 1717 57.495950 17.154620
144 101114 73.375540 6.365250
144 2585 88.293220 27.317700
144 202083 80.806000 23.832550
144 202718 54.302190 34.361250
144 977 78.494990 35.257380
144 201579 85.283320 27.942560
144 203903 89.553820 24.019830
144 203944 87.388900 21.271090
144 1626156 87.009430 15.095260
156 -1 87.225110 19.234100
156 1717 56.741830 17.333500
156 101114 72.088640 6.897460
156 2585 88.091340 26.946730
156 202083 80.985720 23.755270
156 202718 53.456420 34.391600
156 977 77.818640 35.969370
156 201579 84.269360 28.194420
156 203903 89.645360 23.624470
156 203944 87.648170 21.263600
156 1626156 87.247990 15.232520
168 -1 87.170590 18.541510
168 1717 55.980250 17.488470
168 101114 70.789360 7.432500
168 2585 87.790350 26.473420
168 202083 81.326090 23.656700
168 202718 52.594010 34.444010
168 977 76.978490 36.646850
168 201579 83.555030 28.380200
168 203903 89.883560 23.209300
168 203944 87.792290 21.148190
168 1626156 87.403940 15.372370
180 -1 87.077500 18.294470
180 1717 55.126640 17.651760
180 101114 69.466950 8.004230
180 2585 87.332940 25.952580
180 202083 81.743740 23.616360
180 202718 51.742560 34.517640
180 977 75.997050 37.351410
180 201579 82.697440 28.526640
180 203903 90.086610 22.962270
180 203944 87.918050 20.974270
180 1626156 87.556310 15.442230
192 -1 87.575730 19.028760
192 1717 54.242760 17.778860
192 101114 68.143130 8.544680
192 2585 86.724400 25.472170
192 202083 82.030310 23.748960
192 202718 50.869490 34.655480
192 977 74.856070 38.017110
192 201579 81.692030 28.675070
192 203903 90.370350 22.789700
192 203944 87.943370 20.630380
192 1626156 87.660690 15.480000
204 -1 88.260490 18.940540
204 1717 53.304860 17.894580
204 101114 66.803700 9.027050
204 2585 86.068560 24.949300
204 202083 82.156050 24.070900
204 202718 49.935340 34.832360
204 977 73.602110 38.650620
204 201579 80.704970 28.826500
204 203903 90.753750 22.613930
204 203944 88.088370 20.403200
204 1626156 87.512500 15.418640
216 -1 88.957210 18.755680
216 1717 52.296680 18.043450
216 101114 65.442950 9.474790
216 2585 85.161250 24.374890
216 202083 82.120950 24.582160
216 202718 48.999980 35.048080
216 977 72.245540 39.253770
216 201579 79.595530 28.971130
216 203903 91.105950 22.495180
216 203944 87.999430 20.022170
216 1626156 87.146280 15.129990
228 -1 89.055240 19.017750
228 1717 51.261560 18.199390
228 101114 64.021030 9.866350
228 2585 84.123200 23.826630
228 202083 82.032240 25.156530
228 202718 48.065000 35.270330
228 977 70.775530 39.852270
228 201579 78.050000 29.093970
228 203903 91.347540 22.417340
228 203944 87.808260 19.692700
228 1626156 86.630520 14.677830