0 -1 70.463490 42.022490
0 200768 70.546970 42.005700
0 201949 77.993430 45.211010
0 202335 74.263940 6.033250
0 203082 60.215340 27.342460
0 202709 92.048710 11.299110
0 1897 69.536970 31.773320
0 203135 76.877910 33.110840
0 1626273 87.103520 20.191400
0 203944 84.416590 12.597020
0 1626156 71.526350 44.571360
12 -1 70.518230 41.968740
12 200768 70.319220 41.869210
12 201949 78.069750 45.519600
12 202335 73.941740 6.095320
12 203082 60.390330 26.311550
12 202709 91.690620 10.243700
12 1897 69.871100 31.866940
12 203135 76.944180 33.425100
12 1626273 87.120170 20.033600
12 203944 84.505430 13.243070
12 1626156 70.092610 43.995800
24 -1 70.829230 41.486980
24 200768 70.289640 41.790250
24 201949 78.175910 45.763400
24 202335 73.669360 6.185700
24 203082 60.311750 25.335910
24 202709 91.353670 9.153730
24 1897 70.068860 32.119850
24 203135 77.295300 33.691140
24 1626273 87.141950 19.829680
24 203944 84.595020 13.964310
24 1626156 68.820610 43.271550
36 -1 72.631780 39.926960
36 200768 70.201010 41.716670
36 201949 78.400990 45.941030
36 202335 73.531040 6.220460
36 203082 60.065160 24.429690
36 202709 90.870020 8.280510
36 1897 70.315710 32.068480
36 203135 77.833210 33.904440
36 1626273 87.157390 19.632400
36 203944 84.653910 14.747950
36 1626156 67.812010 42.540290
48 -1 74.439380 38.433120
48 200768 70.155800 41.532670
48 201949 78.703340 46.050810
48 202335 73.410940 6.275910
48 203082 59.748630 23.602330
48 202709 90.445880 7.465960
48 1897 70.665130 31.792140
48 203135 78.266620 34.285330
48 1626273 87.182590 19.433370
48 203944 84.668990 15.265710
48 1626156 66.930990 41.685080
60 -1 76.176110 36.776080
60 200768 70.098850 41.362140
60 201949 79.035010 45.940610
60 202335 73.353610 6.368000
60 203082 59.355690 22.825490
60 202709 89.957900 6.763800
60 1897 71.110300 31.353810
60 203135 78.836290 34.730080
60 1626273 87.235840 19.273570
60 203944 84.591240 15.633200
60 1626156 66.264270 40.870800
72 -1 77.842660 35.329920
72 200768 70.004180 41.227180
72 201949 79.347610 45.761240
72 202335 73.278360 6.543660
72 203082 58.804790 22.159690
72 202709 89.430790 6.251060
72 1897 71.563090 30.834320
72 203135 79.376010 35.235300
72 1626273 87.298260 19.138980
72 203944 84.446110 16.061230
72 1626156 65.759370 40.257730
84 -1 79.762590 33.661440
84 200768 69.789630 41.207320
84 201949 79.584740 45.524850
84 202335 73.306920 6.675070
84 203082 58.181950 21.577980
84 202709 88.926640 5.884430
84 1897 72.119340 30.135190
84 203135 79.914370 35.694530
84 1626273 87.365840 19.052200
84 203944 84.331820 16.660480
84 1626156 65.411130 39.535340
96 -1 81.421990 32.309600
96 200768 69.523020 41.254930
96 201949 79.701730 45.164120
96 202335 73.320710 6.823970
96 203082 57.535940 21.066130
96 202709 88.540720 5.458780
96 1897 72.583380 29.632800
96 203135 80.397560 36.034360
96 1626273 87.454460 19.081850
96 203944 84.272490 17.315120
96 1626156 65.225190 38.689140
108 -1 83.100270 30.920390
108 200768 69.209450 41.314450
108 201949 79.640850 44.812400
108 202335 73.341390 6.983550
108 203082 56.770490 20.627620
108 202709 88.126530 5.184790
108 1897 72.992740 29.116570
108 203135 80.873600 36.301180
108 1626273 87.579760 19.064200
108 203944 84.307420 18.251720
108 1626156 65.138650 37.979680
120 -1 84.820980 29.468470
120 200768 68.870380 41.348760
120 201949 79.440120 44.460600
120 202335 73.225500 7.267070
120 203082 55.905650 20.269680
120 202709 87.829620 4.992240
120 1897 73.342650 28.560120
120 203135 81.230680 36.540710
120 1626273 87.709420 19.078620
120 203944 84.464470 19.082000
120 1626156 65.116880 37.294390
132 -1 86.449000 28.072090
132 200768 68.483610 41.379950
132 201949 79.239200 44.064710
132 202335 73.058910 7.630540
132 203082 55.054050 19.936510
132 202709 87.572450 4.855540
132 1897 73.674970 27.965240
132 203135 81.439500 36.807010
132 1626273 87.864720 19.127060
132 203944 84.658420 19.853770
132 1626156 65.145490 36.593800
144 -1 88.126980 26.454650
144 200768 68.056060 41.345070
144 201949 78.957950 43.686430
144 202335 72.758720 8.116760
144 203082 54.148550 19.682000
144 202709 87.288740 4.855030
144 1897 73.986850 27.343790
144 203135 81.563640 37.231660
144 1626273 88.045150 19.234270
144 203944 84.826330 20.473740
144 1626156 65.220830 36.050740
156 -1 89.306350 25.643610
156 200768 67.519070 41.260370
156 201949 78.565860 43.426250
156 202335 72.292910 8.835470
156 203082 53.191810 19.482370
156 202709 86.964250 5.036930
156 1897 74.249720 26.700300
156 203135 81.692370 37.724130
156 1626273 88.246370 19.331080
156 203944 85.033950 20.984110
156 1626156 65.337800 35.531330
168 -1 89.779900 24.885040
168 200768 66.929960 41.170220
168 201949 78.102210 43.191070
168 202335 71.733830 9.675760
168 203082 52.221520 19.330300
168 202709 86.595730 5.257540
168 1897 74.376450 26.039800
168 203135 81.648420 38.226190
168 1626273 88.428220 19.557220
168 203944 85.268700 21.271180
168 1626156 65.483660 35.120480
180 -1 89.057690 24.142190
180 200768 66.294970 41.026320
180 201949 77.577850 42.893670
180 202335 71.303710 10.314960
180 203082 51.256620 19.244320
180 202709 86.153380 5.524650
180 1897 74.408180 25.520250
180 203135 81.382070 38.749930
180 1626273 88.597270 19.771510
180 203944 85.450790 21.569280
180 1626156 65.630840 34.913150
192 -1 88.350970 23.443630
192 200768 65.638500 40.798650
192 201949 76.862310 42.556050
192 202335 70.843060 10.898170
192 203082 50.279520 19.187060
192 202709 85.628750 5.894090
192 1897 74.380080 24.966190
192 203135 81.029070 39.109490
192 1626273 88.751520 19.858560
192 203944 85.558890 21.845800
192 1626156 65.761960 34.883060
204 -1 87.824030 23.173520
204 200768 64.885500 40.569600
204 201949 76.024730 42.151420
204 202335 70.257620 11.578390
204 203082 49.323040 19.163030
204 202709 85.017330 6.285310
204 1897 74.340710 23.969600
204 203135 80.550020 39.249940
204 1626273 88.915400 19.803450
204 203944 85.649200 22.033880
204 1626156 65.919920 34.897030
216 -1 87.206540 22.588660
216 200768 64.023670 40.400070
216 201949 75.111280 41.631270
216 202335 69.683300 12.147440
216 203082 48.352210 19.155210
216 202709 84.345360 6.643870
216 1897 74.249170 22.821320
216 203135 79.905840 39.237340
216 1626273 89.083700 19.630990
216 203944 85.699510 22.224400
216 1626156 66.147480 34.975850
228 -1 86.592540 22.094600
228 200768 63.211570 40.186530
228 201949 74.249330 40.817750
228 202335 69.127880 12.640960
228 203082 47.407370 19.154510
228 202709 83.689150 7.011890
228 1897 74.081400 21.793330
228 203135 79.335730 39.119920
228 1626273 89.220320 19.389680
228 203944 85.759550 22.621150
228 1626156 66.496090 34.942320
240 -1 86.770930 22.295120
240 200768 62.391900 39.932700
240 201949 73.232680 40.103840
240 202335 68.318320 13.310500
240 203082 46.428580 19.097930
240 202709 82.920290 7.435180
240 1897 73.723860 20.691370
240 203135 78.802470 38.908470
240 1626273 89.350500 19.072340
240 203944 85.916610 22.944910
240 1626156 67.127330 34.628140
252 -1 86.979660 23.248310
252 200768 61.536840 39.693460
252 201949 72.017670 39.654140
252 202335 67.369310 14.002970
252 203082 45.461630 19.064110
252 202709 81.977180 7.867970
252 1897 73.182210 19.598370
252 203135 78.346490 38.624380
252 1626273 89.472400 18.794890
252 203944 85.983260 23.037890
252 1626156 67.957940 34.145140