0 -1 88.847920 47.967480
0 203477 72.262930 40.038160
0 203515 77.891950 36.118880
0 203960 78.433330 42.033840
0 203924 86.090000 18.683600
0 1626143 87.008320 21.725510
0 977 89.003850 47.962450
0 201579 86.432690 21.724420
0 101150 80.155880 39.569560
0 203944 66.303990 42.341440
0 1626156 73.279210 4.388190
12 -1 88.923040 47.298650
12 203477 72.530350 39.931290
12 203515 78.165560 35.602970
12 203960 79.664320 42.384560
12 203924 86.281150 18.919430
12 1626143 86.816570 22.268790
12 977 88.935800 47.773520
12 201579 86.612780 22.228730
12 101150 79.612440 39.654540
12 203944 65.700090 42.238350
12 1626156 72.650640 4.732870
24 -1 88.910850 45.599880
24 203477 72.855860 39.781650
24 203515 78.577630 35.037200
24 203960 80.918950 42.863440
24 203924 86.468600 19.099230
24 1626143 86.750550 22.682500
24 977 88.923170 47.706500
24 201579 86.750550 22.682500
24 101150 79.023860 39.805530
24 203944 65.112440 42.171250
24 1626156 72.009200 5.064730
36 -1 88.700950 43.472720
36 203477 73.210740 39.593100
36 203515 79.107250 34.440610
36 203960 82.262740 43.329290
36 203924 86.597550 19.210310
36 1626143 86.694580 23.297770
36 977 88.864150 47.663710
36 201579 86.694580 23.297770
36 101150 78.524850 40.080760
36 203944 64.524840 42.126440
36 1626156 71.360440 5.405990
48 -1 88.668630 41.207850
48 203477 73.632040 39.399460
48 203515 79.596290 34.095060
48 203960 83.629850 43.789610
48 203924 86.736440 19.327920
48 1626143 86.505170 23.751270
48 977 88.818180 47.647570
48 201579 86.505170 23.751270
48 101150 77.909960 40.200110
48 203944 63.947850 42.017970
48 1626156 70.668190 5.701270
60 -1 88.711270 39.603230
60 203477 74.076730 39.198380
60 203515 80.084850 33.957940
60 203960 84.814870 44.131350
60 203924 86.882400 19.405480
60 1626143 86.190720 23.871740
60 977 88.789320 47.631930
60 201579 86.190720 23.871740
60 101150 77.332610 40.324100
60 203944 63.355950 41.898470
60 1626156 69.955960 5.984710
72 -1 88.671180 37.443270
72 203477 74.494370 38.983210
72 203515 80.599570 33.849540
72 203960 85.891200 44.402090
72 203924 87.035050 19.456480
72 1626143 85.990380 23.822610
72 977 88.787390 47.576740
72 201579 85.990380 23.822610
72 101150 76.804010 40.457510
72 203944 62.770800 41.727580
72 1626156 69.250160 6.247680
84 -1 88.645920 35.312290
84 203477 74.911940 38.805180
84 203515 81.179170 33.734040
84 203960 86.875700 44.615790
84 203924 87.454270 19.648720
84 1626143 85.703260 23.790090
84 977 88.823790 47.498060
84 201579 85.703260 23.790090
84 101150 76.322190 40.589740
84 203944 62.183380 41.539780
84 1626156 68.647340 6.618790
96 -1 88.637660 33.233130
96 203477 75.329720 38.576610
96 203515 81.779210 33.557890
96 203960 87.784960 44.813040
96 203924 88.216290 20.031570
96 1626143 85.484590 23.658920
96 977 88.900590 47.391730
96 201579 85.484590 23.658920
96 101150 75.722190 40.707950
96 203944 61.585170 41.336890
96 1626156 68.040450 6.997380
108 -1 88.575810 31.153210
108 203477 75.697800 38.303740
108 203515 82.360040 33.385860
108 203960 88.593980 44.983310
108 203924 88.992990 20.365270
108 1626143 85.494030 23.577510
108 977 88.930430 47.319300
108 201579 85.494030 23.577510
108 101150 75.134240 40.777290
108 203944 60.982060 41.162550
108 1626156 67.422910 7.407180
120 -1 88.691640 28.952730
120 203477 76.088950 38.003670
120 203515 82.877380 33.208780
120 203960 89.249310 45.126940
120 203924 89.731480 20.678450
120 1626143 85.561330 23.555990
120 977 88.938390 47.269580
120 201579 85.561330 23.555990
120 101150 74.519500 40.812540
120 203944 60.373140 41.009720
120 1626156 66.822530 7.833870
132 -1 88.629950 27.051700
132 203477 76.530240 37.721930
132 203515 83.373730 32.994900
132 203960 89.741170 45.277430
132 203924 90.461040 20.976360
132 1626143 85.626290 23.733080
132 977 88.923560 47.295020
132 201579 85.626290 23.733080
132 101150 73.829660 40.824590
132 203944 59.751110 40.880850
132 1626156 66.210360 8.235520
144 -1 88.692290 25.249960
144 203477 76.943070 37.375780
144 203515 83.835740 32.759250
144 203960 90.201370 45.436200
144 203924 90.894610 21.150610
144 1626143 85.710190 23.827960
144 977 88.872790 47.333780
144 201579 85.668040 23.992580
144 101150 73.130360 40.796150
144 203944 59.102010 40.721480
144 1626156 65.529330 8.549160
156 -1 89.010690 23.868260
156 203477 77.368740 37.084120
156 203515 84.311620 32.563170
156 203960 90.577480 45.582990
156 203924 90.954360 21.150650
156 1626143 85.758010 23.882390
156 977 88.787930 47.379240
156 201579 85.694640 24.262660
156 101150 72.399460 40.698570
156 203944 58.385180 40.461930
156 1626156 64.829910 8.872750
168 -1 89.218840 22.571280
168 203477 77.802380 36.832720
168 203515 84.794640 32.383800
168 203960 90.846030 45.709980
168 203924 90.956060 21.189640
168 1626143 85.715990 24.031180
168 977 88.734900 47.374130
168 201579 85.673990 24.476680
168 101150 71.621660 40.568680
168 203944 57.614710 40.120350
168 1626156 64.172320 9.162480
180 -1 89.546460 21.297180
180 203477 78.188580 36.579940
180 203515 85.303160 32.209500
180 203960 91.029990 45.801100
180 203924 90.951830 21.255390
180 1626143 85.648100 24.184710
180 977 88.701710 47.364440
180 201579 85.606100 24.630210
180 101150 70.901450 40.405070
180 203944 56.801250 39.711020
180 1626156 63.583890 9.502030
192 -1 89.646720 20.224230
192 203477 78.542260 36.328220
192 203515 85.823870 32.033030
192 203960 91.144990 45.820200
192 203924 90.952440 21.282650
192 1626143 85.407600 24.147060
192 977 88.681510 47.336420
192 201579 85.365610 24.592560
192 101150 70.242550 40.294110
192 203944 55.932570 39.251090
192 1626156 63.036150 9.914360
204 -1 89.772870 19.011180
204 203477 78.858860 36.109200
204 203515 86.351120 31.775550
204 203960 91.106920 45.778190
204 203924 90.864050 21.222640
204 1626143 84.972190 24.231970
204 977 88.656520 47.301950
204 201579 85.056180 24.482860
204 101150 69.533330 40.086050
204 203944 55.028580 38.748030
204 1626156 62.427920 10.401440
216 -1 89.483620 18.849970
216 203477 79.086470 35.837460
216 203515 86.799360 31.306630
216 203960 90.924730 45.669040
216 203924 90.705210 21.069690
216 1626143 84.382630 24.309900
216 977 88.629970 47.246780
216 201579 84.651130 24.379530
216 101150 68.791150 39.899540
216 203944 54.074100 38.256730
216 1626156 61.823750 10.866130
228 -1 89.525920 19.218190
228 203477 79.255090 35.561360
228 203515 87.147940 30.655000
228 203960 90.648180 45.500550
228 203924 90.389010 20.826230
228 1626143 83.774790 24.241030
228 977 88.582520 47.219810
228 201579 84.101660 24.263730
228 101150 67.910960 39.566090
228 203944 53.045870 37.770270
228 1626156 61.173570 11.349860
240 -1 89.445370 19.652440
240 203477 79.363860 35.315900
240 203515 87.398260 29.823590
240 203960 90.301490 45.290910
240 203924 89.984490 20.507150
240 1626143 83.064120 24.120560
240 977 88.552160 47.258460
240 201579 83.397660 24.077380
240 101150 66.922490 39.171680
240 203944 51.980930 37.261350
240 1626156 60.387880 11.783120