0 -1 73.844420 24.538370
0 2555 73.749980 24.280870
0 201627 80.555200 32.868130
0 203079 60.856810 36.242760
0 202683 88.736670 24.934910
0 1626166 59.193480 16.685700
0 1713 82.463780 26.984000
0 2216 87.200100 25.134310
0 2440 74.556480 35.052520
0 201596 75.914840 17.107950
0 203210 88.057430 27.745120
12 -1 74.081500 24.554320
12 2555 73.822480 24.200180
12 201627 80.246830 33.945790
12 203079 60.631660 36.027020
12 202683 88.727640 24.904180
12 1626166 59.192630 16.693970
12 1713 82.442490 27.508630
12 2216 87.175230 25.297460
12 2440 73.589690 35.347750
12 201596 76.453850 17.258410
12 203210 88.406630 27.722520
24 -1 74.674300 24.288130
24 2555 73.972480 24.091060
24 201627 79.934710 34.867190
24 203079 60.362210 35.885960
24 202683 88.707480 24.885350
24 1626166 59.207220 16.686220
24 1713 82.533600 27.948430
24 2216 87.087600 25.219670
24 2440 72.600170 35.531320
24 201596 77.034990 17.431690
24 203210 88.690510 27.769970
36 -1 76.090140 24.399900
36 2555 74.110770 23.967070
36 201627 79.567940 35.773070
36 203079 60.027340 35.783080
36 202683 88.616650 24.974100
36 1626166 59.233310 16.663920
36 1713 82.614150 28.549970
36 2216 86.913210 25.104370
36 2440 71.588040 35.682490
36 201596 77.627830 17.619150
36 203210 88.984340 27.784220
48 -1 77.906390 24.483380
48 2555 74.206900 23.856520
48 201627 79.144050 36.563670
48 203079 59.624000 35.671630
48 202683 88.476210 25.058800
48 1626166 59.262100 16.638840
48 1713 82.682630 29.161210
48 2216 86.622490 25.112270
48 2440 70.514700 35.901710
48 201596 78.225960 17.805480
48 203210 89.263150 27.829600
60 -1 79.655300 24.372690
60 2555 74.205920 23.805400
60 201627 78.656520 37.213870
60 203079 59.179030 35.556890
60 202683 88.228240 25.142250
60 1626166 59.286870 16.619850
60 1713 82.725600 29.672470
60 2216 86.268000 24.890490
60 2440 69.494810 36.134110
60 201596 78.816070 17.974280
60 203210 89.482540 28.018250
72 -1 81.470780 24.561580
72 2555 74.039080 23.842480
72 201627 78.066130 37.793860
72 203079 58.698370 35.424440
72 202683 87.907560 25.183570
72 1626166 59.302140 16.608710
72 1713 82.749300 30.150100
72 2216 86.100080 24.524350
72 2440 68.506810 36.429180
72 201596 79.407540 18.130810
72 203210 89.613650 28.246290
84 -1 83.232510 24.573200
84 2555 73.720970 24.005500
84 201627 77.396830 38.279120
84 203079 58.196270 35.251050
84 202683 87.748440 25.149240
84 1626166 59.313660 16.600290
84 1713 82.741800 30.527300
84 2216 85.939290 24.469230
84 2440 67.565110 36.822960
84 201596 80.016260 18.279550
84 203210 89.688420 28.308460
96 -1 84.963530 24.579870
96 2555 73.306830 24.222160
96 201627 76.691090 38.685990
96 203079 57.704680 35.061950
96 202683 87.582610 24.991540
96 1626166 59.316190 16.603980
96 1713 82.703350 30.711950
96 2216 85.833960 24.552820
96 2440 66.663210 37.253180
96 201596 80.641340 18.414850
96 203210 89.713950 28.229880
108 -1 86.783090 24.695470
108 2555 72.859520 24.469070
108 201627 75.961680 38.969570
108 203079 57.222080 34.892190
108 202683 87.424600 24.802290
108 1626166 59.316740 16.612310
108 1713 82.627950 30.790220
108 2216 85.865620 24.492920
108 2440 65.824060 37.702240
108 201596 81.250780 18.572110
108 203210 89.623920 28.051010
120 -1 87.571900 24.511770
120 2555 72.408970 24.710250
120 201627 75.164100 39.174640
120 203079 56.745080 34.725870
120 202683 87.415640 24.542720
120 1626166 59.326210 16.616120
120 1713 82.545700 30.852400
120 2216 85.869150 24.359270
120 2440 65.011340 38.186070
120 201596 81.888850 18.752180
120 203210 89.502640 27.742650
132 -1 86.008740 23.511760
132 2555 72.024610 24.911530
132 201627 74.353880 39.273890
132 203079 56.265630 34.584430
132 202683 87.607630 24.258680
132 1626166 59.364240 16.604070
132 1713 82.449250 30.849230
132 2216 85.769820 24.331130
132 2440 64.167590 38.672580
132 201596 82.484770 18.956830
132 203210 89.398650 27.362610
144 -1 84.305740 22.714750
144 2555 71.615570 25.057550
144 201627 73.538840 39.280480
144 203079 55.777290 34.477690
144 202683 87.695270 23.994890
144 1626166 59.448100 16.571240
144 1713 82.336410 30.838920
144 2216 85.585270 23.962670
144 2440 63.295120 39.159380
144 201596 82.929110 19.174150
144 203210 89.344710 26.971030
156 -1 82.791560 21.924310
156 2555 71.111220 25.144210
156 201627 72.693850 39.214750
156 203079 55.254400 34.389880
156 202683 87.854330 23.815940
156 1626166 59.597610 16.494760
156 1713 82.214300 30.825850
156 2216 85.278190 23.476410
156 2440 62.409980 39.623580
156 201596 83.164010 19.487450
156 203210 89.306860 26.649440
168 -1 81.238560 20.947760
168 2555 70.464750 25.220530
168 201627 71.887360 39.108580
168 203079 54.724770 34.304740
168 202683 88.091470 23.570220
168 1626166 59.779830 16.402100
168 1713 82.081540 30.800530
168 2216 84.816300 22.952490
168 2440 61.507620 40.011570
168 201596 83.128630 19.825780
168 203210 89.259020 26.398770
180 -1 80.504680 20.927750
180 2555 69.699480 25.271030
180 201627 71.092420 38.950390
180 203079 54.165150 34.221340
180 202683 88.223540 23.295650
180 1626166 59.955910 16.298680
180 1713 81.945710 30.729240
180 2216 84.224480 22.523730
180 2440 60.560620 40.416560
180 201596 82.938190 20.234880
180 203210 89.166200 26.188580
192 -1 80.620890 21.271720
192 2555 68.829730 25.327040
192 201627 70.264140 38.736200
192 203079 53.559700 34.098690
192 202683 88.222820 23.051960
192 1626166 60.093150 16.260730
192 1713 81.808570 30.622740
192 2216 83.605130 22.032060
192 2440 59.562360 40.842940
192 201596 82.486110 20.665220
192 203210 89.000140 26.051410
204 -1 81.210520 22.123700
204 2555 67.850010 25.350060
204 201627 69.389490 38.444790
204 203079 52.910040 33.940620
204 202683 88.170350 22.851280
204 1626166 60.119800 16.317300
204 1713 81.679640 30.483860
204 2216 83.013730 21.716520
204 2440 58.483810 41.279720
204 201596 81.840260 21.021730
204 203210 88.730590 26.001270
216 -1 81.325380 23.099040
216 2555 66.766850 25.415150
216 201627 68.459740 38.061190
216 203079 52.215700 33.767080
216 202683 88.035590 22.600600
216 1626166 59.913300 16.508850
216 1713 81.569290 30.344000
216 2216 82.427470 21.236410
216 2440 57.310580 41.731540
216 201596 81.098140 21.317300
216 203210 88.380780 26.003390
228 -1 81.212500 23.973380
228 2555 65.584960 25.467560
228 201627 67.460230 37.621610
228 203079 51.416160 33.579410
228 202683 87.719320 22.332270
228 1626166 59.515280 16.770690
228 1713 81.416730 30.224800
228 2216 81.848570 20.849880
228 2440 56.023170 42.229500
228 201596 80.410220 21.627380
228 203210 87.965680 26.011160
240 -1 81.002960 24.674930
240 2555 64.262720 25.488960
240 201627 66.476190 37.145850
240 203079 50.529000 33.404220
240 202683 87.342100 22.016200
240 1626166 58.983370 17.091650
240 1713 81.226400 30.205370
240 2216 81.254540 20.565600
240 2440 54.644100 42.655120
240 201596 79.519180 21.977410
240 203210 87.492820 26.019450
252 -1 79.886790 25.467590
252 2555 62.767460 25.499130
252 201627 65.478090 36.668040
252 203079 49.590450 33.270570
252 202683 86.849900 21.651960
252 1626166 58.315090 17.449980
252 1713 80.930010 30.173910
252 2216 80.396740 20.324730
252 2440 53.174360 43.020480
252 201596 78.651460 22.389280
252 203210 86.954360 26.004760
264 -1 78.913570 25.764940
264 2555 61.187830 25.545520
264 201627 64.452130 36.215520
264 203079 48.598220 33.147680
264 202683 86.186460 21.262400
264 1626166 57.515700 17.849780
264 1713 80.615060 30.103780
264 2216 79.412530 20.047680
264 2440 51.637000 43.359870
264 201596 77.962770 23.153600
264 203210 86.345360 25.954200
276 -1 78.074130 25.903900
276 2555 59.533360 25.514400
276 201627 63.422420 35.816740
276 203079 47.548220 33.051930
276 202683 85.310920 20.818540
276 1626166 56.709840 18.277110
276 1713 80.267560 30.039770
276 2216 78.307970 19.989390
276 2440 49.997150 43.656290
276 201596 77.210980 23.896420
276 203210 85.665490 25.894710
288 -1 77.117460 26.100990
288 2555 57.795570 25.448380
288 201627 62.357290 35.404330
288 203079 46.459160 32.971440
288 202683 84.338040 20.403510
288 1626166 55.863540 18.747870
288 1713 79.943600 29.959370
288 2216 77.005310 19.989590
288 2440 48.301900 43.947970
288 201596 76.250730 24.674030
288 203210 84.935750 25.828920
300 -1 75.916950 26.704400
300 2555 55.970010 25.377530
300 201627 61.125530 35.025710
300 203079 45.335330 32.909950
300 202683 83.216250 20.034800
300 1626166 54.985090 19.259910
300 1713 79.566440 29.796410
300 2216 75.653420 19.923450
300 2440 46.539550 44.207090
300 201596 75.175400 25.414860
300 203210 84.127130 25.776900
312 -1 74.391440 27.508130
312 2555 54.097020 25.232140
312 201627 59.829760 34.689960
312 203079 44.142400 32.884840
312 202683 81.958860 19.698650
312 1626166 54.058490 19.790430
312 1713 79.164180 29.654690
312 2216 74.255410 19.790740
312 2440 44.728880 44.449900
312 201596 73.932160 26.251410
312 203210 83.263560 25.782870
324 -1 72.368530 28.477210
324 2555 52.166540 25.031270
324 201627 58.455320 34.409290
324 203079 42.905100 32.900370
324 202683 80.579100 19.445030
324 1626166 53.121050 20.349510
324 1713 78.676840 29.525790
324 2216 72.780350 19.678650
324 2440 42.876040 44.683230
324 201596 72.392630 27.011960
324 203210 82.362180 25.831180
336 -1 69.972860 29.047700
336 2555 50.175210 24.818710
336 201627 57.046000 34.201420
336 203079 41.617920 32.911200
336 202683 79.151910 19.303330
336 1626166 52.169260 20.888920
336 1713 78.137230 29.436340
336 2216 71.196430 19.635420
336 2440 41.024720 44.925680
336 201596 70.782530 27.700800
336 203210 81.412290 25.890100
348 -1 68.128690 30.063050
348 2555 48.253140 24.653160
348 201627 55.545930 34.079670
348 203079 40.269650 32.975210
348 202683 77.720980 19.050370
348 1626166 51.182600 21.459070
348 1713 77.545300 29.343140
348 2216 69.582740 19.538000
348 2440 39.144340 45.086680
348 201596 69.121910 28.439450
348 203210 80.397780 25.973960
360 -1 67.422620 30.655890
360 2555 46.345760 24.520680
360 201627 54.067660 33.995560
360 203079 38.882220 33.059380
360 202683 76.119480 18.926020
360 1626166 50.167930 22.052270
360 1713 76.831890 29.240890
360 2216 67.865450 19.460170
360 2440 37.221960 45.260600
360 201596 67.437460 29.233880
360 203210 79.351750 26.040380
372 -1 66.146480 31.234640
372 2555 44.493560 24.455800
372 201627 52.524590 33.957820
372 203079 37.437850 33.177550
372 202683 74.501710 18.844350
372 1626166 49.127000 22.655910
372 1713 76.058640 29.115140
372 2216 66.129580 19.415590
372 2440 35.263540 45.497030
372 201596 65.688620 29.917680
372 203210 78.261300 26.061080
384 -1 63.844330 31.586820
384 2555 42.600890 24.424720
384 201627 50.952530 33.941390
384 203079 35.912190 33.315990
384 202683 72.851520 18.732380
384 1626166 48.024680 23.278860
384 1713 75.101850 29.080390
384 2216 64.308930 19.393360
384 2440 33.316800 45.736730
384 201596 63.857170 30.422990
384 203210 77.095340 26.031230