0 -1 75.344510 32.245480
0 202344 89.995210 25.831550
0 202330 87.830090 47.723350
0 202353 81.951700 22.283680
0 203918 82.518130 1.701270
0 203504 75.456730 31.822040
0 2754 83.655250 37.226220
0 201145 87.023380 23.163210
0 201584 82.127380 15.332720
0 201144 75.325800 29.793490
0 201188 80.812190 28.430620
12 -1 74.943020 32.683270
12 202344 89.530950 26.310950
12 202330 87.833010 47.689710
12 202353 82.836060 22.294760
12 203918 81.664280 1.850530
12 203504 75.824330 32.200220
12 2754 83.245400 37.198920
12 201145 86.971930 23.078880
12 201584 82.132980 15.441130
12 201144 75.936570 30.373840
12 201188 81.213300 28.291180
24 -1 74.874500 32.934640
24 202344 89.025390 26.733230
24 202330 87.811700 47.656440
24 202353 83.607110 22.275040
24 203918 80.667800 2.084260
24 203504 76.103290 32.615910
24 2754 82.788080 37.302160
24 201145 87.083870 23.099780
24 201584 82.190120 15.573330
24 201144 76.458480 30.950260
24 201188 81.657270 28.088990
36 -1 75.491540 32.961030
36 202344 88.476840 26.975730
36 202330 87.704990 47.629010
36 202353 84.008700 22.380370
36 203918 79.564140 2.341660
36 203504 76.332700 32.967740
36 2754 82.379160 37.253430
36 201145 87.211780 23.165000
36 201584 82.318960 15.833920
36 201144 76.778940 31.470740
36 201188 82.140470 27.762630
48 -1 76.499940 32.441470
48 202344 87.912900 27.053340
48 202330 87.455960 47.610570
48 202353 84.108530 22.574770
48 203918 78.561220 2.565130
48 203504 76.484520 33.278420
48 2754 82.086320 37.206580
48 201145 87.460490 23.342430
48 201584 82.496580 16.113890
48 201144 77.162380 31.950380
48 201188 82.707420 27.357340
60 -1 78.274190 31.445290
60 202344 87.548060 26.978920
60 202330 87.071010 47.542030
60 202353 84.103040 22.729440
60 203918 77.548760 2.880190
60 203504 76.939700 33.652490
60 2754 81.829230 37.002880
60 201145 87.547530 23.492360
60 201584 82.761180 16.379560
60 201144 77.538800 32.314670
60 201188 83.679140 26.961280
72 -1 79.907890 30.469270
72 202344 87.201170 26.878520
72 202330 86.595940 47.418690
72 202353 84.023650 22.838740
72 203918 76.564570 3.241100
72 203504 77.365540 34.056380
72 2754 81.624890 36.583200
72 201145 87.589850 23.651610
72 201584 83.054720 16.677710
72 201144 77.898140 32.770340
72 201188 84.557910 26.672250
84 -1 81.541290 29.369850
84 202344 86.946750 26.570520
84 202330 86.067770 47.210150
84 202353 83.892080 22.947420
84 203918 75.553830 3.617310
84 203504 77.536670 34.515970
84 2754 81.537160 36.086750
84 201145 87.494060 23.663080
84 201584 83.397600 17.040490
84 201144 78.197610 33.227970
84 201188 85.372620 26.408340
96 -1 83.125930 28.308310
96 202344 86.641290 26.422320
96 202330 85.426280 46.918050
96 202353 83.925080 22.899240
96 203918 74.606220 4.053570
96 203504 77.219220 35.024660
96 2754 81.492050 35.548450
96 201145 87.337300 23.653430
96 201584 83.752400 17.434590
96 201144 78.376080 33.716380
96 201188 86.149360 26.341240
108 -1 84.820540 27.350760
108 202344 86.706860 26.441960
108 202330 84.726420 46.566880
108 202353 83.932010 22.849840
108 203918 73.579700 4.615590
108 203504 76.693080 35.545070
108 2754 81.564690 35.025690
108 201145 87.217150 23.565240
108 201584 84.110250 17.853980
108 201144 78.302200 34.286370
108 201188 86.767580 26.436710
120 -1 86.209190 26.342300
120 202344 86.679360 26.208210
120 202330 83.978350 46.197760
120 202353 83.945380 22.816960
120 203918 72.540410 5.135380
120 203504 75.698590 36.027440
120 2754 81.760100 34.503260
120 201145 87.237920 23.363970
120 201584 84.418890 18.234740
120 201144 78.051330 34.878270
120 201188 86.896950 26.474540
132 -1 87.936700 25.191260
132 202344 86.688350 25.855370
132 202330 83.128340 45.767890
132 202353 84.020220 22.822840
132 203918 71.507610 5.663790
132 203504 74.524650 36.434080
132 2754 82.042040 34.034020
132 201145 87.286980 23.126100
132 201584 84.695180 18.538930
132 201144 77.668030 35.366340
132 201188 86.844370 26.709100
144 -1 88.708320 25.180460
144 202344 86.721980 26.028050
144 202330 82.194050 45.257660
144 202353 84.298030 22.892140
144 203918 70.474350 6.218770
144 203504 73.440920 36.778900
144 2754 82.424110 33.553190
144 201145 87.329350 22.943930
144 201584 84.971590 18.739900
144 201144 77.232340 35.777570
144 201188 86.811360 26.911230
156 -1 88.268960 26.732700
156 202344 86.854260 26.237740
156 202330 81.286580 44.690660
156 202353 84.402770 23.062380
156 203918 69.432240 6.812320
156 203504 72.766880 37.123230
156 2754 82.967190 32.976210
156 201145 87.444180 22.831410
156 201584 85.246040 18.804370
156 201144 76.818000 36.197120
156 201188 86.638830 26.996550
168 -1 87.716430 28.564710
168 202344 86.834130 26.620160
168 202330 80.405510 44.096490
168 202353 84.549790 23.071940
168 203918 68.371470 7.355800
168 203504 72.280200 37.533180
168 2754 83.521040 32.464410
168 201145 87.600360 22.635190
168 201584 85.461830 18.722580
168 201144 76.387270 36.598960
168 201188 86.178180 26.722690
180 -1 87.264290 30.156370
180 202344 86.881120 27.510140
180 202330 79.552360 43.458980
180 202353 84.556780 22.986650
180 203918 67.294350 7.933060
180 203504 71.865240 38.032620
180 2754 84.272450 32.005870
180 201145 87.628730 22.631580
180 201584 85.640930 18.549690
180 201144 75.906030 37.041900
180 201188 85.578480 26.405360
192 -1 86.797430 31.691650
192 202344 87.059560 28.652790
192 202330 78.710930 42.851300
192 202353 84.507370 22.870560
192 203918 66.152960 8.518150
192 203504 71.490560 38.557210
192 2754 85.210130 31.608100
192 201145 87.658070 22.603460
192 201584 85.717500 18.273330
192 201144 75.528220 37.482250
192 201188 85.261260 25.895140
204 -1 86.607500 32.817580
204 202344 87.274390 29.666000
204 202330 77.840350 42.308120
204 202353 84.265170 22.629010
204 203918 65.051150 9.084230
204 203504 71.126250 39.064890
204 2754 86.045330 31.503650
204 201145 87.580740 22.507770
204 201584 85.679940 17.928530
204 201144 75.216110 37.926040
204 201188 84.728600 25.343220
216 -1 86.888060 32.725600
216 202344 87.830230 30.631530
216 202330 77.010110 41.869770
216 202353 83.972490 22.219140
216 203918 63.912320 9.629690
216 203504 70.721520 39.489880
216 2754 86.780210 31.605020
216 201145 87.704580 22.350740
216 201584 85.562050 17.528190
216 201144 74.884600 38.263530
216 201188 83.962170 24.841200
228 -1 86.854850 32.698350
228 202344 88.462710 31.472580
228 202330 76.239880 41.490980
228 202353 83.433140 21.842710
228 203918 62.750700 10.201540
228 203504 70.236840 39.747370
228 2754 87.523670 31.746290
228 201145 87.792970 22.283820
228 201584 85.394020 17.112920
228 201144 74.595130 38.406770
228 201188 83.361130 24.568850
240 -1 87.374750 32.711130
240 202344 89.189920 32.262670
240 202330 75.511250 41.204170
240 202353 82.932860 21.451520
240 203918 61.558100 10.755550
240 203504 69.651240 39.811610
240 2754 87.963110 31.923050
240 201145 87.943290 22.038990
240 201584 85.235310 16.658730
240 201144 74.418780 38.374070
240 201188 82.859180 24.488490