0 -1 11.979340 10.388220
0 2550 3.352260 26.030590
0 201166 19.105490 33.102740
0 201149 11.572210 15.278230
0 203926 16.433980 19.577980
0 202703 8.632050 27.253350
0 2216 12.571760 10.443130
0 2440 32.087650 26.487140
0 201596 34.335770 33.930400
0 203210 12.201100 31.400320
0 203516 4.740790 31.339010
12 -1 11.530380 10.870260
12 2550 3.397680 26.911650
12 201166 19.091240 33.019820
12 201149 11.500650 14.954710
12 203926 16.373230 19.759240
12 202703 8.601910 27.329260
12 2216 12.373680 10.225790
12 2440 32.114680 26.420200
12 201596 34.737320 33.355110
12 203210 12.238220 31.113170
12 203516 4.818820 32.454870
24 -1 10.826470 12.211180
24 2550 3.615920 27.819430
24 201166 19.042140 32.977840
24 201149 11.496640 14.438830
24 203926 16.411630 20.006910
24 202703 8.871320 27.515210
24 2216 12.117700 9.984400
24 2440 32.170070 26.319900
24 201596 35.173720 32.869490
24 203210 12.113120 30.770930
24 203516 5.063740 32.937120
36 -1 10.146150 13.778480
36 2550 3.942800 28.642170
36 201166 18.947340 32.954910
36 201149 11.412670 13.885590
36 203926 16.479240 20.363350
36 202703 9.348540 27.666290
36 2216 11.849620 9.593300
36 2440 32.252590 26.144880
36 201596 35.690490 32.362690
36 203210 11.970290 30.239920
36 203516 5.330750 32.871460
48 -1 9.385700 15.221340
48 2550 4.387330 29.190540
48 201166 18.818240 32.986050
48 201149 11.499140 13.054360
48 203926 16.392130 20.839790
48 202703 9.807470 27.694770
48 2216 11.730440 9.154640
48 2440 32.371960 25.907510
48 201596 36.194620 31.953340
48 203210 11.807340 29.554480
48 203516 5.551420 32.451850
60 -1 8.573320 16.851840
60 2550 4.821950 29.665470
60 201166 18.717320 33.038050
60 201149 11.574690 11.979900
60 203926 16.140130 21.302720
60 202703 10.270470 27.590460
60 2216 11.752850 8.554110
60 2440 32.546310 25.650500
60 201596 36.698430 31.552060
60 203210 11.585830 28.782440
60 203516 5.870260 31.756410
72 -1 7.926270 18.363750
72 2550 5.283210 29.905150
72 201166 18.642630 33.082500
72 201149 11.549730 11.036340
72 203926 15.718640 21.691910
72 202703 10.789080 27.363420
72 2216 11.918590 7.773620
72 2440 32.802340 25.412240
72 201596 37.221180 31.150780
72 203210 11.594080 27.806420
72 203516 6.309370 30.946300
84 -1 7.795010 18.971940
84 2550 5.663230 29.841780
84 201166 18.580930 33.113740
84 201149 11.460710 10.178080
84 203926 15.080360 21.989300
84 202703 11.114860 27.028300
84 2216 12.307860 7.114090
84 2440 33.113680 25.209400
84 201596 37.736720 30.727090
84 203210 11.759910 26.653750
84 203516 6.747190 30.394830
96 -1 6.463000 21.244070
96 2550 6.083080 29.656860
96 201166 18.558680 33.165160
96 201149 11.368300 9.328480
96 203926 14.290100 22.052870
96 202703 11.365150 26.731670
96 2216 12.871110 6.410440
96 2440 33.462370 25.040050
96 201596 38.275210 30.353880
96 203210 11.841320 25.582650
96 203516 7.228310 30.012060
108 -1 5.650740 22.854380
108 2550 6.566920 29.514530
108 201166 18.511780 33.216630
108 201149 11.164570 8.642480
108 203926 13.425200 22.088900
108 202703 11.809180 26.522310
108 2216 13.466890 5.668740
108 2440 33.851650 24.863070
108 201596 38.848470 30.077480
108 203210 11.796360 24.560140
108 203516 7.880530 29.590220
120 -1 5.005750 24.124590
120 2550 7.099700 29.184750
120 201166 18.460680 33.267060
120 201149 11.062070 8.119890
120 203926 12.439110 22.215680
120 202703 12.163000 26.404890
120 2216 14.219420 5.073120
120 2440 34.258910 24.701020
120 201596 39.443640 29.849440
120 203210 11.666600 23.704550
120 203516 8.542930 29.302850
132 -1 5.536500 25.468750
132 2550 7.633890 28.754550
132 201166 18.406150 33.338680
132 201149 10.950450 7.596730
132 203926 11.559890 22.087250
132 202703 12.382350 26.424810
132 2216 15.112370 4.580830
132 2440 34.669330 24.529050
132 201596 40.051790 29.688680
132 203210 11.171720 23.168470
132 203516 9.161140 29.033530
144 -1 6.735900 26.573750
144 2550 8.199080 28.336640
144 201166 18.353960 33.421380
144 201149 11.001920 7.016830
144 203926 10.899950 21.951610
144 202703 12.604120 26.543860
144 2216 16.000600 3.951270
144 2440 35.124300 24.395520
144 201596 40.684560 29.628380
144 203210 10.461390 22.958280
144 203516 9.749900 28.666170
156 -1 7.921290 27.574470
156 2550 8.684170 27.950740
156 201166 18.256250 33.516920
156 201149 11.069180 6.514970
156 203926 10.336160 21.868800
156 202703 12.796610 26.666750
156 2216 16.909460 3.510610
156 2440 35.602950 24.291570
156 201596 41.338160 29.632350
156 203210 9.687480 22.914600
156 203516 9.988190 28.195950
168 -1 9.186910 28.713640
168 2550 8.996450 27.532490
168 201166 18.150200 33.635970
168 201149 11.156630 6.054880
168 203926 9.970060 21.490770
168 202703 12.881870 26.859280
168 2216 17.941500 3.155540
168 2440 36.097420 24.246270
168 201596 41.965840 29.628020
168 203210 8.809240 23.001280
168 203516 10.043910 27.756620
180 -1 10.103950 29.616290
180 2550 9.385940 27.167940
180 201166 18.055470 33.731130
180 201149 11.285050 5.744010
180 203926 9.889860 20.793720
180 202703 13.077600 27.057700
180 2216 18.919200 2.941860
180 2440 36.642570 24.248950
180 201596 42.575210 29.588170
180 203210 8.099510 23.075570
180 203516 10.082320 27.410440
192 -1 10.840630 29.558500
192 2550 9.776500 26.944920
192 201166 17.978080 33.798550
192 201149 11.490060 5.571650
192 203926 9.841350 20.213040
192 202703 13.449270 27.428640
192 2216 19.867160 2.871460
192 2440 37.209850 24.234920
192 201596 43.186920 29.552190
192 203210 7.501680 23.165940
192 203516 10.133680 27.076290
204 -1 11.141850 29.310420
204 2550 10.123130 26.788480
204 201166 17.915350 33.833540
204 201149 11.772900 5.533620
204 203926 9.723220 19.647540
204 202703 13.822100 27.791220
204 2216 20.925650 2.954920
204 2440 37.733830 24.160160
204 201596 43.786560 29.495130
204 203210 6.956490 23.194940
204 203516 10.421910 26.862790
216 -1 11.572590 28.996170
216 2550 10.544980 26.763550
216 201166 17.906270 33.822690
216 201149 12.090490 5.643640
216 203926 9.687600 19.249620
216 202703 14.206380 28.179910
216 2216 22.024190 3.191550
216 2440 38.250390 24.061990
216 201596 44.370430 29.418280
216 203210 6.511790 23.195560
216 203516 10.890790 26.864450
228 -1 12.134920 29.088380
228 2550 10.928060 26.763770
228 201166 17.945440 33.763030
228 201149 12.420990 5.892610
228 203926 9.598420 19.142830
228 202703 14.596470 28.680530
228 2216 23.031550 3.581300
228 2440 38.777960 23.985790
228 201596 44.965570 29.358740
228 203210 6.326000 23.206180
228 203516 11.439360 27.130550
240 -1 12.415730 29.253740
240 2550 11.147000 26.862470
240 201166 17.991300 33.714590
240 201149 12.752860 6.191930
240 203926 9.377970 19.231210
240 202703 14.966970 29.291850
240 2216 23.992640 4.073210
240 2440 39.226300 23.811270
240 201596 45.571320 29.448740
240 203210 6.167840 23.191630
240 203516 12.011440 27.467840
252 -1 12.178860 29.412540
252 2550 11.308230 27.000670
252 201166 18.028490 33.690190
252 201149 13.034620 6.548020
252 203926 9.112780 19.472520
252 202703 15.220600 29.842580
252 2216 24.890220 4.729090
252 2440 39.650020 23.718520
252 201596 46.205130 29.658780
252 203210 6.202190 23.088290
252 203516 12.379980 27.757940
264 -1 11.635750 29.399290
264 2550 11.396650 27.121950
264 201166 18.056650 33.717860
264 201149 13.247830 6.987410
264 203926 8.895250 19.796540
264 202703 15.421330 30.501760
264 2216 25.694440 5.589590
264 2440 40.031340 23.658020
264 201596 46.793190 29.948400
264 203210 6.330000 22.978300
264 203516 12.273860 28.079670