0 -1 79.594250 33.387680
0 202330 69.635240 24.864940
0 202324 78.324840 26.064840
0 203918 71.541450 31.884290
0 203497 82.069590 30.968230
0 203526 84.741400 17.183740
0 2216 66.063000 19.460010
0 2754 87.544470 8.387300
0 201584 61.341250 15.082500
0 201144 78.964930 33.702700
0 201188 71.742210 33.339880
12 -1 80.412970 32.609270
12 202330 69.857720 24.682750
12 202324 78.837300 25.767830
12 203918 72.349580 31.306920
12 203497 82.188230 31.345900
12 203526 85.395420 17.282390
12 2216 66.051520 19.532290
12 2754 87.391440 8.238350
12 201584 61.978810 14.350000
12 201144 79.938590 33.726850
12 201188 72.339940 33.111710
24 -1 81.527120 31.947920
24 202330 70.038460 24.607070
24 202324 79.386620 25.540540
24 203918 73.497980 30.936960
24 203497 82.262900 31.683930
24 203526 85.902140 17.483530
24 2216 65.965000 19.673220
24 2754 87.250450 8.071540
24 201584 62.595310 13.713560
24 201144 80.775520 33.776730
24 201188 73.018320 32.801230
36 -1 82.322460 31.182320
36 202330 70.123200 24.637790
36 202324 79.889880 25.167700
36 203918 74.714820 30.743730
36 203497 82.335640 31.874530
36 203526 86.336730 17.726680
36 2216 65.826110 19.874870
36 2754 87.156020 7.957350
36 201584 63.232570 13.122750
36 201144 81.454390 33.912990
36 201188 73.478690 32.543160
48 -1 83.249770 30.443310
48 202330 70.146540 24.801590
48 202324 80.643720 25.131370
48 203918 76.000440 30.724810
48 203497 82.518700 32.010170
48 203526 86.702480 17.979540
48 2216 65.735350 19.988110
48 2754 87.127760 7.922770
48 201584 63.792970 12.602620
48 201144 82.159230 34.109840
48 201188 73.731960 32.374130
60 -1 84.120880 29.777280
60 202330 70.136540 25.141390
60 202324 81.392960 24.991900
60 203918 77.283260 30.773490
60 203497 82.843660 32.007570
60 203526 86.941140 18.274160
60 2216 65.563020 20.102110
60 2754 87.157980 7.984220
60 201584 64.287430 12.140510
60 201144 82.828910 34.392720
60 201188 73.864110 32.277860
72 -1 85.039560 29.004410
72 202330 70.090300 25.585580
72 202324 82.120340 24.993440
72 203918 78.614700 30.750490
72 203497 83.238950 31.855630
72 203526 87.089860 18.630250
72 2216 65.403750 20.251270
72 2754 87.233520 8.127690
72 201584 64.663330 11.772550
72 201144 83.410860 34.707560
72 201188 73.964870 32.152000
84 -1 85.873170 28.308670
84 202330 70.008880 26.097420
84 202324 82.884470 24.910670
84 203918 79.731710 30.781940
84 203497 83.841940 31.474140
84 203526 87.241940 18.999540
84 2216 65.248670 20.473610
84 2754 87.310130 8.333760
84 201584 64.873860 11.531170
84 201144 84.025980 35.043960
84 201188 73.888630 31.942460
96 -1 86.708080 27.526800
96 202330 69.897580 26.807560
96 202324 83.642580 25.021530
96 203918 80.737730 30.752520
96 203497 84.361410 31.135590
96 203526 87.372550 19.321790
96 2216 65.093030 20.728410
96 2754 87.370640 8.577160
96 201584 64.948130 11.388750
96 201144 84.658360 35.299510
96 201188 73.645420 31.861980
108 -1 87.533810 27.002180
108 202330 69.687620 27.621710
108 202324 84.322630 25.189520
108 203918 81.494460 30.687940
108 203497 84.831880 30.813230
108 203526 87.496320 19.569860
108 2216 64.855910 21.113530
108 2754 87.373260 8.833920
108 201584 64.899380 11.316960
108 201144 85.304250 35.649360
108 201188 73.318220 31.838820
120 -1 88.271190 26.532400
120 202330 69.287030 28.619230
120 202324 84.864980 25.447360
120 203918 82.250910 30.728140
120 203497 85.126390 30.640960
120 203526 87.698150 19.722520
120 2216 64.704060 21.583350
120 2754 87.311470 9.077340
120 201584 64.721140 11.303280
120 201144 85.957480 36.113430
120 201188 72.877510 31.765060
132 -1 88.773510 27.362040
132 202330 68.788090 29.586330
132 202324 85.515280 25.982570
132 203918 83.142150 30.922390
132 203497 85.229870 30.778650
132 203526 87.961840 19.760350
132 2216 64.498190 22.055520
132 2754 87.176170 9.326010
132 201584 64.426480 11.367600
132 201144 86.693490 36.589330
132 201188 72.380090 31.729760
144 -1 89.138620 28.897610
144 202330 68.191140 30.681550
144 202324 86.229380 26.715270
144 203918 84.010180 31.356500
144 203497 85.373680 31.257630
144 203526 88.221480 19.717080
144 2216 64.218530 22.465110
144 2754 86.954470 9.594020
144 201584 64.045510 11.473950
144 201144 87.425540 37.060810
144 201188 71.789350 31.836790
156 -1 89.382550 30.505460
156 202330 67.497480 31.791750
156 202324 87.031790 27.535090
156 203918 84.794040 31.995280
156 203497 85.804630 31.709990
156 203526 88.435550 19.636340
156 2216 63.870320 22.823340
156 2754 86.704130 9.880250
156 201584 63.547540 11.607560
156 201144 88.188940 37.475840
156 201188 71.126970 31.823940
168 -1 89.814260 31.813560
168 202330 66.711140 33.019920
168 202324 87.872840 28.295730
168 203918 85.802150 32.689110
168 203497 86.387100 31.962760
168 203526 88.572620 19.505930
168 2216 63.482190 23.193630
168 2754 86.432900 10.196040
168 201584 62.944380 11.741980
168 201144 88.888920 37.826510
168 201188 70.416130 31.802590
180 -1 90.053640 32.573200
180 202330 65.913390 34.150000
180 202324 88.824140 29.036150
180 203918 86.861180 33.470960
180 203497 87.185400 32.117240
180 203526 88.562580 19.339000
180 2216 62.990470 23.538840
180 2754 86.121180 10.562760
180 201584 62.254020 11.887770
180 201144 89.554070 37.922410
180 201188 69.650330 31.786670
192 -1 90.333690 33.381980
192 202330 65.028050 35.446170
192 202324 89.520850 29.595680
192 203918 87.656790 34.258700
192 203497 88.177690 32.146540
192 203526 88.395160 19.106240
192 2216 62.468080 23.900630
192 2754 85.740220 10.954270
192 201584 61.497350 12.047540
192 201144 90.101790 37.733580
192 201188 68.846540 31.770330
204 -1 90.677070 33.924740
204 202330 64.066890 36.751150
204 202324 90.161900 29.977370
204 203918 88.437030 35.059570
204 203497 88.992950 32.251720
204 203526 88.108540 18.824720
204 2216 61.965790 24.302770
204 2754 85.277060 11.366370
204 201584 60.674280 12.218040
204 201144 90.375680 37.284100
204 201188 68.045200 31.752250
216 -1 91.115300 34.033930
216 202330 63.015270 38.010560
216 202324 90.628760 30.076800
216 203918 89.256510 35.812450
216 203497 89.493440 32.474390
216 203526 87.741550 18.539370
216 2216 61.462600 24.719170
216 2754 84.714110 11.781970
216 201584 59.816990 12.392680
216 201144 90.697810 36.912560
216 201188 67.268640 31.750030
228 -1 91.219800 34.273520
228 202330 62.021430 39.127700
228 202324 90.978930 30.076640
228 203918 89.850120 36.688890
228 203497 89.763780 32.994370
228 203526 87.311380 18.293280
228 2216 60.910030 25.120410
228 2754 84.073200 12.204050
228 201584 58.942080 12.572930
228 201144 90.977020 36.543790
228 201188 66.494070 31.689430
240 -1 90.912540 33.598530
240 202330 61.050110 40.197480
240 202324 91.235430 30.012440
240 203918 90.169280 37.496290
240 203497 89.905090 33.687240
240 203526 86.852850 18.050840
240 2216 60.358160 25.474640
240 2754 83.399030 12.574300
240 201584 58.021540 12.761530
240 201144 91.169470 36.075270
240 201188 65.723330 31.668110
252 -1 90.636550 32.261650
252 202330 60.098670 41.250640
252 202324 91.554740 29.789360
252 203918 90.487620 38.262180
252 203497 89.940240 34.425950
252 203526 86.408400 17.825450
252 2216 59.788940 25.738600
252 2754 82.770540 12.892800
252 201584 57.076240 12.948890
252 201144 91.277830 35.705680
252 201188 64.955210 31.644330
264 -1 89.411440 31.201270
264 202330 59.129370 42.232320
264 202324 91.786850 29.533310
264 203918 90.773180 38.960390
264 203497 89.951880 34.978430
264 203526 86.006900 17.611950
264 2216 59.196150 25.967770
264 2754 82.208240 13.170680
264 201584 56.111890 13.133590
264 201144 91.391380 35.367690
264 201188 64.214800 31.637030
276 -1 88.047930 29.911080
276 202330 58.105060 43.125720
276 202324 91.921020 29.303850
276 203918 91.017660 39.652920
276 203497 89.796210 35.446250
276 203526 85.625670 17.459350
276 2216 58.591660 26.215070
276 2754 81.660430 13.454690
276 201584 55.149800 13.323960
276 201144 91.210190 34.851280
276 201188 63.476870 31.619660
288 -1 86.781630 28.973700
288 202330 56.989630 43.977130
288 202324 91.811330 29.067030
288 203918 91.203500 40.329730
288 203497 89.443780 35.816790
288 203526 85.169420 17.434490
288 2216 57.998090 26.437160
288 2754 81.121750 13.794250
288 201584 54.173410 13.510500
288 201144 90.802850 34.226880
288 201188 62.728220 31.586320
300 -1 85.643720 28.488390
300 202330 55.831830 44.725260
300 202324 91.483960 28.796970
300 203918 91.365860 41.008610
300 203497 88.983630 36.096120
300 203526 84.602560 17.608180
300 2216 57.421100 26.651610
300 2754 80.609740 14.351220
300 201584 53.219260 13.697490
300 201144 90.265890 33.589880
300 201188 61.996970 31.505670
312 -1 84.406930 28.005670
312 202330 54.659670 45.287680
312 202324 90.880590 28.512280
312 203918 91.446540 41.651800
312 203497 88.367310 36.235060
312 203526 83.939180 18.062030
312 2216 56.859980 26.892320
312 2754 80.108060 15.125970
312 201584 52.340680 13.818160
312 201144 89.513570 32.940920
312 201188 61.276070 31.409950
324 -1 83.243240 27.460650
324 202330 53.463140 45.719210
324 202324 89.960750 28.188160
324 203918 91.419960 42.193040
324 203497 87.840580 36.212440
324 203526 83.177300 18.947440
324 2216 56.297510 27.135770
324 2754 79.618000 16.256820
324 201584 51.558160 13.844830
324 201144 88.655460 32.239120
324 201188 60.575390 31.440710
336 -1 82.088400 26.904040
336 202330 52.326330 46.036930
336 202324 88.859120 27.902900
336 203918 91.265700 42.654400
336 203497 87.523160 36.134750
336 203526 82.253020 20.226910
336 2216 55.771640 27.307260
336 2754 79.306230 17.947990
336 201584 50.921330 13.788570
336 201144 87.583860 31.453220
336 201188 59.819390 31.343220
348 -1 80.993310 26.452120
348 202330 51.216530 46.276310
348 202324 87.649450 27.440540
348 203918 91.003900 43.052420
348 203497 87.366200 35.964210
348 203526 81.210060 21.671490
348 2216 55.261140 27.442960
348 2754 79.106370 20.002100
348 201584 50.462040 13.675510
348 201144 86.638610 30.698730
348 201188 59.097310 31.249590
360 -1 79.749990 25.895040
360 202330 50.136360 46.437120
360 202324 86.432100 26.923320
360 203918 90.619640 43.409350
360 203497 87.331300 35.611410
360 203526 80.254320 23.101500
360 2216 54.742090 27.551870
360 2754 78.876150 22.008500
360 201584 50.176710 13.492910
360 201144 85.646950 29.980420
360 201188 58.413380 31.179590
372 -1 78.617320 25.969380
372 202330 49.067490 46.547350
372 202324 85.257930 26.432690
372 203918 90.099790 43.727890
372 203497 87.419870 35.189260
372 203526 79.315520 24.500700
372 2216 54.261300 27.604390
372 2754 78.575410 23.960250
372 201584 49.998080 13.313310
372 201144 84.677970 29.233970
372 201188 57.746440 31.109290