0 -1 67.443100 35.003300 BALL
0 2772 60.578990 18.306230 PLAYER
0 2730 87.854850 17.556900 PLAYER
0 201147 67.145260 35.122680 PLAYER
0 201976 77.472890 5.217770 PLAYER
0 201977 78.001850 46.818210 PLAYER
0 1713 72.330500 33.110870 PLAYER
0 2754 68.567430 22.611570 PLAYER
0 201584 81.922040 40.722100 PLAYER
0 201596 80.577680 13.276530 PLAYER
0 203210 87.682080 19.972810 PLAYER
12 -1 68.718970 34.280540 BALL
12 2772 60.177060 18.422520 PLAYER
12 2730 87.695930 18.021220 PLAYER
12 201147 67.099490 35.076660 PLAYER
12 201976 78.074610 5.830590 PLAYER
12 201977 77.346240 46.594040 PLAYER
12 1713 71.833460 33.421470 PLAYER
12 2754 68.445790 22.573450 PLAYER
12 201584 81.458070 40.676460 PLAYER
12 201596 80.784580 13.391650 PLAYER
12 203210 87.833780 20.210600 PLAYER
24 -1 70.885970 33.358910 BALL
24 2772 59.714380 18.512380 PLAYER
24 2730 87.590400 18.581080 PLAYER
24 201147 67.201590 35.026960 PLAYER
24 201976 78.916540 6.607840 PLAYER
24 201977 76.763640 46.372270 PLAYER
24 1713 71.308060 33.848270 PLAYER
24 2754 68.374770 22.513320 PLAYER
24 201584 81.055920 40.576050 PLAYER
24 201596 81.096250 13.587860 PLAYER
24 203210 87.913520 20.454410 PLAYER
36 -1 72.884760 32.471470 BALL
36 2772 59.206800 18.563950 PLAYER
36 2730 87.559950 19.508940 PLAYER
36 201147 67.256080 34.977340 PLAYER
36 201976 79.763280 7.566310 PLAYER
36 201977 76.240900 46.166270 PLAYER
36 1713 70.644130 34.293330 PLAYER
36 2754 68.569390 22.672880 PLAYER
36 201584 80.724470 40.384090 PLAYER
36 201596 81.432400 13.694160 PLAYER
36 203210 87.864090 20.887720 PLAYER
48 -1 75.107250 31.305600 BALL
48 2772 58.671540 18.593130 PLAYER
48 2730 87.663150 20.336740 PLAYER
48 201147 67.254180 34.970720 PLAYER
48 201976 80.546520 8.591840 PLAYER
48 201977 75.758870 45.935700 PLAYER
48 1713 70.005390 34.820410 PLAYER
48 2754 68.968920 22.960740 PLAYER
48 201584 80.445170 40.018020 PLAYER
48 201596 81.728080 13.799070 PLAYER
48 203210 87.780070 21.341570 PLAYER
60 -1 77.055190 30.430650 BALL
60 2772 58.103630 18.626090 PLAYER
60 2730 87.532060 21.081620 PLAYER
60 201147 67.280730 34.987580 PLAYER
60 201976 81.231220 9.728450 PLAYER
60 201977 75.318800 45.701750 PLAYER
60 1713 69.385430 35.354850 PLAYER
60 2754 69.579670 23.185470 PLAYER
60 201584 80.355920 39.494830 PLAYER
60 201596 81.966180 13.894800 PLAYER
60 203210 87.778200 21.788010 PLAYER
72 -1 79.112840 29.621210 BALL
72 2772 57.529150 18.697170 PLAYER
72 2730 87.379000 21.799340 PLAYER
72 201147 67.096310 35.067320 PLAYER
72 201976 81.885390 10.978470 PLAYER
72 201977 74.940970 45.419260 PLAYER
72 1713 68.702890 35.842910 PLAYER
72 2754 70.408130 23.466720 PLAYER
72 201584 80.250000 38.799700 PLAYER
72 201596 82.148790 13.969840 PLAYER
72 203210 87.711000 22.219140 PLAYER
84 -1 81.184520 28.714420 BALL
84 2772 56.935090 18.828800 PLAYER
84 2730 87.156220 22.466150 PLAYER
84 201147 66.742180 35.178550 PLAYER
84 201976 82.179710 12.305620 PLAYER
84 201977 74.587920 45.117440 PLAYER
84 1713 68.007930 36.345110 PLAYER
84 2754 71.506530 23.931580 PLAYER
84 201584 80.245870 38.056330 PLAYER
84 201596 82.308290 14.218660 PLAYER
84 203210 87.519870 22.635600 PLAYER
96 -1 83.100840 27.890810 BALL
96 2772 56.345500 18.989940 PLAYER
96 2730 86.775350 22.670290 PLAYER
96 201147 66.357140 35.352830 PLAYER
96 201976 82.204670 13.539870 PLAYER
96 201977 74.297320 44.805440 PLAYER
96 1713 67.299210 36.817380 PLAYER
96 2754 72.669480 24.410670 PLAYER
96 201584 80.325810 37.246520 PLAYER
96 201596 82.510070 14.847520 PLAYER
96 203210 87.139000 22.839740 PLAYER
108 -1 85.088320 26.858680 BALL
108 2772 55.762060 19.153580 PLAYER
108 2730 86.353100 22.848910 PLAYER
108 201147 65.941950 35.599790 PLAYER
108 201976 82.074880 14.757540 PLAYER
108 201977 74.157000 44.579520 PLAYER
108 1713 66.561060 37.284140 PLAYER
108 2754 73.922270 24.995700 PLAYER
108 201584 80.485190 36.421330 PLAYER
108 201596 82.660290 15.652250 PLAYER
108 203210 86.656160 22.945680 PLAYER
120 -1 87.022130 26.088980 BALL
120 2772 55.210340 19.283680 PLAYER
120 2730 85.984800 23.060320 PLAYER
120 201147 65.374150 35.905300 PLAYER
120 201976 81.901270 15.878520 PLAYER
120 201977 74.037240 44.241120 PLAYER
120 1713 65.748030 37.940020 PLAYER
120 2754 75.193910 25.687970 PLAYER
120 201584 80.595060 35.577160 PLAYER
120 201596 82.839750 16.673470 PLAYER
120 203210 85.907810 22.611580 PLAYER
132 -1 89.003570 25.251760 BALL
132 2772 54.678160 19.352670 PLAYER
132 2730 85.655320 23.224670 PLAYER
132 201147 64.866230 36.193810 PLAYER
132 201976 81.642250 16.890890 PLAYER
132 201977 73.966950 43.903100 PLAYER
132 1713 64.951210 38.614320 PLAYER
132 2754 76.427100 26.226780 PLAYER
132 201584 80.886990 34.793540 PLAYER
132 201596 82.989430 17.789070 PLAYER
132 203210 85.306780 22.251430 PLAYER
144 -1 87.425920 24.654970 BALL
144 2772 54.166360 19.379950 PLAYER
144 2730 85.294970 23.359060 PLAYER
144 201147 64.357170 36.504900 PLAYER
144 201976 81.379340 17.766530 PLAYER
144 201977 73.918190 43.534050 PLAYER
144 1713 64.065230 39.215500 PLAYER
144 2754 77.633650 26.652370 PLAYER
144 201584 81.230480 34.065490 PLAYER
144 201596 83.077250 18.665150 PLAYER
144 203210 84.702650 21.999880 PLAYER
156 -1 85.190420 24.456610 BALL
156 2772 53.683890 19.447100 PLAYER
156 2730 84.948280 23.564850 PLAYER
156 201147 63.850290 36.810830 PLAYER
156 201976 80.978270 18.634330 PLAYER
156 201977 73.820800 43.148920 PLAYER
156 1713 63.246060 39.860860 PLAYER
156 2754 78.886810 27.098040 PLAYER
156 201584 81.546570 33.402950 PLAYER
156 201596 83.123210 19.423530 PLAYER
156 203210 83.980180 21.798750 PLAYER
168 -1 82.783060 24.222010 BALL
168 2772 53.227440 19.557060 PLAYER
168 2730 84.629200 23.816190 PLAYER
168 201147 63.400430 37.040830 PLAYER
168 201976 80.390240 19.453980 PLAYER
168 201977 73.594690 42.700080 PLAYER
168 1713 62.379560 40.495630 PLAYER
168 2754 80.081090 27.370520 PLAYER
168 201584 81.705590 32.890840 PLAYER
168 201596 82.943160 19.934540 PLAYER
168 203210 83.814700 21.763830 PLAYER
180 -1 80.642880 24.005360 BALL
180 2772 52.800970 19.723400 PLAYER
180 2730 84.465040 24.159380 PLAYER
180 201147 63.000490 36.942520 PLAYER
180 201976 79.869300 20.178240 PLAYER
180 201977 73.408250 42.408650 PLAYER
180 1713 61.455290 40.945090 PLAYER
180 2754 81.102300 27.509210 PLAYER
180 201584 81.593530 32.476540 PLAYER
180 201596 82.610860 20.227090 PLAYER
180 203210 83.923290 22.205460 PLAYER
192 -1 78.439930 23.582970 BALL
192 2772 52.492700 19.884720 PLAYER
192 2730 84.186570 24.358250 PLAYER
192 201147 62.625000 36.562700 PLAYER
192 201976 78.917430 20.804350 PLAYER
192 201977 73.226750 42.229820 PLAYER
192 1713 60.432740 41.217050 PLAYER
192 2754 81.782590 27.579490 PLAYER
192 201584 81.360790 32.222500 PLAYER
192 201596 82.047320 20.460760 PLAYER
192 203210 84.146070 22.671220 PLAYER
204 -1 76.141970 23.429600 BALL
204 2772 52.319030 19.954240 PLAYER
204 2730 83.924910 24.614500 PLAYER
204 201147 62.285820 35.831220 PLAYER
204 201976 77.914100 21.517960 PLAYER
204 201977 73.054600 42.165400 PLAYER
204 1713 59.557280 41.474280 PLAYER
204 2754 82.198000 27.668390 PLAYER
204 201584 80.732670 31.969670 PLAYER
204 201596 81.332600 20.840760 PLAYER
204 203210 84.587450 22.927220 PLAYER
216 -1 73.998670 23.135090 BALL
216 2772 52.335030 19.935680 PLAYER
216 2730 83.598010 24.891810 PLAYER
216 201147 62.001230 34.787540 PLAYER
216 201976 76.757960 22.189970 PLAYER
216 201977 72.901860 42.198140 PLAYER
216 1713 58.847290 41.575180 PLAYER
216 2754 82.256260 27.710610 PLAYER
216 201584 79.834810 31.799030 PLAYER
216 201596 80.349120 21.080200 PLAYER
216 203210 85.263910 23.035200 PLAYER
228 -1 72.677840 23.549230 BALL
228 2772 52.613830 19.790130 PLAYER
228 2730 83.158870 25.101140 PLAYER
228 201147 61.804990 33.473060 PLAYER
228 201976 75.663910 22.923880 PLAYER
228 201977 72.818090 42.346450 PLAYER
228 1713 58.446360 41.486860 PLAYER
228 2754 82.082150 27.744550 PLAYER
228 201584 78.756260 31.587310 PLAYER
228 201596 79.467130 21.442030 PLAYER
228 203210 85.732630 23.282920 PLAYER
240 -1 72.741250 24.499960 BALL
240 2772 53.137150 19.547650 PLAYER
240 2730 82.581830 25.193850 PLAYER
240 201147 61.704310 32.091020 PLAYER
240 201976 74.394800 23.689370 PLAYER
240 201977 72.807050 42.696790 PLAYER
240 1713 58.425830 41.224250 PLAYER
240 2754 81.628950 27.671070 PLAYER
240 201584 77.702510 31.550160 PLAYER
240 201596 78.581380 21.925030 PLAYER
240 203210 86.360210 23.530170 PLAYER
252 -1 72.634360 25.206320 BALL
252 2772 53.833440 19.239940 PLAYER
252 2730 82.111660 25.449160 PLAYER
252 201147 61.742410 30.612200 PLAYER
252 201976 73.369940 24.433280 PLAYER
252 201977 72.891050 43.162290 PLAYER
252 1713 58.772590 40.796130 PLAYER
252 2754 81.260850 27.731010 PLAYER
252 201584 76.508650 31.599860 PLAYER
252 201596 77.822110 22.483480 PLAYER
252 203210 86.935150 23.737760 PLAYER
264 -1 71.542640 25.538270 BALL
264 2772 54.689630 18.885270 PLAYER
264 2730 81.620690 25.631480 PLAYER
264 201147 61.980270 29.070410 PLAYER
264 201976 72.285780 24.991210 PLAYER
264 201977 73.104090 43.718350 PLAYER
264 1713 59.161120 40.120610 PLAYER
264 2754 80.825110 27.813790 PLAYER
264 201584 75.469930 31.851960 PLAYER
264 201596 77.106760 22.988890 PLAYER
264 203210 87.449250 24.004120 PLAYER