0 -1 66.620560 33.438160
0 2755 84.100920 9.158360
0 202357 81.392650 21.699830
0 203476 72.746770 31.123500
0 203498 82.745460 39.450950
0 203897 69.636950 18.143330
0 2548 81.166630 1.744280
0 2547 66.138570 33.585920
0 201177 84.638660 20.303520
0 204020 61.402330 14.199570
0 1626159 82.640570 47.868190
12 -1 67.512130 33.023480
12 2755 83.951300 9.469380
12 202357 82.198290 21.655150
12 203476 71.834770 31.820470
12 203498 82.501810 39.867670
12 203897 70.189220 18.312030
12 2548 80.724210 1.984680
12 2547 66.346310 33.590190
12 201177 84.923700 20.677600
12 204020 61.804740 14.290130
12 1626159 82.467770 47.846350
24 -1 69.436000 32.235130
24 2755 83.868510 9.809910
24 202357 82.790460 21.610960
24 203476 70.979400 32.467660
24 203498 82.377350 40.119670
24 203897 70.845800 18.577970
24 2548 80.233290 2.299530
24 2547 66.596180 33.556800
24 201177 85.093660 20.965920
24 204020 62.219070 14.398650
24 1626159 82.254390 47.810920
36 -1 71.479830 31.452550
36 2755 83.885860 10.305700
36 202357 83.196060 21.606660
36 203476 70.141320 33.100440
36 203498 82.363270 40.197670
36 203897 71.575340 18.991170
36 2548 79.657900 2.533440
36 2547 66.795050 33.527550
36 201177 85.194160 21.276350
36 204020 62.635510 14.511070
36 1626159 81.713450 47.832900
48 -1 73.571980 30.712040
48 2755 83.984370 10.919860
48 202357 83.430820 21.600800
48 203476 69.323880 33.767380
48 203498 82.446030 40.078260
48 203897 72.401010 19.538210
48 2548 79.046130 2.757170
48 2547 66.907830 33.563280
48 201177 85.291900 21.477300
48 204020 63.040790 14.674930
48 1626159 81.069960 47.796230
60 -1 75.493460 29.901650
60 2755 84.144390 11.598680
60 202357 83.628710 21.659440
60 203476 68.438390 34.393430
60 203498 82.672040 39.683530
60 203897 73.293600 20.138720
60 2548 78.427120 2.954210
60 2547 66.976930 33.631420
60 201177 85.373510 21.755520
60 204020 63.437420 14.895070
60 1626159 80.228980 47.771940
72 -1 77.535050 29.088910
72 2755 84.364940 12.287390
72 202357 83.832530 21.760740
72 203476 67.457250 35.095480
72 203498 82.951300 39.104320
72 203897 74.191160 20.789580
72 2548 77.741460 3.135770
72 2547 66.833880 33.669370
72 201177 85.339050 21.894260
72 204020 63.808580 15.182740
72 1626159 79.297630 47.718800
84 -1 79.477370 28.328710
84 2755 84.671760 13.052280
84 202357 83.997920 21.924160
84 203476 66.384160 35.686710
84 203498 83.178880 38.367170
84 203897 75.044600 21.444420
84 2548 77.042930 3.304640
84 2547 66.395320 33.657250
84 201177 85.215080 22.079550
84 204020 64.146080 15.513600
84 1626159 78.240730 47.652210
96 -1 81.590940 27.399580
96 2755 85.052990 13.786800
96 202357 84.082920 22.099650
96 203476 65.284980 35.956700
96 203498 83.467050 37.412960
96 203897 75.872630 22.099980
96 2548 76.366390 3.468510
96 2547 65.962360 33.577740
96 201177 85.180790 22.411520
96 204020 64.458760 15.880010
96 1626159 77.482980 47.511120
108 -1 83.405270 26.891010
108 2755 85.515840 14.573160
108 202357 84.110500 22.357780
108 203476 64.212070 36.313150
108 203498 83.777980 36.354930
108 203897 76.682580 22.772550
108 2548 75.688720 3.616220
108 2547 65.465010 33.439660
108 201177 85.092290 22.918000
108 204020 64.753140 16.255660
108 1626159 76.389950 47.410730
120 -1 85.389870 26.117640
120 2755 86.034400 15.391540
120 202357 84.083200 22.624210
120 203476 63.174690 36.654000
120 203498 84.038800 35.273090
120 203897 77.449990 23.418640
120 2548 74.988740 3.789380
120 2547 64.890510 33.260650
120 201177 84.887160 23.356760
120 204020 65.053760 16.624560
120 1626159 75.120280 47.318770
132 -1 87.278820 25.428150
132 2755 86.564950 16.254630
132 202357 83.979980 23.011680
132 203476 62.231440 36.840210
132 203498 84.327540 34.158070
132 203897 78.210300 24.081900
132 2548 74.304570 3.986410
132 2547 64.372500 33.093000
132 201177 84.844810 24.038130
132 204020 65.353090 16.985280
132 1626159 73.769600 47.206120
144 -1 87.957280 25.012420
144 2755 87.009750 17.217880
144 202357 83.816020 23.508160
144 203476 61.331130 37.051300
144 203498 84.697810 32.983860
144 203897 78.902230 24.775540
144 2548 73.627760 4.153660
144 2547 63.947190 32.941310
144 201177 84.853180 24.700660
144 204020 65.644220 17.340190
144 1626159 72.347400 47.088520
156 -1 88.444270 24.682430
156 2755 87.424400 18.272170
156 202357 83.682050 24.008340
156 203476 60.434080 37.398660
156 203498 85.017960 31.867570
156 203897 79.521830 25.450970
156 2548 72.949710 4.312750
156 2547 63.398400 32.836030
156 201177 84.790200 25.140840
156 204020 65.911300 17.690840
156 1626159 70.713950 46.960080
168 -1 88.679930 24.384310
168 2755 87.745010 19.214590
168 202357 83.611140 24.455550
168 203476 59.422660 37.592920
168 203498 85.380340 30.731630
168 203897 80.029630 26.109980
168 2548 72.294060 4.507970
168 2547 62.712320 32.746340
168 201177 84.862080 25.398930
168 204020 66.132320 18.044990
168 1626159 69.294020 46.784040
180 -1 89.020960 24.034290
180 2755 87.989170 20.112640
180 202357 83.625020 24.836120
180 203476 58.390710 37.739030
180 203498 85.686230 29.287800
180 203897 80.374750 26.780590
180 2548 71.655130 4.731260
180 2547 61.909660 32.604560
180 201177 85.138290 25.466210
180 204020 66.287580 18.377140
180 1626159 67.859790 46.581900
192 -1 89.450030 23.741040
192 2755 88.208640 21.030420
192 202357 83.742900 25.077340
192 203476 57.340980 37.854570
192 203498 85.945380 27.802510
192 203897 80.571930 27.447270
192 2548 71.032070 4.982330
192 2547 61.003890 32.425000
192 201177 85.441210 25.285180
192 204020 66.394750 18.675140
192 1626159 66.527580 46.317840
204 -1 89.114260 23.569200
204 2755 88.384110 21.934690
204 202357 83.952930 25.232040
204 203476 56.258700 37.972270
204 203498 86.203160 26.423000
204 203897 80.708440 28.164260
204 2548 70.407760 5.255620
204 2547 60.033370 32.176180
204 201177 85.838260 24.947530
204 204020 66.485970 18.925440
204 1626159 65.161500 46.039880
216 -1 88.821250 23.270530
216 2755 88.521250 22.511700
216 202357 84.216480 25.365750
216 203476 55.202770 38.080200
216 203498 86.466580 25.326580
216 203897 80.780140 28.930950
216 2548 69.774970 5.529630
216 2547 58.984690 31.912070
216 201177 86.285340 24.619420
216 204020 66.587190 19.115210
216 1626159 63.782360 45.703020
228 -1 88.974640 23.113010
228 2755 88.778640 23.028700
228 202357 84.503620 25.454040
228 203476 54.154670 38.128830
228 203498 86.722740 24.391510
228 203897 80.789620 29.773190
228 2548 69.115150 5.851590
228 2547 57.956230 31.645380
228 201177 86.683330 24.265970
228 204020 66.731470 19.223730
228 1626159 62.370120 45.303510
240 -1 89.715300 23.042300
240 2755 89.200820 23.325850
240 202357 84.747990 25.602910
240 203476 52.978690 38.101990
240 203498 87.085400 23.888230
240 203897 80.793330 30.671690
240 2548 68.428130 6.176870
240 2547 56.808690 31.370760
240 201177 87.085400 23.888230
240 204020 66.930340 19.272780
240 1626159 60.998040 44.879980
252 -1 90.497010 23.411830
252 2755 89.617740 23.186920
252 202357 84.934550 25.877140
252 203476 51.713710 38.014260
252 203498 87.597160 23.719380
252 203897 80.776660 31.620110
252 2548 67.728680 6.493810
252 2547 55.540800 31.104390
252 201177 87.597160 23.719380
252 204020 67.148350 19.271770
252 1626159 59.534620 44.465790