0 -1 72.850920 5.936520
0 101141 87.916340 2.928070
0 202704 65.818190 37.105020
0 203484 72.825850 5.600860
0 203083 82.366710 23.149710
0 1626169 88.461770 48.110610
0 201564 72.014250 12.047900
0 202328 83.861810 26.615970
0 203114 86.643170 33.898400
0 203487 74.377500 33.525600
0 203953 84.746500 13.942470
12 -1 74.027310 7.239850
12 101141 87.899040 2.911040
12 202704 65.240960 36.977880
12 203484 73.079040 5.659030
12 203083 82.425070 22.785180
12 1626169 88.340220 47.675980
12 201564 71.835550 10.679850
12 202328 84.177540 25.690180
12 203114 86.866780 33.486350
12 203487 74.813810 33.113590
12 203953 84.821020 13.119160
24 -1 75.513520 9.363280
24 101141 87.780100 3.021320
24 202704 64.677190 36.809620
24 203484 73.337690 5.905290
24 203083 82.729800 22.241850
24 1626169 88.111360 47.164820
24 201564 71.913830 9.461170
24 202328 84.450660 24.515100
24 203114 87.093460 33.165210
24 203487 75.322950 32.686650
24 203953 84.917440 12.468190
36 -1 77.482540 12.070100
36 101141 87.495470 3.178060
36 202704 64.128950 36.601940
36 203484 73.572530 6.257190
36 203083 82.729390 21.629010
36 1626169 87.627690 46.587840
36 201564 72.290740 8.298400
36 202328 84.672930 23.551040
36 203114 87.292890 32.919120
36 203487 75.878530 32.257600
36 203953 85.134470 11.934250
48 -1 79.582000 14.950860
48 101141 87.228280 3.322300
48 202704 63.598360 36.368400
48 203484 73.695230 6.347310
48 203083 82.603310 20.970730
48 1626169 87.053790 45.903820
48 201564 72.656340 7.410690
48 202328 84.715210 22.905690
48 203114 87.488040 32.648450
48 203487 76.420350 31.815780
48 203953 85.246310 11.745470
60 -1 81.451130 17.595110
60 101141 86.939160 3.568460
60 202704 63.035230 36.123200
60 203484 73.662660 6.276630
60 203083 82.570890 20.476380
60 1626169 86.334060 45.180810
60 201564 72.992870 6.681370
60 202328 84.593860 22.553780
60 203114 87.685290 32.373360
60 203487 76.971200 31.307490
60 203953 85.342370 11.824320
72 -1 82.729130 19.592420
72 101141 86.617040 3.906930
72 202704 62.415700 35.862240
72 203484 73.560210 6.260160
72 203083 82.561540 20.155940
72 1626169 85.477110 44.440960
72 201564 73.312130 6.200410
72 202328 84.412350 22.363500
72 203114 87.849510 32.096820
72 203487 77.584500 30.813040
72 203953 85.398990 12.114810
84 -1 83.107420 20.541710
84 101141 86.278040 4.304100
84 202704 61.775300 35.636620
84 203484 73.344120 6.052980
84 203083 82.479940 20.107480
84 1626169 84.523400 43.530500
84 201564 73.345580 5.948810
84 202328 84.183920 22.398530
84 203114 87.980390 31.771690
84 203487 78.253200 30.363170
84 203953 85.404000 12.507550
96 -1 83.672190 20.527880
96 101141 86.039480 4.745820
96 202704 61.133990 35.373770
96 203484 72.974490 5.825510
96 203083 82.535700 20.199230
96 1626169 83.509400 42.729670
96 201564 72.974490 5.825510
96 202328 83.973070 22.517620
96 203114 88.174520 31.361180
96 203487 78.965840 30.010410
96 203953 85.371300 12.988310
108 -1 84.774700 20.470230
108 101141 85.704630 5.530460
108 202704 60.492930 35.160880
108 203484 72.533080 5.660130
108 203083 82.644690 20.283180
108 1626169 82.453570 41.851650
108 201564 72.533080 5.660130
108 202328 83.858320 22.538450
108 203114 88.368590 30.970950
108 203487 79.683960 29.548690
108 203953 85.296860 13.529400
120 -1 86.349310 20.252110
120 101141 85.319730 6.325370
120 202704 59.879200 34.913770
120 203484 72.007810 5.606250
120 203083 82.750280 20.345170
120 1626169 81.318000 41.051270
120 201564 72.007810 5.606250
120 202328 83.832370 22.529560
120 203114 88.576240 30.627180
120 203487 80.409590 29.114280
120 203953 85.155850 14.077940
132 -1 87.379760 23.178630
132 101141 85.012050 7.056060
132 202704 59.288880 34.638220
132 203484 71.382850 5.345630
132 203083 82.864310 20.386140
132 1626169 80.095670 40.278260
132 201564 71.382850 5.345630
132 202328 83.747550 22.667510
132 203114 88.767430 30.300490
132 203487 81.177190 28.836660
132 203953 84.956220 14.530420
144 -1 87.528740 23.758520
144 101141 84.768850 7.798780
144 202704 58.719200 34.338850
144 203484 70.650930 5.052150
144 203083 83.006550 20.366160
144 1626169 78.774360 39.649810
144 201564 70.650930 5.052150
144 202328 83.768600 22.866290
144 203114 88.958090 29.950520
144 203487 81.909320 28.428090
144 203953 84.611090 15.133850
156 -1 86.241380 21.963810
156 101141 84.528250 8.655900
156 202704 58.126600 34.011970
156 203484 69.939000 4.751000
156 203083 83.189610 20.184110
156 1626169 77.472600 38.901010
156 201564 69.939000 4.751000
156 202328 83.857010 23.128870
156 203114 89.083250 29.661670
156 203487 82.597390 27.997340
156 203953 84.123870 15.810960
168 -1 84.795690 20.344430
168 101141 84.233140 9.298650
168 202704 57.508230 33.687820
168 203484 69.262770 4.515640
168 203083 83.330800 19.997150
168 1626169 76.015400 38.273280
168 201564 69.262770 4.515640
168 202328 83.986210 23.484740
168 203114 89.186810 29.425780
168 203487 83.280880 27.760000
168 203953 83.623880 16.307470
180 -1 83.456550 18.763890
180 101141 83.898680 9.903110
180 202704 56.888430 33.392290
180 203484 68.666940 4.272680
180 203083 83.407590 19.815130
180 1626169 74.459250 37.642630
180 201564 68.666940 4.272680
180 202328 84.162670 23.889450
180 203114 89.270540 29.230650
180 203487 83.919220 27.650070
180 203953 83.096270 16.785810
192 -1 82.370720 17.680120
192 101141 83.376110 10.632450
192 202704 56.306650 33.131620
192 203484 68.188560 4.375580
192 203083 83.315100 19.624970
192 1626169 73.044790 36.954090
192 201564 68.188560 4.375580
192 202328 84.441040 24.099500
192 203114 89.338250 29.086590
192 203487 84.382060 27.355030
192 203953 82.487970 17.244740
204 -1 81.706240 18.176780
204 101141 82.489840 11.319670
204 202704 55.793490 32.894110
204 203484 67.819650 4.502520
204 203083 83.124700 19.093620
204 1626169 71.607090 36.326430
204 201564 67.819650 4.502520
204 202328 84.567120 24.373030
204 203114 89.389720 28.981110
204 203487 84.653770 27.243190
204 203953 81.911170 17.637410
216 -1 81.066350 18.733970
216 101141 81.428490 11.860880
216 202704 55.387930 32.691800
216 203484 67.471580 4.819600
216 203083 82.740080 18.549590
216 1626169 70.210260 35.631160
216 201564 67.471580 4.819600
216 202328 84.481250 24.636360
216 203114 89.419170 28.921780
216 203487 84.646080 27.222660
216 203953 81.233050 17.928990
228 -1 80.382770 19.205380
228 101141 80.304330 12.337410
228 202704 55.076680 32.524670
228 203484 67.111510 5.377890
228 203083 82.295660 18.414330
228 1626169 68.832530 34.980640
228 201564 67.087020 5.248710
228 202328 84.332730 24.681120
228 203114 89.389250 28.926640
228 203487 84.373780 27.174190
228 203953 80.463420 18.461300
240 -1 79.808520 19.931480
240 101141 79.203760 12.730890
240 202704 54.820610 32.361440
240 203484 66.693380 5.995700
240 203083 81.745530 18.561700
240 1626169 67.612030 34.311410
240 201564 66.726010 5.090360
240 202328 84.292570 24.385100
240 203114 89.283970 28.989760
240 203487 83.839010 27.185820
240 203953 79.639580 19.022600
252 -1 79.191990 20.355810
252 101141 78.183020 12.944940
252 202704 54.580210 32.222030
252 203484 66.226240 6.454720
252 203083 81.164300 18.595690
252 1626169 66.351120 33.677480
252 201564 66.330920 4.259720
252 202328 84.100210 24.239100
252 203114 89.115260 29.103240
252 203487 83.143360 27.148570
252 203953 78.801060 19.793640
264 -1 78.218130 21.035750
264 101141 77.430750 13.033860
264 202704 54.331960 32.107670
264 203484 65.648880 7.116210
264 203083 80.547900 19.187350
264 1626169 65.201990 33.001400
264 201564 65.843240 3.578840
264 202328 83.896680 23.870870
264 203114 88.903180 29.258290
264 203487 82.254780 27.021410
264 203953 77.926290 20.487720
276 -1 77.351430 21.969970
276 101141 76.811490 13.047700
276 202704 54.049240 32.000250
276 203484 64.997320 7.863830
276 203083 79.902640 20.090390
276 1626169 64.059640 32.413780
276 201564 65.316240 2.781470
276 202328 83.730930 23.478760
276 203114 88.643060 29.406050
276 203487 81.214580 26.893930
276 203953 77.118740 21.293900
288 -1 76.353110 23.375700
288 101141 76.343140 13.040130
288 202704 53.766150 31.904230
288 203484 64.170220 8.595480
288 203083 79.121830 20.435200
288 1626169 62.881580 31.822130
288 201564 64.721260 1.890310
288 202328 83.456570 23.208610
288 203114 88.354290 29.464950
288 203487 80.016700 26.839870
288 203953 76.241820 22.091150
300 -1 75.381220 24.848370
300 101141 75.907340 13.131010
300 202704 53.387930 31.768320
300 203484 63.216350 9.498650
300 203083 78.292210 20.612300
300 1626169 61.614310 31.281550
300 201564 63.930130 1.683750
300 202328 82.935110 23.110920
300 203114 88.051130 29.513110
300 203487 78.699280 26.737980
300 203953 75.324020 22.882700
312 -1 74.384860 26.297900
312 101141 75.416930 13.227120
312 202704 52.853800 31.511830
312 203484 62.105340 10.552330
312 203083 77.455870 21.123160
312 1626169 60.255600 30.883100
312 201564 62.998620 1.953180
312 202328 82.477920 22.902150
312 203114 87.719430 29.594920
312 203487 77.115900 26.876980
312 203953 74.359210 23.603200
324 -1 73.549480 27.589620
324 101141 74.813550 13.367420
324 202704 52.176170 31.227830
324 203484 60.901610 11.535700
324 203083 76.574820 21.155100
324 1626169 58.831460 30.548290
324 201564 61.953520 2.192750
324 202328 81.999290 22.746770
324 203114 87.324390 29.604840
324 203487 75.444120 27.295470
324 203953 73.368320 24.323090
336 -1 73.098580 28.111580
336 101141 74.094900 13.514350
336 202704 51.327210 30.888660
336 203484 59.549660 12.379850
336 203083 75.561490 21.144580
336 1626169 57.341310 30.325920
336 201564 60.739070 2.569630
336 202328 81.468010 22.522630
336 203114 86.880930 29.652030
336 203487 73.823290 27.831900
336 203953 72.178390 25.069730