0 -1 79.189050 31.608020
0 2200 84.408580 18.618710
0 201959 87.475530 14.673990
0 201565 83.982060 41.549350
0 202710 74.856120 16.815400
0 202703 81.242410 29.988110
0 202328 85.333800 15.737920
0 203114 83.897550 48.467610
0 203487 67.167740 7.672030
0 203507 79.400810 31.376890
0 203953 88.452810 3.420050
12 -1 79.958630 30.660380
12 2200 84.779170 18.742460
12 201959 87.458970 14.812680
12 201565 84.157790 41.244530
12 202710 75.364620 17.311360
12 202703 82.205480 29.555100
12 202328 86.292400 16.120650
12 203114 83.590440 48.386630
12 203487 67.233090 8.015990
12 203507 80.841030 30.697570
12 203953 88.475590 3.639340
24 -1 80.797910 29.787950
24 2200 85.145480 18.752690
24 201959 87.425690 14.908480
24 201565 84.260690 40.936020
24 202710 75.896170 17.857020
24 202703 82.947830 28.830650
24 202328 87.059050 16.482600
24 203114 83.216340 48.272560
24 203487 67.255140 8.387070
24 203507 82.026040 30.009220
24 203953 88.519620 3.884630
36 -1 81.981890 28.792540
36 2200 85.465960 18.913390
36 201959 87.477030 15.102530
36 201565 84.281300 40.639670
36 202710 76.496870 18.459950
36 202703 83.619950 28.202290
36 202328 87.749420 16.835940
36 203114 82.827680 48.146090
36 203487 67.262560 8.775100
36 203507 82.951390 29.211650
36 203953 88.564280 4.151360
48 -1 83.178180 26.926940
48 2200 85.775380 19.220130
48 201959 87.684700 15.452640
48 201565 84.220100 40.308250
48 202710 77.053690 19.045400
48 202703 84.141450 27.495660
48 202328 88.346400 17.085100
48 203114 82.467830 47.964000
48 203487 67.288350 9.178690
48 203507 83.907270 28.380210
48 203953 88.554780 4.447650
60 -1 83.421030 26.667360
60 2200 85.955930 19.514160
60 201959 87.800710 15.752040
60 201565 84.100000 39.938910
60 202710 77.592920 19.630590
60 202703 84.808750 26.937410
60 202328 88.647540 17.271890
60 203114 82.050040 47.718150
60 203487 67.331020 9.605200
60 203507 84.916400 27.746540
60 203953 88.468840 4.717770
72 -1 83.583460 26.265840
72 2200 85.990490 19.905890
72 201959 87.775590 15.931270
72 201565 83.970640 39.556160
72 202710 77.998230 20.312660
72 202703 85.423450 26.471160
72 202328 88.544380 17.697080
72 203114 81.600340 47.408290
72 203487 67.374090 10.051330
72 203507 85.522640 26.973530
72 203953 88.302410 4.936570
84 -1 84.349290 26.195300
84 2200 85.874940 20.339880
84 201959 87.676000 16.142400
84 201565 83.804330 39.167840
84 202710 78.453200 20.952770
84 202703 86.118750 26.316630
84 202328 88.469130 18.162400
84 203114 81.126050 47.100340
84 203487 67.337000 10.483050
84 203507 86.126630 26.388480
84 203953 88.075540 5.123460
96 -1 85.079820 25.681560
96 2200 85.670300 20.708080
96 201959 87.528640 16.334960
96 201565 83.661160 38.755280
96 202710 78.917580 21.543660
96 202703 86.642960 26.032810
96 202328 88.362740 18.485660
96 203114 80.666870 46.734900
96 203487 67.181040 10.871460
96 203507 86.692000 25.962840
96 203953 87.798760 5.267880
108 -1 85.842670 25.344560
108 2200 85.421980 21.086560
108 201959 87.376020 16.490100
108 201565 83.567680 38.369030
108 202710 79.435550 22.152140
108 202703 87.078100 25.803030
108 202328 88.285190 18.791870
108 203114 80.168460 46.390380
108 203487 66.988310 11.270420
108 203507 87.127140 25.733060
108 203953 87.513640 5.385370
120 -1 86.591520 25.048630
120 2200 85.213240 21.250640
120 201959 87.204030 16.716200
120 201565 83.603970 37.993160
120 202710 80.005530 22.750220
120 202703 87.351560 25.464720
120 202328 88.212570 19.178980
120 203114 79.658270 46.074720
120 203487 66.788750 11.690420
120 203507 87.351560 25.464720
120 203953 87.376030 5.574170
132 -1 87.554720 24.732430
132 2200 85.109910 21.299480
132 201959 87.065020 17.024960
132 201565 83.658600 37.625180
132 202710 80.768520 23.288410
132 202703 87.593530 25.317580
132 202328 88.270130 19.394590
132 203114 79.161900 45.783040
132 203487 66.611390 12.102640
132 203507 87.593530 25.317580
132 203953 87.129350 5.775410
144 -1 88.190730 24.351710
144 2200 85.093420 21.290750
144 201959 86.972930 17.375300
144 201565 83.779780 37.248560
144 202710 81.522040 23.836860
144 202703 87.648720 25.145510
144 202328 88.365240 19.544820
144 203114 78.644010 45.497690
144 203487 66.461030 12.517940
144 203507 87.648720 25.145510
144 203953 86.723700 5.968970
156 -1 88.919040 24.100890
156 2200 85.106620 21.341950
156 201959 86.911340 17.851350
156 201565 83.909680 36.886670
156 202710 82.185030 24.414290
156 202703 87.791720 25.052960
156 202328 88.436350 19.894330
156 203114 78.127250 45.243900
156 203487 66.339370 12.982150
156 203507 87.791720 25.052960
156 203953 86.394980 6.250880
168 -1 89.298420 23.670160
168 2200 85.226930 21.271400
168 201959 86.991770 18.510250
168 201565 84.043050 36.535570
168 202710 82.835130 24.962620
168 202703 87.793680 25.063300
168 202328 88.381740 20.316380
168 203114 77.631390 44.990430
168 203487 66.177010 13.443650
168 203507 87.793680 25.063300
168 203953 86.026210 6.505240
180 -1 88.136580 23.375780
180 2200 85.416140 21.135510
180 201959 87.228770 19.287890
180 201565 84.108500 36.212720
180 202710 83.390430 25.428390
180 202703 87.607130 25.358120
180 202328 88.314160 20.594620
180 203114 77.098810 44.722130
180 203487 65.913240 13.874280
180 203507 87.607130 25.358120
180 203953 85.489670 6.720510
192 -1 87.328040 23.076160
192 2200 85.654230 20.868940
192 201959 87.438050 19.963130
192 201565 84.155080 35.888670
192 202710 83.848770 25.741750
192 202703 87.394950 25.631420
192 202328 88.206360 20.822170
192 203114 76.534610 44.427340
192 203487 65.601420 14.297190
192 203507 87.394950 25.631420
192 203953 85.033720 6.986880
204 -1 86.979960 22.987510
204 2200 85.931920 20.494450
204 201959 87.700510 20.549030
204 201565 84.241780 35.547550
204 202710 84.239950 25.832740
204 202703 87.466630 25.752960
204 202328 88.154460 21.053170
204 203114 75.974250 44.111120
204 203487 65.239550 14.708710
204 203507 87.466630 25.752960
204 203953 84.699980 7.231980
216 -1 87.650040 23.186880
216 2200 86.169050 20.268730
216 201959 87.982610 20.998500
216 201565 84.300980 35.176850
216 202710 84.557350 25.876390
216 202703 87.381310 25.951320
216 202328 88.109210 21.190030
216 203114 75.383420 43.783220
216 203487 64.910860 15.173600
216 203507 87.381310 25.951320
216 203953 84.232360 7.349580
228 -1 88.163310 23.421610
228 2200 86.445430 19.984050
228 201959 88.143620 21.207170
228 201565 84.393230 34.854620
228 202710 84.818550 25.919910
228 202703 87.359430 26.153740
228 202328 88.143620 21.207170
228 203114 74.731980 43.466660
228 203487 64.585490 15.625600
228 203507 87.359430 26.153740
228 203953 83.860640 7.576460
240 -1 89.040000 24.380360
240 2200 86.759590 19.806160
240 201959 88.111220 21.298480
240 201565 84.443840 34.509750
240 202710 85.097810 25.930350
240 202703 87.644180 26.089340
240 202328 88.111220 21.298480
240 203114 74.081620 43.174260
240 203487 64.222950 16.018540
240 203507 87.644180 26.089340
240 203953 83.455010 7.751250
252 -1 88.468840 23.820570
252 2200 87.055800 19.802980
252 201959 88.166060 21.392630
252 201565 84.522540 34.275500
252 202710 85.307630 26.118560
252 202703 87.967210 25.984340
252 202328 88.166060 21.392630
252 203114 73.452830 42.902590
252 203487 63.744830 16.413870
252 203507 87.967210 25.984340
252 203953 83.103090 7.946870
264 -1 88.142460 24.376940
264 2200 87.336780 19.883120
264 201959 88.166640 21.543010
264 201565 84.595680 34.114640
264 202710 85.458060 26.455520
264 202703 88.152340 26.056340
264 202328 88.166640 21.543010
264 203114 72.863250 42.605880
264 203487 63.288870 16.844740
264 203507 88.152340 26.056340
264 203953 82.618920 8.176270
276 -1 87.952830 24.840540
276 2200 87.704440 19.747660
276 201959 88.040930 21.748320
276 201565 84.692560 34.046800
276 202710 85.605810 26.737080
276 202703 88.644720 26.350950
276 202328 88.040930 21.748320
276 203114 72.297400 42.327330
276 203487 62.818510 17.223570
276 203507 88.489980 26.080770
276 203953 82.242050 8.530940
288 -1 87.792490 25.099710
288 2200 87.845270 19.841290
288 201959 87.895360 22.002200
288 201565 84.703140 34.005780
288 202710 85.699090 26.889760
288 202703 89.140770 26.673980
288 202328 87.895360 22.002200
288 203114 71.737730 42.033440
288 203487 62.338530 17.617230
288 203507 88.853540 26.093640
288 203953 81.764310 8.773480
300 -1 88.100340 24.349160
300 2200 87.997190 19.956640
300 201959 87.781170 22.206860
300 201565 84.711280 34.063760
300 202710 85.669540 26.997510
300 202703 89.599380 27.057230
300 202328 87.781170 22.206860
300 203114 71.201570 41.700900
300 203487 61.925690 18.053530
300 203507 89.084530 26.182210
300 203953 81.292750 9.053860