0 -1 70.304890 14.587270 BALL
0 2749 74.418870 17.870590 PLAYER
0 200751 85.914130 40.043070 PLAYER
0 203115 81.496620 10.287800 PLAYER
0 203123 78.111670 30.343440 PLAYER
0 203999 78.988600 20.903730 PLAYER
0 2570 71.414320 22.665250 PLAYER
0 201583 71.428900 39.979810 PLAYER
0 202397 88.437020 48.276220 PLAYER
0 202708 70.159210 14.224600 PLAYER
0 201950 83.263790 3.123160 PLAYER
12 -1 70.194560 14.508890 BALL
12 2749 74.536050 17.137300 PLAYER
12 200751 86.264460 39.433320 PLAYER
12 203115 82.203880 10.540440 PLAYER
12 203123 77.441240 30.004170 PLAYER
12 203999 79.413240 21.160210 PLAYER
12 2570 71.753720 22.552440 PLAYER
12 201583 70.452970 39.798160 PLAYER
12 202397 89.001230 48.267700 PLAYER
12 202708 70.452220 14.019850 PLAYER
12 201950 83.909820 3.248380 PLAYER
24 -1 71.133710 14.867540 BALL
24 2749 74.451110 16.453680 PLAYER
24 200751 86.564110 38.803510 PLAYER
24 203115 82.851500 10.952930 PLAYER
24 203123 76.778180 29.692340 PLAYER
24 203999 79.723940 21.425140 PLAYER
24 2570 71.979190 22.437270 PLAYER
24 201583 69.481800 39.561110 PLAYER
24 202397 89.423600 48.313060 PLAYER
24 202708 70.590700 13.856730 PLAYER
24 201950 84.291690 3.372490 PLAYER
36 -1 72.889620 16.025260 BALL
36 2749 74.224020 15.785080 PLAYER
36 200751 86.827500 38.212520 PLAYER
36 203115 83.429490 11.486470 PLAYER
36 203123 76.255740 29.387490 PLAYER
36 203999 79.883160 21.766920 PLAYER
36 2570 72.161580 22.310250 PLAYER
36 201583 68.510140 39.334860 PLAYER
36 202397 89.667010 48.371540 PLAYER
36 202708 70.778770 13.720740 PLAYER
36 201950 84.452530 3.493850 PLAYER
48 -1 74.653400 16.805810 BALL
48 2749 73.942760 15.126960 PLAYER
48 200751 87.078500 37.445080 PLAYER
48 203115 83.951030 12.149900 PLAYER
48 203123 76.039240 29.118730 PLAYER
48 203999 79.988000 22.031580 PLAYER
48 2570 72.276350 22.171640 PLAYER
48 201583 67.571650 39.136980 PLAYER
48 202397 89.736410 48.374220 PLAYER
48 202708 70.899330 13.555780 PLAYER
48 201950 84.339190 3.683510 PLAYER
60 -1 76.515880 17.876200 BALL
60 2749 73.606950 14.433620 PLAYER
60 200751 87.238570 36.720910 PLAYER
60 203115 84.466430 13.004700 PLAYER
60 203123 76.120030 29.040590 PLAYER
60 203999 80.079310 22.265690 PLAYER
60 2570 72.289180 22.077040 PLAYER
60 201583 66.635790 38.936350 PLAYER
60 202397 89.563050 48.371680 PLAYER
60 202708 70.988770 13.325170 PLAYER
60 201950 83.930520 3.925110 PLAYER
72 -1 78.230810 18.845600 BALL
72 2749 73.327440 13.764920 PLAYER
72 200751 87.357290 36.013600 PLAYER
72 203115 84.989860 13.945640 PLAYER
72 203123 76.433600 28.983330 PLAYER
72 203999 80.139400 22.422400 PLAYER
72 2570 72.143200 22.058710 PLAYER
72 201583 65.774360 38.772690 PLAYER
72 202397 89.162190 48.292930 PLAYER
72 202708 70.877120 13.035420 PLAYER
72 201950 83.359360 4.195670 PLAYER
84 -1 79.901580 19.763320 BALL
84 2749 73.088130 13.115490 PLAYER
84 200751 87.486120 35.345890 PLAYER
84 203115 85.482720 14.898430 PLAYER
84 203123 76.922300 28.949220 PLAYER
84 203999 80.175260 22.476570 PLAYER
84 2570 71.825830 21.948400 PLAYER
84 201583 64.944020 38.604570 PLAYER
84 202397 88.588410 48.067600 PLAYER
84 202708 70.581250 12.702550 PLAYER
84 201950 82.651180 4.524600 PLAYER
96 -1 81.615080 20.841380 BALL
96 2749 72.931230 12.532150 PLAYER
96 200751 87.600140 34.574830 PLAYER
96 203115 85.927050 15.830290 PLAYER
96 203123 77.508890 28.910830 PLAYER
96 203999 80.241070 22.488380 PLAYER
96 2570 71.425570 21.892020 PLAYER
96 201583 64.115210 38.407150 PLAYER
96 202397 87.882730 47.718840 PLAYER
96 202708 70.100240 12.365410 PLAYER
96 201950 81.789220 4.928760 PLAYER
108 -1 83.269740 21.819100 BALL
108 2749 72.889150 12.033900 PLAYER
108 200751 87.682920 33.983900 PLAYER
108 203115 86.328220 16.722920 PLAYER
108 203123 78.181240 28.793150 PLAYER
108 203999 80.447230 22.515630 PLAYER
108 2570 70.973710 21.924490 PLAYER
108 201583 63.271940 38.221500 PLAYER
108 202397 87.018830 47.341490 PLAYER
108 202708 69.475570 12.041160 PLAYER
108 201950 80.862670 5.373160 PLAYER
120 -1 84.981790 22.641550 BALL
120 2749 72.945340 11.597070 PLAYER
120 200751 87.739630 33.283590 PLAYER
120 203115 86.669160 17.570910 PLAYER
120 203123 78.821910 28.594500 PLAYER
120 203999 80.680600 22.453940 PLAYER
120 2570 70.378240 21.745010 PLAYER
120 201583 62.411000 38.057380 PLAYER
120 202397 86.066720 46.907870 PLAYER
120 202708 68.679650 11.725230 PLAYER
120 201950 79.912930 5.860000 PLAYER
132 -1 86.559910 23.473420 BALL
132 2749 73.042100 11.230340 PLAYER
132 200751 87.754330 32.597530 PLAYER
132 203115 86.949290 18.420950 PLAYER
132 203123 79.556700 28.338150 PLAYER
132 203999 81.065340 22.514070 PLAYER
132 2570 69.833670 21.723230 PLAYER
132 201583 61.519180 37.923260 PLAYER
132 202397 85.015410 46.403350 PLAYER
132 202708 67.870590 11.410990 PLAYER
132 201950 78.914730 6.391020 PLAYER
144 -1 88.022610 24.284650 BALL
144 2749 73.185150 10.963640 PLAYER
144 200751 87.696460 31.842960 PLAYER
144 203115 87.210730 19.239800 PLAYER
144 203123 80.383330 28.054480 PLAYER
144 203999 81.528110 22.671950 PLAYER
144 2570 69.331210 21.768540 PLAYER
144 201583 60.632280 37.796140 PLAYER
144 202397 83.845220 45.880800 PLAYER
144 202708 67.024270 11.087140 PLAYER
144 201950 77.881150 6.947250 PLAYER
156 -1 88.266870 24.233930 BALL
156 2749 73.345760 10.731530 PLAYER
156 200751 87.592620 31.115610 PLAYER
156 203115 87.404520 20.017580 PLAYER
156 203123 81.256120 27.793760 PLAYER
156 203999 82.025240 22.825250 PLAYER
156 2570 68.740490 21.692440 PLAYER
156 201583 59.781580 37.742410 PLAYER
156 202397 82.598090 45.327780 PLAYER
156 202708 66.084690 10.778370 PLAYER
156 201950 76.833710 7.522910 PLAYER
168 -1 88.464310 24.099410 BALL
168 2749 73.520180 10.526140 PLAYER
168 200751 87.447490 30.442250 PLAYER
168 203115 87.536240 20.667940 PLAYER
168 203123 82.029080 27.572850 PLAYER
168 203999 82.451630 22.891940 PLAYER
168 2570 68.089590 21.552270 PLAYER
168 201583 58.963150 37.657590 PLAYER
168 202397 81.273870 44.713980 PLAYER
168 202708 65.063470 10.538940 PLAYER
168 201950 75.756550 8.037630 PLAYER
180 -1 88.619510 23.907560 BALL
180 2749 73.693560 10.436570 PLAYER
180 200751 87.431130 29.841450 PLAYER
180 203115 87.640470 21.154300 PLAYER
180 203123 82.722480 27.420500 PLAYER
180 203999 82.951660 23.066000 PLAYER
180 2570 67.493120 21.654660 PLAYER
180 201583 58.140860 37.607030 PLAYER
180 202397 79.894100 44.038960 PLAYER
180 202708 64.003410 10.369610 PLAYER
180 201950 74.609560 8.525860 PLAYER
192 -1 88.737060 23.684840 BALL
192 2749 73.827280 10.409020 PLAYER
192 200751 87.390830 29.274380 PLAYER
192 203115 87.732060 21.450400 PLAYER
192 203123 83.191340 27.533750 PLAYER
192 203999 83.360170 22.876920 PLAYER
192 2570 66.817230 21.642690 PLAYER
192 201583 57.343410 37.478730 PLAYER
192 202397 78.459720 43.309810 PLAYER
192 202708 62.895100 10.263360 PLAYER
192 201950 73.516690 8.953230 PLAYER
204 -1 88.821550 23.457700 BALL
204 2749 73.994650 10.283200 PLAYER
204 200751 87.438650 28.882620 PLAYER
204 203115 87.816610 21.653790 PLAYER
204 203123 83.390440 27.777980 PLAYER
204 203999 83.698660 22.600960 PLAYER
204 2570 66.077990 21.627320 PLAYER
204 201583 56.545010 37.348370 PLAYER
204 202397 76.992340 42.551880 PLAYER
204 202708 61.765420 10.207710 PLAYER
204 201950 72.438290 9.389820 PLAYER
216 -1 88.877550 23.252620 BALL
216 2749 74.110970 10.111270 PLAYER
216 200751 87.468600 28.618480 PLAYER
216 203115 87.958770 21.807130 PLAYER
216 203123 83.350840 28.163200 PLAYER
216 203999 83.915970 22.316270 PLAYER
216 2570 65.324600 21.722490 PLAYER
216 201583 55.716030 37.179340 PLAYER
216 202397 75.483250 41.800800 PLAYER
216 202708 60.644110 10.172490 PLAYER
216 201950 71.295700 9.746900 PLAYER
228 -1 88.909650 23.096050 BALL
228 2749 74.099870 9.904930 PLAYER
228 200751 87.489000 28.477180 PLAYER
228 203115 88.140020 21.942430 PLAYER
228 203123 83.075560 28.732480 PLAYER
228 203999 84.052110 22.081940 PLAYER
228 2570 64.522220 21.767170 PLAYER
228 201583 54.831640 37.038440 PLAYER
228 202397 73.975660 41.037480 PLAYER
228 202708 59.529500 10.153570 PLAYER
228 201950 70.129080 10.141000 PLAYER
240 -1 88.922440 23.014460 BALL
240 2749 73.929970 9.549710 PLAYER
240 200751 87.363630 28.363620 PLAYER
240 203115 88.326110 22.050250 PLAYER
240 203123 82.534020 29.427680 PLAYER
240 203999 83.952040 21.788940 PLAYER
240 2570 63.738420 21.856240 PLAYER
240 201583 53.943590 36.890160 PLAYER
240 202397 72.457970 40.238780 PLAYER
240 202708 58.427280 10.171070 PLAYER
240 201950 68.973710 10.545090 PLAYER
252 -1 88.788070 23.050960 BALL
252 2749 73.582500 9.113800 PLAYER
252 200751 87.206060 28.299850 PLAYER
252 203115 88.502340 22.184440 PLAYER
252 203123 81.829850 30.109440 PLAYER
252 203999 83.677770 21.606980 PLAYER
252 2570 62.917980 21.942410 PLAYER
252 201583 53.085230 36.819310 PLAYER
252 202397 70.926310 39.446940 PLAYER
252 202708 57.353250 10.193050 PLAYER
252 201950 67.758380 10.997530 PLAYER