0 -1 75.235500 14.461560
0 201954 74.704340 17.980920
0 201158 75.527250 34.371210
0 201585 82.126200 20.180550
0 201956 84.523280 13.818920
0 202326 84.821470 29.065190
0 2756 71.146230 45.461060
0 201167 86.813280 1.978630
0 202498 87.547630 48.441190
0 204038 74.601030 14.395430
0 204001 78.296620 23.946320
12 -1 76.576680 15.672800
12 201954 75.594340 18.669830
12 201158 75.817260 34.363070
12 201585 82.596660 20.743940
12 201956 84.554190 14.160410
12 202326 84.747590 29.175750
12 2756 70.462020 44.618650
12 201167 86.844470 1.923420
12 202498 87.417460 48.419080
12 204038 74.921180 14.349110
12 204001 79.378570 24.406600
24 -1 78.034640 16.959150
24 201954 76.527820 19.154010
24 201158 76.060090 34.316110
24 201585 82.951710 21.495380
24 201956 84.615560 14.583310
24 202326 84.708960 29.179650
24 2756 69.710620 43.785750
24 201167 86.897760 1.889320
24 202498 87.257720 48.358080
24 204038 75.270760 14.353690
24 204001 80.306950 24.849250
36 -1 79.558950 18.270090
36 201954 77.459030 19.378780
36 201158 76.191670 34.202760
36 201585 83.244920 22.231540
36 201956 84.708210 15.067330
36 202326 84.707800 29.149560
36 2756 69.066810 42.861980
36 201167 86.979910 1.911870
36 202498 87.111180 48.189890
36 204038 75.737150 14.194080
36 204001 81.088150 25.126570
48 -1 81.086790 19.402470
48 201954 78.308590 19.429850
48 201158 76.213770 34.029170
48 201585 83.525860 22.786620
48 201956 84.871640 15.787600
48 202326 84.835460 29.027610
48 2756 68.416440 41.990500
48 201167 87.068860 1.878390
48 202498 86.816510 48.109130
48 204038 76.270940 14.069470
48 204001 81.709570 25.207750
60 -1 82.543000 20.545840
60 201954 79.051190 19.428450
60 201158 76.052190 34.012280
60 201585 83.871720 23.328300
60 201956 85.005520 16.494900
60 202326 85.075950 28.869830
60 2756 67.708420 41.112780
60 201167 87.123360 1.901680
60 202498 86.555700 47.836580
60 204038 76.870510 14.023100
60 204001 82.213280 25.122420
72 -1 83.881160 22.006100
72 201954 79.649240 19.359610
72 201158 75.814820 33.950570
72 201585 84.252200 23.498050
72 201956 85.181340 17.095640
72 202326 85.393600 28.628530
72 2756 66.965740 40.316290
72 201167 87.133630 1.957670
72 202498 86.259760 47.469330
72 204038 77.402970 14.269910
72 204001 82.736710 24.949110
84 -1 85.476020 23.048430
84 201954 80.012530 19.594650
84 201158 75.524990 33.856650
84 201585 84.517940 23.370180
84 201956 85.389580 17.631510
84 202326 85.661850 28.528110
84 2756 66.174880 39.593460
84 201167 87.107050 2.081010
84 202498 85.879990 47.065500
84 204038 77.824700 14.679280
84 204001 83.234500 24.805450
96 -1 86.787480 24.332320
96 201954 80.230650 19.873380
96 201158 75.256920 33.748670
96 201585 84.735030 23.079870
96 201956 85.603720 18.089790
96 202326 85.751220 28.656670
96 2756 65.385340 38.857740
96 201167 86.985340 2.178910
96 202498 85.353940 46.682550
96 204038 78.259870 15.120130
96 204001 83.666670 24.844460
108 -1 87.609810 25.129580
108 201954 80.275400 20.370050
108 201158 75.004300 33.655140
108 201585 84.893440 22.858670
108 201956 85.703640 18.537560
108 202326 85.762440 28.849640
108 2756 64.609560 38.083710
108 201167 86.803850 2.217380
108 202498 84.912260 46.018460
108 204038 78.670460 15.558010
108 204001 83.993290 25.129860
120 -1 86.714460 26.042940
120 201954 80.209140 20.925580
120 201158 74.796190 33.563690
120 201585 85.015040 22.689600
120 201956 85.774950 19.078840
120 202326 85.745510 29.065680
120 2756 63.833730 37.402710
120 201167 86.497010 2.263910
120 202498 84.386460 45.393540
120 204038 78.922350 16.158570
120 204001 84.247990 25.600150
132 -1 86.552280 26.689600
132 201954 80.041650 21.506190
132 201158 74.568760 33.517940
132 201585 85.111670 22.544810
132 201956 85.797360 19.859280
132 202326 85.621490 29.350920
132 2756 63.163280 36.520220
132 201167 86.150360 2.132080
132 202498 83.743630 44.851140
132 204038 79.103850 16.748360
132 204001 84.410830 25.945470
144 -1 86.517550 26.905420
144 201954 79.789150 21.949060
144 201158 74.250980 33.541240
144 201585 85.209880 22.689640
144 201956 85.775910 20.417820
144 202326 85.454760 29.742500
144 2756 62.533500 35.676660
144 201167 85.718870 2.104420
144 202498 83.082390 44.361270
144 204038 79.268480 17.332190
144 204001 84.645130 26.047480
156 -1 86.660200 27.132910
156 201954 79.460490 22.473400
156 201158 73.834970 33.535240
156 201585 85.211960 22.864420
156 201956 85.586390 20.896430
156 202326 85.371830 29.992910
156 2756 61.872120 34.886730
156 201167 85.210430 2.239420
156 202498 82.442020 43.845630
156 204038 79.414160 17.863050
156 204001 84.781380 26.044600
168 -1 87.234640 26.582310
168 201954 79.106570 22.995130
168 201158 73.278380 33.522560
168 201585 85.105490 23.061660
168 201956 85.337350 21.086480
168 202326 85.321400 30.116900
168 2756 61.107780 34.181980
168 201167 84.530380 2.531730
168 202498 81.748870 43.364170
168 204038 79.466720 18.517380
168 204001 85.064900 25.845100
180 -1 87.629510 26.913180
180 201954 78.731980 23.510960
180 201158 72.629050 33.548300
180 201585 84.984920 23.333320
180 201956 85.007580 21.063290
180 202326 85.262010 30.157880
180 2756 60.318290 33.442600
180 201167 83.748180 2.901010
180 202498 81.015680 42.972860
180 204038 79.543550 19.081550
180 204001 85.044240 25.620310
192 -1 87.867300 26.597080
192 201954 78.348810 24.067790
192 201158 71.715860 33.578490
192 201585 84.771250 23.994530
192 201956 84.561910 20.762760
192 202326 85.179400 30.228030
192 2756 59.479000 32.955940
192 201167 82.785250 3.602840
192 202498 80.317460 42.551210
192 204038 79.647740 19.607370
192 204001 85.087840 25.690300
204 -1 88.037540 26.154520
204 201954 78.000040 24.580990
204 201158 70.685560 33.743190
204 201585 84.583150 24.505630
204 201956 83.941380 20.694380
204 202326 85.117630 30.310710
204 2756 58.596610 32.429480
204 201167 81.711420 4.210150
204 202498 79.570020 42.050680
204 204038 79.788820 20.113780
204 204001 85.026520 26.063450
216 -1 88.270040 26.236040
216 201954 77.682420 25.004460
216 201158 69.490380 33.942320
216 201585 84.530650 25.019500
216 201956 83.315100 20.736980
216 202326 85.020650 30.440500
216 2756 57.628320 31.973530
216 201167 80.557750 4.819460
216 202498 78.755490 41.573150
216 204038 79.791970 21.022100
216 204001 84.910810 26.525730
228 -1 88.573090 26.360830
228 201954 77.424370 25.433830
228 201158 68.261770 34.206120
228 201585 84.519840 25.518610
228 201956 82.694080 20.912540
228 202326 84.926580 30.566590
228 2756 56.712870 31.578310
228 201167 79.397080 5.411220
228 202498 77.910180 41.204990
228 204038 79.797490 21.840990
228 204001 84.535790 27.132910
240 -1 88.666320 26.169920
240 201954 77.187880 25.896480
240 201158 66.940490 34.618860
240 201585 84.700770 25.958910
240 201956 82.202560 21.147050
240 202326 84.822100 30.646580
240 2756 55.754910 31.295650
240 201167 78.198940 5.982340
240 202498 77.000400 40.831860
240 204038 79.832300 22.594390
240 204001 84.371780 27.663340
252 -1 88.749170 26.007840
252 201954 76.986600 26.296380
252 201158 65.709980 35.014570
252 201585 85.009200 26.225480
252 201956 81.858680 21.399350
252 202326 84.755290 30.664820
252 2756 54.685440 31.010180
252 201167 77.037220 6.466180
252 202498 76.151810 40.472020
252 204038 79.888100 23.030010
252 204001 83.990040 28.137320
264 -1 88.771490 25.924710
264 201954 76.804430 26.632930
264 201158 64.503630 35.283390
264 201585 85.394300 26.433660
264 201956 81.728600 21.352210
264 202326 84.626690 30.613460
264 2756 53.575070 30.828270
264 201167 75.804140 6.885970
264 202498 75.250110 40.271190
264 204038 79.917030 23.319350
264 204001 83.615990 28.234990
276 -1 88.890340 25.764560
276 201954 76.646130 27.038770
276 201158 63.333830 35.652750
276 201585 85.830000 26.605570
276 201956 81.720560 21.042070
276 202326 84.584430 30.384100
276 2756 52.451960 30.784630
276 201167 74.532250 7.207170
276 202498 74.452040 40.019720
276 204038 80.076080 23.199790
276 204001 83.373020 27.924190
288 -1 88.961780 25.647900
288 201954 76.506430 27.390180
288 201158 62.096910 36.071990
288 201585 86.292830 26.802770
288 201956 81.732500 20.607160
288 202326 84.594800 30.117170
288 2756 51.293660 30.796180
288 201167 73.274000 7.528130
288 202498 73.712860 39.648200
288 204038 80.346730 23.065470
288 204001 83.232700 27.400910
300 -1 89.285190 25.314550
300 201954 76.403340 27.767980
300 201158 60.810420 36.385230
300 201585 86.829330 26.664760
300 201956 81.711920 19.903040
300 202326 84.617700 30.008200
300 2756 50.156620 30.834640
300 201167 72.094930 7.901670
300 202498 73.071990 39.153900
300 204038 80.567090 22.906350
300 204001 83.061650 26.711430
312 -1 89.271830 25.109940
312 201954 76.331450 28.259640
312 201158 59.556990 36.749390
312 201585 87.387760 26.475230
312 201956 81.661570 19.019370
312 202326 84.629950 30.052550
312 2756 48.998260 30.886150
312 201167 70.847410 8.106150
312 202498 72.286220 38.681250
312 204038 80.583300 22.985540
312 204001 82.896090 25.774830
324 -1 89.157560 25.004520
324 201954 76.281330 28.819100
324 201158 58.288600 37.114260
324 201585 88.024280 26.216270
324 201956 81.457970 18.322510
324 202326 84.673170 30.064640
324 2756 47.815510 30.928360
324 201167 69.658230 8.310580
324 202498 71.505140 38.096020
324 204038 80.352260 23.203280
324 204001 82.464760 24.877820
336 -1 89.162530 24.680850
336 201954 76.235750 29.461540
336 201158 57.044510 37.421980
336 201585 88.673080 26.001640
336 201956 81.120350 17.705700
336 202326 84.677890 30.282590
336 2756 46.628070 30.993000
336 201167 68.479160 8.565170
336 202498 70.513450 37.733930
336 204038 79.940980 23.280030
336 204001 81.951910 24.372540