0 -1 30.783340 29.566490
0 202330 14.577820 43.618650
0 202324 3.511030 28.338610
0 203918 30.796870 29.534320
0 203526 12.593550 47.891350
0 1626168 16.638920 12.692770
0 2546 8.242160 19.763810
0 2756 20.558350 29.108180
0 201167 4.592400 26.048790
0 101181 16.430360 37.843590
0 201577 3.199730 26.483840
12 -1 30.592570 29.416460
12 202330 15.800730 44.205060
12 202324 3.725950 28.246000
12 203918 30.484770 29.365090
12 203526 12.620710 47.782880
12 1626168 16.076510 12.881930
12 2546 8.318750 19.870900
12 2756 21.990140 28.817540
12 201167 5.178060 26.439360
12 101181 16.478930 37.943220
12 201577 3.399750 26.421440
24 -1 29.690840 29.422540
24 202330 16.998720 44.640980
24 202324 3.955070 28.189830
24 203918 30.164820 29.273320
24 203526 12.643460 47.641130
24 1626168 15.459870 13.123740
24 2546 8.395400 19.953970
24 2756 23.230240 28.521680
24 201167 5.715330 26.764120
24 101181 16.408740 37.968660
24 201577 3.613710 26.350000
36 -1 27.226720 29.032720
36 202330 18.263940 44.921720
36 202324 4.127970 28.155840
36 203918 29.782190 29.104870
36 203526 12.712530 47.453650
36 1626168 14.658640 13.554430
36 2546 8.504090 19.975300
36 2756 24.390090 28.256220
36 201167 6.325980 26.824710
36 101181 16.275080 37.896280
36 201577 3.776420 26.334260
48 -1 24.693940 28.307440
48 202330 19.571790 45.104440
48 202324 4.224720 28.145580
48 203918 29.539290 29.002170
48 203526 12.877680 47.204080
48 1626168 13.804690 14.134730
48 2546 8.648680 19.913290
48 2756 25.747910 28.206440
48 201167 6.909710 26.812530
48 101181 16.040740 37.700460
48 201577 4.122040 26.473050
60 -1 22.119500 27.984230
60 202330 20.856120 45.167470
60 202324 4.291670 28.199670
60 203918 29.434490 28.903490
60 203526 13.125310 46.864980
60 1626168 13.003070 14.785870
60 2546 8.724950 19.804320
60 2756 27.274020 28.027780
60 201167 7.684410 26.948650
60 101181 15.736250 37.416160
60 201577 4.404000 26.651220
72 -1 19.669580 27.370150
72 202330 22.173050 45.067350
72 202324 4.290030 28.290750
72 203918 29.402740 28.860820
72 203526 13.473960 46.442960
72 1626168 12.089990 15.513950
72 2546 8.736730 19.634450
72 2756 28.756780 27.733690
72 201167 8.506730 27.217760
72 101181 15.353150 37.007630
72 201577 4.714470 26.811070
84 -1 17.142680 27.127480
84 202330 23.577380 44.824000
84 202324 4.264070 28.407050
84 203918 29.461710 28.771260
84 203526 13.887730 45.964270
84 1626168 11.366220 16.260970
84 2546 8.794480 19.467090
84 2756 30.321150 27.413160
84 201167 9.339950 27.509710
84 101181 14.917020 36.560580
84 201577 5.053180 26.955740
96 -1 14.680910 26.749700
96 202330 24.942220 44.500960
96 202324 4.327050 28.514930
96 203918 29.702370 28.631310
96 203526 14.355970 45.422600
96 1626168 10.659990 17.106900
96 2546 8.876540 19.291280
96 2756 32.060830 27.071230
96 201167 10.154910 27.872220
96 101181 14.450280 36.135700
96 201577 5.487590 27.022290
108 -1 12.320840 26.253210
108 202330 26.205260 44.041200
108 202324 4.509440 28.593720
108 203918 30.034570 28.534990
108 203526 14.858390 44.809510
108 1626168 10.142480 17.741970
108 2546 8.980380 19.159580
108 2756 33.666080 26.530750
108 201167 10.919860 28.296430
108 101181 14.080000 35.743830
108 201577 5.726600 26.972210
120 -1 9.922380 25.897280
120 202330 27.462420 43.466190
120 202324 4.722800 28.646360
120 203918 30.449130 28.458100
120 203526 15.404500 44.147040
120 1626168 9.758790 18.233930
120 2546 9.111310 19.039160
120 2756 35.143280 26.143530
120 201167 11.510250 28.758960
120 101181 13.774670 35.355720
120 201577 5.954280 26.932490
132 -1 7.593190 25.272320
132 202330 28.706670 42.841480
132 202324 4.953860 28.714780
132 203918 30.985530 28.455910
132 203526 16.026370 43.511600
132 1626168 9.625020 18.604000
132 2546 9.268700 18.992750
132 2756 36.647850 25.936010
132 201167 12.031250 29.231600
132 101181 13.477990 35.012990
132 201577 6.126580 26.958290
144 -1 5.571400 24.921610
144 202330 29.909890 42.205800
144 202324 5.155110 28.841190
144 203918 31.615160 28.436790
144 203526 16.700210 42.825070
144 1626168 9.634170 18.800010
144 2546 9.274080 18.998010
144 2756 38.111420 25.677700
144 201167 12.519500 29.820590
144 101181 13.181770 34.708840
144 201577 6.275000 27.058820
156 -1 6.735790 24.296420
156 202330 31.113820 41.511170
156 202324 5.361830 29.046630
156 203918 32.319930 28.538500
156 203526 17.422930 42.102450
156 1626168 9.881810 18.680460
156 2546 9.239590 19.046720
156 2756 39.499510 25.354380
156 201167 12.944430 30.372760
156 101181 12.797620 34.432730
156 201577 6.402960 27.266190
168 -1 9.191990 23.750700
168 202330 32.400340 40.795850
168 202324 5.538820 29.314880
168 203918 32.997560 28.550750
168 203526 18.167930 41.347750
168 1626168 10.093150 18.574370
168 2546 9.222680 19.156860
168 2756 40.885070 25.018690
168 201167 13.336940 30.829480
168 101181 12.478290 34.261250
168 201577 6.492210 27.570310
180 -1 11.480940 23.089190
180 202330 33.670390 40.068230
180 202324 5.798600 29.683230
180 203918 33.639360 28.514930
180 203526 18.974360 40.551300
180 1626168 10.356320 18.400910
180 2546 9.377350 19.238190
180 2756 42.207940 24.632550
180 201167 13.679090 31.280750
180 101181 12.315740 34.055000
180 201577 6.511480 27.972260
192 -1 13.776630 22.500960
192 202330 34.943080 39.281430
192 202324 6.134120 30.101750
192 203918 34.228440 28.247240
192 203526 19.895910 39.673690
192 1626168 10.690960 18.299420
192 2546 9.695170 19.353390
192 2756 43.344110 24.110750
192 201167 14.010840 31.710640
192 101181 12.249600 33.928110
192 201577 6.502890 28.358010
204 -1 16.033780 21.825800
204 202330 36.185650 38.445840
204 202324 6.396190 30.540450
204 203918 34.622000 27.794490
204 203526 20.902600 38.718660
204 1626168 11.122090 18.336100
204 2546 10.132170 19.418860
204 2756 44.286180 23.486470
204 201167 14.392220 32.084470
204 101181 12.322530 33.856690
204 201577 6.505960 28.658590
216 -1 18.289610 21.197510
216 202330 37.294420 37.609510
216 202324 6.767880 30.958160
216 203918 34.872080 27.125560
216 203526 21.937290 37.671540
216 1626168 11.657980 18.441520
216 2546 10.450270 19.492330
216 2756 44.973370 22.752680
216 201167 14.765130 32.403940
216 101181 12.671970 33.793740
216 201577 6.490350 28.851970
228 -1 20.479740 20.511980
228 202330 38.295330 36.869640
228 202324 7.140410 31.392410
228 203918 34.946370 26.234800
228 203526 23.021150 36.538570
228 1626168 12.411010 18.687430
228 2546 10.852180 19.485960
228 2756 45.301590 21.866120
228 201167 15.131360 32.720060
228 101181 13.035410 33.700150
228 201577 6.517370 28.843930
240 -1 22.630310 19.979000
240 202330 39.071500 36.237530
240 202324 7.416320 31.821310
240 203918 34.829480 25.126020
240 203526 24.160980 35.364060
240 1626168 13.249630 19.121490
240 2546 11.197870 19.462830
240 2756 45.293630 20.876700
240 201167 15.525860 32.963850
240 101181 13.329950 33.733140
240 201577 6.729860 28.849680
252 -1 24.766010 19.432230
252 202330 39.533770 35.749470
252 202324 7.611630 32.225980
252 203918 34.492480 23.915970
252 203526 25.317130 34.275940
252 1626168 14.010930 19.485630
252 2546 11.533930 19.359130
252 2756 45.078160 19.829300
252 201167 15.883720 33.151600
252 101181 13.622790 33.706130
252 201577 6.961900 28.813060
264 -1 26.084810 18.954790
264 202330 39.656250 35.434520
264 202324 7.894900 32.594980
264 203918 34.069430 22.751530
264 203526 26.510680 33.327910
264 1626168 14.611290 19.741730
264 2546 12.005290 19.290050
264 2756 44.582910 18.872550
264 201167 16.173780 33.234460
264 101181 13.956600 33.538070
264 201577 7.141540 28.824490
276 -1 27.321390 18.417300
276 202330 39.545580 35.295450
276 202324 8.058670 32.996840
276 203918 33.501070 21.569140
276 203526 27.751020 32.544760
276 1626168 15.037740 19.807150
276 2546 12.600850 19.226050
276 2756 43.852500 17.981910
276 201167 16.444840 33.204630
276 101181 14.318000 33.320360
276 201577 7.252010 28.948710
288 -1 28.603930 17.847550
288 202330 39.169860 35.197270
288 202324 8.206910 33.473440
288 203918 32.838300 20.480490
288 203526 28.940720 31.959640
288 1626168 15.382540 19.570560
288 2546 13.153980 19.240260
288 2756 42.884310 17.160090
288 201167 16.690850 33.116580
288 101181 14.704620 32.977790
288 201577 7.257310 29.221980
300 -1 29.750950 17.432330
300 202330 38.627510 35.177220
300 202324 8.346470 33.980100
300 203918 32.163350 19.451360
300 203526 29.994190 31.556410
300 1626168 15.594560 19.164670
300 2546 13.631990 19.313200
300 2756 41.721470 16.451690
300 201167 16.919270 32.956410
300 101181 15.098380 32.634330
300 201577 7.181260 29.410220
312 -1 30.347600 16.672320
312 202330 37.970090 35.222020
312 202324 8.480940 34.565520
312 203918 31.485610 18.530690
312 203526 30.893870 31.213200
312 1626168 15.573210 19.056640
312 2546 14.023460 19.418900
312 2756 40.415090 15.939090
312 201167 17.078150 32.798650
312 101181 15.583920 32.119590
312 201577 7.126650 29.623570
324 -1 29.925220 16.065770
324 202330 37.259590 35.280200
324 202324 8.591570 35.236410
324 203918 30.826670 17.699150
324 203526 31.629160 30.902990
324 1626168 15.476320 19.023020
324 2546 14.320360 19.527920
324 2756 38.993490 15.608990
324 201167 17.233450 32.657330
324 101181 16.103460 31.626890
324 201577 7.069540 29.815350
336 -1 29.383610 15.839040
336 202330 36.502270 35.338620
336 202324 8.668950 35.885950
336 203918 30.205670 16.963260
336 203526 32.182530 30.656040
336 1626168 15.608330 18.920090
336 2546 14.694130 19.583850
336 2756 37.450980 15.473270
336 201167 17.390040 32.563450
336 101181 16.591150 31.161580
336 201577 7.033800 29.896850