0 -1 22.361750 8.955610
0 203142 12.465250 9.657340
0 201573 19.399280 11.017620
0 202328 8.330740 22.751200
0 203114 19.530050 26.337620
0 203487 5.696890 28.710930
0 2546 27.971290 41.799810
0 2756 10.647320 47.586650
0 101181 22.403330 9.021950
0 201577 9.895670 23.459230
0 204001 4.730230 14.707880
12 -1 21.734190 9.915790
12 203142 11.856730 10.899010
12 201573 20.161900 11.186600
12 202328 8.245980 22.493360
12 203114 19.508970 26.447310
12 203487 6.090180 29.055190
12 2546 27.941680 41.833640
12 2756 10.940200 47.597210
12 101181 22.514160 9.187360
12 201577 9.763710 22.982790
12 204001 4.899090 15.337060
24 -1 20.226530 11.363700
24 203142 11.423400 12.192630
24 201573 20.851590 11.309660
24 202328 8.202490 22.282460
24 203114 19.495820 26.569950
24 203487 6.438740 29.405600
24 2546 28.069710 41.750730
24 2756 11.182740 47.540270
24 101181 22.635980 9.290080
24 201577 9.710920 22.618290
24 204001 5.108900 16.024220
36 -1 18.697330 12.581770
36 203142 11.074920 13.407450
36 201573 21.552990 11.395490
36 202328 8.064320 22.257900
36 203114 19.382920 26.636130
36 203487 6.737400 29.716950
36 2546 28.226970 41.679880
36 2756 11.423980 47.406960
36 101181 22.848770 9.281210
36 201577 9.677800 22.617360
36 204001 5.465210 16.662280
48 -1 17.199270 14.135640
48 203142 10.668010 14.481140
48 201573 22.211500 11.411690
48 202328 7.891280 22.290440
48 203114 19.207160 26.707840
48 203487 6.948830 29.993400
48 2546 28.422230 41.672700
48 2756 11.751160 47.066610
48 101181 23.144780 9.218040
48 201577 9.667700 22.702090
48 204001 5.882560 17.282920
60 -1 15.736120 15.269800
60 203142 10.256080 15.530310
60 201573 22.839940 11.479900
60 202328 7.669300 22.435030
60 203114 18.940690 26.819880
60 203487 7.042980 30.216180
60 2546 28.661270 41.599380
60 2756 12.062240 46.754520
60 101181 23.643710 9.126020
60 201577 9.532920 22.900500
60 204001 6.376570 17.846970
72 -1 14.430040 16.611460
72 203142 9.969070 16.245750
72 201573 23.394270 11.597190
72 202328 7.388590 22.677180
72 203114 18.629600 26.904500
72 203487 7.009660 30.350570
72 2546 28.945390 41.494820
72 2756 12.303460 46.510570
72 101181 24.251540 8.956000
72 201577 9.212170 23.180500
72 204001 6.809380 18.375070
84 -1 13.019900 17.870880
84 203142 9.629550 16.943650
84 201573 23.900910 11.769380
84 202328 7.109960 22.811720
84 203114 18.310310 26.919160
84 203487 6.915790 30.369530
84 2546 29.065150 41.487250
84 2756 12.581150 46.183610
84 101181 24.909270 8.638520
84 201577 9.029260 23.587850
84 204001 7.191340 18.847920
96 -1 11.535750 19.256430
96 203142 9.362280 17.580370
96 201573 24.350990 11.974150
96 202328 6.964190 22.862990
96 203114 17.975340 26.861670
96 203487 6.775440 30.320990
96 2546 29.361990 41.288170
96 2756 12.863870 45.673850
96 101181 25.559930 8.308350
96 201577 8.817180 23.941590
96 204001 7.431170 19.289970
108 -1 10.124320 20.503030
108 203142 9.192960 18.176570
108 201573 24.794500 12.210620
108 202328 6.886810 22.965230
108 203114 17.635130 26.805870
108 203487 6.640790 30.222880
108 2546 29.748720 40.950320
108 2756 13.067390 45.163990
108 101181 26.340210 8.021220
108 201577 8.754040 24.233100
108 204001 7.612850 19.797890
120 -1 8.744130 21.793240
120 203142 9.107880 18.623980
120 201573 25.148190 12.301140
120 202328 6.876860 23.212390
120 203114 17.325650 26.694190
120 203487 6.556600 30.117770
120 2546 30.187770 40.588180
120 2756 13.243210 44.580680
120 101181 27.238530 7.723330
120 201577 8.776830 24.459880
120 204001 7.590790 20.376290
132 -1 7.415730 23.020770
132 203142 9.056810 19.039890
132 201573 25.444080 12.304700
132 202328 6.962330 23.963560
132 203114 17.025490 26.628200
132 203487 6.543970 30.026320
132 2546 30.672720 40.312920
132 2756 13.446400 43.876170
132 101181 28.205330 7.454380
132 201577 8.938940 24.573320
132 204001 7.518170 20.881080
144 -1 5.975800 24.289180
144 203142 9.030280 19.390200
144 201573 25.632560 12.294980
144 202328 7.001570 24.759040
144 203114 16.753270 26.626260
144 203487 6.620670 29.943030
144 2546 31.311790 39.951460
144 2756 13.637120 43.169070
144 101181 29.301410 7.309770
144 201577 8.931800 24.826890
144 204001 7.453590 21.191590
156 -1 5.101510 25.237360
156 203142 9.023720 19.693130
156 201573 25.731190 12.338600
156 202328 7.131960 25.547790
156 203114 16.521190 26.721890
156 203487 6.791920 29.842700
156 2546 31.970450 39.645010
156 2756 13.774210 42.631210
156 101181 30.556590 7.134960
156 201577 9.031330 25.086660
156 204001 7.380860 21.409530
168 -1 6.713300 24.114740
168 203142 9.090450 19.928750
168 201573 25.789550 12.416210
168 202328 7.284350 26.198820
168 203114 16.377800 26.759620
168 203487 7.010830 29.774590
168 2546 32.563700 39.350300
168 2756 13.865870 42.173290
168 101181 31.880370 6.968970
168 201577 9.004220 25.502540
168 204001 7.388820 21.527650
180 -1 8.331790 22.921790
180 203142 9.262090 20.115720
180 201573 25.690300 12.475210
180 202328 7.450850 26.458550
180 203114 16.316480 26.571640
180 203487 7.346850 29.766870
180 2546 33.130180 38.962760
180 2756 14.064500 41.683500
180 101181 33.175180 6.833240
180 201577 9.013890 25.878090
180 204001 7.504680 21.537110
192 -1 10.016650 21.898640
192 203142 9.459980 20.265960
192 201573 25.430300 12.605350
192 202328 7.600830 26.325170
192 203114 16.382810 26.159820
192 203487 7.786800 29.788450
192 2546 33.682820 38.441240
192 2756 14.305230 41.177870
192 101181 34.485420 6.780890
192 201577 9.057970 26.189470
192 204001 7.569990 21.562340
204 -1 11.494840 20.871870
204 203142 9.574750 20.461710
204 201573 24.997160 12.798850
204 202328 7.824360 26.140030
204 203114 16.541870 25.598570
204 203487 8.223960 29.880240
204 2546 34.274460 37.868910
204 2756 14.711890 40.581090
204 101181 35.803760 6.732790
204 201577 9.359680 26.181720
204 204001 7.649830 21.703060
216 -1 13.162670 19.650900
216 203142 9.669650 20.484260
216 201573 24.403970 13.122560
216 202328 8.048910 25.896030
216 203114 16.850820 24.782620
216 203487 8.734660 30.024030
216 2546 34.869660 37.250800
216 2756 15.244560 40.048220
216 101181 37.065190 6.745300
216 201577 9.689290 26.294600
216 204001 7.729450 21.939970
228 -1 14.690570 18.579080
228 203142 9.715680 20.452390
228 201573 23.654290 13.309050
228 202328 8.264000 25.768370
228 203114 17.296920 23.766110
228 203487 9.365880 30.176230
228 2546 35.506780 36.639830
228 2756 15.972060 39.363060
228 101181 38.310790 6.803840
228 201577 10.035780 26.393780
228 204001 7.799140 22.127180
240 -1 16.230530 17.452480
240 203142 9.730420 20.385830
240 201573 22.809120 13.580270
240 202328 8.456450 25.838490
240 203114 17.944470 22.703210
240 203487 10.115430 30.290550
240 2546 36.285200 36.061040
240 2756 16.958510 38.609680
240 101181 39.564760 6.931860
240 201577 10.488890 26.409420
240 204001 8.005690 22.230020
252 -1 17.703890 16.471360
252 203142 9.810410 20.292580
252 201573 21.976850 13.808990
252 202328 8.704610 25.826250
252 203114 18.767780 21.573770
252 203487 10.968770 30.475400
252 2546 37.139360 35.506740
252 2756 18.061030 37.926310
252 101181 40.833170 7.136120
252 201577 11.170680 26.488240
252 204001 8.454340 22.272510
264 -1 19.226420 15.386460
264 203142 10.051000 20.061840
264 201573 21.204780 13.854210
264 202328 8.933180 25.885010
264 203114 19.678410 20.284660
264 203487 12.066200 30.625070
264 2546 38.070970 34.953230
264 2756 19.170590 37.399350
264 101181 42.091950 7.481090
264 201577 11.893510 26.688870
264 204001 9.085190 22.280050
276 -1 19.711140 14.687010
276 203142 10.363640 19.954410
276 201573 20.528690 13.624130
276 202328 9.204860 26.054670
276 203114 20.732640 18.976580
276 203487 13.230330 30.915330
276 2546 39.128760 34.379040
276 2756 20.438680 36.864460
276 101181 43.347720 7.899410
276 201577 12.764530 26.780650
276 204001 9.835200 22.180290
288 -1 19.287440 14.414530
288 203142 10.761090 19.862050
288 201573 19.931300 13.463020
288 202328 9.545810 26.179120
288 203114 21.961950 17.661430
288 203487 14.460440 31.292130
288 2546 40.308670 33.781960
288 2756 21.807330 36.492310
288 101181 44.583350 8.402280
288 201577 13.877000 26.748650
288 204001 10.718370 22.197190