0 -1 70.336750 8.588590
0 202329 70.265820 8.519500
0 203081 84.937300 3.948700
0 203486 74.423570 16.930670
0 203468 62.593790 34.370080
0 203943 85.659280 35.691340
0 2546 70.950140 13.627550
0 201167 69.998480 30.894830
0 101181 84.752090 6.451440
0 201577 81.335280 17.686660
0 204001 86.053360 33.083250
12 -1 71.555290 9.508120
12 202329 70.350010 8.550300
12 203081 84.779210 3.830820
12 203486 74.561560 17.192090
12 203468 62.181900 34.415750
12 203943 85.589710 34.892450
12 2546 70.334190 12.432970
12 201167 70.328570 30.902490
12 101181 84.948720 6.558310
12 201577 81.415240 17.835650
12 204001 85.925960 32.732700
24 -1 73.203680 11.192020
24 202329 70.362220 8.480380
24 203081 84.395550 3.621870
24 203486 74.696530 17.415410
24 203468 61.781060 34.448640
24 203943 85.434080 34.294060
24 2546 69.838270 11.302050
24 201167 70.872250 30.820850
24 101181 85.027420 6.564180
24 201577 81.441200 18.137110
24 204001 85.815870 32.322950
36 -1 74.945240 12.918070
36 202329 70.279680 8.375710
36 203081 83.970010 3.452730
36 203486 74.879630 17.760860
36 203468 61.367050 34.481640
36 203943 85.234530 33.590670
36 2546 69.219930 9.970450
36 201167 71.440850 30.688750
36 101181 85.170510 6.706840
36 201577 81.416250 18.536820
36 204001 85.760840 31.899550
48 -1 76.782310 14.369330
48 202329 70.177470 8.215640
48 203081 83.520930 3.317520
48 203486 75.162810 18.234470
48 203468 60.965610 34.534660
48 203943 85.280700 32.790080
48 2546 68.701890 8.777080
48 201167 72.101060 30.534190
48 101181 85.306620 6.979750
48 201577 81.358650 18.904820
48 204001 85.643220 31.529490
60 -1 78.315890 15.912330
60 202329 70.066290 8.004460
60 203081 82.987770 3.226910
60 203486 75.448190 18.808710
60 203468 60.523640 34.603390
60 203943 85.368730 32.021770
60 2546 68.135320 7.770020
60 201167 72.825400 30.367160
60 101181 85.438360 7.385610
60 201577 81.322110 19.226360
60 204001 85.639500 31.118470
72 -1 80.021320 17.371500
72 202329 69.899390 7.763180
72 203081 82.399680 3.175960
72 203486 75.776730 19.464320
72 203468 60.066360 34.657390
72 203943 85.444920 31.333890
72 2546 67.608080 6.904510
72 201167 73.551970 30.219880
72 101181 85.514160 7.843390
72 201577 81.141800 19.404270
72 204001 85.674780 30.827800
84 -1 81.937680 19.068610
84 202329 69.844000 7.508100
84 203081 81.912050 3.239190
84 203486 76.158660 20.180910
84 203468 59.590520 34.673810
84 203943 85.427250 30.646940
84 2546 66.902670 6.077140
84 201167 74.268040 30.099380
84 101181 85.710920 8.527090
84 201577 80.930020 19.526710
84 204001 85.644650 30.376980
96 -1 83.683960 20.564080
96 202329 69.728490 7.194550
96 203081 81.275950 3.291350
96 203486 76.516360 20.885860
96 203468 59.113190 34.639060
96 203943 85.662270 30.286770
96 2546 66.245150 5.389040
96 201167 75.075720 29.995800
96 101181 85.912750 9.208540
96 201577 80.621340 19.675990
96 204001 85.583240 29.895340
108 -1 85.244830 22.035000
108 202329 69.421670 6.799760
108 203081 80.554790 3.401330
108 203486 76.813990 21.656800
108 203468 58.604440 34.593800
108 203943 85.722580 29.980390
108 2546 65.473320 4.828420
108 201167 75.906840 29.894850
108 101181 86.061770 9.893810
108 201577 80.314350 20.055080
108 204001 85.645070 29.317820
120 -1 86.819120 23.658660
120 202329 69.010140 6.268270
120 203081 79.876920 3.570960
120 203486 77.095510 22.590180
120 203468 58.125250 34.540860
120 203943 85.799150 29.758290
120 2546 64.694310 4.236830
120 201167 76.751040 29.785650
120 101181 86.192050 10.604670
120 201577 79.989090 20.621440
120 204001 85.673440 28.861540
132 -1 87.996020 24.932560
132 202329 68.569690 5.683820
132 203081 79.198130 3.860250
132 203486 77.175520 23.502100
132 203468 57.652510 34.481760
132 203943 85.820560 29.537330
132 2546 63.872850 3.773020
132 201167 77.564740 29.620710
132 101181 86.321300 11.319500
132 201577 79.929470 21.245770
132 204001 85.694860 28.640580
144 -1 88.574880 25.847730
144 202329 67.953930 5.105440
144 203081 78.507670 4.270720
144 203486 77.112840 24.332830
144 203468 57.194370 34.434060
144 203943 85.799490 29.359950
144 2546 63.025370 3.401350
144 201167 78.285900 29.456220
144 101181 86.492530 12.016690
144 201577 79.791130 21.945610
144 204001 85.638920 28.577020
156 -1 88.758220 26.412580
156 202329 67.292410 4.588910
156 203081 77.898950 4.780230
156 203486 76.909110 25.116070
156 203468 56.749560 34.407230
156 203943 85.599850 29.184320
156 2546 62.067290 3.110600
156 201167 79.042760 29.345410
156 101181 86.722330 12.703290
156 201577 79.775630 22.646840
156 204001 85.553170 28.679000
168 -1 88.173110 26.781970
168 202329 66.684980 4.234340
168 203081 77.227800 5.346300
168 203486 76.596160 25.736590
168 203468 56.325870 34.383280
168 203943 85.500580 29.152500
168 2546 61.135270 2.844490
168 201167 79.761160 29.350240
168 101181 86.961830 13.341540
168 201577 79.817400 23.099010
168 204001 85.418730 28.867790
180 -1 87.466440 26.910440
180 202329 66.054230 4.058280
180 203081 76.465740 5.972720
180 203486 76.195140 26.068730
180 203468 55.907960 34.368970
180 203943 85.204040 29.209720
180 2546 60.171870 2.677020
180 201167 80.445480 29.402320
180 101181 87.260680 13.959610
180 201577 79.675810 23.596570
180 204001 85.373640 29.236640
192 -1 87.035490 27.310260
192 202329 65.353790 3.958650
192 203081 75.686650 6.606430
192 203486 75.861680 26.360840
192 203468 55.486890 34.315840
192 203943 84.744600 29.269300
192 2546 59.144690 2.535140
192 201167 81.020370 29.544080
192 101181 87.495170 14.560950
192 201577 79.367090 24.130950
192 204001 85.218300 29.423220
204 -1 86.424300 27.652380
204 202329 64.607860 3.907400
204 203081 74.899470 7.262820
204 203486 75.479270 26.712880
204 203468 55.101370 34.223120
204 203943 84.240850 29.399760
204 2546 58.150910 2.498430
204 201167 81.476780 29.890280
204 101181 87.635330 15.145720
204 201577 79.235610 24.561840
204 204001 85.205440 29.830390
216 -1 85.907510 27.965200
216 202329 63.759610 3.925930
216 203081 74.067930 8.002530
216 203486 75.135220 27.062910
216 203468 54.749670 34.098340
216 203943 83.724220 29.488220
216 2546 57.097570 2.524400
216 201167 81.819290 30.254770
216 101181 87.616310 15.703770
216 201577 79.067130 25.057770
216 204001 85.096970 30.029130
228 -1 85.347190 28.307760
228 202329 62.858520 3.971310
228 203081 73.296810 8.770650
228 203486 74.815340 27.427650
228 203468 54.422610 33.979140
228 203943 83.182470 29.554830
228 2546 56.031370 2.589370
228 201167 81.898620 30.550690
228 101181 87.544200 16.222640
228 201577 78.855540 25.536400
228 204001 84.983450 29.907860
240 -1 84.639420 27.582510
240 202329 61.966350 4.103930
240 203081 72.570530 9.530000
240 203486 74.515550 27.741810
240 203468 54.140070 33.855970
240 203943 82.830060 29.571860
240 2546 54.994740 2.716950
240 201167 81.733390 30.889590
240 101181 87.467570 16.707300
240 201577 78.938570 25.769050
240 204001 84.750500 29.628680
252 -1 83.631920 26.816900
252 202329 61.087810 4.331070
252 203081 71.857760 10.304470
252 203486 74.450650 28.002300
252 203468 53.906000 33.773810
252 203943 82.571440 29.570830
252 2546 53.975250 2.905530
252 201167 81.493850 31.421670
252 101181 87.425800 17.164900
252 201577 79.071770 25.991510
252 204001 84.561200 29.314120
264 -1 82.770900 26.036290
264 202329 60.220830 4.691690
264 203081 71.129860 11.081420
264 203486 74.165810 28.263420
264 203468 53.663420 33.736830
264 203943 82.544900 29.653000
264 2546 52.884050 3.118190
264 201167 81.389000 31.840800
264 101181 87.327910 17.570780
264 201577 79.219800 26.024590
264 204001 84.385860 28.854440
276 -1 81.889920 25.236510
276 202329 59.379880 5.099780
276 203081 70.403990 11.844160
276 203486 73.807470 28.426340
276 203468 53.405010 33.739940
276 203943 82.513740 29.735770
276 2546 51.873370 3.385530
276 201167 81.167720 32.381060
276 101181 87.145670 17.891670
276 201577 79.394530 25.835530
276 204001 84.200900 28.538500
288 -1 81.166950 24.601430
288 202329 58.525080 5.572780
288 203081 69.645860 12.521080
288 203486 73.372470 28.383960
288 203468 53.107020 33.724670
288 203943 82.301750 29.782580
288 2546 50.785540 3.717310
288 201167 80.999160 33.026740
288 101181 86.889660 18.126150
288 201577 79.640030 25.684680
288 204001 84.105440 28.564240
300 -1 80.548930 24.155200
300 202329 57.642580 6.051530
300 203081 68.810760 13.147500
300 203486 72.859100 28.260790
300 203468 52.758030 33.724840
300 203943 81.824770 29.832020
300 2546 49.628580 4.089050
300 201167 80.807330 33.722320
300 101181 86.524150 18.271070
300 201577 79.953830 25.484500
300 204001 84.125910 28.491170