0 -1 21.747110 34.464190 BALL
0 101107 13.035450 5.333580 PLAYER
0 202391 27.645680 10.076970 PLAYER
0 202689 7.127570 42.579720 PLAYER
0 203469 22.319120 34.792320 PLAYER
0 203798 3.413390 4.758970 PLAYER
0 201142 4.809630 22.892810 PLAYER
0 201566 9.028130 38.635630 PLAYER
0 201586 5.858860 17.804400 PLAYER
0 203460 18.030630 23.987510 PLAYER
0 203500 15.189010 31.644820 PLAYER
12 -1 21.386720 34.075840 BALL
12 101107 13.989290 5.100040 PLAYER
12 202391 28.242040 10.600580 PLAYER
12 202689 7.240980 42.846020 PLAYER
12 203469 22.207060 34.723360 PLAYER
12 203798 3.897900 4.249750 PLAYER
12 201142 4.852020 22.202040 PLAYER
12 201566 8.886440 38.166050 PLAYER
12 201586 6.045400 17.627970 PLAYER
12 203460 18.703930 23.931810 PLAYER
12 203500 15.927900 31.668380 PLAYER
24 -1 19.880540 33.263730 BALL
24 101107 14.923680 5.064770 PLAYER
24 202391 28.797940 11.087820 PLAYER
24 202689 7.420910 43.070100 PLAYER
24 203469 22.154530 34.705860 PLAYER
24 203798 4.481840 3.929050 PLAYER
24 201142 4.889290 21.664440 PLAYER
24 201566 8.757430 37.673200 PLAYER
24 201586 6.291850 17.419630 PLAYER
24 203460 19.261790 23.754550 PLAYER
24 203500 16.621840 31.801060 PLAYER
36 -1 17.973950 32.117790 BALL
36 101107 15.950740 5.154650 PLAYER
36 202391 29.351560 11.555900 PLAYER
36 202689 7.669260 43.211600 PLAYER
36 203469 22.038520 34.725630 PLAYER
36 203798 5.134820 3.741200 PLAYER
36 201142 4.918970 21.273730 PLAYER
36 201566 8.646430 37.136970 PLAYER
36 201586 6.564040 17.325500 PLAYER
36 203460 19.701580 23.423670 PLAYER
36 203500 17.240120 31.893120 PLAYER
48 -1 16.067100 31.144940 BALL
48 101107 17.044380 5.318260 PLAYER
48 202391 29.938810 12.034400 PLAYER
48 202689 7.979300 43.264530 PLAYER
48 203469 22.017730 34.722720 PLAYER
48 203798 5.896970 3.696780 PLAYER
48 201142 4.946100 20.901740 PLAYER
48 201566 8.546530 36.580310 PLAYER
48 201586 6.830720 17.400440 PLAYER
48 203460 20.173850 23.019820 PLAYER
48 203500 17.820960 32.162690 PLAYER
60 -1 14.223510 30.153400 BALL
60 101107 18.110820 5.581900 PLAYER
60 202391 30.541150 12.499360 PLAYER
60 202689 8.340710 43.229720 PLAYER
60 203469 22.084810 34.754030 PLAYER
60 203798 6.752290 3.794470 PLAYER
60 201142 4.980320 20.689610 PLAYER
60 201566 8.443450 36.050470 PLAYER
60 201586 7.172830 17.587400 PLAYER
60 203460 20.658890 22.610610 PLAYER
60 203500 18.394660 32.601460 PLAYER
72 -1 12.273800 29.232670 BALL
72 101107 19.234210 6.082320 PLAYER
72 202391 31.152240 12.981660 PLAYER
72 202689 8.772170 43.173760 PLAYER
72 203469 22.294790 34.823360 PLAYER
72 203798 7.632290 4.006630 PLAYER
72 201142 5.020410 20.608340 PLAYER
72 201566 8.362790 35.534770 PLAYER
72 201586 7.551540 17.828220 PLAYER
72 203460 21.223720 22.160950 PLAYER
72 203500 18.980480 32.888150 PLAYER
84 -1 10.566420 28.236200 BALL
84 101107 20.366310 6.475510 PLAYER
84 202391 31.798820 13.481240 PLAYER
84 202689 9.280750 43.104160 PLAYER
84 203469 22.645800 34.899900 PLAYER
84 203798 8.570130 4.365420 PLAYER
84 201142 5.096640 20.613130 PLAYER
84 201566 8.303540 35.010960 PLAYER
84 201586 7.904310 18.264500 PLAYER
84 203460 21.847630 21.618720 PLAYER
84 203500 19.445890 33.006480 PLAYER
96 -1 8.708150 27.168070 BALL
96 101107 21.492170 6.741860 PLAYER
96 202391 32.474970 14.002690 PLAYER
96 202689 9.870050 43.007190 PLAYER
96 203469 23.144250 34.998880 PLAYER
96 203798 9.629140 4.818260 PLAYER
96 201142 5.241700 20.696850 PLAYER
96 201566 8.258730 34.485720 PLAYER
96 201586 8.260400 18.757360 PLAYER
96 203460 22.540920 21.047980 PLAYER
96 203500 19.897190 32.992670 PLAYER
108 -1 6.900840 26.227650 BALL
108 101107 22.621670 6.990860 PLAYER
108 202391 33.184000 14.497500 PLAYER
108 202689 10.529020 42.862470 PLAYER
108 203469 23.731280 35.123620 PLAYER
108 203798 10.766530 5.349170 PLAYER
108 201142 5.425560 20.890650 PLAYER
108 201566 8.217020 33.958830 PLAYER
108 201586 8.633090 19.237810 PLAYER
108 203460 23.248580 20.499900 PLAYER
108 203500 20.321580 32.947090 PLAYER
120 -1 5.082510 25.219130 BALL
120 101107 23.770690 7.209470 PLAYER
120 202391 33.939130 14.973690 PLAYER
120 202689 11.261660 42.644750 PLAYER
120 203469 24.398160 35.246660 PLAYER
120 203798 11.969820 5.943130 PLAYER
120 201142 5.697510 21.134740 PLAYER
120 201566 8.172730 33.444200 PLAYER
120 201586 8.914670 19.753140 PLAYER
120 203460 23.975350 19.986200 PLAYER
120 203500 20.780810 32.783270 PLAYER
132 -1 5.018180 24.799600 BALL
132 101107 24.949850 7.441080 PLAYER
132 202391 34.733450 15.425550 PLAYER
132 202689 12.081560 42.343620 PLAYER
132 203469 25.105600 35.396510 PLAYER
132 203798 13.222150 6.549020 PLAYER
132 201142 6.042380 21.321610 PLAYER
132 201566 8.109050 32.950590 PLAYER
132 201586 9.098760 20.256710 PLAYER
132 203460 24.697510 19.503720 PLAYER
132 203500 21.273700 32.706330 PLAYER
144 -1 5.255570 24.297290 BALL
144 101107 26.128380 7.718540 PLAYER
144 202391 35.536540 15.881680 PLAYER
144 202689 12.976200 41.956680 PLAYER
144 203469 25.893020 35.577340 PLAYER
144 203798 14.529530 7.169870 PLAYER
144 201142 6.451530 21.460330 PLAYER
144 201566 8.010980 32.500770 PLAYER
144 201586 9.242870 21.003890 PLAYER
144 203460 25.426730 19.026850 PLAYER
144 203500 21.795160 32.611700 PLAYER
156 -1 5.929470 23.780620 BALL
156 101107 27.304840 8.060560 PLAYER
156 202391 36.366900 16.334890 PLAYER
156 202689 13.914670 41.540660 PLAYER
156 203469 26.779510 35.739570 PLAYER
156 203798 15.906820 7.792450 PLAYER
156 201142 6.862900 21.617710 PLAYER
156 201566 7.880640 32.100160 PLAYER
156 201586 9.450620 21.610760 PLAYER
156 203460 26.183910 18.478140 PLAYER
156 203500 22.319920 32.537320 PLAYER
168 -1 6.373430 23.446390 BALL
168 101107 28.550850 8.351340 PLAYER
168 202391 37.235140 16.808350 PLAYER
168 202689 14.943390 41.118340 PLAYER
168 203469 27.707050 35.867010 PLAYER
168 203798 17.364300 8.426510 PLAYER
168 201142 7.265700 21.861160 PLAYER
168 201566 7.765220 31.768260 PLAYER
168 201586 9.740230 22.012190 PLAYER
168 203460 27.043600 17.641270 PLAYER
168 203500 22.855830 32.473400 PLAYER
180 -1 6.825680 22.890500 BALL
180 101107 29.800360 8.660800 PLAYER
180 202391 38.115820 17.283400 PLAYER
180 202689 16.043580 40.673590 PLAYER
180 203469 28.726590 35.919000 PLAYER
180 203798 18.818190 9.087330 PLAYER
180 201142 7.631180 22.008610 PLAYER
180 201566 7.675690 31.498030 PLAYER
180 201586 10.106620 22.317160 PLAYER
180 203460 27.903300 16.837470 PLAYER
180 203500 23.427220 32.358970 PLAYER
192 -1 7.143510 22.487440 BALL
192 101107 30.968890 9.074230 PLAYER
192 202391 39.003840 17.718130 PLAYER
192 202689 17.205040 40.193580 PLAYER
192 203469 29.827720 35.849920 PLAYER
192 203798 20.285410 9.759790 PLAYER
192 201142 7.967570 22.128510 PLAYER
192 201566 7.619910 31.274100 PLAYER
192 201586 10.600830 22.542570 PLAYER
192 203460 28.751580 15.948580 PLAYER
192 203500 24.045700 32.128330 PLAYER
204 -1 7.604090 22.279150 BALL
204 101107 32.187810 9.496860 PLAYER
204 202391 39.933300 18.101720 PLAYER
204 202689 18.394020 39.753590 PLAYER
204 203469 30.974790 35.733090 PLAYER
204 203798 21.777900 10.432150 PLAYER
204 201142 8.194150 22.366070 PLAYER
204 201566 7.615900 31.111510 PLAYER
204 201586 11.195220 22.429750 PLAYER
204 203460 29.652520 15.074550 PLAYER
204 203500 24.704030 31.873730 PLAYER
216 -1 7.994430 21.956860 BALL
216 101107 33.417450 9.978370 PLAYER
216 202391 40.904940 18.447210 PLAYER
216 202689 19.645140 39.315950 PLAYER
216 203469 32.107110 35.569460 PLAYER
216 203798 23.308520 11.122410 PLAYER
216 201142 8.368420 22.479870 PLAYER
216 201566 7.685750 31.019500 PLAYER
216 201586 11.812900 22.371460 PLAYER
216 203460 30.573850 14.053090 PLAYER
216 203500 25.407610 31.648390 PLAYER
228 -1 8.344850 21.623170 BALL
228 101107 34.610540 10.562530 PLAYER
228 202391 41.900870 18.703970 PLAYER
228 202689 20.929220 38.863740 PLAYER
228 203469 33.318450 35.337860 PLAYER
228 203798 24.843240 11.814680 PLAYER
228 201142 8.519540 22.479870 PLAYER
228 201566 7.832930 30.978120 PLAYER
228 201586 12.489840 22.318610 PLAYER
228 203460 31.468790 13.175380 PLAYER
228 203500 26.237330 31.337220 PLAYER
240 -1 8.670690 21.111990 BALL
240 101107 35.832660 11.186680 PLAYER
240 202391 42.916680 18.887720 PLAYER
240 202689 22.258990 38.443890 PLAYER
240 203469 34.604690 35.080460 PLAYER
240 203798 26.355130 12.484430 PLAYER
240 201142 8.645980 22.475110 PLAYER
240 201566 8.091270 30.978790 PLAYER
240 201586 13.216610 22.200870 PLAYER
240 203460 32.468430 12.200890 PLAYER
240 203500 27.163210 31.040310 PLAYER
252 -1 8.407350 20.697120 BALL
252 101107 37.157090 11.700240 PLAYER
252 202391 44.057040 18.943000 PLAYER
252 202689 23.605310 38.064780 PLAYER
252 203469 35.975160 34.827820 PLAYER
252 203798 27.866360 13.163590 PLAYER
252 201142 8.754830 22.507870 PLAYER
252 201566 8.484990 31.015470 PLAYER
252 201586 13.979640 22.064410 PLAYER
252 203460 33.700020 11.092330 PLAYER
252 203500 28.151350 30.808730 PLAYER
264 -1 8.135230 20.897790 BALL
264 101107 38.402020 12.227590 PLAYER
264 202391 45.255190 18.978640 PLAYER
264 202689 24.991570 37.646010 PLAYER
264 203469 37.403750 34.505330 PLAYER
264 203798 29.354640 13.763440 PLAYER
264 201142 9.012880 22.478690 PLAYER
264 201566 9.055200 31.102860 PLAYER
264 201586 14.803540 21.883320 PLAYER
264 203460 35.024760 9.874690 PLAYER
264 203500 29.259740 30.524810 PLAYER
276 -1 7.990110 21.608820 BALL
276 101107 39.611220 12.791840 PLAYER
276 202391 46.473040 19.001990 PLAYER
276 202689 26.383650 37.230010 PLAYER
276 203469 38.900230 34.104440 PLAYER
276 203798 30.856720 14.399560 PLAYER
276 201142 9.416500 22.486890 PLAYER
276 201566 9.796290 31.210180 PLAYER
276 201586 15.680710 21.637060 PLAYER
276 203460 36.449980 8.832180 PLAYER
276 203500 30.486440 30.134340 PLAYER
288 -1 9.339660 23.200240 BALL
288 101107 40.805600 13.406750 PLAYER
288 202391 47.729580 18.947970 PLAYER
288 202689 27.781250 36.834100 PLAYER
288 203469 40.469750 33.680810 PLAYER
288 203798 32.482020 14.973000 PLAYER
288 201142 9.905900 22.466560 PLAYER
288 201566 10.666760 31.347990 PLAYER
288 201586 16.639270 21.385470 PLAYER
288 203460 38.001460 7.884100 PLAYER
288 203500 31.767770 29.780090 PLAYER