0 -1 26.654800 37.363560 BALL
0 202344 21.507530 33.326280 PLAYER
0 202330 23.501790 13.677400 PLAYER
0 202324 14.932590 28.274420 PLAYER
0 203918 8.791550 39.641800 PLAYER
0 203504 8.869430 13.578510 PLAYER
0 201627 8.708220 2.700410 PLAYER
0 201142 29.960510 7.140060 PLAYER
0 201566 26.936640 37.444050 PLAYER
0 201586 9.456990 44.981030 PLAYER
0 203500 41.342340 23.274060 PLAYER
12 -1 25.669520 36.477050 BALL
12 202344 21.800140 33.472000 PLAYER
12 202330 23.156610 13.922840 PLAYER
12 202324 14.844590 28.001520 PLAYER
12 203918 8.523580 39.667090 PLAYER
12 203504 8.769860 13.550320 PLAYER
12 201627 8.970910 2.759380 PLAYER
12 201142 29.747180 7.237650 PLAYER
12 201566 26.706060 37.300970 PLAYER
12 201586 9.334740 44.687730 PLAYER
12 203500 39.618610 22.777520 PLAYER
24 -1 23.393620 35.218130 BALL
24 202344 22.178970 33.624810 PLAYER
24 202330 22.749270 14.194240 PLAYER
24 202324 14.756890 27.774900 PLAYER
24 203918 8.335620 39.642550 PLAYER
24 203504 8.690900 13.603380 PLAYER
24 201627 9.240180 2.846190 PLAYER
24 201142 29.627090 7.353780 PLAYER
24 201566 26.496120 37.060050 PLAYER
24 201586 9.319720 44.231490 PLAYER
24 203500 37.940090 22.297730 PLAYER
36 -1 21.139670 33.980640 BALL
36 202344 22.565110 33.877780 PLAYER
36 202330 22.304400 14.488930 PLAYER
36 202324 14.625100 27.593140 PLAYER
36 203918 8.227430 39.561050 PLAYER
36 203504 8.601150 13.767360 PLAYER
36 201627 9.433630 3.012910 PLAYER
36 201142 29.531110 7.490910 PLAYER
36 201566 26.301050 37.033780 PLAYER
36 201586 9.307280 43.801450 PLAYER
36 203500 36.293150 21.910610 PLAYER
48 -1 19.039390 32.807220 BALL
48 202344 23.035220 34.222080 PLAYER
48 202330 21.814160 14.825360 PLAYER
48 202324 14.475830 27.366420 PLAYER
48 203918 8.216980 39.462050 PLAYER
48 203504 8.474460 14.018080 PLAYER
48 201627 9.591570 3.237380 PLAYER
48 201142 29.454900 7.618960 PLAYER
48 201566 26.264530 37.169500 PLAYER
48 201586 9.356450 43.524980 PLAYER
48 203500 34.578770 21.592530 PLAYER
60 -1 16.893020 31.510970 BALL
60 202344 23.453190 34.501610 PLAYER
60 202330 21.268700 15.191980 PLAYER
60 202324 14.322740 27.090180 PLAYER
60 203918 8.348970 39.404690 PLAYER
60 203504 8.405960 14.308410 PLAYER
60 201627 9.736470 3.476270 PLAYER
60 201142 29.401600 7.742320 PLAYER
60 201566 26.440690 37.392840 PLAYER
60 201586 9.538960 43.294630 PLAYER
60 203500 32.959970 21.412430 PLAYER
72 -1 14.716260 30.150770 BALL
72 202344 23.789670 34.701030 PLAYER
72 202330 20.677180 15.597060 PLAYER
72 202324 14.102580 26.847560 PLAYER
72 203918 8.531010 39.264650 PLAYER
72 203504 8.392090 14.640970 PLAYER
72 201627 9.871320 3.731970 PLAYER
72 201142 29.351680 7.825080 PLAYER
72 201566 26.876530 37.797540 PLAYER
72 201586 9.680960 43.009980 PLAYER
72 203500 31.432350 21.446650 PLAYER
84 -1 12.577190 29.319720 BALL
84 202344 24.035340 34.858360 PLAYER
84 202330 20.133650 16.077370 PLAYER
84 202324 13.881250 26.603480 PLAYER
84 203918 8.771450 39.059230 PLAYER
84 203504 8.408150 14.993510 PLAYER
84 201627 9.985630 4.001730 PLAYER
84 201142 29.300400 7.847340 PLAYER
84 201566 27.491860 38.430020 PLAYER
84 201586 9.835470 42.820730 PLAYER
84 203500 30.003380 21.660340 PLAYER
96 -1 10.516750 28.251280 BALL
96 202344 24.253900 34.922960 PLAYER
96 202330 19.606250 16.671380 PLAYER
96 202324 13.714790 26.185640 PLAYER
96 203918 9.073200 38.762390 PLAYER
96 203504 8.461330 15.345620 PLAYER
96 201627 10.151010 4.230180 PLAYER
96 201142 29.284140 7.822590 PLAYER
96 201566 28.344100 38.990260 PLAYER
96 201586 10.075800 42.615520 PLAYER
96 203500 28.650570 21.725900 PLAYER
108 -1 8.344780 26.881400 BALL
108 202344 24.333900 34.927380 PLAYER
108 202330 19.022530 17.220760 PLAYER
108 202324 13.523510 25.836900 PLAYER
108 203918 9.436190 38.392820 PLAYER
108 203504 8.532090 15.686370 PLAYER
108 201627 10.372210 4.447530 PLAYER
108 201142 29.311210 7.757150 PLAYER
108 201566 29.225060 39.551130 PLAYER
108 201586 10.405420 42.231820 PLAYER
108 203500 27.568050 21.884810 PLAYER
120 -1 6.384240 25.824540 BALL
120 202344 24.383380 34.960260 PLAYER
120 202330 18.521030 17.678680 PLAYER
120 202324 13.293230 25.482010 PLAYER
120 203918 9.772470 37.926840 PLAYER
120 203504 8.600670 16.018560 PLAYER
120 201627 10.675900 4.661600 PLAYER
120 201142 29.364420 7.681740 PLAYER
120 201566 30.168010 40.148420 PLAYER
120 201586 10.954650 41.809970 PLAYER
120 203500 26.692030 22.085660 PLAYER
132 -1 5.011090 24.772490 BALL
132 202344 24.437070 35.077130 PLAYER
132 202330 18.116200 18.051530 PLAYER
132 202324 13.061050 25.091630 PLAYER
132 203918 10.125080 37.457140 PLAYER
132 203504 8.625450 16.343640 PLAYER
132 201627 11.018450 4.863900 PLAYER
132 201142 29.446080 7.615400 PLAYER
132 201566 31.122410 40.674130 PLAYER
132 201586 11.698260 41.378270 PLAYER
132 203500 26.083380 22.210000 PLAYER
144 -1 5.124660 23.904220 BALL
144 202344 24.502450 35.270920 PLAYER
144 202330 17.705300 18.352700 PLAYER
144 202324 12.827860 24.715190 PLAYER
144 203918 10.446040 36.946430 PLAYER
144 203504 8.598290 16.653090 PLAYER
144 201627 11.437700 5.038280 PLAYER
144 201142 29.575200 7.577420 PLAYER
144 201566 32.155860 41.176160 PLAYER
144 201586 12.540990 40.946380 PLAYER
144 203500 25.845620 22.292090 PLAYER
156 -1 5.272570 23.190950 BALL
156 202344 24.573170 35.522180 PLAYER
156 202330 17.313210 18.481770 PLAYER
156 202324 12.544090 24.481690 PLAYER
156 203918 10.718740 36.408030 PLAYER
156 203504 8.499050 16.921730 PLAYER
156 201627 11.875960 5.254870 PLAYER
156 201142 29.756290 7.586050 PLAYER
156 201566 33.237640 41.611000 PLAYER
156 201586 13.497000 40.713710 PLAYER
156 203500 26.070690 22.602820 PLAYER
168 -1 5.288730 22.200600 BALL
168 202344 24.679120 35.783380 PLAYER
168 202330 17.088280 18.587590 PLAYER
168 202324 12.317170 24.211550 PLAYER
168 203918 10.924850 35.922040 PLAYER
168 203504 8.348230 17.168800 PLAYER
168 201627 12.351360 5.482550 PLAYER
168 201142 30.001790 7.663880 PLAYER
168 201566 34.411890 41.927390 PLAYER
168 201586 14.393000 40.424520 PLAYER
168 203500 26.417320 22.840710 PLAYER
180 -1 5.668280 21.288680 BALL
180 202344 24.877040 36.035250 PLAYER
180 202330 16.994570 18.662480 PLAYER
180 202324 12.126160 23.973090 PLAYER
180 203918 11.124450 35.505440 PLAYER
180 203504 8.095130 17.375130 PLAYER
180 201627 12.846470 5.749080 PLAYER
180 201142 30.319020 7.814340 PLAYER
180 201566 35.599430 42.165120 PLAYER
180 201586 14.996210 40.088480 PLAYER
180 203500 26.995510 23.111490 PLAYER
192 -1 5.808200 20.371440 BALL
192 202344 25.174050 36.223630 PLAYER
192 202330 17.027020 18.710370 PLAYER
192 202324 11.931120 23.815000 PLAYER
192 203918 11.346970 35.145780 PLAYER
192 203504 7.814660 17.435630 PLAYER
192 201627 13.415040 6.063560 PLAYER
192 201142 30.725570 8.001890 PLAYER
192 201566 36.800810 42.370060 PLAYER
192 201586 15.592410 39.839920 PLAYER
192 203500 27.745730 23.381570 PLAYER
204 -1 6.022250 19.515770 BALL
204 202344 25.575990 36.339170 PLAYER
204 202330 17.207210 18.614800 PLAYER
204 202324 11.787050 23.687030 PLAYER
204 203918 11.669170 34.906400 PLAYER
204 203504 7.596910 17.388170 PLAYER
204 201627 14.059580 6.455070 PLAYER
204 201142 31.242390 8.215250 PLAYER
204 201566 37.959470 42.462110 PLAYER
204 201586 16.331320 39.600470 PLAYER
204 203500 28.580090 23.573710 PLAYER
216 -1 6.241660 18.621430 BALL
216 202344 26.066460 36.415490 PLAYER
216 202330 17.578310 18.413380 PLAYER
216 202324 11.666990 23.700070 PLAYER
216 203918 12.159940 34.856700 PLAYER
216 203504 7.411040 17.247250 PLAYER
216 201627 14.798250 6.918870 PLAYER
216 201142 31.832210 8.401820 PLAYER
216 201566 39.120240 42.500720 PLAYER
216 201586 17.030480 39.181200 PLAYER
216 203500 29.441980 23.736920 PLAYER
228 -1 6.418020 17.609140 BALL
228 202344 26.607840 36.449000 PLAYER
228 202330 18.047650 18.078050 PLAYER
228 202324 11.540820 23.910260 PLAYER
228 203918 12.793560 34.943170 PLAYER
228 203504 7.260880 17.000360 PLAYER
228 201627 15.658960 7.281930 PLAYER
228 201142 32.492890 8.572190 PLAYER
228 201566 40.315690 42.483440 PLAYER
228 201586 17.902620 38.777350 PLAYER
228 203500 30.552730 23.978430 PLAYER
240 -1 6.611840 16.755920 BALL
240 202344 27.171660 36.431740 PLAYER
240 202330 18.556660 17.627390 PLAYER
240 202324 11.450650 24.003830 PLAYER
240 203918 13.560640 35.177090 PLAYER
240 203504 7.163520 16.669690 PLAYER
240 201627 16.592550 7.637580 PLAYER
240 201142 33.224170 8.721160 PLAYER
240 201566 41.494910 42.432430 PLAYER
240 201586 18.947320 38.424190 PLAYER
240 203500 31.746920 24.171060 PLAYER
252 -1 6.833850 15.997190 BALL
252 202344 27.797740 36.372560 PLAYER
252 202330 19.119490 17.038160 PLAYER
252 202324 11.463020 24.196620 PLAYER
252 203918 14.505520 35.613830 PLAYER
252 203504 7.086610 16.333120 PLAYER
252 201627 17.592700 8.005820 PLAYER
252 201142 34.037710 8.902770 PLAYER
252 201566 42.667390 42.305000 PLAYER
252 201586 20.037800 37.993060 PLAYER
252 203500 33.064690 24.330440 PLAYER
264 -1 6.581980 15.726260 BALL
264 202344 28.492040 36.288310 PLAYER
264 202330 19.613040 16.381440 PLAYER
264 202324 11.553510 24.470100 PLAYER
264 203918 15.572300 36.158620 PLAYER
264 203504 6.919960 16.012700 PLAYER
264 201627 18.694170 8.360650 PLAYER
264 201142 34.918120 9.106720 PLAYER
264 201566 43.846310 42.139350 PLAYER
264 201586 21.181020 37.573940 PLAYER
264 203500 34.493000 24.513470 PLAYER