0 -1 17.502770 32.742970
0 202696 14.116830 19.512580
0 202699 17.395670 32.750180
0 203506 22.493290 6.596120
0 203901 20.612050 45.372670
0 203095 31.147780 20.106400
0 201571 10.221040 34.545560
0 201142 14.008370 30.556930
0 201566 18.403490 23.211940
0 203079 14.445630 12.008230
0 203500 10.387460 23.637450
12 -1 17.205810 32.560380
12 202696 13.816980 19.701970
12 202699 16.795000 32.898990
12 203506 22.714930 6.987420
12 203901 21.326610 44.608780
12 203095 31.589560 20.264590
12 201571 10.391100 34.573730
12 201142 13.070440 30.618850
12 201566 18.487660 23.000670
12 203079 14.141040 12.227240
12 203500 10.029660 23.971670
24 -1 16.635350 32.382020
24 202696 13.522690 20.012070
24 202699 16.343800 32.968610
24 203506 22.913060 7.399750
24 203901 21.932160 43.797440
24 203095 31.976680 20.452710
24 201571 10.501240 34.679290
24 201142 12.363700 30.567840
24 201566 18.483200 22.800180
24 203079 13.821040 12.494630
24 203500 9.628670 24.271450
36 -1 15.555570 31.666870
36 202696 13.202090 20.463140
36 202699 15.980980 33.066360
36 203506 23.085200 7.844890
36 203901 22.434050 42.997860
36 203095 32.323600 20.603630
36 201571 10.529300 34.775860
36 201142 11.800980 30.460640
36 201566 18.434070 22.626380
36 203079 13.504740 12.759500
36 203500 9.338580 24.293200
48 -1 13.813740 30.793980
48 202696 12.909170 21.114360
48 202699 15.661390 33.231250
48 203506 23.243520 8.298960
48 203901 22.824160 42.227630
48 203095 32.672590 20.708360
48 201571 10.533300 34.796750
48 201142 11.573530 30.408410
48 201566 18.321280 22.445690
48 203079 13.177710 13.066810
48 203500 9.060980 24.165900
60 -1 12.546970 29.794610
60 202696 12.619500 21.922440
60 202699 15.430090 33.413290
60 203506 23.390930 8.753010
60 203901 23.161680 41.487940
60 203095 33.013140 20.764620
60 201571 10.583980 34.801320
60 201142 11.578360 30.297480
60 201566 18.119970 22.312590
60 203079 12.857940 13.374210
60 203500 8.859840 24.032260
72 -1 11.060100 28.953060
72 202696 12.277930 22.865900
72 202699 15.444350 33.604150
72 203506 23.508430 9.231520
72 203901 23.444600 40.748420
72 203095 33.394980 20.759950
72 201571 10.653050 34.851280
72 201142 11.637550 30.236890
72 201566 17.847240 22.204650
72 203079 12.526670 13.697190
72 203500 9.022810 23.848050
84 -1 9.608280 28.054010
84 202696 11.859310 23.898940
84 202699 15.668780 33.820040
84 203506 23.553120 9.722880
84 203901 23.652730 40.017550
84 203095 33.833730 20.713790
84 201571 10.743960 34.987820
84 201142 11.730260 30.232160
84 201566 17.538490 22.122200
84 203079 12.171710 14.062910
84 203500 9.276180 23.704820
96 -1 8.224610 27.081490
96 202696 11.465900 24.906180
96 202699 15.982300 34.096720
96 203506 23.555280 10.228340
96 203901 23.834050 39.300420
96 203095 34.310140 20.683750
96 201571 10.893610 35.185070
96 201142 11.896850 30.288930
96 201566 17.158690 22.088810
96 203079 11.808280 14.488970
96 203500 9.498130 23.702960
108 -1 6.794780 26.391020
108 202696 11.122040 25.703870
108 202699 16.492920 34.316160
108 203506 23.539080 10.736360
108 203901 23.989580 38.659620
108 203095 34.756000 20.688830
108 201571 11.023740 35.476970
108 201142 11.901040 30.331540
108 201566 16.725450 22.122170
108 203079 11.463860 14.920750
108 203500 9.892100 24.299750
120 -1 5.757920 25.391560
120 202696 10.696900 26.580800
120 202699 17.300490 34.349630
120 203506 23.500390 11.247900
120 203901 24.057050 38.082440
120 203095 35.259770 20.714360
120 201571 11.129970 35.829610
120 201142 11.834730 30.358080
120 201566 16.315340 22.169410
120 203079 11.139600 15.363570
120 203500 10.086220 25.261690
132 -1 5.166450 24.837440
132 202696 10.387230 27.287360
132 202699 18.125850 34.326080
132 203506 23.467390 11.752510
132 203901 24.104140 37.567060
132 203095 35.754270 20.815610
132 201571 11.232590 36.207640
132 201142 11.796970 30.382520
132 201566 15.910020 22.233090
132 203079 10.828930 15.803200
132 203500 9.848900 26.305660
144 -1 5.213860 24.434120
144 202696 10.121810 27.717130
144 202699 18.858580 34.441750
144 203506 23.460060 12.238190
144 203901 24.202710 37.110400
144 203095 36.251530 20.928170
144 201571 11.326470 36.604080
144 201142 11.835560 30.366390
144 201566 15.466150 22.330380
144 203079 10.480910 16.274650
144 203500 9.620190 27.383340
156 -1 5.307890 24.177230
156 202696 10.004180 28.171340
156 202699 19.654020 34.603690
156 203506 23.498490 12.687310
156 203901 24.324050 36.668160
156 203095 36.792180 21.044190
156 201571 11.424620 37.027330
156 201142 11.897960 30.391740
156 201566 14.989200 22.424090
156 203079 10.106790 16.804380
156 203500 9.400260 28.526350
168 -1 5.306220 24.194720
168 202696 9.959630 28.526960
168 202699 20.507460 34.765120
168 203506 23.537520 13.116230
168 203901 24.509260 36.251550
168 203095 37.398810 21.106750
168 201571 11.551000 37.504090
168 201142 12.084700 30.380520
168 201566 14.463470 22.457880
168 203079 9.636340 17.385090
168 203500 9.103450 28.925080
180 -1 5.502100 23.910900
180 202696 10.149890 28.700110
180 202699 21.307920 34.953620
180 203506 23.581890 13.517040
180 203901 24.796530 35.843310
180 203095 38.006620 21.162370
180 201571 11.715890 38.027540
180 201142 12.414340 30.388510
180 201566 13.863330 22.411390
180 203079 9.029700 18.100890
180 203500 8.908230 29.194400
192 -1 5.563140 23.849990
192 202696 10.387740 28.880260
192 202699 22.172160 35.195770
192 203506 23.606290 13.877240
192 203901 25.263200 35.482250
192 203095 38.679730 21.169410
192 201571 11.931280 38.589420
192 201142 12.828490 30.382980
192 201566 13.205580 22.304050
192 203079 8.315450 18.920180
192 203500 8.892760 29.432930
204 -1 5.772200 23.426170
204 202696 10.766230 29.184410
204 202699 23.222550 35.214550
204 203506 23.620120 14.210890
204 203901 25.828350 35.198140
204 203095 39.436490 21.157880
204 201571 12.208950 39.161880
204 201142 13.313640 30.319880
204 201566 12.586440 22.155970
204 203079 7.582930 19.786760
204 203500 8.842720 29.472300
216 -1 6.396840 23.093440
216 202696 11.100440 29.370290
216 202699 24.336330 35.053980
216 203506 23.623850 14.514790
216 203901 26.512820 35.046300
216 203095 40.265610 21.147650
216 201571 12.519490 39.756980
216 201142 13.920090 30.178930
216 201566 12.027610 21.986570
216 203079 6.767580 20.587540
216 203500 8.856460 29.357490
228 -1 5.947550 23.358610
228 202696 11.471780 29.638220
228 202699 25.464480 34.757800
228 203506 23.656410 14.795820
228 203901 27.245390 35.060270
228 203095 41.148770 21.170350
228 201571 12.865950 40.351370
228 201142 14.626900 30.016950
228 201566 11.524070 21.826460
228 203079 5.940350 21.381490
228 203500 8.911620 29.501360
240 -1 4.829020 23.105980
240 202696 11.872290 29.798160
240 202699 26.422770 34.661880
240 203506 23.767030 15.086440
240 203901 28.108620 35.190990
240 203095 42.101070 21.189370
240 201571 13.253480 40.954450
240 201142 15.370460 29.772300
240 201566 11.088800 21.702640
240 203079 5.257610 22.088140
240 203500 9.120690 29.216310