0 -1 65.157890 29.985940
0 203476 88.443320 17.401990
0 203498 68.265890 30.124140
0 203897 84.243650 14.939880
0 203952 73.526270 18.512580
0 1626157 75.209480 34.908640
0 201142 65.164050 30.796180
0 201566 62.211390 7.049130
0 201586 70.548080 39.264790
0 203079 86.396360 2.213090
0 203500 90.427960 13.930160
12 -1 66.421310 29.464490
12 203476 88.695470 17.165960
12 203498 68.850150 29.488680
12 203897 84.271030 15.219500
12 203952 73.481490 18.477250
12 1626157 75.722520 34.993330
12 201142 65.581970 30.247770
12 201566 62.641730 7.217630
12 201586 71.108530 39.162510
12 203079 86.383820 2.229410
12 203500 90.516750 14.032440
24 -1 68.873790 29.184140
24 203476 88.905160 16.971120
24 203498 69.470570 28.945080
24 203897 84.284440 15.593180
24 203952 73.381540 18.351190
24 1626157 76.312980 34.979470
24 201142 66.041590 29.946130
24 201566 63.009530 7.502710
24 201586 71.527520 38.940000
24 203079 86.378420 2.243880
24 203500 90.613900 14.067400
36 -1 71.391090 28.508960
36 203476 89.145700 16.830880
36 203498 69.982930 28.633870
36 203897 84.280720 16.039010
36 203952 73.240290 18.163190
36 1626157 77.060200 34.864510
36 201142 66.479630 29.534520
36 201566 63.412460 7.817320
36 201586 71.863360 38.664410
36 203079 86.378810 2.255780
36 203500 90.733830 13.994680
48 -1 74.024730 28.107860
48 203476 89.344930 16.749410
48 203498 70.347790 28.433910
48 203897 84.266830 16.533200
48 203952 73.077370 17.980490
48 1626157 77.753540 34.591260
48 201142 66.830100 28.925630
48 201566 63.851730 8.291970
48 201586 72.212910 38.335610
48 203079 86.377250 2.258560
48 203500 90.881190 13.839640
60 -1 76.224970 27.602290
60 203476 89.511820 16.589490
60 203498 70.526190 28.362900
60 203897 84.245530 17.105820
60 203952 72.909270 17.843580
60 1626157 78.425720 34.199910
60 201142 67.066690 28.151380
60 201566 64.261280 8.671190
60 201586 72.415140 37.955770
60 203079 86.384870 2.272190
60 203500 91.033170 13.578550
72 -1 78.973440 27.137240
72 203476 89.582720 16.517390
72 203498 70.689150 28.433040
72 203897 84.162740 17.670170
72 203952 72.733360 17.740040
72 1626157 79.178900 33.667080
72 201142 67.205500 27.245980
72 201566 64.705460 9.049860
72 201586 72.564610 37.566640
72 203079 86.400080 2.287720
72 203500 91.239070 13.262100
84 -1 81.457290 26.631600
84 203476 89.611870 16.569220
84 203498 70.703570 28.495060
84 203897 84.090760 18.323910
84 203952 72.523300 17.633450
84 1626157 79.889070 33.072550
84 201142 67.167520 26.169080
84 201566 65.181520 9.382650
84 201586 72.759360 37.252650
84 203079 86.417090 2.310360
84 203500 91.534650 12.981490
96 -1 83.844790 26.211070
96 203476 89.522660 16.717130
96 203498 70.730910 28.478310
96 203897 84.025610 18.991590
96 203952 72.264520 17.519280
96 1626157 80.321700 32.320070
96 201142 67.099810 25.093080
96 201566 65.615790 9.741740
96 201586 72.910790 36.944530
96 203079 86.431760 2.336050
96 203500 91.834180 12.710080
108 -1 86.246850 25.755430
108 203476 89.356260 16.864140
108 203498 70.793050 28.454720
108 203897 83.962730 19.645210
108 203952 71.960860 17.361800
108 1626157 80.831150 31.521280
108 201142 67.022920 24.029700
108 201566 66.025140 10.093900
108 201586 73.002420 36.644710
108 203079 86.440060 2.369040
108 203500 92.134330 12.453870
120 -1 88.609790 25.342680
120 203476 89.113240 17.094320
120 203498 70.817800 28.449690
120 203897 83.886190 20.353720
120 203952 71.627830 17.146150
120 1626157 81.215640 30.653720
120 201142 66.802780 23.044260
120 201566 66.437880 10.510640
120 201586 73.030560 36.406720
120 203079 86.432720 2.413850
120 203500 92.409960 12.219850
132 -1 88.889920 24.652850
132 203476 88.866290 17.265670
132 203498 70.808350 28.463440
132 203897 83.919070 21.107370
132 203952 71.275090 16.863910
132 1626157 81.680100 29.810880
132 201142 66.381610 22.152280
132 201566 66.803240 10.991260
132 201586 72.975910 36.212590
132 203079 86.398400 2.467180
132 203500 92.539910 12.046710
144 -1 88.560840 23.916900
144 203476 88.560240 17.439920
144 203498 70.751570 28.474770
144 203897 84.020020 21.709520
144 203952 70.934410 16.540900
144 1626157 82.176370 28.910930
144 201142 65.885060 21.408940
144 201566 67.086890 11.504160
144 201586 72.806820 36.014740
144 203079 86.309030 2.533450
144 203500 92.426120 11.906410
156 -1 88.326300 23.221290
156 203476 88.299820 17.584260
156 203498 70.579450 28.522590
156 203897 84.174730 22.187870
156 203952 70.594400 16.154190
156 1626157 82.813500 28.171710
156 201142 65.197470 20.766090
156 201566 67.261700 12.076910
156 201586 72.477230 35.824120
156 203079 86.115260 2.622280
156 203500 92.149070 11.882740
168 -1 87.934070 22.575610
168 203476 88.051280 17.807670
168 203498 70.274030 28.601690
168 203897 84.415020 22.602560
168 203952 70.241750 15.690680
168 1626157 83.352230 27.510150
168 201142 64.297590 20.233220
168 201566 67.221060 12.855910
168 201586 71.968720 35.658630
168 203079 85.819710 2.742180
168 203500 91.592990 11.996850
180 -1 87.828190 21.756300
180 203476 87.787050 18.117480
180 203498 69.834810 28.704160
180 203897 84.812350 22.875770
180 203952 69.813210 15.194160
180 1626157 83.898820 26.929530
180 201142 63.359840 19.798590
180 201566 67.023130 13.503450
180 201586 71.368480 35.492440
180 203079 85.428950 2.862320
180 203500 90.857100 12.220990
192 -1 87.523160 21.163720
192 203476 87.461500 18.520200
192 203498 69.220290 28.860750
192 203897 85.281630 22.958410
192 203952 69.317690 14.676130
192 1626157 84.333260 26.381560
192 201142 62.456340 19.378320
192 201566 66.577600 14.207410
192 201586 70.726550 35.313880
192 203079 84.862530 2.983050
192 203500 89.995970 12.481260
204 -1 87.151130 20.497910
204 203476 87.139490 19.030610
204 203498 68.294000 29.184400
204 203897 85.780830 23.046880
204 203952 68.623670 14.132020
204 1626157 84.608660 25.980440
204 201142 61.441810 18.966620
204 201566 65.998320 14.919360
204 201586 69.991710 35.117760
204 203079 84.142140 3.145210
204 203500 89.028540 12.805650
216 -1 86.906720 20.641320
216 203476 86.779880 19.439400
216 203498 67.364320 29.502910
216 203897 86.267290 23.132680
216 203952 67.769320 13.568420
216 1626157 84.667590 25.691520
216 201142 60.373710 18.636090
216 201566 65.353560 15.431050
216 201586 69.191550 34.998270
216 203079 83.363870 3.363210
216 203500 87.889110 13.147470
228 -1 86.617820 20.844190
228 203476 86.541370 19.893100
228 203498 66.128110 29.985510
228 203897 86.737800 23.272540
228 203952 66.826830 13.070850
228 1626157 84.652980 25.502910
228 201142 59.293110 18.412300
228 201566 64.725940 15.814730
228 201586 68.347590 34.900850
228 203079 82.519810 3.629260
228 203500 86.695580 13.483900
240 -1 86.251910 21.416380
240 203476 86.221220 20.357580
240 203498 64.784370 30.547880
240 203897 87.093920 23.482630
240 203952 65.685960 12.552020
240 1626157 84.568660 25.471450
240 201142 58.115480 18.256330
240 201566 64.057920 16.376820
240 201586 67.424680 34.812450
240 203079 81.547810 3.973430
240 203500 85.376440 13.832260