0 -1 89.657190 2.434810 BALL
0 2594 67.342000 8.567570 PLAYER
0 201143 86.014410 22.380710 PLAYER
0 200757 89.509030 2.179330 PLAYER
0 203118 86.838120 47.292080 PLAYER
0 203471 64.670900 44.308610 PLAYER
0 201627 79.121440 13.304490 PLAYER
0 201142 86.868840 34.110360 PLAYER
0 201566 85.738890 25.025060 PLAYER
0 201586 85.558800 26.875240 PLAYER
0 203079 71.801120 42.077960 PLAYER
12 -1 89.735210 2.774510 BALL
12 2594 67.136370 8.541160 PLAYER
12 201143 86.282110 22.036690 PLAYER
12 200757 89.589490 2.220930 PLAYER
12 203118 85.780300 47.153410 PLAYER
12 203471 64.484960 43.821980 PLAYER
12 201627 78.812880 13.448900 PLAYER
12 201142 87.009680 33.797980 PLAYER
12 201566 85.897720 24.784890 PLAYER
12 201586 85.709230 26.671740 PLAYER
12 203079 72.013670 41.705340 PLAYER
24 -1 89.839390 3.119840 BALL
24 2594 66.868650 8.509530 PLAYER
24 201143 86.406980 21.720600 PLAYER
24 200757 89.676700 2.317230 PLAYER
24 203118 84.639360 47.048650 PLAYER
24 203471 64.284670 43.324060 PLAYER
24 201627 78.444370 13.690640 PLAYER
24 201142 87.134870 33.506490 PLAYER
24 201566 86.109390 24.367640 PLAYER
24 201586 85.805400 26.436460 PLAYER
24 203079 72.302620 41.208220 PLAYER
36 -1 90.527000 2.538700 BALL
36 2594 66.540390 8.491730 PLAYER
36 201143 86.455510 21.509950 PLAYER
36 200757 89.771110 2.429720 PLAYER
36 203118 83.445980 46.914800 PLAYER
36 203471 64.079350 42.816860 PLAYER
36 201627 78.039680 13.936620 PLAYER
36 201142 87.208140 33.231510 PLAYER
36 201566 86.258390 23.948860 PLAYER
36 201586 85.905460 26.218040 PLAYER
36 203079 72.600610 40.647230 PLAYER
48 -1 90.062220 6.076770 BALL
48 2594 66.191160 8.511640 PLAYER
48 201143 86.460650 21.345490 PLAYER
48 200757 89.853240 2.521620 PLAYER
48 203118 82.070200 46.891440 PLAYER
48 203471 63.869630 42.317980 PLAYER
48 201627 77.593440 14.143500 PLAYER
48 201142 87.216220 32.959270 PLAYER
48 201566 86.444470 23.578340 PLAYER
48 201586 86.001770 25.973450 PLAYER
48 203079 72.904500 40.080410 PLAYER
60 -1 89.674820 9.275310 BALL
60 2594 65.864580 8.610330 PLAYER
60 201143 86.418590 21.263480 PLAYER
60 200757 89.969390 2.602680 PLAYER
60 203118 80.775770 46.788190 PLAYER
60 203471 63.623880 41.829840 PLAYER
60 201627 77.113700 14.314890 PLAYER
60 201142 87.174490 32.677170 PLAYER
60 201566 86.696980 23.098530 PLAYER
60 201586 86.068870 25.673620 PLAYER
60 203079 73.178030 39.511900 PLAYER
72 -1 89.365010 12.167990 BALL
72 2594 65.524230 8.793300 PLAYER
72 201143 86.390830 21.167080 PLAYER
72 200757 90.023080 2.633450 PLAYER
72 203118 79.547080 46.415120 PLAYER
72 203471 63.361710 41.354550 PLAYER
72 201627 76.612450 14.451040 PLAYER
72 201142 87.116500 32.397220 PLAYER
72 201566 86.943070 22.700420 PLAYER
72 201586 86.102710 25.365450 PLAYER
72 203079 73.423100 38.960460 PLAYER
84 -1 89.133010 14.788490 BALL
84 2594 65.189350 9.026160 PLAYER
84 201143 86.401030 21.050150 PLAYER
84 200757 90.073270 2.609010 PLAYER
84 203118 78.198150 45.950170 PLAYER
84 203471 63.090390 40.869820 PLAYER
84 201627 76.076570 14.530550 PLAYER
84 201142 87.079640 32.135810 PLAYER
84 201566 87.185740 22.357970 PLAYER
84 201586 86.099780 25.100660 PLAYER
84 203079 73.650240 38.429890 PLAYER
96 -1 88.979030 17.170490 BALL
96 2594 64.842260 9.295570 PLAYER
96 201143 86.441620 20.930000 PLAYER
96 200757 90.126020 2.554490 PLAYER
96 203118 76.756960 45.481510 PLAYER
96 203471 62.813630 40.388170 PLAYER
96 201627 75.516160 14.569410 PLAYER
96 201142 87.093510 31.891990 PLAYER
96 201566 87.387340 22.139080 PLAYER
96 201586 86.111430 24.841190 PLAYER
96 203079 73.869040 37.909710 PLAYER
108 -1 88.903300 19.347660 BALL
108 2594 64.469000 9.598340 PLAYER
108 201143 86.481390 20.820200 PLAYER
108 200757 90.164820 2.503550 PLAYER
108 203118 75.274090 44.967240 PLAYER
108 203471 62.538570 39.874980 PLAYER
108 201627 74.947680 14.590940 PLAYER
108 201142 87.180300 31.660060 PLAYER
108 201566 87.610860 21.917480 PLAYER
108 201586 86.093810 24.615710 PLAYER
108 203079 74.091040 37.437610 PLAYER
120 -1 88.989700 21.239660 BALL
120 2594 64.047900 9.928520 PLAYER
120 201143 86.546560 20.709680 PLAYER
120 200757 90.151700 2.487310 PLAYER
120 203118 73.739270 44.376000 PLAYER
120 203471 62.256370 39.356490 PLAYER
120 201627 74.380850 14.587420 PLAYER
120 201142 87.281720 31.436660 PLAYER
120 201566 87.811300 21.708600 PLAYER
120 201586 86.027370 24.335210 PLAYER
120 203079 74.314090 37.000200 PLAYER
132 -1 88.939770 23.264510 BALL
132 2594 63.572690 10.301400 PLAYER
132 201143 86.602690 20.676350 PLAYER
132 200757 90.146580 2.535150 PLAYER
132 203118 72.074100 44.154990 PLAYER
132 203471 61.967540 38.831510 PLAYER
132 201627 73.829600 14.556230 PLAYER
132 201142 87.365920 31.245640 PLAYER
132 201566 87.970940 21.676360 PLAYER
132 201586 85.969150 24.121150 PLAYER
132 203079 74.519740 36.601990 PLAYER
144 -1 88.907060 24.830760 BALL
144 2594 63.047420 10.725820 PLAYER
144 201143 86.633230 20.690150 PLAYER
144 200757 90.134170 2.627230 PLAYER
144 203118 70.416460 43.958540 PLAYER
144 203471 61.656780 38.331670 PLAYER
144 201627 73.286840 14.515180 PLAYER
144 201142 87.473540 31.030390 PLAYER
144 201566 88.130290 21.776750 PLAYER
144 201586 85.877320 23.988390 PLAYER
144 203079 74.682990 36.204860 PLAYER
156 -1 88.535770 26.056950 BALL
156 2594 62.467770 11.211020 PLAYER
156 201143 86.639290 20.690650 PLAYER
156 200757 90.082270 2.750770 PLAYER
156 203118 68.724050 43.853600 PLAYER
156 203471 61.304800 37.838920 PLAYER
156 201627 72.731420 14.470250 PLAYER
156 201142 87.572850 30.809730 PLAYER
156 201566 88.295640 21.782120 PLAYER
156 201586 85.730860 23.921340 PLAYER
156 203079 74.784520 35.818600 PLAYER
168 -1 88.725720 26.524800 BALL
168 2594 61.847230 11.701820 PLAYER
168 201143 86.597270 20.697750 PLAYER
168 200757 89.988750 2.940500 PLAYER
168 203118 67.028000 43.640760 PLAYER
168 203471 60.926590 37.375260 PLAYER
168 201627 72.141640 14.406330 PLAYER
168 201142 87.593700 30.643180 PLAYER
168 201566 88.417100 21.809390 PLAYER
168 201586 85.553890 23.867110 PLAYER
168 203079 74.807010 35.497420 PLAYER
180 -1 88.327540 27.954840 BALL
180 2594 61.170270 12.209040 PLAYER
180 201143 86.508870 20.676030 PLAYER
180 200757 89.875500 3.111280 PLAYER
180 203118 65.360160 43.430600 PLAYER
180 203471 60.545520 36.910410 PLAYER
180 201627 71.486640 14.306810 PLAYER
180 201142 87.568770 30.530350 PLAYER
180 201566 88.457380 21.873210 PLAYER
180 201586 85.419710 23.935740 PLAYER
180 203079 74.748130 35.269290 PLAYER
192 -1 87.964510 30.027590 BALL
192 2594 60.357970 12.748120 PLAYER
192 201143 86.386810 20.620050 PLAYER
192 200757 89.655580 3.299630 PLAYER
192 203118 63.672660 43.122890 PLAYER
192 203471 60.164020 36.429090 PLAYER
192 201627 70.754790 14.149250 PLAYER
192 201142 87.534040 30.438400 PLAYER
192 201566 88.472250 21.862530 PLAYER
192 201586 85.190520 24.069000 PLAYER
192 203079 74.633880 35.111190 PLAYER
204 -1 88.047540 31.215530 BALL
204 2594 59.502310 13.275750 PLAYER
204 201143 86.145820 20.562100 PLAYER
204 200757 89.228040 3.599840 PLAYER
204 203118 61.925790 42.797560 PLAYER
204 203471 59.726500 35.948010 PLAYER
204 201627 69.915590 13.942920 PLAYER
204 201142 87.415190 30.404400 PLAYER
204 201566 88.484260 21.772890 PLAYER
204 201586 84.903260 24.246820 PLAYER
204 203079 74.491590 35.056060 PLAYER
216 -1 87.948820 31.424570 BALL
216 2594 58.552880 13.798680 PLAYER
216 201143 85.755700 20.536380 PLAYER
216 200757 88.617710 4.030740 PLAYER
216 203118 60.197500 42.360260 PLAYER
216 203471 59.253030 35.467750 PLAYER
216 201627 68.981820 13.666210 PLAYER
216 201142 87.254480 30.412530 PLAYER
216 201566 88.491740 21.677500 PLAYER
216 201586 84.554710 24.468240 PLAYER
216 203079 74.271680 35.199000 PLAYER
228 -1 88.530020 31.227170 BALL
228 2594 57.499850 14.329310 PLAYER
228 201143 85.238500 20.506820 PLAYER
228 200757 87.807330 4.528980 PLAYER
228 203118 58.473180 41.910800 PLAYER
228 203471 58.685560 34.960600 PLAYER
228 201627 68.009040 13.313590 PLAYER
228 201142 86.946650 30.413060 PLAYER
228 201566 88.483640 21.452040 PLAYER
228 201586 84.125390 24.763900 PLAYER
228 203079 73.922840 35.477690 PLAYER
240 -1 87.935210 29.938320 BALL
240 2594 56.341480 14.834290 PLAYER
240 201143 84.540600 20.572230 PLAYER
240 200757 86.759810 5.122850 PLAYER
240 203118 56.767070 41.415480 PLAYER
240 203471 57.995910 34.416750 PLAYER
240 201627 66.952450 12.889220 PLAYER
240 201142 86.433790 30.446450 PLAYER
240 201566 88.484810 21.149140 PLAYER
240 201586 83.530950 25.138530 PLAYER
240 203079 73.439530 35.861490 PLAYER
252 -1 85.958890 29.538960 BALL
252 2594 55.136510 15.270360 PLAYER
252 201143 83.683900 20.631520 PLAYER
252 200757 85.531250 5.778930 PLAYER
252 203118 55.095220 40.865600 PLAYER
252 203471 57.221460 33.903870 PLAYER
252 201627 65.691860 12.438560 PLAYER
252 201142 85.800400 30.491960 PLAYER
252 201566 88.466440 20.742840 PLAYER
252 201586 82.901180 25.672990 PLAYER
252 203079 72.801430 36.398500 PLAYER