0 -1 72.993010 28.991600 BALL
0 201155 67.412560 28.818960 PLAYER
0 101139 83.788850 24.357180 PLAYER
0 101145 70.436730 13.796190 PLAYER
0 202331 84.702810 14.843640 PLAYER
0 1626167 82.142460 32.636240 PLAYER
0 202699 85.289750 20.527100 PLAYER
0 203506 72.400300 27.641400 PLAYER
0 203473 76.888220 35.447590 PLAYER
0 203901 66.096990 4.255320 PLAYER
0 203095 85.823140 2.083460 PLAYER
12 -1 74.935690 28.553030 BALL
12 201155 67.808430 29.860880 PLAYER
12 101139 83.674400 24.274730 PLAYER
12 101145 70.576210 13.909450 PLAYER
12 202331 84.887430 15.512680 PLAYER
12 1626167 82.189340 32.600050 PLAYER
12 202699 85.695420 19.978560 PLAYER
12 203506 74.001460 27.511570 PLAYER
12 203473 76.666310 35.597770 PLAYER
12 203901 66.120270 4.386570 PLAYER
12 203095 85.050760 2.150320 PLAYER
24 -1 76.676650 27.069580 BALL
24 201155 68.375630 30.710550 PLAYER
24 101139 83.687270 24.234480 PLAYER
24 101145 70.715000 14.058150 PLAYER
24 202331 85.094250 16.055760 PLAYER
24 1626167 82.292220 32.399750 PLAYER
24 202699 86.088210 19.713240 PLAYER
24 203506 75.597620 27.502050 PLAYER
24 203473 76.424520 35.865370 PLAYER
24 203901 66.097580 4.552560 PLAYER
24 203095 84.190780 2.162820 PLAYER
36 -1 77.768510 26.275040 BALL
36 201155 69.034810 31.373830 PLAYER
36 101139 83.731610 24.182980 PLAYER
36 101145 70.828810 14.226300 PLAYER
36 202331 85.341530 16.806910 PLAYER
36 1626167 82.486560 32.113310 PLAYER
36 202699 86.516730 19.640580 PLAYER
36 203506 77.386430 27.896450 PLAYER
36 203473 76.302490 36.154140 PLAYER
36 203901 66.011870 4.764290 PLAYER
36 203095 83.227840 2.137530 PLAYER
48 -1 78.185630 26.383300 BALL
48 201155 69.751340 31.902690 PLAYER
48 101139 83.721750 24.084030 PLAYER
48 101145 70.907890 14.399200 PLAYER
48 202331 85.641080 17.536250 PLAYER
48 1626167 82.881520 31.773870 PLAYER
48 202699 86.957790 19.744530 PLAYER
48 203506 78.997020 28.341620 PLAYER
48 203473 76.291970 36.394120 PLAYER
48 203901 65.877620 5.017110 PLAYER
48 203095 82.291840 2.179900 PLAYER
60 -1 79.136250 26.361830 BALL
60 201155 70.444690 32.428830 PLAYER
60 101139 83.639390 23.930190 PLAYER
60 101145 70.944180 14.569290 PLAYER
60 202331 85.953480 18.188590 PLAYER
60 1626167 83.247000 31.352600 PLAYER
60 202699 87.234700 19.917430 PLAYER
60 203506 80.382760 28.779280 PLAYER
60 203473 76.303080 36.632140 PLAYER
60 203901 65.692240 5.328000 PLAYER
60 203095 81.361680 2.246420 PLAYER
72 -1 80.243930 26.279510 BALL
72 201155 71.080800 32.804830 PLAYER
72 101139 83.565300 23.757470 PLAYER
72 101145 70.950880 14.745860 PLAYER
72 202331 86.247240 18.722210 PLAYER
72 1626167 83.593200 30.907550 PLAYER
72 202699 87.428040 20.155930 PLAYER
72 203506 81.548900 29.247780 PLAYER
72 203473 76.342790 36.788310 PLAYER
72 203901 65.477160 5.677100 PLAYER
72 203095 80.455030 2.338240 PLAYER
84 -1 81.631940 26.183310 BALL
84 201155 71.670370 33.127360 PLAYER
84 101139 83.417700 23.544640 PLAYER
84 101145 70.898840 14.917520 PLAYER
84 202331 86.577610 19.166580 PLAYER
84 1626167 83.906050 30.566060 PLAYER
84 202699 87.715100 20.608380 PLAYER
84 203506 82.563680 29.477170 PLAYER
84 203473 76.369540 36.876830 PLAYER
84 203901 65.234420 6.050850 PLAYER
84 203095 79.590330 2.501520 PLAYER
96 -1 82.800870 26.118290 BALL
96 201155 72.202610 33.388970 PLAYER
96 101139 83.238390 23.355310 PLAYER
96 101145 70.831950 15.086960 PLAYER
96 202331 86.898630 19.575720 PLAYER
96 1626167 84.141570 30.286480 PLAYER
96 202699 87.935610 21.100390 PLAYER
96 203506 83.095000 29.308920 PLAYER
96 203473 76.246080 36.871990 PLAYER
96 203901 64.978050 6.441880 PLAYER
96 203095 78.831890 2.683400 PLAYER
108 -1 84.259560 25.988780 BALL
108 201155 72.690410 33.558700 PLAYER
108 101139 83.139600 23.186580 PLAYER
108 101145 70.791420 15.239700 PLAYER
108 202331 87.163040 19.955590 PLAYER
108 1626167 84.400230 29.945400 PLAYER
108 202699 88.057380 21.554640 PLAYER
108 203506 83.683650 29.108700 PLAYER
108 203473 75.968270 36.821680 PLAYER
108 203901 64.666570 6.866220 PLAYER
108 203095 78.113140 2.867250 PLAYER
120 -1 85.221400 25.962310 BALL
120 201155 73.167160 33.581760 PLAYER
120 101139 83.181840 23.085650 PLAYER
120 101145 70.815990 15.368660 PLAYER
120 202331 87.370380 20.363580 PLAYER
120 1626167 84.815330 29.571330 PLAYER
120 202699 88.252770 22.038350 PLAYER
120 203506 84.330900 28.970760 PLAYER
120 203473 75.620010 36.871280 PLAYER
120 203901 64.315730 7.279850 PLAYER
120 203095 77.448280 3.094260 PLAYER
132 -1 86.896030 25.783650 BALL
132 201155 73.578230 33.565300 PLAYER
132 101139 83.329620 22.997080 PLAYER
132 101145 70.893200 15.462450 PLAYER
132 202331 87.528660 20.789490 PLAYER
132 1626167 85.201380 29.203640 PLAYER
132 202699 88.332820 22.562010 PLAYER
132 203506 85.006900 28.787070 PLAYER
132 203473 75.174950 36.950150 PLAYER
132 203901 63.926210 7.675980 PLAYER
132 203095 76.813580 3.325780 PLAYER
144 -1 88.020480 25.701280 BALL
144 201155 73.970490 33.536330 PLAYER
144 101139 83.501030 22.893210 PLAYER
144 101145 71.050170 15.512140 PLAYER
144 202331 87.586170 21.182450 PLAYER
144 1626167 85.635640 28.850990 PLAYER
144 202699 88.143960 22.901950 PLAYER
144 203506 85.557520 28.675220 PLAYER
144 203473 74.734070 37.024600 PLAYER
144 203901 63.581630 8.058480 PLAYER
144 203095 76.106820 3.550050 PLAYER
156 -1 88.220380 26.332330 BALL
156 201155 74.372010 33.534680 PLAYER
156 101139 83.797480 22.725570 PLAYER
156 101145 71.234680 15.532980 PLAYER
156 202331 87.530600 21.541140 PLAYER
156 1626167 86.030960 28.300900 PLAYER
156 202699 88.251810 23.289840 PLAYER
156 203506 86.051820 28.273430 PLAYER
156 203473 74.322400 37.091770 PLAYER
156 203901 63.255140 8.467440 PLAYER
156 203095 75.375160 3.810240 PLAYER
168 -1 88.304330 27.190800 BALL
168 201155 74.737600 33.556810 PLAYER
168 101139 84.098510 22.589220 PLAYER
168 101145 71.389380 15.537790 PLAYER
168 202331 87.422890 21.791590 PLAYER
168 1626167 86.309720 27.788240 PLAYER
168 202699 88.392560 23.706070 PLAYER
168 203506 86.309720 27.788240 PLAYER
168 203473 73.870810 37.167060 PLAYER
168 203901 62.962630 8.872100 PLAYER
168 203095 74.617130 4.076320 PLAYER
180 -1 88.412250 27.827350 BALL
180 201155 75.096930 33.680050 PLAYER
180 101139 84.285810 22.433400 PLAYER
180 101145 71.469220 15.542130 PLAYER
180 202331 87.225000 21.944240 PLAYER
180 1626167 86.564250 27.442890 PLAYER
180 202699 88.673670 24.165260 PLAYER
180 203506 86.564250 27.442890 PLAYER
180 203473 73.331320 37.130360 PLAYER
180 203901 62.684820 9.298490 PLAYER
180 203095 73.827380 4.347810 PLAYER
192 -1 88.503610 28.539400 BALL
192 201155 75.499810 33.920270 PLAYER
192 101139 84.322770 22.358330 PLAYER
192 101145 71.466290 15.554580 PLAYER
192 202331 86.911970 21.998350 PLAYER
192 1626167 86.829140 27.244940 PLAYER
192 202699 89.129540 24.600210 PLAYER
192 203506 86.829140 27.244940 PLAYER
192 203473 72.692630 37.050710 PLAYER
192 203901 62.430130 9.770970 PLAYER
192 203095 73.016590 4.653140 PLAYER
204 -1 88.430410 29.153830 BALL
204 201155 75.930580 34.223060 PLAYER
204 101139 84.349640 22.241800 PLAYER
204 101145 71.408120 15.563020 PLAYER
204 202331 86.609130 21.957890 PLAYER
204 1626167 87.034700 27.097050 PLAYER
204 202699 89.617560 25.075800 PLAYER
204 203506 87.034700 27.097050 PLAYER
204 203473 71.973260 36.956080 PLAYER
204 203901 62.093310 10.294060 PLAYER
204 203095 72.240190 4.976950 PLAYER
216 -1 87.954170 28.875710 BALL
216 201155 76.346860 34.537730 PLAYER
216 101139 84.344800 22.018240 PLAYER
216 101145 71.328460 15.568960 PLAYER
216 202331 86.555810 21.801310 PLAYER
216 1626167 87.489590 27.336570 PLAYER
216 202699 89.776700 25.334310 PLAYER
216 203506 87.287590 27.363260 PLAYER
216 203473 71.212880 36.841190 PLAYER
216 203901 61.703000 10.772170 PLAYER
216 203095 71.408700 5.268650 PLAYER
228 -1 86.861570 28.310180 BALL
228 201155 76.761710 34.906870 PLAYER
228 101139 84.240250 21.684560 PLAYER
228 101145 71.259750 15.569690 PLAYER
228 202331 86.591260 21.534130 PLAYER
228 1626167 87.821770 27.699790 PLAYER
228 202699 89.953620 25.572870 PLAYER
228 203506 87.619770 27.726480 PLAYER
228 203473 70.450280 36.679180 PLAYER
228 203901 61.261570 11.216620 PLAYER
228 203095 70.531170 5.595050 PLAYER
240 -1 87.349180 28.623410 BALL
240 201155 77.144160 35.262210 PLAYER
240 101139 84.130830 21.211900 PLAYER
240 101145 71.223640 15.569910 PLAYER
240 202331 86.737320 21.077300 PLAYER
240 1626167 88.303510 27.916520 PLAYER
240 202699 89.942580 25.749040 PLAYER
240 203506 87.540130 28.183760 PLAYER
240 203473 69.654880 36.478620 PLAYER
240 203901 60.784600 11.645520 PLAYER
240 203095 69.571330 5.918470 PLAYER
252 -1 87.897360 28.694010 BALL
252 201155 77.490240 35.652260 PLAYER
252 101139 84.004710 20.590470 PLAYER
252 101145 71.288990 15.517130 PLAYER
252 202331 86.973020 20.466280 PLAYER
252 1626167 88.753650 28.019920 PLAYER
252 202699 89.796140 25.894760 PLAYER
252 203506 87.294600 28.707280 PLAYER
252 203473 68.887630 36.273450 PLAYER
252 203901 60.262680 12.060430 PLAYER
252 203095 68.510520 6.231060 PLAYER