0 -1 72.452050 6.464470
0 101179 90.996330 1.547960
0 202688 58.590280 33.170360
0 203141 72.330960 6.446110
0 203933 89.425110 15.673670
0 1626164 87.652120 44.118870
0 203094 73.685020 8.071320
0 203894 89.062960 9.526120
0 203506 76.287910 25.128870
0 203932 88.377630 18.798220
0 1626209 87.415260 34.031150
12 -1 71.826310 7.170470
12 101179 90.636080 1.575560
12 202688 58.804670 33.315150
12 203141 72.546560 6.776800
12 203933 89.228910 15.106920
12 1626164 87.489260 44.535060
12 203094 73.489370 7.787050
12 203894 88.687120 9.774930
12 203506 76.233050 24.827050
12 203932 88.427300 17.992510
12 1626209 87.336550 34.206130
24 -1 71.569580 7.419860
24 101179 90.308840 1.696430
24 202688 58.979300 33.410460
24 203141 72.632030 7.060140
24 203933 89.111860 14.541630
24 1626164 87.282330 44.886350
24 203094 73.428160 7.570740
24 203894 88.270680 10.004360
24 203506 76.160760 24.618720
24 203932 88.389130 17.478910
24 1626209 87.260770 34.486150
36 -1 71.658000 7.917970
36 101179 89.991260 1.808780
36 202688 59.087650 33.466790
36 203141 72.604470 7.219700
36 203933 89.034130 14.025270
36 1626164 86.987780 45.161810
36 203094 73.482370 7.414080
36 203894 87.825510 10.173520
36 203506 76.081060 24.493290
36 203932 88.298310 17.134140
36 1626209 87.154300 34.826030
48 -1 73.046300 9.451230
48 101179 89.595540 1.867210
48 202688 59.144950 33.475450
48 203141 72.446940 7.323770
48 203933 88.971360 13.524060
48 1626164 86.670470 45.351510
48 203094 73.559560 7.302900
48 203894 87.361870 10.250300
48 203506 76.040640 24.409640
48 203932 88.212690 16.840080
48 1626209 87.031870 35.223790
60 -1 74.398730 11.144870
60 101179 89.175880 2.077170
60 202688 59.158820 33.455400
60 203141 72.126050 7.324570
60 203933 88.922420 13.083750
60 1626164 86.329650 45.476940
60 203094 73.725170 7.284240
60 203894 86.867410 10.305640
60 203506 76.107950 24.351030
60 203932 88.119570 16.697840
60 1626209 86.926540 35.524500
72 -1 76.354150 12.631000
72 101179 88.718750 2.391360
72 202688 59.117710 33.431160
72 203141 71.618590 7.104900
72 203933 88.837700 12.725460
72 1626164 85.948250 45.507370
72 203094 73.927440 7.225380
72 203894 86.323790 10.381970
72 203506 76.314800 24.316670
72 203932 88.093160 16.557900
72 1626209 86.859590 35.678130
84 -1 78.002350 14.122900
84 101179 88.181920 2.564980
84 202688 59.001080 33.396240
84 203141 71.171660 6.865000
84 203933 88.678800 12.440420
84 1626164 85.564860 45.442310
84 203094 74.123380 7.256710
84 203894 85.766790 10.471130
84 203506 76.651570 24.293210
84 203932 88.109480 16.291570
84 1626209 86.863690 35.673950
96 -1 79.624410 15.772430
96 101179 87.631810 2.799980
96 202688 58.812500 33.325410
96 203141 70.687300 6.665370
96 203933 88.432020 12.234520
96 1626164 85.185390 45.285910
96 203094 74.299850 7.376770
96 203894 85.216820 10.608290
96 203506 77.096060 24.271370
96 203932 88.104290 16.089030
96 1626209 86.908280 35.481280
108 -1 81.150190 17.274770
108 101179 87.151630 3.165830
108 202688 58.548760 33.240130
108 203141 70.243410 6.533650
108 203933 88.076170 12.161480
108 1626164 84.807500 45.038270
108 203094 74.457930 7.594080
108 203894 84.665370 10.778690
108 203506 77.583510 24.257710
108 203932 88.074700 16.008700
108 1626209 87.007950 35.029620
120 -1 82.795290 18.813040
120 101179 86.666410 3.403190
120 202688 58.210940 33.150140
120 203141 69.783130 6.385040
120 203933 87.665540 12.204370
120 1626164 84.340410 44.719180
120 203094 74.602730 7.911850
120 203894 84.077250 10.977460
120 203506 78.111040 24.305860
120 203932 88.073540 15.995490
120 1626209 87.104560 34.433730
132 -1 84.385510 20.492660
132 101179 86.195890 3.570430
132 202688 57.834530 33.070070
132 203141 69.322500 6.297520
132 203933 87.117890 12.457570
132 1626164 83.784900 44.350310
132 203094 74.717880 8.315140
132 203894 83.480190 11.191450
132 203506 78.658520 24.403300
132 203932 88.059140 16.117510
132 1626209 87.177500 33.776370
144 -1 85.904190 21.948130
144 101179 85.750000 3.895250
144 202688 57.451540 33.028940
144 203141 68.822260 6.302400
144 203933 86.451010 12.909410
144 1626164 83.139900 43.967270
144 203094 74.759840 8.823780
144 203894 82.870830 11.429780
144 203506 79.216780 24.548040
144 203932 88.013220 16.555550
144 1626209 87.259530 33.050220
156 -1 87.449790 23.559670
156 101179 85.282570 4.240020
156 202688 57.050150 33.032920
156 203141 68.253040 6.285130
156 203933 85.728710 13.502410
156 1626164 82.431570 43.535780
156 203094 74.770910 9.418030
156 203894 82.263510 11.666590
156 203506 79.770860 24.731170
156 203932 87.952200 17.061670
156 1626209 87.301930 32.350380
168 -1 88.898460 24.869570
168 101179 84.776420 4.584880
168 202688 56.623890 33.046050
168 203141 67.626280 6.203170
168 203933 84.949660 14.286240
168 1626164 81.696240 43.051710
168 203094 74.761510 10.017100
168 203894 81.671960 11.928540
168 203506 80.301940 24.966390
168 203932 87.862000 17.641610
168 1626209 87.228950 31.739740
180 -1 88.602830 25.195830
180 101179 84.226130 4.957580
180 202688 56.170970 33.045120
180 203141 66.936760 6.111320
180 203933 84.089010 15.228150
180 1626164 80.944610 42.513630
180 203094 74.686740 10.618910
180 203894 81.071590 12.226080
180 203506 80.794190 25.234030
180 203932 87.715290 18.233100
180 1626209 87.078510 31.193610
192 -1 87.146730 25.091450
192 101179 83.640400 5.337060
192 202688 55.693090 32.996800
192 203141 66.238280 6.030510
192 203933 83.271640 16.245890
192 1626164 80.143800 41.954960
192 203094 74.480570 11.293580
192 203894 80.456500 12.528040
192 203506 81.187900 25.490350
192 203932 87.381400 18.829060
192 1626209 86.812550 30.718120
204 -1 85.690640 24.987080
204 101179 83.063040 5.715230
204 202688 55.236830 32.870640
204 203141 65.489960 5.946970
204 203933 82.438870 17.361420
204 1626164 79.315340 41.362130
204 203094 74.198500 12.023370
204 203894 79.798990 12.913760
204 203506 81.471840 25.730080
204 203932 86.918850 19.319860
204 1626209 86.359760 30.344310
216 -1 84.517000 24.689340
216 101179 82.466980 6.147650
216 202688 54.807310 32.738050
216 203141 64.721440 5.888180
216 203933 81.582500 18.617150
216 1626164 78.487540 40.744140
216 203094 74.073900 12.830220
216 203894 79.128420 13.428300
216 203506 81.591970 25.977050
216 203932 86.285520 19.729630
216 1626209 85.848980 30.034500
228 -1 83.147550 24.839650
228 101179 81.870860 6.618230
228 202688 54.427250 32.610750
228 203141 63.912320 5.870250
228 203933 80.751990 19.821270
228 1626164 77.585580 40.153590
228 203094 73.753970 13.805310
228 203894 78.441470 14.041990
228 203506 81.469710 26.220120
228 203932 85.608640 20.116280
228 1626209 85.322030 29.805080
240 -1 81.924230 24.639700
240 101179 81.310570 7.077020
240 202688 54.132660 32.474880
240 203141 63.072290 5.853640
240 203933 79.900800 20.983320
240 1626164 76.653990 39.678660
240 203094 73.443280 14.893680
240 203894 77.725870 14.789520
240 203506 81.056060 26.373210
240 203932 84.728620 20.371970
240 1626209 84.753520 29.680250
252 -1 80.576340 24.766380
252 101179 80.789820 7.473020
252 202688 53.930410 32.371750
252 203141 62.126630 5.934250
252 203933 79.127030 22.072460
252 1626164 75.755280 39.398540
252 203094 73.234340 15.883410
252 203894 76.921790 15.609280
252 203506 80.383070 26.408420
252 203932 83.851670 20.530290
252 1626209 84.135860 29.766080
264 -1 79.329480 24.615200
264 101179 80.305930 7.797070
264 202688 53.772440 32.356070
264 203141 61.246450 5.976660
264 203933 78.432920 23.021430
264 1626164 74.897350 39.333070
264 203094 73.055600 16.871050
264 203894 76.181520 16.453640
264 203506 79.571990 26.477820
264 203932 82.959980 20.644370
264 1626209 83.532660 30.014320
276 -1 77.940490 24.412530
276 101179 79.856190 7.969280
276 202688 53.693670 32.381380
276 203141 60.474890 5.985330
276 203933 77.778160 23.804240
276 1626164 74.049190 39.525330
276 203094 72.651390 17.894280
276 203894 75.488460 17.271260
276 203506 78.638800 26.620650
276 203932 82.116130 21.031400
276 1626209 82.864500 30.457100
288 -1 76.872490 24.494840
288 101179 79.428150 8.009870
288 202688 53.687620 32.470100
288 203141 59.817900 6.003890
288 203933 77.145350 24.513680
288 1626164 73.247300 39.964690
288 203094 72.286880 18.849670
288 203894 74.808200 18.040620
288 203506 77.736730 26.812840
288 203932 81.238210 21.449950
288 1626209 82.145550 30.999170
300 -1 76.305210 25.120810
300 101179 79.012070 7.923130
300 202688 53.720430 32.639140
300 203141 59.314300 6.036510
300 203933 76.575590 25.159660
300 1626164 72.508810 40.561990
300 203094 71.796000 19.678520
300 203894 74.302070 18.664620
300 203506 76.938360 27.085070
300 203932 80.504410 22.011690
300 1626209 81.395810 31.664210
312 -1 76.178770 25.780750
312 101179 78.622960 7.752670
312 202688 53.765130 32.869990
312 203141 58.992790 5.996260
312 203933 75.999840 25.661480
312 1626164 71.860030 41.221460
312 203094 71.230840 20.561130
312 203894 74.027100 19.145490
312 203506 76.182930 27.553740
312 203932 79.829990 22.620820
312 1626209 80.721960 32.392280
324 -1 75.134400 26.072850
324 101179 78.288920 7.523570
324 202688 53.820740 33.108660
324 203141 58.812150 5.962690
324 203933 75.401260 26.204290
324 1626164 71.278690 41.892900
324 203094 70.632920 21.434780
324 203894 73.881190 19.425190
324 203506 75.428110 28.040710
324 203932 79.219270 23.475010
324 1626209 80.083630 33.197560
336 -1 74.171870 26.901750
336 101179 78.067990 7.247660
336 202688 53.864030 33.313860
336 203141 58.754630 5.949310
336 203933 74.909950 26.700020
336 1626164 70.744750 42.515630
336 203094 70.063270 22.053300
336 203894 73.813140 19.498860
336 203506 74.733680 28.648660
336 203932 78.694360 24.152630
336 1626209 79.527580 33.963250