0 -1 9.343180 32.445410
0 2207 8.681470 32.802390
0 201152 9.284600 17.618870
0 201572 2.757040 19.972030
0 203900 20.935090 19.546390
0 203499 25.090950 6.935420
0 101112 7.409430 20.926390
0 202696 5.061780 27.023660
0 202699 8.759370 30.351050
0 203506 15.381580 17.063840
0 1626209 15.832590 23.227550
12 -1 9.027120 32.098680
12 2207 8.429240 32.782350
12 201152 9.669520 18.582510
12 201572 2.769790 20.890100
12 203900 21.390960 19.887000
12 203499 25.302970 7.145570
12 101112 7.306720 20.991120
12 202696 5.668750 27.258040
12 202699 8.330040 30.051910
12 203506 14.961640 16.709840
12 1626209 15.609780 23.604120
24 -1 8.538900 31.052160
24 2207 8.257480 32.817700
24 201152 10.136470 19.608170
24 201572 2.894100 21.737880
24 203900 21.892320 20.272120
24 203499 25.547130 7.405470
24 101112 7.176770 21.079940
24 202696 6.178230 27.384400
24 202699 7.956090 29.920250
24 203506 14.583000 16.382380
24 1626209 15.505690 23.905820
36 -1 8.186060 30.053040
36 2207 8.039370 32.834530
36 201152 10.402140 20.603130
36 201572 2.995110 22.670960
36 203900 22.432890 20.654510
36 203499 25.802360 7.701770
36 101112 7.124900 21.173950
36 202696 6.593040 27.246220
36 202699 7.470930 29.652510
36 203506 14.280650 16.132890
36 1626209 15.314720 24.331700
48 -1 7.750090 28.912870
48 2207 7.772670 32.806620
48 201152 10.552540 21.589880
48 201572 3.132620 23.421150
48 203900 23.007270 21.057820
48 203499 26.063230 8.036960
48 101112 7.187900 21.412950
48 202696 7.016070 27.093490
48 202699 7.037350 29.438750
48 203506 13.941120 15.969320
48 1626209 15.127400 24.831210
60 -1 7.359610 27.739690
60 2207 7.533920 32.776640
60 201152 10.538790 22.480550
60 201572 3.418710 24.244330
60 203900 23.599810 21.435010
60 203499 26.319320 8.414070
60 101112 7.113440 21.737080
60 202696 7.311220 26.883260
60 202699 6.785030 29.169110
60 203506 13.455110 15.910290
60 1626209 14.865220 25.559990
72 -1 6.909610 26.750420
72 2207 7.354710 32.710620
72 201152 10.326010 23.314650
72 201572 3.823040 25.138790
72 203900 24.235230 21.708890
72 203499 26.602680 8.816970
72 101112 7.106900 22.065770
72 202696 7.508290 26.672760
72 202699 6.542810 28.875310
72 203506 12.962200 15.939240
72 1626209 14.703420 26.137720
84 -1 6.561920 25.764580
84 2207 7.213090 32.637100
84 201152 9.935290 23.952430
84 201572 4.152340 25.879810
84 203900 24.892360 21.891020
84 203499 26.907430 9.226220
84 101112 7.292700 22.442770
84 202696 7.633340 26.473250
84 202699 6.291890 28.586770
84 203506 12.488930 16.032740
84 1626209 14.524210 26.743600
96 -1 6.280650 24.837530
96 2207 7.134470 32.562710
96 201152 9.658320 24.375620
96 201572 4.573120 26.352450
96 203900 25.560070 22.047950
96 203499 27.253460 9.644950
96 101112 7.330920 22.693430
96 202696 7.788660 26.299650
96 202699 6.199280 28.743020
96 203506 12.090200 16.147210
96 1626209 14.479610 27.341200
108 -1 7.258760 24.438960
108 2207 7.113430 32.503440
108 201152 9.270150 24.700860
108 201572 4.985770 26.799010
108 203900 26.170000 22.227390
108 203499 27.637730 10.010810
108 101112 7.397370 22.943000
108 202696 8.095100 26.177150
108 202699 6.075480 28.909550
108 203506 11.733260 16.255660
108 1626209 14.543450 27.928880
120 -1 8.101280 23.954290
120 2207 7.157420 32.437970
120 201152 9.030830 24.895040
120 201572 5.467740 27.021420
120 203900 26.755390 22.440920
120 203499 28.033050 10.360440
120 101112 7.435170 23.092880
120 202696 8.295180 26.265770
120 202699 5.834550 29.248420
120 203506 11.336200 16.369240
120 1626209 14.819270 28.360140
132 -1 8.621630 23.594620
132 2207 7.245930 32.389660
132 201152 8.823980 25.255180
132 201572 6.007250 26.988190
132 203900 27.378300 22.705460
132 203499 28.410050 10.703750
132 101112 7.675820 23.142190
132 202696 8.568400 26.353570
132 202699 5.566980 29.665270
132 203506 10.965200 16.448730
132 1626209 15.230630 28.980600
144 -1 8.472790 22.823050
144 2207 7.380010 32.308220
144 201152 8.234690 25.762090
144 201572 6.834020 26.856200
144 203900 28.036490 22.978680
144 203499 28.775090 11.048930
144 101112 7.843490 23.177910
144 202696 8.917860 26.433130
144 202699 5.397180 29.999620
144 203506 10.616420 16.488270
144 1626209 15.681930 29.644700
156 -1 8.302370 22.178800
156 2207 7.530310 32.232330
156 201152 7.710540 26.298870
156 201572 7.617860 26.469940
156 203900 28.683300 23.225920
156 203499 29.120370 11.386300
156 101112 7.930610 23.146330
156 202696 9.220890 26.525600
156 202699 5.194760 30.048650
156 203506 10.206820 16.571270
156 1626209 16.308280 30.360760
168 -1 8.033490 21.514030
168 2207 7.647630 32.158060
168 201152 7.436470 26.631190
168 201572 8.355430 25.968010
168 203900 29.333090 23.450870
168 203499 29.439640 11.751520
168 101112 7.894880 22.977370
168 202696 9.332000 26.522090
168 202699 5.109840 29.988960
168 203506 9.732220 16.659720
168 1626209 17.242010 31.013840
180 -1 7.869840 20.783540
180 2207 7.769940 32.090810
180 201152 7.085590 26.899810
180 201572 8.931930 25.449300
180 203900 30.078860 23.618720
180 203499 29.739170 12.127360
180 101112 8.043950 22.800460
180 202696 9.502130 26.543070
180 202699 4.939890 29.939760
180 203506 9.298850 16.724270
180 1626209 18.358740 31.660340
192 -1 7.801130 20.109900
192 2207 7.925900 32.040870
192 201152 6.993720 26.847850
192 201572 9.286220 24.976530
192 203900 30.925430 23.742160
192 203499 30.089720 12.504690
192 101112 7.939760 22.581040
192 202696 9.650310 26.555660
192 202699 4.711600 29.877440
192 203506 8.828320 16.822780
192 1626209 19.573360 32.346700
204 -1 7.571570 19.307910
204 2207 8.127060 32.006250
204 201152 7.349160 26.611110
204 201572 9.464790 24.655080
204 203900 31.824480 23.867970
204 203499 30.565930 12.821350
204 101112 7.807490 22.112850
204 202696 9.814720 26.464020
204 202699 4.496740 29.828210
204 203506 8.290320 16.925740
204 1626209 21.023580 33.026690
216 -1 6.850740 18.928010
216 2207 8.660310 32.005330
216 201152 7.556540 26.264430
216 201572 9.769070 24.644190
216 203900 32.756970 24.059330
216 203499 31.117850 13.076540
216 101112 7.862810 21.679840
216 202696 9.976500 26.428550
216 202699 4.368520 29.738140
216 203506 7.655570 17.075040
216 1626209 22.600410 33.694640
228 -1 5.926260 18.399120
228 2207 9.349490 32.056980
228 201152 7.802110 25.968840
228 201572 10.193140 24.740900
228 203900 33.814890 24.306320
228 203499 31.788530 13.266840
228 101112 7.917610 21.052430
228 202696 10.191220 26.482790
228 202699 4.211960 29.796670
228 203506 6.959110 17.299410
228 1626209 24.160210 34.439750
240 -1 5.413330 17.742400
240 2207 10.144580 32.172640
240 201152 8.517340 25.662600
240 201572 10.595480 24.832690
240 203900 34.966400 24.602280
240 203499 32.534290 13.445240
240 101112 8.061990 20.291750
240 202696 10.313980 26.440680
240 202699 4.167160 29.899820
240 203506 6.289400 17.531270
240 1626209 25.831550 35.168830