0 -1 68.813360 20.268270
0 2419 83.517040 3.357630
0 203476 86.409250 37.626430
0 203940 82.790400 17.069350
0 203498 75.516350 30.726680
0 203897 68.777060 20.092630
0 203138 84.244810 11.085030
0 203496 84.063220 18.113100
0 204456 70.744530 19.265030
0 203917 77.934490 26.490110
0 203457 87.473240 31.208920
12 -1 70.559640 20.773310
12 2419 83.322450 3.736050
12 203476 86.440250 37.684850
12 203940 82.541240 17.370370
12 203498 75.812640 31.467290
12 203897 68.834120 20.516000
12 203138 84.521030 11.294410
12 203496 83.805080 18.437450
12 204456 71.541760 19.794620
12 203917 77.964780 27.137940
12 203457 87.444930 31.207910
24 -1 72.703650 21.372110
24 2419 83.050840 4.177710
24 203476 86.678700 37.605200
24 203940 82.243020 17.726970
24 203498 76.248200 32.024950
24 203897 68.883070 20.929230
24 203138 84.727070 11.561410
24 203496 83.480360 18.997580
24 204456 72.173920 20.760960
24 203917 78.068680 27.834610
24 203457 87.441690 31.164290
36 -1 74.797260 21.850890
36 2419 82.773650 4.738550
36 203476 87.004970 37.378180
36 203940 81.964980 18.168720
36 203498 76.805930 32.450870
36 203897 68.849570 21.196180
36 203138 84.846240 11.786130
36 203496 83.081070 19.626380
36 204456 72.677200 21.799590
36 203917 78.370640 28.417760
36 203457 87.450510 31.175990
48 -1 76.937230 22.402250
48 2419 82.417880 5.298070
48 203476 87.433490 37.112090
48 203940 81.606210 18.706310
48 203498 77.512900 32.679270
48 203897 68.596960 21.479950
48 203138 84.922110 12.035720
48 203496 82.751160 20.018260
48 204456 73.167710 22.656820
48 203917 78.920820 28.883310
48 203457 87.456510 31.236720
60 -1 79.033170 22.989680
60 2419 82.050790 5.920480
60 203476 87.896880 36.806260
60 203940 81.234990 19.456980
60 203498 78.271070 32.728280
60 203897 68.140940 21.774910
60 203138 85.002520 12.418010
60 203496 82.436710 20.314400
60 204456 73.653520 23.311060
60 203917 79.348820 29.380000
60 203457 87.452140 31.268030
72 -1 81.123010 23.490690
72 2419 81.625230 6.594830
72 203476 88.246990 36.251780
72 203940 80.937220 20.308160
72 203498 79.086540 32.688580
72 203897 67.515200 22.017280
72 203138 84.967700 12.707420
72 203496 82.204730 20.656660
72 204456 74.094760 23.729200
72 203917 79.997570 29.822230
72 203457 87.447700 31.284270
84 -1 83.174420 23.995830
84 2419 81.163040 7.325310
84 203476 88.368100 35.620910
84 203940 80.777510 21.153870
84 203498 80.040960 32.676400
84 203897 66.815440 22.224730
84 203138 84.950400 13.097160
84 203496 82.135070 21.060170
84 204456 74.547550 24.117130
84 203917 80.657830 30.097360
84 203457 87.501970 31.233680
96 -1 85.177240 24.583720
96 2419 80.540870 8.055650
96 203476 88.374190 34.968180
96 203940 80.700810 22.050500
96 203498 81.064690 32.579020
96 203897 66.062270 22.435400
96 203138 84.924250 13.600260
96 203496 82.225090 21.574250
96 204456 74.992700 24.338280
96 203917 81.243590 30.312030
96 203457 87.556320 31.102210
108 -1 87.205460 24.967600
108 2419 79.852580 8.819910
108 203476 88.274810 34.239960
108 203940 80.732860 22.847010
108 203498 81.951520 32.476340
108 203897 65.337970 22.544300
108 203138 84.938090 14.139820
108 203496 82.253310 22.101180
108 204456 75.360020 24.409040
108 203917 81.771300 30.292410
108 203457 87.570310 30.835850
120 -1 88.767450 25.144280
120 2419 79.039640 9.586670
120 203476 88.076250 33.410380
120 203940 80.805740 23.579140
120 203498 82.712490 32.415270
120 203897 64.646880 22.591610
120 203138 84.928830 14.658620
120 203496 82.366050 22.849400
120 204456 75.684150 24.605330
120 203917 82.443790 30.155660
120 203457 87.532610 30.359880
132 -1 89.204210 24.127470
132 2419 78.191030 10.323730
132 203476 87.864520 32.737100
132 203940 80.852510 24.298980
132 203498 83.276410 32.318980
132 203897 63.921990 22.584540
132 203138 84.968470 15.339780
132 203496 82.488110 23.545300
132 204456 75.900060 24.761690
132 203917 82.927960 29.981560
132 203457 87.459890 29.738620
144 -1 88.457030 23.244040
144 2419 77.292940 11.057300
144 203476 87.611590 32.189170
144 203940 80.867530 24.988490
144 203498 83.573940 32.132290
144 203897 63.139920 22.602320
144 203138 84.999110 15.994910
144 203496 82.444370 24.198790
144 204456 76.026860 24.635230
144 203917 83.391750 29.916330
144 203457 87.283770 29.173250
156 -1 87.700390 22.385230
156 2419 76.399970 11.691290
156 203476 87.314480 31.738590
156 203940 80.746160 25.665030
156 203498 83.603590 31.970370
156 203897 62.311190 22.652620
156 203138 85.015610 16.527660
156 203496 82.320240 24.740440
156 204456 76.175930 24.348140
156 203917 83.712980 29.859380
156 203457 87.074130 28.448010
168 -1 86.938370 21.516740
168 2419 75.398200 12.296620
168 203476 86.935030 31.336220
168 203940 80.513710 26.295140
168 203498 83.380250 31.843500
168 203897 61.463830 22.728260
168 203138 85.005440 17.000690
168 203496 82.211380 25.114160
168 204456 76.389630 23.943500
168 203917 83.870720 29.979780
168 203457 86.867910 27.646170
180 -1 86.256030 20.656480
180 2419 74.283780 12.839960
180 203476 86.594390 31.007150
180 203940 80.174790 26.858500
180 203498 82.937700 31.749240
180 203897 60.577460 22.814480
180 203138 84.980570 17.476060
180 203496 82.062470 25.384790
180 204456 76.625190 23.271440
180 203917 84.034090 30.028410
180 203457 86.678660 26.957600
192 -1 85.571020 20.154720
192 2419 73.063340 13.363430
192 203476 86.306940 30.722840
192 203940 79.618400 27.279260
192 203498 82.353420 31.766670
192 203897 59.677000 22.849030
192 203138 85.016930 17.941180
192 203496 81.863590 25.634300
192 204456 76.954200 22.432520
192 203917 84.107360 30.091680
192 203457 86.509400 26.328170
204 -1 85.644990 20.023340
204 2419 71.644470 13.847930
204 203476 86.035880 30.432620
204 203940 78.880330 27.600350
204 203498 81.649730 31.822350
204 203897 58.759550 22.804470
204 203138 85.056530 18.454180
204 203496 81.700080 25.704170
204 204456 77.314210 21.507340
204 203917 84.131910 30.101820
204 203457 86.349820 25.694560
216 -1 86.014320 20.375400
216 2419 70.133020 14.322620
216 203476 85.750480 30.142880
216 203940 78.016130 27.800470
216 203498 80.812270 31.950640
216 203897 57.817990 22.686930
216 203138 85.112120 19.084680
216 203496 81.541840 25.739440
216 204456 77.636800 20.544820
216 203917 84.133590 30.277990
216 203457 86.207420 25.184550
228 -1 86.067880 20.656730
228 2419 68.573740 14.742610
228 203476 85.411480 29.833530
228 203940 76.920770 27.854990
228 203498 79.952050 32.154570
228 203897 56.844720 22.515680
228 203138 85.107210 19.617380
228 203496 81.316390 25.948420
228 204456 77.905170 19.553600
228 203917 83.932280 30.643340
228 203457 86.050540 24.796460
240 -1 85.429820 21.224420
240 2419 67.035540 15.018620
240 203476 84.921740 29.544960
240 203940 75.715090 27.877870
240 203498 79.000940 32.399270
240 203897 55.851730 22.266230
240 203138 85.075590 19.976030
240 203496 81.088450 26.068720
240 204456 78.048680 18.445430
240 203917 83.609620 31.064300
240 203457 85.857860 24.501890
252 -1 84.333770 20.772200
252 2419 65.476260 15.229180
252 203476 84.281240 29.245470
252 203940 74.449820 27.861510
252 203498 77.966690 32.619400
252 203897 54.840400 21.991710
252 203138 85.014000 20.171190
252 203496 80.558940 25.926740
252 204456 78.042970 17.361950
252 203917 83.105770 31.662250
252 203457 85.613700 24.280570