0 -1 63.348570 22.215930
0 202344 84.447160 22.905190
0 202330 85.740350 47.612000
0 204060 86.163890 30.846540
0 203918 63.248940 22.169770
0 203526 89.189630 7.897420
0 202397 87.025890 35.550920
0 203496 78.242550 32.078720
0 203960 89.435870 14.984070
0 1626158 84.596080 22.947700
0 203917 69.042910 23.499760
12 -1 63.170360 21.965400
12 202344 84.549110 23.144160
12 202330 85.195560 47.501050
12 204060 86.931910 30.058650
12 203918 63.506470 22.156540
12 203526 89.295800 7.307780
12 202397 86.733960 35.710150
12 203496 78.161110 32.333910
12 203960 89.468340 14.653580
12 1626158 84.887870 23.032500
12 203917 68.450770 23.154930
24 -1 63.931250 22.002880
24 202344 84.767270 23.534400
24 202330 84.599600 47.354470
24 204060 87.786850 29.411250
24 203918 63.666700 22.186670
24 203526 89.265400 6.716560
24 202397 86.465930 35.790990
24 203496 78.223250 32.513460
24 203960 89.416220 14.490310
24 1626158 85.346190 23.189620
24 203917 67.890560 22.725860
36 -1 66.391960 22.244010
36 202344 85.058950 24.024680
36 202330 83.963720 47.212600
36 204060 88.624190 28.829360
36 203918 63.994610 22.294010
36 203526 89.092950 6.132780
36 202397 86.277010 35.774050
36 203496 78.381500 32.707300
36 203960 89.306960 14.350280
36 1626158 85.830550 23.345070
36 203917 67.346040 22.351880
48 -1 68.903560 22.634050
48 202344 85.286340 24.413840
48 202330 83.297230 47.035840
48 204060 89.247290 28.354950
48 203918 64.238480 22.362270
48 203526 88.760910 5.583270
48 202397 86.172320 35.701000
48 203496 78.639160 32.926420
48 203960 89.139420 14.273060
48 1626158 86.311380 23.574850
48 203917 66.752690 21.964760
60 -1 71.329060 22.949990
60 202344 85.665460 24.942280
60 202330 82.550890 46.856860
60 204060 89.782240 27.914000
60 203918 64.434750 22.374410
60 203526 88.297490 5.095470
60 202397 86.003060 35.507060
60 203496 79.036100 33.042010
60 203960 88.917810 14.171600
60 1626158 86.610150 24.200000
60 203917 66.197860 21.479760
72 -1 73.788840 23.376300
72 202344 85.943950 25.575610
72 202330 81.756770 46.637370
72 204060 90.215690 27.669900
72 203918 64.595320 22.398360
72 203526 87.726610 4.688390
72 202397 85.841220 35.233090
72 203496 79.551590 33.011140
72 203960 88.737380 14.312650
72 1626158 86.814930 24.793530
72 203917 65.711970 21.091250
84 -1 76.154390 23.629640
84 202344 85.955460 26.017120
84 202330 80.954840 46.395530
84 204060 90.449330 27.382330
84 203918 64.619900 22.290080
84 203526 86.963640 4.372530
84 202397 85.676150 34.931750
84 203496 80.206690 32.820490
84 203960 88.497450 14.556310
84 1626158 86.825680 25.397510
84 203917 65.389350 20.979550
96 -1 78.499170 24.031920
96 202344 85.805580 26.208570
96 202330 80.130450 45.998320
96 204060 90.494730 27.125760
96 203918 64.213730 22.278220
96 203526 86.123850 4.140440
96 202397 85.531140 34.572970
96 203496 81.006820 32.363660
96 203960 88.216850 14.867070
96 1626158 86.733320 25.961290
96 203917 65.223440 20.840440
108 -1 80.915690 24.375790
108 202344 85.728070 26.341320
108 202330 79.274450 45.579450
108 204060 90.544780 26.928360
108 203918 63.781540 22.178390
108 203526 85.208740 3.986380
108 202397 85.487930 34.160630
108 203496 81.631360 31.731970
108 203960 87.939570 15.270970
108 1626158 86.369870 26.455900
108 203917 65.233030 20.829860
120 -1 83.290070 24.709550
120 202344 85.278000 26.322470
120 202330 78.423870 45.094830
120 204060 90.538150 26.842910
120 203918 63.203250 22.010150
120 203526 84.229580 3.964180
120 202397 85.535370 33.709860
120 203496 82.210630 31.005490
120 203960 87.662060 15.707520
120 1626158 85.757210 26.716310
120 203917 65.289630 21.053620
132 -1 85.530280 25.026140
132 202344 85.043390 25.503740
132 202330 77.568970 44.572720
132 204060 90.478020 26.706420
132 203918 62.487670 21.767870
132 203526 83.187310 4.037890
132 202397 85.620460 33.270050
132 203496 82.844070 30.319500
132 203960 87.425060 16.150610
132 1626158 85.094850 26.972200
132 203917 65.385500 21.256060
144 -1 87.860310 25.325350
144 202344 84.962500 24.614040
144 202330 76.698320 43.995660
144 204060 90.418110 26.675390
144 203918 61.742020 21.604530
144 203526 82.178000 4.195710
144 202397 85.705530 32.839720
144 203496 83.316120 29.701290
144 203960 87.192150 16.668780
144 1626158 84.377620 27.143040
144 203917 65.439270 21.343490
156 -1 88.949280 24.841700
156 202344 84.940260 23.837150
156 202330 75.849930 43.504470
156 204060 90.365860 26.621890
156 203918 61.129380 21.289760
156 203526 81.072660 4.457920
156 202397 85.791830 32.457850
156 203496 83.662300 29.302100
156 203960 86.946300 17.315740
156 1626158 83.633660 27.272530
156 203917 65.454310 21.494990
168 -1 88.857890 23.651080
168 202344 84.750530 23.306890
168 202330 75.013520 43.002910
168 204060 90.343430 26.480560
168 203918 60.376430 21.073420
168 203526 79.962630 4.796180
168 202397 85.791320 32.178010
168 203496 84.238150 28.990420
168 203960 86.789100 18.048900
168 1626158 83.207150 27.347720
168 203917 65.372630 21.621300
180 -1 88.780420 22.269490
180 202344 84.717870 22.836770
180 202330 74.185120 42.482260
180 204060 90.286390 26.227040
180 203918 59.570060 20.936170
180 203526 78.838420 5.198190
180 202397 85.781280 31.978320
180 203496 84.854580 28.683210
180 203960 86.714650 18.744320
180 1626158 83.069240 27.227030
180 203917 65.281860 21.744100
192 -1 88.690800 21.001510
192 202344 84.539490 22.864980
192 202330 73.331040 41.940130
192 204060 90.180860 25.945310
192 203918 58.749460 20.818160
192 203526 77.656790 5.673380
192 202397 85.817560 31.886220
192 203496 85.370680 28.298810
192 203960 86.570630 19.290350
192 1626158 82.939230 27.025980
192 203917 65.110560 21.973190
204 -1 88.571200 19.632610
204 202344 84.428130 23.008310
204 202330 72.472610 41.416730
204 204060 90.226690 25.584470
204 203918 57.912990 20.630300
204 203526 76.419130 6.211410
204 202397 85.943630 31.895580
204 203496 85.885770 27.856410
204 203960 86.572090 19.871580
204 1626158 82.779110 26.646770
204 203917 64.853580 22.302850
216 -1 88.443080 18.349190
216 202344 84.116920 23.006760
216 202330 71.580640 40.903070
216 204060 90.330070 25.116330
216 203918 56.998960 20.464420
216 203526 75.176620 6.787310
216 202397 86.211770 31.943310
216 203496 86.305270 27.328300
216 203960 86.762820 20.049940
216 1626158 82.707800 26.466230
216 203917 64.533780 22.716430
228 -1 88.464300 17.307940
228 202344 84.044360 22.801030
228 202330 70.707870 40.377700
228 204060 90.366280 24.468220
228 203918 56.029720 20.340540
228 203526 73.869460 7.411510
228 202397 86.516980 32.077990
228 203496 86.642220 26.777700
228 203960 86.994730 20.000490
228 1626158 82.449150 26.326690
228 203917 64.096580 23.255400
240 -1 88.470570 17.058420
240 202344 84.067500 22.539090
240 202330 69.782870 39.861930
240 204060 90.473050 23.630390
240 203918 55.032380 20.261220
240 203526 72.555300 8.077460
240 202397 86.842150 32.292440
240 203496 86.905420 26.284370
240 203960 87.316010 19.820110
240 1626158 81.916830 26.107930
240 203917 63.557740 23.857410
252 -1 88.114700 18.198400
252 202344 83.803190 21.945860
252 202330 68.874570 39.370840
252 204060 90.629540 22.559710
252 203918 53.973740 20.211900
252 203526 71.210910 8.768170
252 202397 87.145430 32.539910
252 203496 87.164400 25.873350
252 203960 87.802990 19.579340
252 1626158 81.228650 25.844280
252 203917 62.926390 24.552500
264 -1 88.136170 18.171650
264 202344 83.347770 21.159170
264 202330 67.891550 38.887700
264 204060 90.604470 21.327440
264 203918 52.829050 20.241300
264 203526 69.822520 9.452620
264 202397 87.434520 32.832760
264 203496 87.414280 25.564190
264 203960 88.232970 19.074130
264 1626158 80.448990 25.690250
264 203917 62.185360 25.293140