0 -1 16.874500 24.229290 BALL
0 2550 15.517130 48.601580 PLAYER
0 201149 14.523880 16.285210 PLAYER
0 203503 8.060290 4.226410 PLAYER
0 203926 18.076790 24.626270 PLAYER
0 202703 8.445000 30.201940 PLAYER
0 203138 8.425640 15.004670 PLAYER
0 203100 19.428430 33.222390 PLAYER
0 203960 7.940340 28.378640 PLAYER
0 203924 26.445310 19.540070 PLAYER
0 1626143 12.256510 21.733350 PLAYER
12 -1 15.602020 24.391640 BALL
12 2550 14.209610 48.650350 PLAYER
12 201149 13.191160 17.027040 PLAYER
12 203503 8.562020 3.848530 PLAYER
12 203926 16.941560 24.959580 PLAYER
12 202703 8.475150 29.911090 PLAYER
12 203138 8.273540 15.285230 PLAYER
12 203100 19.425360 33.246140 PLAYER
12 203960 7.933780 28.302040 PLAYER
12 203924 25.518260 20.762600 PLAYER
12 1626143 11.726130 22.310820 PLAYER
24 -1 14.315830 24.382880 BALL
24 2550 12.962940 48.660700 PLAYER
24 201149 11.755260 17.618550 PLAYER
24 203503 9.182730 3.631590 PLAYER
24 203926 15.695940 25.297540 PLAYER
24 202703 8.534120 29.700180 PLAYER
24 203138 8.107930 15.699410 PLAYER
24 203100 19.507740 33.292670 PLAYER
24 203960 8.068510 28.220590 PLAYER
24 203924 24.518180 21.759160 PLAYER
24 1626143 11.088970 22.810640 PLAYER
36 -1 12.833720 24.434090 BALL
36 2550 11.808420 48.608840 PLAYER
36 201149 10.559940 18.242710 PLAYER
36 203503 9.866730 3.490450 PLAYER
36 203926 14.410710 25.629130 PLAYER
36 202703 8.699700 29.457660 PLAYER
36 203138 7.924170 16.341960 PLAYER
36 203100 19.628390 33.347440 PLAYER
36 203960 8.141980 28.130290 PLAYER
36 203924 23.453280 22.506840 PLAYER
36 1626143 10.297520 23.066860 PLAYER
48 -1 11.392180 24.593530 BALL
48 2550 10.769130 48.514450 PLAYER
48 201149 9.679480 18.893760 PLAYER
48 203503 10.645030 3.372470 PLAYER
48 203926 13.234670 25.858570 PLAYER
48 202703 8.863670 29.295060 PLAYER
48 203138 7.719340 17.051870 PLAYER
48 203100 19.702170 33.452050 PLAYER
48 203960 8.233280 28.021050 PLAYER
48 203924 22.259700 23.253560 PLAYER
48 1626143 9.602290 23.273800 PLAYER
60 -1 10.088620 24.693510 BALL
60 2550 9.940980 48.361720 PLAYER
60 201149 9.086680 19.585770 PLAYER
60 203503 11.478210 3.341440 PLAYER
60 203926 12.191550 26.001140 PLAYER
60 202703 9.012940 29.143850 PLAYER
60 203138 7.478210 17.832610 PLAYER
60 203100 19.698090 33.553510 PLAYER
60 203960 8.260980 28.143580 PLAYER
60 203924 21.036050 23.846600 PLAYER
60 1626143 9.036630 23.375810 PLAYER
72 -1 8.779780 24.741440 BALL
72 2550 9.417100 48.167750 PLAYER
72 201149 8.702180 20.077080 PLAYER
72 203503 12.351940 3.403210 PLAYER
72 203926 11.240530 26.095860 PLAYER
72 202703 9.244610 29.088260 PLAYER
72 203138 7.272020 18.567690 PLAYER
72 203100 19.602440 33.641840 PLAYER
72 203960 8.312310 28.162590 PLAYER
72 203924 19.898110 24.223700 PLAYER
72 1626143 8.397650 23.457070 PLAYER
84 -1 7.367030 24.659150 BALL
84 2550 9.173190 47.957780 PLAYER
84 201149 8.659510 20.599100 PLAYER
84 203503 13.329870 3.421250 PLAYER
84 203926 10.550450 26.094360 PLAYER
84 202703 9.462260 29.020040 PLAYER
84 203138 7.118760 19.283190 PLAYER
84 203100 19.454780 33.707550 PLAYER
84 203960 8.199940 28.181320 PLAYER
84 203924 18.747390 24.538100 PLAYER
84 1626143 7.841140 23.607350 PLAYER
96 -1 6.679760 24.780050 BALL
96 2550 9.196610 47.735210 PLAYER
96 201149 8.765040 21.007170 PLAYER
96 203503 14.278730 3.562720 PLAYER
96 203926 10.102370 26.030700 PLAYER
96 202703 9.600180 28.972910 PLAYER
96 203138 7.007300 19.914090 PLAYER
96 203100 19.330080 33.718680 PLAYER
96 203960 8.219170 28.330830 PLAYER
96 203924 17.572230 24.818220 PLAYER
96 1626143 7.456070 23.993450 PLAYER
108 -1 8.241920 24.667030 BALL
108 2550 9.484390 47.447680 PLAYER
108 201149 8.905700 21.321370 PLAYER
108 203503 15.225770 3.838380 PLAYER
108 203926 9.726010 25.992650 PLAYER
108 202703 9.767960 28.900470 PLAYER
108 203138 7.022540 20.448960 PLAYER
108 203100 19.311060 33.643770 PLAYER
108 203960 8.269830 28.546620 PLAYER
108 203924 16.440570 25.150090 PLAYER
108 1626143 7.060490 24.235130 PLAYER
120 -1 9.744470 24.611630 BALL
120 2550 10.016860 47.140050 PLAYER
120 201149 9.168120 21.603480 PLAYER
120 203503 16.232870 4.178950 PLAYER
120 203926 9.427690 25.934260 PLAYER
120 202703 9.938640 28.909660 PLAYER
120 203138 7.161480 20.780210 PLAYER
120 203100 19.401760 33.529920 PLAYER
120 203960 8.391750 28.493810 PLAYER
120 203924 15.428360 25.330470 PLAYER
120 1626143 6.641300 24.180290 PLAYER
132 -1 11.390290 24.441370 BALL
132 2550 10.761470 46.841970 PLAYER
132 201149 9.548520 21.888280 PLAYER
132 203503 17.275850 4.604240 PLAYER
132 203926 9.152740 25.855140 PLAYER
132 202703 10.162630 28.881020 PLAYER
132 203138 7.277920 21.129640 PLAYER
132 203100 19.630940 33.370200 PLAYER
132 203960 8.541420 28.477690 PLAYER
132 203924 14.163480 25.516110 PLAYER
132 1626143 6.442990 24.370770 PLAYER
144 -1 12.984620 24.688260 BALL
144 2550 11.658140 46.523740 PLAYER
144 201149 9.977190 22.212670 PLAYER
144 203503 18.337690 5.117930 PLAYER
144 203926 8.861100 25.761060 PLAYER
144 202703 10.445060 28.862630 PLAYER
144 203138 7.282840 21.542520 PLAYER
144 203100 20.103810 33.151650 PLAYER
144 203960 8.655790 28.472470 PLAYER
144 203924 12.769590 26.034380 PLAYER
144 1626143 6.437330 24.213520 PLAYER
156 -1 12.384500 25.166090 BALL
156 2550 12.725520 46.149660 PLAYER
156 201149 10.486710 22.489760 PLAYER
156 203503 19.468800 5.673390 PLAYER
156 203926 8.543660 25.275590 PLAYER
156 202703 10.733520 28.859230 PLAYER
156 203138 7.385570 21.965300 PLAYER
156 203100 20.732510 32.916340 PLAYER
156 203960 8.692110 28.343350 PLAYER
156 203924 11.394450 26.576430 PLAYER
156 1626143 6.604590 23.858240 PLAYER
168 -1 11.461110 25.788120 BALL
168 2550 13.984960 45.783020 PLAYER
168 201149 10.995070 22.787530 PLAYER
168 203503 20.627380 6.265490 PLAYER
168 203926 7.980820 24.902540 PLAYER
168 202703 11.009100 28.814650 PLAYER
168 203138 7.911390 22.365290 PLAYER
168 203100 21.498300 32.676700 PLAYER
168 203960 8.733530 28.146700 PLAYER
168 203924 10.324050 26.904070 PLAYER
168 1626143 7.299290 23.585400 PLAYER
180 -1 10.742540 26.316110 BALL
180 2550 15.357940 45.426850 PLAYER
180 201149 11.518680 23.066090 PLAYER
180 203503 21.792390 6.885500 PLAYER
180 203926 7.547040 24.868400 PLAYER
180 202703 11.182100 28.639340 PLAYER
180 203138 8.695910 22.863840 PLAYER
180 203100 22.451940 32.372420 PLAYER
180 203960 9.028350 28.233970 PLAYER
180 203924 9.666820 27.577610 PLAYER
180 1626143 7.703230 23.348770 PLAYER
192 -1 9.871550 26.904370 BALL
192 2550 16.792690 44.983540 PLAYER
192 201149 12.022220 23.295400 PLAYER
192 203503 22.952130 7.554980 PLAYER
192 203926 7.130660 25.002230 PLAYER
192 202703 11.343040 28.571980 PLAYER
192 203138 9.358960 23.179790 PLAYER
192 203100 23.590390 32.080950 PLAYER
192 203960 9.352560 28.392250 PLAYER
192 203924 9.539990 28.280780 PLAYER
192 1626143 7.930240 22.857470 PLAYER
204 -1 9.198690 27.496260 BALL
204 2550 18.317000 44.511540 PLAYER
204 201149 12.615440 23.414830 PLAYER
204 203503 24.139510 8.231330 PLAYER
204 203926 6.703710 25.255600 PLAYER
204 202703 11.608440 28.535160 PLAYER
204 203138 10.007290 23.050540 PLAYER
204 203100 24.775250 31.837560 PLAYER
204 203960 9.854790 28.658100 PLAYER
204 203924 9.854790 28.658100 PLAYER
204 1626143 7.805000 22.727990 PLAYER
216 -1 8.371360 28.135160 BALL
216 2550 19.891860 44.016320 PLAYER
216 201149 13.173640 23.538600 PLAYER
216 203503 25.366920 8.874340 PLAYER
216 203926 6.207100 25.911080 PLAYER
216 202703 11.890540 28.511940 PLAYER
216 203138 10.610530 22.842520 PLAYER
216 203100 26.006060 31.649600 PLAYER
216 203960 10.438800 29.042380 PLAYER
216 203924 10.336650 28.994160 PLAYER
216 1626143 7.519120 22.596700 PLAYER
228 -1 7.794160 28.336010 BALL
228 2550 21.445310 43.499410 PLAYER
228 201149 13.769900 23.624630 PLAYER
228 203503 26.637470 9.526970 PLAYER
228 203926 5.941240 26.577970 PLAYER
228 202703 12.140560 28.607580 PLAYER
228 203138 10.828680 22.616730 PLAYER
228 203100 27.274290 31.514570 PLAYER
228 203960 11.098660 29.491040 PLAYER
228 203924 9.883670 29.041710 PLAYER
228 1626143 6.840110 22.468810 PLAYER
240 -1 7.602870 28.426180 BALL
240 2550 23.009890 42.952080 PLAYER
240 201149 14.394780 23.686740 PLAYER
240 203503 27.952290 10.134300 PLAYER
240 203926 5.586890 26.995030 PLAYER
240 202703 12.490040 28.807790 PLAYER
240 203138 10.819950 22.356180 PLAYER
240 203100 28.462250 31.495510 PLAYER
240 203960 11.556410 29.814000 PLAYER
240 203924 8.853500 28.773860 PLAYER
240 1626143 6.587890 22.394790 PLAYER
252 -1 6.315870 29.179450 BALL
252 2550 24.620550 42.435010 PLAYER
252 201149 15.207260 23.775680 PLAYER
252 203503 29.311230 10.680050 PLAYER
252 203926 5.182770 27.230330 PLAYER
252 202703 12.791380 28.965470 PLAYER
252 203138 11.079010 22.130130 PLAYER
252 203100 29.505440 31.626530 PLAYER
252 203960 12.077330 30.175910 PLAYER
252 203924 7.593030 28.629290 PLAYER
252 1626143 6.462300 22.302590 PLAYER
264 -1 5.438400 29.451450 BALL
264 2550 26.227210 41.927210 PLAYER
264 201149 16.016180 23.877820 PLAYER
264 203503 30.647320 11.244530 PLAYER
264 203926 4.765000 27.409990 PLAYER
264 202703 12.992560 29.141180 PLAYER
264 203138 11.566070 22.117530 PLAYER
264 203100 30.410800 31.949540 PLAYER
264 203960 12.589390 30.610920 PLAYER
264 203924 6.165940 28.627880 PLAYER
264 1626143 6.747130 22.089730 PLAYER