0 -1 26.947180 24.993220
0 2571 23.685640 45.002000
0 2733 18.662580 2.906800
0 201575 18.549300 12.626590
0 201578 27.028410 24.845560
0 203546 7.770220 45.681040
0 101179 19.755470 34.926720
0 201603 16.077970 11.106850
0 203458 20.564350 25.070590
0 203933 16.703540 15.814810
0 203462 7.362340 33.255170
12 -1 26.732560 24.979290
12 2571 23.885510 45.073980
12 2733 19.075790 3.099220
12 201575 17.685160 12.676630
12 201578 26.985870 24.808610
12 203546 8.112870 46.136500
12 101179 19.995740 35.144360
12 201603 16.616410 11.148500
12 203458 20.977470 25.275860
12 203933 16.014340 15.873610
12 203462 7.348940 33.163190
24 -1 24.910110 24.933600
24 2571 24.051580 45.137770
24 2733 19.444370 3.356300
24 201575 16.795600 12.477370
24 201578 26.914610 24.777050
24 203546 8.524670 46.478770
24 101179 20.216920 35.435610
24 201603 17.175790 11.145270
24 203458 21.351160 25.487140
24 203933 15.418970 15.985890
24 203462 7.314020 33.020880
36 -1 22.763160 25.092340
36 2571 24.225330 45.164310
36 2733 19.804870 3.659950
36 201575 16.057930 12.155310
36 201578 26.948860 24.781300
36 203546 8.962340 46.749140
36 101179 20.308140 35.633100
36 201603 17.520760 11.378500
36 203458 21.733430 25.652580
36 203933 14.879730 16.071380
36 203462 7.276820 32.832820
48 -1 20.492690 24.954800
48 2571 24.417550 45.179340
48 2733 20.142070 3.987100
48 201575 15.216910 11.852130
48 201578 27.071790 24.823610
48 203546 9.472400 46.904630
48 101179 20.196790 35.745480
48 201603 17.760610 11.684230
48 203458 22.116840 25.833320
48 203933 14.194840 16.165880
48 203462 7.248580 32.606180
60 -1 18.280590 24.900170
60 2571 24.679950 45.134640
60 2733 20.473980 4.318790
60 201575 14.596360 11.344610
60 201578 27.337840 24.897550
60 203546 10.072980 46.943620
60 101179 20.016260 35.838060
60 201603 17.937670 12.052600
60 203458 22.524660 25.964490
60 203933 13.439870 16.143110
60 203462 7.239310 32.347040
72 -1 15.960010 24.887390
72 2571 24.996630 45.106970
72 2733 20.817670 4.652190
72 201575 14.089750 10.767680
72 201578 27.757210 24.992820
72 203546 10.716220 46.871080
72 101179 19.689330 35.736870
72 201603 17.975900 12.501990
72 203458 22.961300 26.072260
72 203933 12.650520 16.112590
72 203462 7.271140 32.062560
84 -1 13.755970 24.883500
84 2571 25.362550 45.033960
84 2733 21.184420 4.983720
84 201575 13.651240 10.331880
84 201578 28.303570 25.087040
84 203546 11.364120 46.709370
84 101179 19.340560 35.502330
84 201603 17.933360 13.070580
84 203458 23.393380 26.150740
84 203933 11.951280 16.034990
84 203462 7.339260 31.727560
96 -1 11.440370 24.916700
96 2571 25.791170 44.968800
96 2733 21.557480 5.286560
96 201575 13.171240 9.958460
96 201578 28.942550 25.182380
96 203546 12.027820 46.521810
96 101179 19.024070 35.277720
96 201603 17.858390 13.653410
96 203458 23.843210 26.191930
96 203933 11.375870 15.979250
96 203462 7.391970 31.405540
108 -1 9.457490 24.907220
108 2571 26.241690 44.907600
108 2733 21.953080 5.599040
108 201575 12.955910 9.487040
108 201578 29.687470 25.285480
108 203546 12.712530 46.250260
108 101179 18.836820 35.093110
108 201603 17.681710 14.284300
108 203458 24.325820 26.143610
108 203933 10.984380 15.874130
108 203462 7.567870 30.980130
120 -1 7.187990 24.776540
120 2571 26.710180 44.793920
120 2733 22.387010 5.903110
120 201575 12.729930 9.166330
120 201578 30.490370 25.401620
120 203546 13.378440 46.038960
120 101179 18.636050 34.858800
120 201603 17.411520 14.986700
120 203458 24.795760 26.041270
120 203933 10.860900 15.770980
120 203462 7.760180 30.525020
132 -1 5.011220 24.785230
132 2571 27.231990 44.646540
132 2733 22.838400 6.224400
132 201575 12.684600 8.917510
132 201578 31.380460 25.516200
132 203546 14.049990 45.778750
132 101179 18.460760 34.670320
132 201603 17.137880 15.692940
132 203458 25.315020 25.865820
132 203933 10.908200 15.645240
132 203462 7.980220 30.052190
144 -1 4.902370 24.541190
144 2571 27.804200 44.526590
144 2733 23.314840 6.557850
144 201575 12.867810 8.732980
144 201578 32.399660 25.645170
144 203546 14.780940 45.494110
144 101179 18.207710 34.621270
144 201603 16.996870 16.368360
144 203458 25.889220 25.632280
144 203933 11.033980 15.506050
144 203462 8.226300 29.646700
156 -1 5.404040 24.363200
156 2571 28.415770 44.393250
156 2733 23.852720 6.914900
156 201575 13.196710 8.620100
156 201578 33.527020 25.805570
156 203546 15.538800 45.142100
156 101179 17.901610 34.615160
156 201603 17.041440 17.018450
156 203458 26.469570 25.352000
156 203933 11.122890 15.432370
156 203462 8.583270 29.208110
168 -1 6.422630 24.222530
168 2571 29.121510 44.197410
168 2733 24.390640 7.256930
168 201575 13.568660 8.642170
168 201578 34.727460 25.945780
168 203546 16.314280 44.773020
168 101179 17.495460 34.688180
168 201603 17.212730 17.616130
168 203458 27.133820 25.034480
168 203933 11.173780 15.418610
168 203462 8.840620 28.611790
180 -1 6.055930 24.077500
180 2571 29.977010 43.980760
180 2733 24.958020 7.601910
180 201575 14.076440 8.641550
180 201578 35.990460 26.095700
180 203546 17.122000 44.327630
180 101179 17.001500 34.948080
180 201603 17.575780 18.142200
180 203458 27.903110 24.696000
180 203933 11.252760 15.339730
180 203462 9.024790 27.775600
192 -1 7.342090 23.272040
192 2571 30.825600 43.754950
192 2733 25.543690 7.951430
192 201575 14.666020 8.593600
192 201578 37.272400 26.267830
192 203546 18.006360 43.872350
192 101179 16.545810 34.985080
192 201603 18.087650 18.593250
192 203458 28.617350 24.347560
192 203933 11.425710 15.137450
192 203462 9.094140 26.983410
204 -1 8.005750 22.997210
204 2571 31.709460 43.457990
204 2733 26.199000 8.303110
204 201575 15.307640 8.659260
204 201578 38.538790 26.411550
204 203546 18.919940 43.353600
204 101179 16.066110 34.997630
204 201603 18.749710 18.914750
204 203458 29.551760 23.940950
204 203933 11.748500 14.781390
204 203462 9.072280 26.023230
216 -1 8.583870 22.783290
216 2571 32.660440 43.109440
216 2733 26.921140 8.634480
216 201575 16.031540 8.751260
216 201578 39.831590 26.488000
216 203546 19.908840 42.817380
216 101179 15.640040 35.115100
216 201603 19.471750 19.106060
216 203458 30.667970 23.521940
216 203933 12.234720 14.261620
216 203462 8.852960 24.716640
228 -1 8.179870 21.859620
228 2571 33.676730 42.742670
228 2733 27.759750 8.998580
228 201575 16.843230 8.818130
228 201578 41.146180 26.556480
228 203546 20.965970 42.291420
228 101179 15.371260 35.335600
228 201603 20.302510 19.245570
228 203458 31.897920 23.036000
228 203933 12.973070 13.534700
228 203462 8.678720 23.579520
240 -1 7.567740 20.748090
240 2571 34.690530 42.382090
240 2733 28.651610 9.391990
240 201575 17.745710 8.932880
240 201578 42.461930 26.594240
240 203546 22.101640 41.753960
240 101179 15.281130 35.553560
240 201603 21.345500 19.156550
240 203458 33.236190 22.615380
240 203933 13.794560 12.833070
240 203462 8.708660 22.634940
252 -1 8.748510 20.417450
252 2571 35.842470 41.969760
252 2733 29.650170 9.757170
252 201575 18.797120 9.089060
252 201578 43.760320 26.611580
252 203546 23.261370 41.224920
252 101179 15.268990 36.183520
252 201603 22.492110 18.923560
252 203458 34.850370 22.212230
252 203933 14.681210 12.218950
252 203462 9.100050 21.582760