0 -1 26.615460 36.994370
0 101141 4.891670 30.198980
0 202704 20.055100 21.728390
0 202694 31.534930 8.302610
0 203484 27.001270 37.359520
0 203083 8.209840 32.065710
0 200782 21.470340 19.110660
0 202720 4.386590 26.168500
0 202339 17.223950 34.412240
0 202688 14.576390 20.104660
0 203458 7.795170 26.203760
12 -1 24.983500 36.229280
12 101141 5.147180 30.131430
12 202704 20.992850 22.299870
12 202694 31.651190 8.419130
12 203484 26.913470 37.259160
12 203083 8.144610 32.601560
12 200782 21.239680 19.213430
12 202720 4.524590 27.073700
12 202339 18.885610 34.706160
12 202688 14.998660 20.477530
12 203458 7.586660 26.753880
24 -1 22.950960 35.212270
24 101141 5.429850 29.912550
24 202704 21.785630 22.949970
24 202694 31.809520 8.544580
24 203484 26.733120 37.163970
24 203083 8.109060 32.963260
24 200782 21.022870 19.176120
24 202720 4.699350 27.747740
24 202339 20.514180 34.928940
24 202688 15.367220 20.818000
24 203458 7.298650 27.218860
36 -1 20.938380 34.068510
36 101141 5.644850 29.574940
36 202704 22.619810 23.635420
36 202694 32.050260 8.638010
36 203484 26.616220 37.141440
36 203083 8.080700 33.279920
36 200782 20.866020 19.098100
36 202720 4.759200 28.119920
36 202339 22.276100 35.176500
36 202688 15.693750 21.179440
36 203458 7.336930 27.761160
48 -1 19.071920 33.063860
48 101141 5.915430 29.352650
48 202704 23.503300 24.232800
48 202694 32.373170 8.717750
48 203484 26.633160 37.079130
48 203083 8.071920 33.497040
48 200782 20.711060 18.997210
48 202720 4.856650 28.520980
48 202339 24.033250 35.571610
48 202688 15.883760 21.572140
48 203458 7.396220 28.189030
60 -1 17.186850 32.029120
60 101141 6.175190 29.143230
60 202704 24.384650 24.831160
60 202694 32.751610 8.773940
60 203484 26.947650 37.030820
60 203083 8.081210 33.559200
60 200782 20.624490 18.786040
60 202720 4.941530 28.730000
60 202339 25.693720 36.037740
60 202688 15.898560 21.960700
60 203458 7.516070 28.468820
72 -1 15.347680 30.896870
72 101141 6.336900 28.967360
72 202704 25.257700 25.254990
72 202694 33.180580 8.758140
72 203484 27.300930 37.049360
72 203083 8.104190 33.543900
72 200782 20.537220 18.608050
72 202720 4.979980 28.756570
72 202339 27.371520 36.357470
72 202688 15.784500 22.317460
72 203458 7.955960 28.733130
84 -1 13.363820 29.822150
84 101141 6.394570 28.723800
84 202704 26.143870 25.610560
84 202694 33.665570 8.685070
84 203484 27.803040 37.085450
84 203083 8.119080 33.471210
84 200782 20.498340 18.445490
84 202720 4.987970 28.680500
84 202339 28.984000 36.349010
84 202688 15.576970 22.651350
84 203458 8.504020 28.952170
96 -1 11.601200 28.970690
96 101141 6.490120 28.526320
96 202704 26.980540 25.917890
96 202694 34.166810 8.611610
96 203484 28.438120 37.090730
96 203083 8.141550 33.400320
96 200782 20.483680 18.268360
96 202720 5.114870 28.674380
96 202339 30.474650 36.403270
96 202688 15.266100 22.927400
96 203458 8.860110 28.951940
108 -1 9.666010 27.886340
108 101141 6.541700 28.143150
108 202704 27.809200 26.079920
108 202694 34.668170 8.544020
108 203484 29.107260 37.192530
108 203083 8.170700 33.342450
108 200782 20.469780 18.072230
108 202720 5.217890 28.519350
108 202339 31.853640 36.382150
108 202688 14.893550 23.136410
108 203458 9.129820 28.736890
120 -1 7.830030 26.928690
120 101141 6.602220 27.542660
120 202704 28.655510 26.083220
120 202694 35.189930 8.520550
120 203484 29.683370 37.286810
120 203083 8.197560 33.268770
120 200782 20.488390 17.840960
120 202720 5.343230 28.378600
120 202339 33.250240 36.244460
120 202688 14.514610 23.283670
120 203458 9.346710 28.525430
132 -1 6.015250 25.923570
132 101141 6.660710 27.039200
132 202704 29.534200 26.133620
132 202694 35.739270 8.550390
132 203484 30.413990 37.378540
132 203083 8.201540 33.112060
132 200782 20.507650 17.529640
132 202720 5.545570 28.325390
132 202339 34.576420 36.244760
132 202688 14.115680 23.368940
132 203458 9.439410 28.390930
144 -1 5.047350 25.112120
144 101141 6.846780 26.880650
144 202704 30.447150 26.071630
144 202694 36.279510 8.603160
144 203484 31.218670 37.459390
144 203083 8.246820 33.071600
144 200782 20.514220 17.150280
144 202720 5.776700 28.356520
144 202339 35.922810 36.554490
144 202688 13.683390 23.385770
144 203458 9.441600 28.268050
156 -1 4.710620 24.453870
156 101141 7.079910 26.766570
156 202704 31.358930 25.981480
156 202694 36.827580 8.637650
156 203484 32.067010 37.525220
156 203083 8.252040 32.856830
156 200782 20.512710 16.711670
156 202720 6.020280 28.380750
156 202339 37.233610 36.953230
156 202688 13.131470 23.329100
156 203458 9.338610 28.399270
168 -1 5.439330 24.151440
168 101141 7.344720 26.638000
168 202704 32.257920 25.953610
168 202694 37.408710 8.646480
168 203484 32.968580 37.567460
168 203083 8.248440 32.675870
168 200782 20.554840 16.267890
168 202720 6.336650 28.358040
168 202339 38.490130 37.478690
168 202688 12.560860 23.134490
168 203458 9.329340 28.661350
180 -1 6.051050 23.675320
180 101141 7.613840 26.619310
180 202704 33.176430 26.085900
180 202694 38.015240 8.603540
180 203484 33.938290 37.577490
180 203083 8.168110 32.424680
180 200782 20.618100 15.858120
180 202720 6.678690 28.353000
180 202339 39.682350 38.033310
180 202688 11.948940 22.899330
180 203458 9.313880 28.974630
192 -1 6.871160 23.113340
192 101141 7.855620 26.579020
192 202704 34.086670 26.204290
192 202694 38.675270 8.590690
192 203484 34.947350 37.589850
192 203083 8.153960 32.446190
192 200782 20.698420 15.419210
192 202720 6.939020 28.173280
192 202339 40.787310 38.592780
192 202688 11.274540 22.626960
192 203458 9.270170 29.237650
204 -1 7.533850 22.783560
204 101141 8.095840 26.373420
204 202704 34.967020 26.318780
204 202694 39.384230 8.611220
204 203484 35.927900 37.602980
204 203083 8.249870 32.442990
204 200782 20.841360 15.030680
204 202720 7.111770 27.886890
204 202339 41.842910 39.132100
204 202688 10.557870 22.304220
204 203458 9.288580 29.496400
216 -1 8.055680 22.330290
216 101141 8.347260 26.167050
216 202704 35.850320 26.403560
216 202694 40.150500 8.697660
216 203484 36.885170 37.596590
216 203083 8.403870 32.502670
216 200782 21.084660 14.739180
216 202720 7.162620 27.345140
216 202339 42.894530 39.619190
216 202688 9.900640 21.910750
216 203458 9.503650 29.615110
228 -1 7.953260 20.956020
228 101141 8.647760 26.130340
228 202704 36.780840 26.432480
228 202694 40.962620 8.848210
228 203484 37.889850 37.520230
228 203083 8.638790 32.602330
228 200782 21.389990 14.510190
228 202720 7.119340 26.695990
228 202339 43.930380 40.084430
228 202688 9.220510 21.483680
228 203458 9.662160 29.699100
240 -1 7.214350 20.773720
240 101141 8.948760 26.100480
240 202704 37.758920 26.382860
240 202694 41.863700 8.961650
240 203484 38.989210 37.429120
240 203083 8.971090 32.754350
240 200782 21.797420 14.224570
240 202720 7.058060 25.964110
240 202339 44.943870 40.568040
240 202688 8.535510 21.160180
240 203458 9.818870 29.661320
252 -1 6.714440 20.390080
252 101141 9.358680 25.985750
252 202704 38.757460 26.270060
252 202694 42.783610 9.130020
252 203484 40.169930 37.297140
252 203083 9.498110 32.829270
252 200782 22.374470 13.917200
252 202720 7.172380 25.188390
252 202339 45.955460 41.093780
252 202688 8.012610 20.638550
252 203458 10.060850 29.528820