0 -1 89.482060 9.904020
0 101114 65.302630 10.917280
0 101109 91.242590 18.771530
0 2585 89.455830 8.626270
0 202718 77.085710 46.178910
0 203939 72.239450 31.344750
0 202720 89.283660 23.097650
0 202339 79.374080 17.374700
0 202688 84.543470 30.296270
0 203458 87.548690 21.686440
0 203933 79.238220 40.649510
12 -1 89.609100 9.353110
12 101114 65.254000 11.162670
12 101109 91.533710 17.584640
12 2585 89.408530 8.362550
12 202718 75.968530 45.865600
12 203939 72.782070 31.205680
12 202720 89.260320 22.526820
12 202339 79.277280 17.132900
12 202688 84.856890 30.249370
12 203458 87.268170 21.245550
12 203933 78.369140 40.388050
24 -1 89.329610 9.809210
24 101114 65.139910 11.479460
24 101109 91.810350 16.392660
24 2585 89.377480 8.197970
24 202718 74.831940 45.513190
24 203939 73.429190 31.008120
24 202720 89.514190 21.972430
24 202339 79.231700 16.996750
24 202688 85.063970 30.226840
24 203458 86.991880 21.028950
24 203933 77.558210 40.089360
36 -1 89.312760 9.531910
36 101114 64.958830 11.820550
36 101109 92.118700 15.423870
36 2585 89.376190 7.911050
36 202718 73.661880 45.151910
36 203939 74.109930 30.771010
36 202720 89.694230 21.475910
36 202339 79.223180 16.949350
36 202688 85.156760 30.194260
36 203458 86.782370 20.816430
36 203933 76.885340 39.713880
48 -1 89.324270 9.291200
48 101114 64.704290 12.149240
48 101109 92.448120 14.596120
48 2585 89.401340 7.794290
48 202718 72.512800 44.744300
48 203939 74.871610 30.436460
48 202720 89.771400 21.034900
48 202339 79.283990 16.975010
48 202688 85.125520 30.096090
48 203458 86.624420 20.667740
48 203933 76.562030 39.327860
60 -1 89.500410 9.894340
60 101114 64.359070 12.418340
60 101109 92.763100 13.993790
60 2585 89.431980 7.697210
60 202718 71.325140 44.309270
60 203939 75.647230 30.054130
60 202720 89.700490 20.761100
60 202339 79.344330 17.073410
60 202688 84.932750 29.888890
60 203458 86.542730 20.657320
60 203933 76.604860 38.952100
72 -1 89.422910 11.847630
72 101114 63.929800 12.679580
72 101109 93.041400 13.498510
72 2585 89.480080 7.573860
72 202718 70.070710 43.834800
72 203939 76.408320 29.738370
72 202720 89.586050 20.758900
72 202339 79.446320 17.209140
72 202688 84.658880 29.643410
72 203458 86.421380 20.650640
72 203933 76.938970 38.594600
84 -1 89.401520 13.863150
84 101114 63.457770 12.935240
84 101109 93.196120 13.126970
84 2585 89.562460 7.563680
84 202718 68.800520 43.331740
84 203939 77.168690 29.432530
84 202720 89.403470 20.938670
84 202339 79.580970 17.370210
84 202688 84.341190 29.320180
84 203458 86.326170 20.701960
84 203933 77.487730 38.292300
96 -1 89.362170 15.810030
96 101114 62.928600 13.195870
96 101109 93.265570 12.814550
96 2585 89.531370 7.641760
96 202718 67.548160 42.786030
96 203939 78.231020 29.353150
96 202720 89.176700 21.152480
96 202339 79.722270 17.536600
96 202688 83.983380 28.986800
96 203458 86.238480 20.887970
96 203933 78.275750 37.851610
108 -1 89.381050 17.665270
108 101114 62.343370 13.504040
108 101109 93.221660 12.582770
108 2585 89.365120 7.755950
108 202718 66.267050 42.178520
108 203939 79.273250 29.332570
108 202720 88.974100 21.433380
108 202339 79.844690 17.719610
108 202688 83.525950 28.602370
108 203458 86.147010 21.020130
108 203933 79.172450 37.329680
120 -1 89.435140 19.390890
120 101114 61.732810 13.852200
120 101109 93.042100 12.380580
120 2585 89.057310 7.965210
120 202718 64.980820 41.549020
120 203939 80.230820 29.428560
120 202720 88.828970 21.806300
120 202339 80.004210 17.859530
120 202688 83.262070 28.356620
120 203458 86.088020 21.007340
120 203933 80.042710 36.719940
132 -1 89.406610 21.287170
132 101114 61.116700 14.177990
132 101109 92.655480 12.323990
132 2585 88.580900 8.209150
132 202718 63.729650 40.941710
132 203939 81.213610 29.685810
132 202720 88.722670 22.325120
132 202339 80.152270 18.002770
132 202688 83.159360 28.312930
132 203458 86.038910 21.057080
132 203933 80.964220 35.992700
144 -1 89.332810 22.868990
144 101114 60.486190 14.417610
144 101109 92.129600 12.339920
144 2585 87.962710 8.453840
144 202718 62.506060 40.303850
144 203939 82.091120 29.940460
144 202720 88.483780 23.065790
144 202339 80.262780 18.166430
144 202688 83.188110 28.388600
144 203458 86.056610 21.145340
144 203933 81.917000 35.047700
156 -1 89.183130 24.298350
156 101114 59.822610 14.650010
156 101109 91.460010 12.417500
156 2585 87.280560 8.704930
156 202718 61.253990 39.683170
156 203939 82.859270 30.246430
156 202720 88.278750 23.926150
156 202339 80.367250 18.349070
156 202688 83.224720 28.627460
156 203458 86.134130 21.232450
156 203933 82.738040 34.333300
168 -1 88.972170 25.606390
168 101114 59.169750 14.841490
168 101109 90.657490 12.550530
168 2585 86.500230 9.034740
168 202718 60.038320 39.098990
168 203939 83.721710 30.679640
168 202720 88.152580 24.838140
168 202339 80.441620 18.537800
168 202688 83.482340 29.127770
168 203458 86.242620 21.399640
168 203933 83.456490 33.756190
180 -1 88.900620 26.744080
180 101114 58.532690 15.028330
180 101109 89.780990 12.752440
180 2585 85.679980 9.423040
180 202718 58.829390 38.539120
180 203939 84.695930 31.138430
180 202720 88.019760 25.781500
180 202339 80.452500 18.757930
180 202688 83.847870 29.651090
180 203458 86.418830 21.690700
180 203933 84.014770 33.244080
192 -1 88.725780 27.566960
192 101114 57.889320 15.254000
192 101109 88.886410 12.936580
192 2585 84.822090 9.894890
192 202718 57.607720 37.963010
192 203939 85.537210 31.576800
192 202720 87.814360 26.628570
192 202339 80.405230 18.991620
192 202688 84.317560 30.113260
192 203458 86.648220 21.902260
192 203933 84.477840 32.896420
204 -1 88.467290 28.364640
204 101114 57.227230 15.561910
204 101109 87.947520 13.125780
204 2585 83.882870 10.445240
204 202718 56.307580 37.419770
204 203939 86.397900 32.191690
204 202720 87.712530 27.265150
204 202339 80.356310 19.221810
204 202688 84.892020 30.668850
204 203458 86.865520 22.061210
204 203933 84.852970 32.731470
216 -1 88.050030 29.086990
216 101114 56.571490 15.869830
216 101109 86.949670 13.313170
216 2585 82.893810 11.034610
216 202718 55.037350 36.893280
216 203939 87.063240 32.671830
216 202720 87.643130 27.883010
216 202339 80.307320 19.464780
216 202688 85.658230 31.482750
216 203458 86.983870 22.226300
216 203933 85.378590 32.481680
228 -1 87.855760 30.026830
228 101114 55.875980 16.179660
228 101109 85.905110 13.539500
228 2585 81.895510 11.676050
228 202718 53.886720 36.422290
228 203939 87.650020 33.077810
228 202720 87.548860 28.437100
228 202339 80.282350 19.716500
228 202688 86.399720 32.233150
228 203458 87.071610 22.442400
228 203933 85.942850 32.229770
240 -1 87.749870 30.760000
240 101114 55.164650 16.481990
240 101109 84.768970 13.801740
240 2585 80.937420 12.300660
240 202718 52.878530 36.074240
240 203939 88.109360 33.654970
240 202720 87.494560 28.942750
240 202339 80.285480 19.996840
240 202688 87.011710 32.804320
240 203458 87.092420 22.724900
240 203933 86.479260 32.104990
252 -1 87.134030 30.302270
252 101114 54.422480 16.751850
252 101109 83.562440 14.139150
252 2585 79.980140 12.944780
252 202718 52.033670 35.802750
252 203939 88.691200 34.118980
252 202720 87.494150 29.602660
252 202339 80.311310 20.299630
252 202688 87.753210 33.357130
252 203458 87.081220 23.025980
252 203933 86.931160 32.390490
264 -1 86.623700 30.652340
264 101114 53.649240 17.047180
264 101109 82.306970 14.549130
264 2585 78.958540 13.641440
264 202718 51.380130 35.549130
264 203939 89.338530 34.569190
264 202720 87.491290 30.289610
264 202339 80.302210 20.612520
264 202688 88.371120 33.660470
264 203458 87.046180 23.276400
264 203933 87.502930 32.874980
276 -1 86.818290 30.452000
276 101114 52.877490 17.389200
276 101109 80.998060 14.960200
276 2585 77.913720 14.345880
276 202718 50.852620 35.403600
276 203939 90.046220 34.930420
276 202720 87.469630 30.940710
276 202339 80.240360 20.947100
276 202688 88.940820 33.664560
276 203458 87.045770 23.505990
276 203933 87.816120 33.485920