0 -1 64.731370 31.783410
0 2199 82.226770 19.215760
0 200782 86.860350 13.980740
0 202693 85.127010 32.431010
0 202339 80.903750 12.044730
0 202688 68.420770 28.871270
0 202329 87.929440 1.609150
0 203081 76.651610 12.319960
0 203486 75.910180 14.405750
0 203468 64.377950 31.940890
0 203086 85.450240 48.476630
12 -1 65.639950 31.704690
12 2199 82.442980 19.300930
12 200782 86.846740 14.324800
12 202693 85.183290 33.041460
12 202339 81.062770 12.481710
12 202688 67.699100 29.385650
12 202329 87.696560 1.860970
12 203081 76.384510 12.095130
12 203486 76.004100 14.920360
12 203468 64.482850 31.891330
12 203086 85.449030 48.561400
24 -1 67.941600 30.836760
24 2199 82.519310 19.362320
24 200782 86.828420 14.660550
24 202693 85.199650 33.647110
24 202339 81.182780 12.928020
24 202688 67.001880 29.686310
24 202329 87.379110 2.178600
24 203081 76.033760 11.885290
24 203486 76.083520 15.504790
24 203468 64.657160 31.770440
24 203086 85.348850 48.606000
36 -1 70.317170 30.158580
36 2199 82.648300 19.606400
36 200782 86.854140 15.021380
36 202693 85.203540 34.229040
36 202339 81.249060 13.371850
36 202688 66.351550 29.764810
36 202329 86.924170 2.572940
36 203081 75.657360 11.677010
36 203486 76.171770 16.141530
36 203468 64.819740 31.594490
36 203086 85.130210 48.591550
48 -1 72.641870 29.496970
48 2199 82.705610 19.896630
48 200782 86.925280 15.456350
48 202693 85.232420 34.710910
48 202339 81.274370 13.796780
48 202688 65.740060 29.768610
48 202329 86.348380 3.039820
48 203081 75.180340 11.402420
48 203486 76.302520 16.828880
48 203468 64.986040 31.427320
48 203086 84.795200 48.541330
60 -1 74.787620 28.703780
60 2199 82.596780 20.254600
60 200782 87.070210 15.944570
60 202693 85.254740 35.034490
60 202339 81.258070 14.219760
60 202688 65.021070 29.753110
60 202329 85.660950 3.572570
60 203081 74.631980 11.140480
60 203486 76.456360 17.501510
60 203468 65.093450 31.415990
60 203086 84.352560 48.462240
72 -1 77.346490 28.146720
72 2199 82.537470 20.557260
72 200782 87.282990 16.467310
72 202693 85.261650 35.261080
72 202339 81.220920 14.625860
72 202688 64.198460 29.733160
72 202329 84.871730 4.018270
72 203081 74.088020 10.952660
72 203486 76.735760 18.165930
72 203468 65.128330 31.430920
72 203086 83.869720 48.341400
84 -1 79.500830 27.456950
84 2199 82.500880 20.959680
84 200782 87.492010 16.982380
84 202693 85.248220 35.320950
84 202339 81.177880 15.025920
84 202688 63.290140 29.774210
84 202329 83.928000 4.509000
84 203081 73.531730 10.805350
84 203486 77.071020 18.870200
84 203468 65.126340 31.471870
84 203086 83.379110 48.151630
96 -1 81.854490 26.671530
96 2199 82.446310 21.322780
96 200782 87.623850 17.508880
96 202693 85.230640 35.216930
96 202339 81.142150 15.410580
96 202688 62.389770 29.917630
96 202329 82.903010 5.061750
96 203081 72.937100 10.726950
96 203486 77.413140 19.611410
96 203468 65.072160 31.566140
96 203086 82.912110 47.915860
108 -1 83.928900 26.031880
108 2199 82.497800 21.676890
108 200782 87.669850 18.041070
108 202693 85.166560 35.044210
108 202339 81.128550 15.776880
108 202688 61.493860 30.128450
108 202329 81.793500 5.661410
108 203081 72.323880 10.707560
108 203486 77.785940 20.529960
108 203468 64.989790 31.694140
108 203086 82.438560 47.565750
120 -1 86.349280 25.428620
120 2199 82.702520 21.927750
120 200782 87.626270 18.566210
120 202693 85.077350 34.801040
120 202339 81.154770 16.102350
120 202688 60.610190 30.362960
120 202329 80.563150 6.308420
120 203081 71.697400 10.761640
120 203486 78.258650 21.490520
120 203468 64.843730 31.808130
120 203086 81.909550 47.149410
132 -1 88.373230 24.834030
132 2199 82.849840 22.266400
132 200782 87.552530 19.121650
132 202693 84.930040 34.583220
132 202339 81.191810 16.369160
132 202688 59.807720 30.579880
132 202329 79.262380 6.979470
132 203081 71.068590 10.869710
132 203486 78.823710 22.426890
132 203468 64.720270 31.952950
132 203086 81.248390 46.742780
144 -1 88.997860 25.759270
144 2199 83.079720 22.631070
144 200782 87.449300 19.690830
144 202693 84.774710 34.368220
144 202339 81.195340 16.578740
144 202688 59.012120 30.840040
144 202329 77.958850 7.670900
144 203081 70.469580 10.998460
144 203486 79.469070 23.408200
144 203468 64.551160 32.148870
144 203086 80.520000 46.299020
156 -1 88.530940 26.581560
156 2199 83.323500 22.989300
156 200782 87.307800 20.236910
156 202693 84.656840 34.119360
156 202339 81.148860 16.735050
156 202688 58.167150 31.152420
156 202329 76.606780 8.354700
156 203081 69.876650 11.175200
156 203486 80.269240 24.469610
156 203468 64.398720 32.322620
156 203086 79.690110 45.797110
168 -1 88.236560 27.307990
168 2199 83.418220 23.501860
168 200782 87.205480 20.759690
168 202693 84.599200 33.937340
168 202339 81.070300 16.814060
168 202688 57.302920 31.583280
168 202329 75.190700 9.097700
168 203081 69.283980 11.456030
168 203486 81.183700 25.400560
168 203468 64.145640 32.478890
168 203086 78.768680 45.282960
180 -1 87.811910 27.930630
180 2199 83.453990 23.989420
180 200782 86.931050 21.058490
180 202693 84.712080 33.697690
180 202339 80.944860 16.812610
180 202688 56.528770 31.954360
180 202329 73.788070 9.808190
180 203081 68.659430 11.760180
180 203486 82.187270 26.370400
180 203468 63.759400 32.541490
180 203086 77.759270 44.717970
192 -1 87.670510 28.812870
192 2199 83.464190 24.566150
192 200782 86.519410 21.185740
192 202693 85.013940 33.394710
192 202339 80.785490 16.742830
192 202688 55.629810 32.372490
192 202329 72.381600 10.488400
192 203081 67.979750 12.156310
192 203486 83.195820 27.388690
192 203468 63.219660 32.674260
192 203086 76.714080 44.086720
204 -1 87.196420 29.577140
204 2199 83.433790 25.130830
204 200782 86.007090 21.190490
204 202693 85.466240 33.049370
204 202339 80.601590 16.573300
204 202688 54.706290 32.790930
204 202329 70.953800 11.107680
204 203081 67.307640 12.614800
204 203486 84.290820 28.349890
204 203468 62.564210 32.881060
204 203086 75.603870 43.484810
216 -1 87.627000 29.752940
216 2199 83.336540 25.645440
216 200782 85.387780 21.015590
216 202693 86.012300 32.789760
216 202339 80.388890 16.290280
216 202688 53.740760 33.256920
216 202329 69.453810 11.781280
216 203081 66.672610 13.086600
216 203486 85.509430 29.256740
216 203468 61.774300 33.039490
216 203086 74.390290 42.931420
228 -1 88.669170 29.974020
228 2199 83.383030 26.018150
228 200782 84.660930 20.668750
228 202693 86.638830 32.624370
228 202339 80.138060 15.968790
228 202688 52.698110 33.709530
228 202329 68.104380 12.497790
228 203081 66.028290 13.378410
228 203486 86.735700 30.218360
228 203468 60.937690 33.161500
228 203086 73.137570 42.316500
240 -1 89.250570 29.721080
240 2199 83.538120 26.394750
240 200782 84.019620 20.380910
240 202693 87.274540 32.616670
240 202339 79.885260 15.638510
240 202688 51.663640 34.192560
240 202329 66.618650 13.059990
240 203081 65.491280 13.853000
240 203486 87.951860 30.951650
240 203468 60.164110 33.321810
240 203086 71.923870 41.692730
252 -1 89.977310 30.347920
252 2199 83.908980 26.578370
252 200782 83.394110 20.104950
252 202693 87.879030 32.774040
252 202339 79.684560 15.289000
252 202688 50.651440 34.688280
252 202329 65.002160 13.470220
252 203081 65.212050 14.541990
252 203486 89.104790 31.404220
252 203468 59.460260 33.377820
252 203086 70.842520 41.061460