0 -1 19.532970 44.579550 BALL
0 708 5.832540 12.789870 PLAYER
0 2755 19.750870 2.641410 PLAYER
0 201937 30.652980 13.020230 PLAYER
0 203952 19.507440 44.694870 PLAYER
0 1626157 9.453400 36.244120 PLAYER
0 202329 18.621720 38.129720 PLAYER
0 203081 19.973430 22.367810 PLAYER
0 203486 9.024430 32.583160 PLAYER
0 203468 13.778050 11.664650 PLAYER
0 203943 6.522760 19.312800 PLAYER
12 -1 18.902540 44.142080 BALL
12 708 5.679150 12.463820 PLAYER
12 2755 19.778440 2.642400 PLAYER
12 201937 30.397190 13.173510 PLAYER
12 203952 19.422560 44.606740 PLAYER
12 1626157 9.557240 36.275130 PLAYER
12 202329 18.820110 38.701570 PLAYER
12 203081 19.693760 22.507630 PLAYER
12 203486 9.065090 32.645370 PLAYER
12 203468 13.789250 11.935230 PLAYER
12 203943 6.332670 19.563270 PLAYER
24 -1 18.046830 42.980750 BALL
24 708 5.510950 12.158720 PLAYER
24 2755 19.836740 2.681360 PLAYER
24 201937 30.171550 13.376910 PLAYER
24 203952 19.230100 44.484490 PLAYER
24 1626157 9.706800 36.135330 PLAYER
24 202329 19.082300 39.443280 PLAYER
24 203081 19.439910 22.611050 PLAYER
24 203486 9.100170 32.695520 PLAYER
24 203468 13.826210 12.190450 PLAYER
24 203943 6.182050 19.706180 PLAYER
36 -1 16.979380 41.267170 BALL
36 708 5.356760 11.876880 PLAYER
36 2755 19.916520 2.762370 PLAYER
36 201937 29.945050 13.637200 PLAYER
36 203952 18.996910 44.434480 PLAYER
36 1626157 9.917480 35.887210 PLAYER
36 202329 19.205800 40.067730 PLAYER
36 203081 19.172760 22.719770 PLAYER
36 203486 9.108950 32.722810 PLAYER
36 203468 13.851540 12.481700 PLAYER
36 203943 6.053060 19.765360 PLAYER
48 -1 15.638450 39.212730 BALL
48 708 5.294030 11.620630 PLAYER
48 2755 20.045850 2.897750 PLAYER
48 201937 29.782170 13.945350 PLAYER
48 203952 18.819900 44.502260 PLAYER
48 1626157 10.066760 35.604110 PLAYER
48 202329 19.247320 40.762410 PLAYER
48 203081 18.880210 22.853040 PLAYER
48 203486 9.118850 32.728690 PLAYER
48 203468 13.846690 12.796050 PLAYER
48 203943 5.944770 19.781780 PLAYER
60 -1 13.962290 37.028830 BALL
60 708 5.334330 11.423830 PLAYER
60 2755 20.256820 3.091020 PLAYER
60 201937 29.708850 14.289390 PLAYER
60 203952 18.766900 44.711650 PLAYER
60 1626157 10.261440 35.254880 PLAYER
60 202329 19.289540 41.383040 PLAYER
60 203081 18.527130 22.979820 PLAYER
60 203486 9.225670 32.744770 PLAYER
60 203468 13.845000 13.041110 PLAYER
60 203943 5.876780 19.803490 PLAYER
72 -1 11.864510 34.875460 BALL
72 708 5.506810 11.307490 PLAYER
72 2755 20.562220 3.345390 PLAYER
72 201937 29.720530 14.690980 PLAYER
72 203952 18.734380 45.039810 PLAYER
72 1626157 10.326150 34.905040 PLAYER
72 202329 19.313670 41.957210 PLAYER
72 203081 18.097350 23.133470 PLAYER
72 203486 9.363250 32.764370 PLAYER
72 203468 13.867890 13.188360 PLAYER
72 203943 5.822700 19.910420 PLAYER
84 -1 11.038090 33.403470 BALL
84 708 5.791840 11.243080 PLAYER
84 2755 20.924280 3.602340 PLAYER
84 201937 29.783410 15.085180 PLAYER
84 203952 18.754590 45.379150 PLAYER
84 1626157 10.415590 34.614720 PLAYER
84 202329 19.281550 42.442390 PLAYER
84 203081 17.626100 23.322640 PLAYER
84 203486 9.553990 32.716830 PLAYER
84 203468 13.912200 13.262940 PLAYER
84 203943 5.734520 20.169680 PLAYER
96 -1 9.954110 31.699500 BALL
96 708 6.159910 11.239910 PLAYER
96 2755 21.320490 3.877750 PLAYER
96 201937 29.887450 15.465240 PLAYER
96 203952 18.831000 45.787970 PLAYER
96 1626157 10.541460 34.276050 PLAYER
96 202329 19.272070 42.808820 PLAYER
96 203081 17.134970 23.545200 PLAYER
96 203486 9.800890 32.626010 PLAYER
96 203468 14.006380 13.496040 PLAYER
96 203943 5.614660 20.583430 PLAYER
108 -1 8.757590 30.172970 BALL
108 708 6.564080 11.316810 PLAYER
108 2755 21.755870 4.177970 PLAYER
108 201937 29.985540 15.850000 PLAYER
108 203952 18.942700 46.173640 PLAYER
108 1626157 10.746430 33.978500 PLAYER
108 202329 19.292470 43.061490 PLAYER
108 203081 16.610390 23.831000 PLAYER
108 203486 10.130270 32.434950 PLAYER
108 203468 14.125560 13.642830 PLAYER
108 203943 5.525860 20.991760 PLAYER
120 -1 7.424190 28.425070 BALL
120 708 6.992970 11.444340 PLAYER
120 2755 22.207510 4.481670 PLAYER
120 201937 30.034130 16.254350 PLAYER
120 203952 19.083350 46.508150 PLAYER
120 1626157 10.887860 33.716960 PLAYER
120 202329 19.267130 43.298790 PLAYER
120 203081 16.048950 24.162750 PLAYER
120 203486 10.359690 32.238890 PLAYER
120 203468 14.202350 13.806560 PLAYER
120 203943 5.470550 21.410890 PLAYER
132 -1 6.423610 26.652900 BALL
132 708 7.459690 11.669670 PLAYER
132 2755 22.674660 4.773680 PLAYER
132 201937 30.070290 16.700300 PLAYER
132 203952 19.453750 46.754370 PLAYER
132 1626157 11.090600 33.481250 PLAYER
132 202329 19.220770 43.475730 PLAYER
132 203081 15.417480 24.541910 PLAYER
132 203486 10.486360 32.037610 PLAYER
132 203468 14.300150 13.944380 PLAYER
132 203943 5.394090 21.872030 PLAYER
144 -1 5.705980 26.155970 BALL
144 708 8.046350 12.000160 PLAYER
144 2755 23.173810 5.119570 PLAYER
144 201937 30.106790 17.181990 PLAYER
144 203952 19.996540 47.016610 PLAYER
144 1626157 11.258360 33.295060 PLAYER
144 202329 19.241280 43.618410 PLAYER
144 203081 14.764610 24.931910 PLAYER
144 203486 10.484270 31.853880 PLAYER
144 203468 14.502720 13.884970 PLAYER
144 203943 5.375080 22.292800 PLAYER
156 -1 5.609160 26.604680 BALL
156 708 8.699820 12.444350 PLAYER
156 2755 23.746730 5.488770 PLAYER
156 201937 30.171600 17.700290 PLAYER
156 203952 20.673710 47.156610 PLAYER
156 1626157 11.340840 33.257400 PLAYER
156 202329 19.315260 43.754700 PLAYER
156 203081 14.148900 25.219580 PLAYER
156 203486 10.354580 31.688490 PLAYER
156 203468 14.770650 13.444180 PLAYER
156 203943 5.440210 22.680740 PLAYER
168 -1 5.545600 27.367200 BALL
168 708 9.449520 12.934650 PLAYER
168 2755 24.372100 5.847320 PLAYER
168 201937 30.300070 18.251680 PLAYER
168 203952 21.507760 47.269400 PLAYER
168 1626157 11.527600 33.314500 PLAYER
168 202329 19.367440 43.872160 PLAYER
168 203081 13.512560 25.500990 PLAYER
168 203486 9.999100 31.610470 PLAYER
168 203468 15.147280 12.879990 PLAYER
168 203943 5.506040 23.143470 PLAYER
180 -1 5.259960 27.719660 BALL
180 708 10.372690 13.452890 PLAYER
180 2755 25.054530 6.215500 PLAYER
180 201937 30.509740 18.818470 PLAYER
180 203952 22.466090 47.289840 PLAYER
180 1626157 11.667770 33.462400 PLAYER
180 202329 19.632120 43.961650 PLAYER
180 203081 12.879540 25.755410 PLAYER
180 203486 9.504050 31.592850 PLAYER
180 203468 15.680790 12.171810 PLAYER
180 203943 5.536780 23.640200 PLAYER
192 -1 5.486440 28.872770 BALL
192 708 11.413530 13.976870 PLAYER
192 2755 25.796810 6.637840 PLAYER
192 201937 30.779310 19.354530 PLAYER
192 203952 23.485540 47.271190 PLAYER
192 1626157 11.800140 33.641260 PLAYER
192 202329 20.126390 44.053240 PLAYER
192 203081 12.171710 26.038580 PLAYER
192 203486 8.928140 31.638800 PLAYER
192 203468 16.318660 11.403330 PLAYER
192 203943 5.601150 24.072860 PLAYER
204 -1 5.568510 29.502810 BALL
204 708 12.513310 14.553400 PLAYER
204 2755 26.628920 7.049710 PLAYER
204 201937 31.087270 19.888970 PLAYER
204 203952 24.551010 47.179070 PLAYER
204 1626157 12.067380 33.878700 PLAYER
204 202329 20.746670 44.176770 PLAYER
204 203081 11.502650 26.265660 PLAYER
204 203486 8.210790 31.760620 PLAYER
204 203468 16.999470 10.748960 PLAYER
204 203943 5.679360 24.480330 PLAYER
216 -1 5.390850 29.824060 BALL
216 708 13.729880 15.162410 PLAYER
216 2755 27.537620 7.422540 PLAYER
216 201937 31.411000 20.436090 PLAYER
216 203952 25.650750 47.070260 PLAYER
216 1626157 12.493170 34.100380 PLAYER
216 202329 21.457210 44.326090 PLAYER
216 203081 10.799370 26.482730 PLAYER
216 203486 7.389060 31.874500 PLAYER
216 203468 17.799940 10.156670 PLAYER
216 203943 5.846360 24.787100 PLAYER
228 -1 5.178100 30.218600 BALL
228 708 15.048670 15.820030 PLAYER
228 2755 28.511740 7.784380 PLAYER
228 201937 31.729670 20.991520 PLAYER
228 203952 26.779060 46.880010 PLAYER
228 1626157 13.000250 34.209760 PLAYER
228 202329 22.258930 44.494920 PLAYER
228 203081 10.148280 26.561340 PLAYER
228 203486 6.518230 32.073580 PLAYER
228 203468 18.739250 9.591430 PLAYER
228 203943 6.124160 25.023960 PLAYER
240 -1 4.708910 31.999440 BALL
240 708 16.406290 16.477270 PLAYER
240 2755 29.617090 8.150390 PLAYER
240 201937 32.036300 21.567740 PLAYER
240 203952 27.939660 46.655040 PLAYER
240 1626157 13.676330 34.254030 PLAYER
240 202329 23.116270 44.682670 PLAYER
240 203081 9.496420 26.587050 PLAYER
240 203486 5.677300 32.324200 PLAYER
240 203468 19.807640 9.040250 PLAYER
240 203943 6.467250 25.123340 PLAYER