0 -1 85.942100 10.117530 BALL
0 2216 91.843900 37.634430 PLAYER
0 2754 78.951240 28.121350 PLAYER
0 201584 66.993160 44.750230 PLAYER
0 201144 63.303310 33.264470 PLAYER
0 201188 85.039940 10.005110 PLAYER
0 201945 75.715130 23.362870 PLAYER
0 202329 89.842440 32.226100 PLAYER
0 203081 81.584820 26.752900 PLAYER
0 203486 84.951760 14.866000 PLAYER
0 203090 77.263810 35.991620 PLAYER
12 -1 86.292870 11.181200 BALL
12 2216 91.904980 37.604310 PLAYER
12 2754 79.388140 28.323790 PLAYER
12 201584 67.046500 44.705190 PLAYER
12 201144 63.005260 32.926150 PLAYER
12 201188 85.213150 9.739920 PLAYER
12 201945 75.586310 23.415150 PLAYER
12 202329 89.899870 32.217090 PLAYER
12 203081 82.213080 27.000220 PLAYER
12 203486 85.112800 14.714600 PLAYER
12 203090 77.276280 35.951930 PLAYER
24 -1 86.646850 13.018700 BALL
24 2216 91.956330 37.400490 PLAYER
24 2754 79.761510 28.422850 PLAYER
24 201584 67.039080 44.609390 PLAYER
24 201144 62.752520 32.542860 PLAYER
24 201188 85.376480 9.426990 PLAYER
24 201945 75.606130 23.416860 PLAYER
24 202329 89.991420 32.216320 PLAYER
24 203081 82.748030 27.288360 PLAYER
24 203486 85.091040 14.404030 PLAYER
24 203090 77.355900 35.963890 PLAYER
36 -1 86.937780 14.721730 BALL
36 2216 92.005050 37.133980 PLAYER
36 2754 79.995640 28.488150 PLAYER
36 201584 66.985050 44.499200 PLAYER
36 201144 62.588000 32.172490 PLAYER
36 201188 85.499410 9.077330 PLAYER
36 201945 75.769580 23.402640 PLAYER
36 202329 90.142350 32.268270 PLAYER
36 203081 83.094140 27.556760 PLAYER
36 203486 85.032500 14.016890 PLAYER
36 203090 77.492970 36.026650 PLAYER
48 -1 87.267270 16.111430 BALL
48 2216 91.999350 36.839110 PLAYER
48 2754 80.127250 28.477230 PLAYER
48 201584 66.863060 44.298670 PLAYER
48 201144 62.503450 31.783590 PLAYER
48 201188 85.532650 8.614710 PLAYER
48 201945 76.084390 23.322990 PLAYER
48 202329 90.302290 32.579390 PLAYER
48 203081 83.448560 27.734520 PLAYER
48 203486 85.025170 13.573740 PLAYER
48 203090 77.657950 36.105050 PLAYER
60 -1 87.568990 17.733650 BALL
60 2216 91.907690 36.544210 PLAYER
60 2754 80.219820 28.264200 PLAYER
60 201584 66.708080 44.090990 PLAYER
60 201144 62.455800 31.417990 PLAYER
60 201188 85.483450 8.027690 PLAYER
60 201945 76.489300 23.206090 PLAYER
60 202329 90.495910 32.841060 PLAYER
60 203081 83.759590 27.905190 PLAYER
60 203486 85.083050 13.032230 PLAYER
60 203090 77.828260 36.143300 PLAYER
72 -1 87.916420 19.356440 BALL
72 2216 91.719500 36.349730 PLAYER
72 2754 80.295050 28.055970 PLAYER
72 201584 66.540840 43.894420 PLAYER
72 201144 62.387650 31.063870 PLAYER
72 201188 85.438860 7.361010 PLAYER
72 201945 76.998410 23.041410 PLAYER
72 202329 90.695030 32.956300 PLAYER
72 203081 83.832540 28.087620 PLAYER
72 203486 85.113440 12.476560 PLAYER
72 203090 77.989970 36.132490 PLAYER
84 -1 88.257160 20.899460 BALL
84 2216 91.456300 36.287730 PLAYER
84 2754 80.471610 27.717640 PLAYER
84 201584 66.375180 43.642620 PLAYER
84 201144 62.261150 30.719570 PLAYER
84 201188 85.327950 6.654030 PLAYER
84 201945 77.582830 22.847520 PLAYER
84 202329 90.845620 33.058640 PLAYER
84 203081 84.006670 28.246530 PLAYER
84 203486 85.144740 11.974650 PLAYER
84 203090 78.117640 36.050540 PLAYER
96 -1 88.606650 22.462080 BALL
96 2216 91.067560 36.359170 PLAYER
96 2754 80.885570 27.208830 PLAYER
96 201584 66.162520 43.242340 PLAYER
96 201144 62.078920 30.393050 PLAYER
96 201188 85.110630 5.877680 PLAYER
96 201945 78.202870 22.659220 PLAYER
96 202329 90.918320 32.954360 PLAYER
96 203081 84.334490 28.402590 PLAYER
96 203486 85.149920 11.490120 PLAYER
96 203090 78.206220 35.927790 PLAYER
108 -1 88.873810 24.013600 BALL
108 2216 90.630830 36.381690 PLAYER
108 2754 81.452480 26.581470 PLAYER
108 201584 65.922460 42.832570 PLAYER
108 201144 61.834490 30.104260 PLAYER
108 201188 84.900310 5.136720 PLAYER
108 201945 78.873020 22.485790 PLAYER
108 202329 90.917230 32.554320 PLAYER
108 203081 84.487560 28.231990 PLAYER
108 203486 85.066100 11.029310 PLAYER
108 203090 78.264050 35.791590 PLAYER
120 -1 89.109610 25.544350 BALL
120 2216 90.016490 36.241250 PLAYER
120 2754 82.102140 25.871890 PLAYER
120 201584 65.630730 42.354390 PLAYER
120 201144 61.548570 29.874490 PLAYER
120 201188 84.626750 4.477640 PLAYER
120 201945 79.626740 22.273150 PLAYER
120 202329 90.786770 32.091060 PLAYER
120 203081 84.632870 27.795410 PLAYER
120 203486 84.862740 10.631570 PLAYER
120 203090 78.296700 35.674080 PLAYER
132 -1 88.399490 25.411140 BALL
132 2216 89.418670 36.261680 PLAYER
132 2754 82.775050 25.062090 PLAYER
132 201584 65.239470 41.796160 PLAYER
132 201144 61.218970 29.700010 PLAYER
132 201188 84.174610 3.799210 PLAYER
132 201945 80.452620 22.008590 PLAYER
132 202329 90.514200 31.688950 PLAYER
132 203081 85.021780 27.237310 PLAYER
132 203486 84.586030 10.300280 PLAYER
132 203090 78.306040 35.597880 PLAYER
144 -1 87.492290 25.228610 BALL
144 2216 88.815740 36.099050 PLAYER
144 2754 83.282310 24.209620 PLAYER
144 201584 64.829410 41.341940 PLAYER
144 201144 60.889010 29.554610 PLAYER
144 201188 83.629740 3.186960 PLAYER
144 201945 81.231670 21.792590 PLAYER
144 202329 90.098710 31.312280 PLAYER
144 203081 85.217860 26.420980 PLAYER
144 203486 84.165090 9.925120 PLAYER
144 203090 78.294890 35.592280 PLAYER
156 -1 86.548140 25.116160 BALL
156 2216 88.155230 35.767980 PLAYER
156 2754 83.476540 23.441750 PLAYER
156 201584 64.411550 40.928590 PLAYER
156 201144 60.543710 29.400550 PLAYER
156 201188 83.048880 2.647130 PLAYER
156 201945 81.921070 21.645850 PLAYER
156 202329 89.475670 30.866510 PLAYER
156 203081 85.434490 25.542030 PLAYER
156 203486 83.559330 9.667920 PLAYER
156 203090 78.258330 35.620000 PLAYER
168 -1 85.747630 24.811700 BALL
168 2216 87.441080 35.563270 PLAYER
168 2754 83.400290 22.821280 PLAYER
168 201584 64.008850 40.549960 PLAYER
168 201144 60.199370 29.230190 PLAYER
168 201188 82.361800 2.099760 PLAYER
168 201945 82.345940 21.343900 PLAYER
168 202329 88.690240 30.406200 PLAYER
168 203081 85.799990 24.804350 PLAYER
168 203486 82.813160 9.475600 PLAYER
168 203090 78.200060 35.688090 PLAYER
180 -1 84.870950 24.602900 BALL
180 2216 86.790430 35.362690 PLAYER
180 2754 83.167350 22.377650 PLAYER
180 201584 63.619380 40.171870 PLAYER
180 201144 59.844990 29.006880 PLAYER
180 201188 81.632680 1.630430 PLAYER
180 201945 82.482580 21.116380 PLAYER
180 202329 87.669750 30.011140 PLAYER
180 203081 86.128150 24.184040 PLAYER
180 203486 81.887240 9.389730 PLAYER
180 203090 78.111590 35.772630 PLAYER
192 -1 84.056380 24.479670 BALL
192 2216 86.020180 34.862880 PLAYER
192 2754 82.739780 22.124750 PLAYER
192 201584 63.294630 39.855420 PLAYER
192 201144 59.518820 28.747250 PLAYER
192 201188 80.842630 1.233960 PLAYER
192 201945 82.263300 20.965340 PLAYER
192 202329 86.495560 29.589360 PLAYER
192 203081 86.373370 23.737000 PLAYER
192 203486 80.725770 9.398290 PLAYER
192 203090 77.980490 35.830410 PLAYER
204 -1 83.217660 24.398950 BALL
204 2216 85.146010 34.516190 PLAYER
204 2754 82.234370 22.030390 PLAYER
204 201584 62.960330 39.517290 PLAYER
204 201144 59.219070 28.480130 PLAYER
204 201188 80.029820 0.940220 PLAYER
204 201945 81.789280 20.733080 PLAYER
204 202329 85.130530 29.003570 PLAYER
204 203081 86.622290 23.556430 PLAYER
204 203486 79.456440 9.467760 PLAYER
204 203090 77.823350 35.855440 PLAYER
216 -1 82.350110 24.011110 BALL
216 2216 84.266070 34.128750 PLAYER
216 2754 81.771990 21.961910 PLAYER
216 201584 62.589350 39.153170 PLAYER
216 201144 58.932620 28.235620 PLAYER
216 201188 79.177960 0.801000 PLAYER
216 201945 81.091100 20.430640 PLAYER
216 202329 83.646200 28.599300 PLAYER
216 203081 86.699610 23.315550 PLAYER
216 203486 78.014550 9.494950 PLAYER
216 203090 77.626630 35.860430 PLAYER
228 -1 81.648040 23.957670 BALL
228 2216 83.418110 33.534690 PLAYER
228 2754 81.472210 21.867050 PLAYER
228 201584 62.160280 38.741480 PLAYER
228 201144 58.672500 27.970940 PLAYER
228 201188 78.304910 0.804700 PLAYER
228 201945 80.361560 20.254760 PLAYER
228 202329 82.030940 28.201150 PLAYER
228 203081 86.707450 23.214550 PLAYER
228 203486 76.424180 9.645800 PLAYER
228 203090 77.404560 35.816990 PLAYER
240 -1 81.129920 23.642170 BALL
240 2216 82.667450 32.990700 PLAYER
240 2754 81.247610 21.792070 PLAYER
240 201584 61.697260 38.405610 PLAYER
240 201144 58.411050 27.762700 PLAYER
240 201188 77.446590 0.874100 PLAYER
240 201945 79.522890 20.064820 PLAYER
240 202329 80.522410 27.566600 PLAYER
240 203081 86.672140 23.197620 PLAYER
240 203486 74.714980 9.754420 PLAYER
240 203090 77.133050 35.658970 PLAYER
252 -1 80.698810 23.161750 BALL
252 2216 82.042920 32.503040 PLAYER
252 2754 81.234200 21.741690 PLAYER
252 201584 61.247610 38.131590 PLAYER
252 201144 58.129450 27.596230 PLAYER
252 201188 76.659790 1.151550 PLAYER
252 201945 78.735860 19.907990 PLAYER
252 202329 78.982620 26.907880 PLAYER
252 203081 86.555290 23.138620 PLAYER
252 203486 72.842670 9.753250 PLAYER
252 203090 76.838080 35.566330 PLAYER
264 -1 81.201670 23.210730 BALL
264 2216 81.632050 31.871860 PLAYER
264 2754 81.395110 21.612860 PLAYER
264 201584 60.787620 37.816150 PLAYER
264 201144 57.828110 27.442340 PLAYER
264 201188 75.896910 1.496930 PLAYER
264 201945 77.992520 19.760670 PLAYER
264 202329 77.569580 26.303190 PLAYER
264 203081 86.332250 23.015360 PLAYER
264 203486 70.982740 9.898190 PLAYER
264 203090 76.608320 35.432940 PLAYER
276 -1 82.523250 23.041680 BALL
276 2216 81.448610 31.249780 PLAYER
276 2754 81.662670 21.543200 PLAYER
276 201584 60.344340 37.590250 PLAYER
276 201144 57.535950 27.275520 PLAYER
276 201188 75.213290 1.875450 PLAYER
276 201945 77.377470 19.628630 PLAYER
276 202329 76.322760 25.709650 PLAYER
276 203081 86.069300 22.975880 PLAYER
276 203486 69.245660 10.145200 PLAYER
276 203090 76.610890 35.202660 PLAYER
288 -1 83.041300 21.724280 BALL
288 2216 81.448920 30.761510 PLAYER
288 2754 82.022680 21.505670 PLAYER
288 201584 59.932720 37.509880 PLAYER
288 201144 57.253470 27.127820 PLAYER
288 201188 74.610220 2.272350 PLAYER
288 201945 76.922340 19.522970 PLAYER
288 202329 75.350540 25.132410 PLAYER
288 203081 85.840030 23.051910 PLAYER
288 203486 67.533770 10.168420 PLAYER
288 203090 76.866300 34.860730 PLAYER