0 -1 81.600770 20.890290
0 200765 78.227250 21.587420
0 201158 51.725820 12.461520
0 201956 86.528440 29.598430
0 202326 76.587800 28.791850
0 203463 85.073920 19.332460
0 202329 88.656590 34.472730
0 203468 80.964670 20.401420
0 203459 61.856590 5.012960
0 203086 60.137100 25.607200
0 203090 88.245830 24.748320
12 -1 82.808990 21.720060
12 200765 79.115750 21.231160
12 201158 53.607700 12.266480
12 201956 86.795860 29.426360
12 202326 77.985780 28.593250
12 203463 85.795490 20.007190
12 202329 88.750360 33.934740
12 203468 82.514380 20.420660
12 203459 64.022090 5.020410
12 203086 60.821150 25.409110
12 203090 88.625300 25.244770
24 -1 83.776620 21.507240
24 200765 79.829470 21.079040
24 201158 55.409110 12.142080
24 201956 86.896250 29.278980
24 202326 79.330830 28.381310
24 203463 86.536610 20.542150
24 202329 88.932570 33.259490
24 203468 84.258780 20.549010
24 203459 66.028370 5.251180
24 203086 61.438220 25.255300
24 203090 88.849240 25.654140
36 -1 84.951660 21.965780
36 200765 80.457490 20.816000
36 201158 57.077980 12.161960
36 201956 86.980530 29.295530
36 202326 80.574660 28.142710
36 203463 87.259140 20.958350
36 202329 89.030050 32.645460
36 203468 85.731370 20.592160
36 203459 67.839970 5.616880
36 203086 61.988190 25.146290
36 203090 88.962590 25.834330
48 -1 85.634260 22.478290
48 200765 81.003520 20.431400
48 201158 58.727220 12.329070
48 201956 87.115640 29.246130
48 202326 81.761260 27.676430
48 203463 87.969270 21.509350
48 202329 88.897260 32.106830
48 203468 86.929490 20.905900
48 203459 69.669210 5.915220
48 203086 62.505350 25.125580
48 203090 88.939650 25.821590
60 -1 86.345990 22.707140
60 200765 81.478170 20.023170
60 201158 60.233410 12.562960
60 201956 86.958470 29.309440
60 202326 82.948500 27.291970
60 203463 88.647360 22.225360
60 202329 88.660910 31.658590
60 203468 88.042910 21.166180
60 203459 71.435350 6.076620
60 203086 62.912180 25.101650
60 203090 88.749450 25.644630
72 -1 86.967240 21.847110
72 200765 81.852710 19.763340
72 201158 61.626450 12.958560
72 201956 86.738400 29.523060
72 202326 83.922020 26.995510
72 203463 89.336640 22.984350
72 202329 88.370910 31.387280
72 203468 88.918020 21.644380
72 203459 73.103300 6.177000
72 203086 63.251080 25.064560
72 203090 88.479640 25.534940
84 -1 87.784690 21.632310
84 200765 82.280920 19.464940
84 201158 62.853550 13.460880
84 201956 86.569500 29.782950
84 202326 84.719560 27.011230
84 203463 89.953660 24.040980
84 202329 88.072740 30.897270
84 203468 89.399940 22.272790
84 203459 74.645570 6.261530
84 203086 63.537210 24.949220
84 203090 88.176320 25.410390
96 -1 88.566680 21.914110
96 200765 82.706420 19.322750
96 201158 63.967390 14.052240
96 201956 86.388370 30.033550
96 202326 85.424790 27.163160
96 203463 90.527410 25.173960
96 202329 87.865140 30.399630
96 203468 89.868630 23.167980
96 203459 76.261800 6.026470
96 203086 63.718320 24.867780
96 203090 87.889810 25.247550
108 -1 89.119460 22.685590
108 200765 83.134900 19.258140
108 201158 64.905470 14.795910
108 201956 86.333570 30.205100
108 202326 85.925220 27.436510
108 203463 91.079860 26.212110
108 202329 87.692290 30.137140
108 203468 90.380980 23.782800
108 203459 77.514450 6.261960
108 203086 63.796110 24.749150
108 203090 87.661630 25.107270
120 -1 89.287280 23.047600
120 200765 83.543530 19.143010
120 201158 65.833790 15.502340
120 201956 86.349230 29.945450
120 202326 86.069030 27.398350
120 203463 91.686650 26.905400
120 202329 87.703530 29.804220
120 203468 90.823010 24.374180
120 203459 78.658430 6.704970
120 203086 63.863670 24.486400
120 203090 87.499820 25.079610
132 -1 88.707840 23.337510
132 200765 83.920820 18.940200
132 201158 66.741530 16.125000
132 201956 86.323910 29.498200
132 202326 86.123140 27.002050
132 203463 92.272870 27.509390
132 202329 87.735680 29.590930
132 203468 91.211190 24.880530
132 203459 79.602970 7.307400
132 203086 63.838370 24.424670
132 203090 87.427100 25.097390
144 -1 88.232100 23.675320
144 200765 84.147430 18.658230
144 201158 67.555990 16.955260
144 201956 86.334760 28.823830
144 202326 86.201200 26.064590
144 203463 92.754280 28.042280
144 202329 87.704640 29.777170
144 203468 91.484960 25.192160
144 203459 80.443910 7.854400
144 203086 63.732930 24.401810
144 203090 87.452180 25.047170
156 -1 87.604720 24.338490
156 200765 84.294660 18.321210
156 201158 68.352770 17.877480
156 201956 86.244310 27.848630
156 202326 86.187730 24.968490
156 203463 93.098790 28.593940
156 202329 87.672990 29.913020
156 203468 91.652050 25.347570
156 203459 80.983920 8.645920
156 203086 63.591330 24.365870
156 203090 87.503940 24.883460
168 -1 87.539750 24.614610
168 200765 84.354720 17.870100
168 201158 68.992340 18.854510
168 201956 86.099560 27.006880
168 202326 86.127910 23.689900
168 203463 93.201200 29.191150
168 202329 87.759080 29.838310
168 203468 91.610060 25.621860
168 203459 81.322250 9.259040
168 203086 63.406050 24.384840
168 203090 87.502850 24.789570
180 -1 88.109600 25.064030
180 200765 84.399420 17.317030
180 201158 69.380940 19.912690
180 201956 86.068940 26.677080
180 202326 86.111730 22.603760
180 203463 93.024330 29.974210
180 202329 87.814990 29.771210
180 203468 91.401170 25.867930
180 203459 81.343280 9.681630
180 203086 63.164890 24.550970
180 203090 87.542800 24.639150
192 -1 89.531150 24.985540
192 200765 84.454920 16.731700
192 201158 69.557680 21.125730
192 201956 86.053920 26.310870
192 202326 86.057070 21.772140
192 203463 92.601540 30.891900
192 202329 87.908110 29.537220
192 203468 91.122600 25.912930
192 203459 81.138990 9.936500
192 203086 62.890080 24.586940
192 203090 87.627900 23.965110
204 -1 90.697980 24.404990
204 200765 84.610030 16.149570
204 201158 69.595870 22.271450
204 201956 86.139810 25.946490
204 202326 86.010350 21.197850
204 203463 92.070050 31.625440
204 202329 87.877460 29.273120
204 203468 90.680250 25.949840
204 203459 80.712120 10.051990
204 203086 62.580700 24.659000
204 203090 87.803790 23.424610
216 -1 90.475020 23.687480
216 200765 84.816780 15.519610
216 201158 69.387140 23.503910
216 201956 86.341250 25.646070
216 202326 86.006620 20.564040
216 203463 91.458760 32.267110
216 202329 87.802360 29.064380
216 203468 90.279690 26.006420
216 203459 80.175380 10.063970
216 203086 62.243440 24.713430
216 203090 88.055450 23.022020
228 -1 90.006100 23.038150
228 200765 85.067920 14.987390
228 201158 69.077060 24.784010
228 201956 86.582550 25.329010
228 202326 86.072420 20.121940
228 203463 90.836250 32.813460
228 202329 87.746480 28.876420
228 203468 89.963070 26.112730
228 203459 79.545680 10.003290
228 203086 61.919310 24.684880
228 203090 88.400940 22.642800