0 -1 87.482660 18.222320
0 101112 88.430700 20.745340
0 202696 89.307720 18.127210
0 202699 85.061430 9.597560
0 203901 75.908880 30.896680
0 203095 72.286760 13.099850
0 202329 88.754060 4.147310
0 203081 62.797970 24.984970
0 203486 88.077460 18.156660
0 203468 64.215560 9.959230
0 203943 84.622490 18.278710
12 -1 86.920930 18.820400
12 101112 88.465060 21.192720
12 202696 89.358650 18.049950
12 202699 85.237250 9.562050
12 203901 76.499820 30.628270
12 203095 71.943110 13.806390
12 202329 88.501400 4.203190
12 203081 62.811930 24.870400
12 203486 87.522500 18.501880
12 203468 64.207470 10.020560
12 203943 84.494020 18.708930
24 -1 85.919990 19.942940
24 101112 88.412690 21.590540
24 202696 89.544250 18.029720
24 202699 85.394700 9.651240
24 203901 76.806380 30.299900
24 203095 71.590850 14.506390
24 202329 88.227080 4.269000
24 203081 62.831960 24.824040
24 203486 87.105540 18.895410
24 203468 64.211820 10.094470
24 203943 84.383750 19.258710
36 -1 86.054550 20.984020
36 101112 88.307850 21.934290
36 202696 89.648670 18.080840
36 202699 85.564020 9.865500
36 203901 76.862680 29.916730
36 203095 71.188480 15.104270
36 202329 87.961160 4.318180
36 203081 62.859560 24.839050
36 203486 86.765200 19.479960
36 203468 64.228670 10.173870
36 203943 84.226270 19.889270
48 -1 86.162840 22.031490
48 101112 88.214780 22.409750
48 202696 89.563480 18.191060
48 202699 85.792390 10.171050
48 203901 76.724360 29.529440
48 203095 70.685640 15.538010
48 202329 87.740900 4.387540
48 203081 62.886240 24.892920
48 203486 86.504410 20.280590
48 203468 64.226480 10.244470
48 203943 83.964980 20.486820
60 -1 85.447300 22.972020
60 101112 88.022760 22.667140
60 202696 89.432390 18.401390
60 202699 85.910910 10.542010
60 203901 76.421700 29.229920
60 203095 70.328010 16.000840
60 202329 87.566090 4.483560
60 203081 62.898920 24.967010
60 203486 86.209510 21.080090
60 203468 64.194870 10.308310
60 203943 83.695920 21.124940
72 -1 84.397480 23.331420
72 101112 87.826230 22.796900
72 202696 89.258110 18.699210
72 202699 86.039140 10.951450
72 203901 76.075270 29.055040
72 203095 69.996390 16.442120
72 202329 87.413930 4.600330
72 203081 62.873750 25.024240
72 203486 85.914280 21.578350
72 203468 64.141160 10.360580
72 203943 83.504910 21.634980
84 -1 84.228450 23.475700
84 101112 87.456420 23.192400
84 202696 89.043670 19.157650
84 202699 86.176380 11.400550
84 203901 75.833200 29.042160
84 203095 69.651320 16.850410
84 202329 87.224190 4.728990
84 203081 62.826880 25.067180
84 203486 85.631450 22.271330
84 203468 64.045370 10.377260
84 203943 83.495260 21.869210
96 -1 85.309070 23.901110
96 101112 87.223840 24.021780
96 202696 88.756860 19.662250
96 202699 86.360900 11.869940
96 203901 75.676160 29.177460
96 203095 69.469700 17.222160
96 202329 86.962620 4.849460
96 203081 62.773080 25.096830
96 203486 85.504010 22.934210
96 203468 63.935360 10.381110
96 203943 83.625550 21.893530
108 -1 86.659160 24.568740
108 101112 86.839260 24.844510
108 202696 88.506280 20.300850
108 202699 86.546300 12.369420
108 203901 75.535840 29.401460
108 203095 69.356550 17.514760
108 202329 86.641400 4.964020
108 203081 62.715170 25.132510
108 203486 85.244600 23.610590
108 203468 63.815120 10.375910
108 203943 83.947060 21.975930
120 -1 87.468960 24.721170
120 101112 86.723280 25.561280
120 202696 88.254470 20.937790
120 202699 86.761260 12.901900
120 203901 75.438330 29.683440
120 203095 69.428880 17.736080
120 202329 86.266890 5.076240
120 203081 62.660680 25.173730
120 203486 85.034250 24.441950
120 203468 63.699100 10.366370
120 203943 84.385620 22.095240
132 -1 88.047990 25.147560
132 101112 86.645130 26.264310
132 202696 87.977290 21.643970
132 202699 87.008800 13.502240
132 203901 75.433130 30.007480
132 203095 69.596940 17.920080
132 202329 85.874980 5.222520
132 203081 62.613420 25.243920
132 203486 84.965090 25.276000
132 203468 63.565220 10.345890
132 203943 84.835360 22.128320
144 -1 88.523720 25.790070
144 101112 86.729120 26.653680
144 202696 87.701880 22.229150
144 202699 87.230680 14.139230
144 203901 75.519700 30.379460
144 203095 69.787400 18.053710
144 202329 85.524150 5.451750
144 203081 62.561300 25.358000
144 203486 84.975730 25.983540
144 203468 63.427540 10.329220
144 203943 85.158070 22.222380
156 -1 88.915450 26.582130
156 101112 86.825110 26.622540
156 202696 87.525500 22.749070
156 202699 87.368130 14.758620
156 203901 75.690590 30.789710
156 203095 69.861870 18.179090
156 202329 85.178410 5.741010
156 203081 62.489120 25.524330
156 203486 85.004590 26.641790
156 203468 63.266490 10.292760
156 203943 85.398670 22.373490
168 -1 89.242490 27.457190
168 101112 87.124800 26.493700
168 202696 87.421280 23.100780
168 202699 87.468450 15.297120
168 203901 75.918470 31.232430
168 203095 69.861440 18.310380
168 202329 84.793440 6.045090
168 203081 62.388410 25.708640
168 203486 85.269230 27.208770
168 203468 63.108090 10.240430
168 203943 85.551740 22.501600
180 -1 89.509640 28.425970
180 101112 87.102730 26.423020
180 202696 87.308300 23.381320
180 202699 87.597090 15.758690
180 203901 76.202810 31.793030
180 203095 69.561660 18.468220
180 202329 84.366800 6.350460
180 203081 62.219000 25.890670
180 203486 85.605660 27.459750
180 203468 62.909480 10.173140
180 203943 85.608790 22.790200
192 -1 89.482160 28.963410
192 101112 87.192410 26.551830
192 202696 87.214930 23.549210
192 202699 87.762280 16.115670
192 203901 76.511730 32.519160
192 203095 69.042200 18.638170
192 202329 83.913530 6.676140
192 203081 61.958460 26.073730
192 203486 85.870820 27.749730
192 203468 62.698550 10.148180
192 203943 85.644280 23.162370
204 -1 89.524700 28.632820
204 101112 87.209020 26.744790
204 202696 87.158830 23.641500
204 202699 88.000570 16.321640
204 203901 76.858400 33.370960
204 203095 68.370760 18.811400
204 202329 83.422760 7.017190
204 203081 61.625040 26.260360
204 203486 86.212120 28.114090
204 203468 62.316810 10.141950
204 203943 85.683110 23.553470
216 -1 89.334690 27.225870
216 101112 87.287250 27.001340
216 202696 87.088880 23.704290
216 202699 88.327340 16.399550
216 203901 77.189930 34.306560
216 203095 67.441700 19.021080
216 202329 82.823390 7.355310
216 203081 61.216620 26.467520
216 203486 86.555950 28.555240
216 203468 61.760260 10.220330
216 203943 85.744200 23.913460
228 -1 89.441370 26.816040
228 101112 87.414870 27.379960
228 202696 87.084640 23.811290
228 202699 88.699460 16.332740
228 203901 77.577930 35.389520
228 203095 66.345610 19.257210
228 202329 82.146830 7.715080
228 203081 60.739290 26.756640
228 203486 86.859550 29.110350
228 203468 61.031570 10.395090
228 203943 85.803040 24.181520
240 -1 89.257830 26.572100
240 101112 87.670430 27.885970
240 202696 87.127460 23.889530
240 202699 89.038050 16.121130
240 203901 77.932570 36.529930
240 203095 65.148590 19.498800
240 202329 81.411880 8.110200
240 203081 60.210280 27.157430
240 203486 87.222280 29.889950
240 203468 60.156840 10.674470
240 203943 85.840390 24.224680
252 -1 89.338570 27.188300
252 101112 87.766560 28.220540
252 202696 87.103220 23.955230
252 202699 89.334040 15.721910
252 203901 78.211140 37.667020
252 203095 63.834810 19.790670
252 202329 80.495530 8.461320
252 203081 59.618100 27.598510
252 203486 87.573170 30.749060
252 203468 59.097070 11.039490
252 203943 85.842330 24.312180
264 -1 89.545040 27.973460
264 101112 87.971420 28.462290
264 202696 87.209510 24.031480
264 202699 89.565410 15.231260
264 203901 78.331410 38.771700
264 203095 62.379710 20.119340
264 202329 79.499950 8.846540
264 203081 58.964510 28.081850
264 203486 87.779560 31.625460
264 203468 57.993350 11.466200
264 203943 85.735740 24.394020
276 -1 89.823620 28.499140
276 101112 88.053330 28.658490
276 202696 87.294700 24.016710
276 202699 89.737840 14.680440
276 203901 78.314580 39.866220
276 203095 60.861960 20.490660
276 202329 78.322680 9.133660
276 203081 58.254060 28.595500
276 203486 87.854190 32.470490
276 203468 56.793370 11.913530
276 203943 85.472460 24.528630
288 -1 90.010100 28.247390
288 101112 88.003010 28.669830
288 202696 87.346000 23.976020
288 202699 89.799680 14.077880
288 203901 78.152630 40.914570
288 203095 59.186620 20.912780
288 202329 77.176200 9.543750
288 203081 57.476950 29.115480
288 203486 88.016260 33.364180
288 203468 55.499520 12.344240
288 203943 84.948510 24.586460
300 -1 89.241820 27.981730
300 101112 87.938540 28.561770
300 202696 87.366370 23.979190
300 202699 89.696140 13.394980
300 203901 77.870550 41.911840
300 203095 57.412320 21.353730
300 202329 75.891430 9.849210
300 203081 56.658020 29.633550
300 203486 87.988550 34.134040
300 203468 54.101890 12.772560
300 203943 84.251680 24.637570
312 -1 88.772590 27.876910
312 101112 87.937040 28.548530
312 202696 87.451180 23.817460
312 202699 89.466780 12.695500
312 203901 77.400530 42.758210
312 203095 55.561250 21.829520
312 202329 74.575980 10.163290
312 203081 55.791910 30.154960
312 203486 87.685220 34.760470
312 203468 52.604530 13.179310
312 203943 83.370820 24.580290
324 -1 88.256200 27.286630
324 101112 87.881410 28.632380
324 202696 87.385740 23.613480
324 202699 89.098080 12.005810
324 203901 76.814690 43.555250
324 203095 53.628360 22.389560
324 202329 72.988390 10.251630
324 203081 54.895160 30.682960
324 203486 87.040390 35.210570
324 203468 51.042900 13.607060
324 203943 82.388450 24.668860
336 -1 88.078120 27.565760
336 101112 87.653370 28.561980
336 202696 87.307750 23.462290
336 202699 88.595030 11.288230
336 203901 76.199600 44.284160
336 203095 51.636920 22.984300
336 202329 71.497100 10.421390
336 203081 53.942960 31.195100
336 203486 86.126220 35.564400
336 203468 49.461340 14.064470
336 203943 81.178940 24.751320