0 -1 87.922030 2.731990 BALL
0 101112 86.516560 28.027410 PLAYER
0 202696 83.359790 21.063150 PLAYER
0 202699 86.298190 35.592340 PLAYER
0 203901 83.633380 33.639300 PLAYER
0 203095 83.445260 10.217740 PLAYER
0 202329 73.267200 43.451270 PLAYER
0 203081 76.935770 34.958720 PLAYER
0 203486 80.941970 20.365080 PLAYER
0 203468 88.278120 2.093350 PLAYER
0 203943 84.651330 30.945480 PLAYER
12 -1 89.120740 2.986580 BALL
12 101112 86.598810 28.219240 PLAYER
12 202696 83.380570 21.081670 PLAYER
12 202699 86.548770 35.201240 PLAYER
12 203901 83.800230 33.740510 PLAYER
12 203095 83.977750 8.883390 PLAYER
12 202329 72.053160 42.628860 PLAYER
12 203081 76.159640 34.855170 PLAYER
12 203486 80.609970 20.136690 PLAYER
12 203468 88.396010 1.995320 PLAYER
12 203943 84.853280 31.058820 PLAYER
24 -1 88.862990 2.644910 BALL
24 101112 86.661030 28.430190 PLAYER
24 202696 83.433940 21.158140 PLAYER
24 202699 86.662700 34.695690 PLAYER
24 203901 83.961580 33.855600 PLAYER
24 203095 84.492480 7.576240 PLAYER
24 202329 70.891250 41.793640 PLAYER
24 203081 75.397820 34.725170 PLAYER
24 203486 80.196260 19.785670 PLAYER
24 203468 88.516730 1.835010 PLAYER
24 203943 84.993860 30.978680 PLAYER
36 -1 88.763560 2.921260 BALL
36 101112 86.835860 28.666750 PLAYER
36 202696 83.500900 21.271210 PLAYER
36 202699 86.799090 34.148650 PLAYER
36 203901 84.167440 33.915820 PLAYER
36 203095 85.022240 6.212020 PLAYER
36 202329 69.739060 40.845910 PLAYER
36 203081 74.658730 34.568160 PLAYER
36 203486 79.756850 19.353220 PLAYER
36 203468 88.531900 1.618340 PLAYER
36 203943 85.018740 30.803110 PLAYER
48 -1 88.980750 4.433640 BALL
48 101112 86.933230 29.015600 PLAYER
48 202696 83.552920 21.342510 PLAYER
48 202699 87.036850 33.723460 PLAYER
48 203901 84.331390 34.014260 PLAYER
48 203095 85.757110 4.866670 PLAYER
48 202329 68.627780 39.847430 PLAYER
48 203081 73.961590 34.392910 PLAYER
48 203486 79.255600 18.866560 PLAYER
48 203468 88.382590 1.538570 PLAYER
48 203943 84.932950 30.509900 PLAYER
60 -1 89.197940 5.946020 BALL
60 101112 86.987890 29.270210 PLAYER
60 202696 83.458300 21.259040 PLAYER
60 202699 87.264290 33.301960 PLAYER
60 203901 84.561730 34.127320 PLAYER
60 203095 86.678380 3.625550 PLAYER
60 202329 67.563190 38.843860 PLAYER
60 203081 73.280130 34.181160 PLAYER
60 203486 78.805700 18.463810 PLAYER
60 203468 88.440880 1.456720 PLAYER
60 203943 84.837350 30.192440 PLAYER
72 -1 88.997020 8.108070 BALL
72 101112 87.061330 29.307660 PLAYER
72 202696 83.214410 21.047180 PLAYER
72 202699 87.484460 32.898070 PLAYER
72 203901 84.820630 34.268670 PLAYER
72 203095 87.703300 2.849120 PLAYER
72 202329 66.547210 37.770900 PLAYER
72 203081 72.629010 33.930170 PLAYER
72 203486 78.282700 18.093430 PLAYER
72 203468 88.758110 1.565710 PLAYER
72 203943 84.806920 29.688500 PLAYER
84 -1 89.121650 10.196170 BALL
84 101112 87.167550 29.353940 PLAYER
84 202696 83.092520 20.957680 PLAYER
84 202699 87.722990 32.571770 PLAYER
84 203901 85.097530 34.417570 PLAYER
84 203095 88.686610 2.273520 PLAYER
84 202329 65.564410 36.637410 PLAYER
84 203081 71.984490 33.659020 PLAYER
84 203486 77.749940 17.746230 PLAYER
84 203468 89.160180 1.737850 PLAYER
84 203943 84.846550 29.360530 PLAYER
96 -1 89.246280 12.284280 BALL
96 101112 87.148980 29.400490 PLAYER
96 202696 83.185430 20.997390 PLAYER
96 202699 87.950580 32.374970 PLAYER
96 203901 85.357970 34.624630 PLAYER
96 203095 89.665540 1.908570 PLAYER
96 202329 64.695170 35.568830 PLAYER
96 203081 71.376350 33.382750 PLAYER
96 203486 77.141510 17.463900 PLAYER
96 203468 89.711410 1.861560 PLAYER
96 203943 84.910520 29.095440 PLAYER
108 -1 89.043070 14.621320 BALL
108 101112 87.201870 29.277630 PLAYER
108 202696 83.252680 20.965630 PLAYER
108 202699 88.121130 32.178730 PLAYER
108 203901 85.578310 34.862410 PLAYER
108 203095 90.346820 1.787090 PLAYER
108 202329 63.872620 34.473950 PLAYER
108 203081 70.752590 33.088000 PLAYER
108 203486 76.480580 17.263280 PLAYER
108 203468 90.397980 1.767090 PLAYER
108 203943 85.036310 28.908390 PLAYER
120 -1 88.967860 18.172130 BALL
120 101112 87.284410 29.048170 PLAYER
120 202696 83.420970 20.918560 PLAYER
120 202699 88.276830 32.001310 PLAYER
120 203901 85.762900 35.147700 PLAYER
120 203095 90.818850 1.772550 PLAYER
120 202329 63.065270 33.387810 PLAYER
120 203081 70.113090 32.822290 PLAYER
120 203486 75.842920 17.168340 PLAYER
120 203468 90.904110 1.739210 PLAYER
120 203943 85.169950 28.733730 PLAYER
132 -1 88.926200 21.175910 BALL
132 101112 87.330510 28.902120 PLAYER
132 202696 83.767850 20.886360 PLAYER
132 202699 88.408510 31.823570 PLAYER
132 203901 85.961460 35.483590 PLAYER
132 203095 91.212930 1.607310 PLAYER
132 202329 62.293710 32.341830 PLAYER
132 203081 69.490680 32.598690 PLAYER
132 203486 75.167320 17.120760 PLAYER
132 203468 91.315250 1.567300 PLAYER
132 203943 85.323530 28.570500 PLAYER
144 -1 88.843250 23.037430 BALL
144 101112 87.345390 28.708730 PLAYER
144 202696 84.093970 20.818960 PLAYER
144 202699 88.586730 31.801000 PLAYER
144 203901 86.225030 35.838620 PLAYER
144 203095 91.588460 1.439860 PLAYER
144 202329 61.521080 31.342690 PLAYER
144 203081 68.892090 32.415920 PLAYER
144 203486 74.425610 17.012360 PLAYER
144 203468 91.692670 1.399110 PLAYER
144 203943 85.482310 28.367010 PLAYER
156 -1 88.713700 24.029420 BALL
156 101112 87.348990 28.536970 PLAYER
156 202696 84.271800 20.645370 PLAYER
156 202699 88.741680 31.847070 PLAYER
156 203901 86.553940 36.154250 PLAYER
156 203095 91.819960 1.347670 PLAYER
156 202329 60.737170 30.376580 PLAYER
156 203081 68.312600 32.283900 PLAYER
156 203486 73.690630 16.981670 PLAYER
156 203468 91.924170 1.306920 PLAYER
156 203943 85.628690 28.123530 PLAYER
168 -1 88.532220 24.424610 BALL
168 101112 87.405490 28.430450 PLAYER
168 202696 84.621480 20.602460 PLAYER
168 202699 88.867950 31.948680 PLAYER
168 203901 86.936410 36.481320 PLAYER
168 203095 92.028770 1.273800 PLAYER
168 202329 59.979140 29.488790 PLAYER
168 203081 67.731350 32.214430 PLAYER
168 203486 72.892440 17.067280 PLAYER
168 203468 92.081820 1.253060 PLAYER
168 203943 85.754640 27.836680 PLAYER
180 -1 88.293510 24.495730 BALL
180 101112 87.564360 28.436590 PLAYER
180 202696 84.966760 20.618140 PLAYER
180 202699 88.931110 32.125980 PLAYER
180 203901 87.312420 36.799450 PLAYER
180 203095 92.194830 1.226290 PLAYER
180 202329 59.298530 28.657790 PLAYER
180 203081 67.165100 32.179990 PLAYER
180 203486 72.035650 17.152190 PLAYER
180 203468 92.213770 1.218880 PLAYER
180 203943 85.882960 27.472260 PLAYER
192 -1 87.392560 22.965320 BALL
192 101112 87.680060 28.343910 PLAYER
192 202696 85.321220 20.717800 PLAYER
192 202699 88.924710 32.400280 PLAYER
192 203901 87.620230 37.105320 PLAYER
192 203095 91.951610 1.249400 PLAYER
192 202329 58.624360 27.891000 PLAYER
192 203081 66.597270 32.166470 PLAYER
192 203486 71.187200 17.216000 PLAYER
192 203468 92.324860 1.293170 PLAYER
192 203943 86.019330 27.078240 PLAYER
204 -1 86.507580 21.526370 BALL
204 101112 87.816230 28.318140 PLAYER
204 202696 85.651080 20.683880 PLAYER
204 202699 88.842060 32.596590 PLAYER
204 203901 87.847860 37.415670 PLAYER
204 203095 91.118030 1.377090 PLAYER
204 202329 57.910880 27.188000 PLAYER
204 203081 65.998210 32.153700 PLAYER
204 203486 70.379830 17.392630 PLAYER
204 203468 92.280790 1.319720 PLAYER
204 203943 86.135390 26.743870 PLAYER
216 -1 85.528850 20.011840 BALL
216 101112 87.948060 28.222750 PLAYER
216 202696 85.963150 20.532150 PLAYER
216 202699 88.582730 32.821100 PLAYER
216 203901 88.015760 37.763540 PLAYER
216 203095 89.759780 1.581800 PLAYER
216 202329 57.158190 26.541140 PLAYER
216 203081 65.365210 32.078320 PLAYER
216 203486 69.672100 17.651040 PLAYER
216 203468 92.137760 1.412590 PLAYER
216 203943 86.208690 26.516040 PLAYER
228 -1 84.692120 18.530680 BALL
228 101112 88.060250 28.178420 PLAYER
228 202696 86.145990 20.270540 PLAYER
228 202699 88.288630 33.110610 PLAYER
228 203901 88.150650 38.101830 PLAYER
228 203095 87.939620 1.861000 PLAYER
228 202329 56.375800 25.991910 PLAYER
228 203081 64.759470 31.957170 PLAYER
228 203486 69.014260 17.817500 PLAYER
228 203468 92.009650 1.621730 PLAYER
228 203943 86.278530 26.353560 PLAYER
240 -1 84.058870 17.378910 BALL
240 101112 88.049610 28.168590 PLAYER
240 202696 86.256000 19.885650 PLAYER
240 202699 88.005910 33.460230 PLAYER
240 203901 88.270260 38.406200 PLAYER
240 203095 85.837330 2.238430 PLAYER
240 202329 55.502560 25.523120 PLAYER
240 203081 64.184020 31.832590 PLAYER
240 203486 68.184530 17.855100 PLAYER
240 203468 91.658640 1.872540 PLAYER
240 203943 86.283610 26.283170 PLAYER
252 -1 84.569520 17.110370 BALL
252 101112 88.122080 28.276430 PLAYER
252 202696 86.276130 19.331610 PLAYER
252 202699 87.772950 33.910190 PLAYER
252 203901 88.406520 38.673180 PLAYER
252 203095 83.720430 2.690530 PLAYER
252 202329 54.597120 25.158400 PLAYER
252 203081 63.651250 31.719440 PLAYER
252 203486 67.236970 17.919580 PLAYER
252 203468 91.084190 2.105160 PLAYER
252 203943 86.169660 26.279400 PLAYER
264 -1 85.137830 16.802640 BALL
264 101112 88.110830 28.335590 PLAYER
264 202696 86.317830 18.767190 PLAYER
264 202699 87.408240 34.417070 PLAYER
264 203901 88.564030 38.869470 PLAYER
264 203095 81.740110 3.137220 PLAYER
264 202329 53.676160 24.888980 PLAYER
264 203081 63.091160 31.621240 PLAYER
264 203486 66.182090 18.048270 PLAYER
264 203468 90.411570 2.485640 PLAYER
264 203943 85.710820 26.043800 PLAYER
276 -1 86.017110 16.745090 BALL
276 101112 88.052680 28.412340 PLAYER
276 202696 86.279930 18.185930 PLAYER
276 202699 87.089710 34.956210 PLAYER
276 203901 88.682390 39.002590 PLAYER
276 203095 79.903460 3.553570 PLAYER
276 202329 52.730160 24.693680 PLAYER
276 203081 62.471260 31.598760 PLAYER
276 203486 64.925510 18.014730 PLAYER
276 203468 89.643830 2.895660 PLAYER
276 203943 85.173310 25.693700 PLAYER
288 -1 86.620980 16.248130 BALL
288 101112 87.836030 28.359260 PLAYER
288 202696 86.222430 17.677050 PLAYER
288 202699 86.691360 35.489120 PLAYER
288 203901 88.756200 39.087560 PLAYER
288 203095 78.294480 4.063520 PLAYER
288 202329 51.721200 24.554700 PLAYER
288 203081 61.795080 31.642190 PLAYER
288 203486 63.549910 17.952690 PLAYER
288 203468 88.589480 3.279890 PLAYER
288 203943 84.471930 25.457530 PLAYER
300 -1 86.552240 16.068590 BALL
300 101112 87.550280 28.211370 PLAYER
300 202696 86.170960 17.245890 PLAYER
300 202699 86.255160 36.016650 PLAYER
300 203901 88.772460 39.139370 PLAYER
300 203095 76.498150 4.529400 PLAYER
300 202329 50.684310 24.472290 PLAYER
300 203081 61.044190 31.717150 PLAYER
300 203486 62.208150 17.984810 PLAYER
300 203468 87.419580 3.674970 PLAYER
300 203943 83.584290 25.168770 PLAYER
312 -1 86.313400 15.828130 BALL
312 101112 87.177000 28.139400 PLAYER
312 202696 86.091140 16.951650 PLAYER
312 202699 85.670010 36.481230 PLAYER
312 203901 88.719330 39.193810 PLAYER
312 203095 74.568670 4.877870 PLAYER
312 202329 49.618410 24.374340 PLAYER
312 203081 60.194340 31.791490 PLAYER
312 203486 60.835240 18.036230 PLAYER
312 203468 86.093180 4.000870 PLAYER
312 203943 82.547710 25.007970 PLAYER