0 -1 30.145210 25.283790
0 203187 11.039630 12.519140
0 202330 18.000140 37.991860
0 204060 8.042650 22.122630
0 203504 24.144620 21.979340
0 203497 7.054770 26.758790
0 200752 30.138040 25.067720
0 201954 2.352630 40.922190
0 201158 20.440320 5.081150
0 201585 10.997180 22.846700
0 201956 25.330920 44.617580
12 -1 28.940100 25.258690
12 203187 11.998850 12.436500
12 202330 17.677540 37.684610
12 204060 8.450450 22.044920
12 203504 25.912280 22.266030
12 203497 7.537650 26.322320
12 200752 30.061650 24.984170
12 201954 2.734930 41.666770
12 201158 21.377540 5.500670
12 201585 11.135210 22.721260
12 201956 25.467300 44.527580
24 -1 26.495400 25.158480
24 203187 12.850840 12.331360
24 202330 17.306790 37.319660
24 204060 8.887950 21.889330
24 203504 27.512590 22.504780
24 203497 8.000280 25.969140
24 200752 30.027530 24.935030
24 201954 3.136980 42.292380
24 201158 22.234050 5.914560
24 201585 11.525160 22.446720
24 201956 25.636860 44.389040
36 -1 24.101040 25.209110
36 203187 13.556930 12.311460
36 202330 16.863010 36.874490
36 204060 9.292550 21.724420
36 203504 29.227570 22.789940
36 203497 8.478970 25.729890
36 200752 29.961610 24.930240
36 201954 3.508660 42.760510
36 201158 23.039860 6.323870
36 201585 11.935870 21.966920
36 201956 25.816090 44.199510
48 -1 21.855460 25.120530
48 203187 13.985770 12.381840
48 202330 16.284820 36.351720
48 204060 9.577190 21.578610
48 203504 30.986170 23.107910
48 203497 8.931580 25.597210
48 200752 29.900000 24.901420
48 201954 3.915140 43.149980
48 201158 23.834020 6.782490
48 201585 12.365270 21.505090
48 201956 26.004080 43.910520
60 -1 19.890290 24.900930
60 203187 14.246230 12.526860
60 202330 15.674650 35.787850
60 204060 9.914270 21.469710
60 203504 32.787150 23.546050
60 203497 9.395380 25.366200
60 200752 29.841310 24.775760
60 201954 4.345430 43.499220
60 201158 24.598180 7.335330
60 201585 12.740430 21.159510
60 201956 26.170330 43.572110
72 -1 17.180200 25.002090
72 203187 14.226830 12.827470
72 202330 15.061390 35.176760
72 204060 10.506250 21.290780
72 203504 34.569130 24.058350
72 203497 9.764450 25.338230
72 200752 29.897110 24.762240
72 201954 4.736760 43.770950
72 201158 25.369380 7.866720
72 201585 13.121780 20.890330
72 201956 26.313520 43.203970
84 -1 14.830610 24.953650
84 203187 13.996110 13.359880
84 202330 14.431750 34.538390
84 204060 11.249550 21.063080
84 203504 36.418600 24.659240
84 203497 10.078290 25.299090
84 200752 29.812500 24.740660
84 201954 5.105700 43.992430
84 201158 26.197540 8.387690
84 201585 13.406590 20.613480
84 201956 26.470810 42.828180
96 -1 12.552340 24.734470
96 203187 13.653240 13.939820
96 202330 13.878960 33.930090
96 204060 11.810800 20.856660
96 203504 38.126760 25.345590
96 203497 10.221560 25.282420
96 200752 29.737840 24.693340
96 201954 5.537790 44.210900
96 201158 27.041320 8.893710
96 201585 13.812510 20.615040
96 201956 26.650420 42.441700
108 -1 10.259440 24.874800
108 203187 13.261220 14.564440
108 202330 13.417880 33.352860
108 204060 12.207050 20.686660
108 203504 39.772230 26.092170
108 203497 10.298830 25.244170
108 200752 29.649380 24.688690
108 201954 6.024680 44.422430
108 201158 27.865890 9.363500
108 201585 14.122780 20.719940
108 201956 26.851800 42.102910
120 -1 8.053930 24.714700
120 203187 12.791480 15.235600
120 202330 12.968340 32.794650
120 204060 12.636840 20.479580
120 203504 41.308970 26.868240
120 203497 10.263360 25.401460
120 200752 29.564990 24.765620
120 201954 6.508530 44.566920
120 201158 28.669170 9.800980
120 201585 14.411370 20.762650
120 201956 27.117700 41.768300
132 -1 6.055190 24.773020
132 203187 12.348910 15.901250
132 202330 12.530940 32.257620
132 204060 12.786100 20.373220
132 203504 42.785620 27.666970
132 203497 10.094840 25.475120
132 200752 29.506870 24.717220
132 201954 6.925970 44.599790
132 201158 29.478090 10.283990
132 201585 14.448500 20.932590
132 201956 27.482280 41.423780
144 -1 4.998010 25.225490
144 203187 11.839830 16.571350
144 202330 12.116890 31.808540
144 204060 12.587240 20.472970
144 203504 44.213310 28.460770
144 203497 9.790880 25.684610
144 200752 29.507430 24.658090
144 201954 7.372140 44.581920
144 201158 30.268030 10.763830
144 201585 14.530110 21.275400
144 201956 27.936870 41.086070
156 -1 5.811170 26.364690
156 203187 11.294930 17.274950
156 202330 11.726120 31.463380
156 204060 12.611840 20.492020
156 203504 45.588880 29.288120
156 203497 9.648800 25.738960
156 200752 29.553170 24.630160
156 201954 7.803830 44.524280
156 201158 31.059030 11.238330
156 201585 14.446110 21.587940
156 201956 28.442560 40.764830
168 -1 6.536380 27.345590
168 203187 10.833560 17.896750
168 202330 11.377230 31.223130
168 204060 13.019170 20.416080
168 203504 46.953070 30.144720
168 203497 9.499400 25.857030
168 200752 29.650020 24.636400
168 201954 8.190200 44.398890
168 201158 31.896640 11.693490
168 201585 14.541880 21.922370
168 201956 29.010530 40.450340
180 -1 7.251780 28.361560
180 203187 10.431030 18.430120
180 202330 11.125740 31.250310
180 204060 13.352000 20.355660
180 203504 48.313770 31.030210
180 203497 9.382720 25.963550
180 200752 29.843860 24.652590
180 201954 8.527090 44.226330
180 201158 32.761270 12.134360
180 201585 14.706310 22.306600
180 201956 29.606600 40.146750
192 -1 7.764500 29.564800
192 203187 10.106770 18.873720
192 202330 10.976830 31.463940
192 204060 13.750330 20.174820
192 203504 49.627140 31.930790
192 203497 9.304640 26.127850
192 200752 30.097160 24.719040
192 201954 8.886320 43.987290
192 201158 33.546750 12.553720
192 201585 15.174710 22.562670
192 201956 30.258450 39.870430
204 -1 8.663640 30.331580
204 203187 10.000700 19.137060
204 202330 10.980080 31.836980
204 204060 14.320260 19.846940
204 203504 50.939120 32.862860
204 203497 9.220200 26.296250
204 200752 30.450300 24.862930
204 201954 9.202680 43.673040
204 201158 34.316400 12.994810
204 201585 15.819070 22.800820
204 201956 30.903210 39.659570
216 -1 9.333060 31.410260
216 203187 10.092100 19.326690
216 202330 11.012140 32.359100
216 204060 14.910920 19.560650
216 203504 52.252870 33.801480
216 203497 9.064170 26.665480
216 200752 30.920180 25.027320
216 201954 9.479120 43.261890
216 201158 35.045390 13.426890
216 201585 16.574190 23.091760
216 201956 31.635020 39.417300
228 -1 9.890950 32.560080
228 203187 10.323040 19.461230
228 202330 11.082150 32.948460
228 204060 15.372640 19.300910
228 203504 53.506500 34.709680
228 203497 9.003140 27.000660
228 200752 31.488240 25.170330
228 201954 9.765780 42.771510
228 201158 35.740670 13.895930
228 201585 17.311060 23.429600
228 201956 32.352310 39.212670
240 -1 10.599980 33.523190
240 203187 10.806310 19.543860
240 202330 11.159880 33.499820
240 204060 15.986910 18.972650
240 203504 54.774690 35.619430
240 203497 9.047540 27.273110
240 200752 32.118980 25.316540
240 201954 10.174950 42.180150
240 201158 36.486490 14.373560
240 201585 18.128440 23.848320
240 201956 33.178100 39.015160
252 -1 11.338960 34.456000
252 203187 11.461410 19.525690
252 202330 11.227530 34.081580
252 204060 16.788350 18.661900
252 203504 56.040020 36.497390
252 203497 9.115950 27.586110
252 200752 32.848870 25.468010
252 201954 10.683660 41.621390
252 201158 37.337280 14.821100
252 201585 19.020460 24.292480
252 201956 34.085770 38.786550
264 -1 11.423620 35.321250
264 203187 12.252930 19.523660
264 202330 11.276230 34.848360
264 204060 17.726390 18.320340
264 203504 57.301030 37.342620
264 203497 9.243250 28.005250
264 200752 33.711170 25.611930
264 201954 11.308810 41.032540
264 201158 38.235310 15.267760
264 201585 19.878940 24.776620
264 201956 35.134160 38.485310
276 -1 11.007450 36.238480
276 203187 13.237010 19.520390
276 202330 11.581400 35.647250
276 204060 18.743310 17.972500
276 203504 58.542330 38.064170
276 203497 9.430240 28.508540
276 200752 34.732570 25.770500
276 201954 12.184070 40.424380
276 201158 39.194640 15.723030
276 201585 20.769530 25.207900
276 201956 36.213040 38.180170