0 -1 81.701500 35.492590 BALL
0 708 84.574510 34.544690 PLAYER
0 2419 69.741090 21.055870 PLAYER
0 201937 81.658950 32.218540 PLAYER
0 203952 83.364650 18.205950 PLAYER
0 1626157 87.331410 22.253740 PLAYER
0 200765 90.869200 11.696980 PLAYER
0 200752 81.966100 35.561780 PLAYER
0 201956 63.539450 24.572730 PLAYER
0 202326 86.956560 19.845400 PLAYER
0 203463 82.771690 1.502750 PLAYER
12 -1 81.585470 34.979120 BALL
12 708 84.316650 34.113270 PLAYER
12 2419 69.475900 21.202690 PLAYER
12 201937 81.420840 32.459400 PLAYER
12 203952 83.195250 17.909090 PLAYER
12 1626157 87.309320 21.945960 PLAYER
12 200765 90.273820 11.042130 PLAYER
12 200752 81.750660 35.287360 PLAYER
12 201956 64.005250 26.013610 PLAYER
12 202326 87.055140 19.712590 PLAYER
12 203463 82.046280 1.496760 PLAYER
24 -1 82.105920 34.074900 BALL
24 708 84.139100 33.924000 PLAYER
24 2419 69.318680 21.485280 PLAYER
24 201937 81.288230 32.676720 PLAYER
24 203952 82.999290 17.621630 PLAYER
24 1626157 87.325770 21.584620 PLAYER
24 200765 89.633600 10.436890 PLAYER
24 200752 81.547730 35.095600 PLAYER
24 201956 64.704010 27.247600 PLAYER
24 202326 87.266190 19.715940 PLAYER
24 203463 81.397310 1.541160 PLAYER
36 -1 83.010190 32.496900 BALL
36 708 83.916770 33.687140 PLAYER
36 2419 69.186370 21.866130 PLAYER
36 201937 81.062510 32.940550 PLAYER
36 203952 82.822860 17.370220 PLAYER
36 1626157 87.225880 21.396780 PLAYER
36 200765 88.961200 9.822320 PLAYER
36 200752 81.413650 34.947560 PLAYER
36 201956 65.604310 28.354890 PLAYER
36 202326 87.426410 19.925840 PLAYER
36 203463 80.741600 1.635340 PLAYER
48 -1 83.856420 31.119710 BALL
48 708 83.746600 33.511950 PLAYER
48 2419 69.061500 22.326800 PLAYER
48 201937 80.906150 33.088510 PLAYER
48 203952 82.666370 17.151400 PLAYER
48 1626157 87.395830 21.195080 PLAYER
48 200765 88.280320 9.209210 PLAYER
48 200752 81.255240 34.785700 PLAYER
48 201956 66.696170 29.347240 PLAYER
48 202326 87.602620 20.196760 PLAYER
48 203463 80.048000 1.730790 PLAYER
60 -1 84.929170 29.584530 BALL
60 708 83.580470 33.369840 PLAYER
60 2419 69.008750 22.869320 PLAYER
60 201937 80.744240 33.169710 PLAYER
60 203952 82.538300 16.996230 PLAYER
60 1626157 87.367110 21.197870 PLAYER
60 200765 87.612610 8.657980 PLAYER
60 200752 81.038710 34.647290 PLAYER
60 201956 67.888700 30.048810 PLAYER
60 202326 87.833180 20.625540 PLAYER
60 203463 79.405180 1.929200 PLAYER
72 -1 85.873680 28.185830 BALL
72 708 83.532670 33.099970 PLAYER
72 2419 69.033350 23.434990 PLAYER
72 201937 80.511260 33.136170 PLAYER
72 203952 82.391850 16.794990 PLAYER
72 1626157 87.150190 21.496790 PLAYER
72 200765 86.917910 8.222120 PLAYER
72 200752 80.821190 34.542520 PLAYER
72 201956 69.165500 30.362810 PLAYER
72 202326 87.947820 20.838180 PLAYER
72 203463 78.760740 2.125350 PLAYER
84 -1 86.863700 26.704310 BALL
84 708 83.468880 32.855040 PLAYER
84 2419 69.110920 23.961270 PLAYER
84 201937 80.156610 32.999640 PLAYER
84 203952 82.271440 16.579880 PLAYER
84 1626157 87.123530 21.937030 PLAYER
84 200765 86.160020 7.915460 PLAYER
84 200752 80.645250 34.452490 PLAYER
84 201956 70.399820 30.426500 PLAYER
84 202326 87.880120 21.054070 PLAYER
84 203463 78.082290 2.328710 PLAYER
96 -1 87.792060 25.328020 BALL
96 708 83.391780 32.684840 PLAYER
96 2419 69.223750 24.498980 PLAYER
96 201937 79.821290 32.620180 PLAYER
96 203952 82.148600 16.366470 PLAYER
96 1626157 87.338260 22.273610 PLAYER
96 200765 85.372580 7.824040 PLAYER
96 200752 80.524940 34.305620 PLAYER
96 201956 71.664170 30.283160 PLAYER
96 202326 87.865480 21.196360 PLAYER
96 203463 77.343800 2.507510 PLAYER
108 -1 88.673360 24.371150 BALL
108 708 83.387710 32.435220 PLAYER
108 2419 69.340940 25.110780 PLAYER
108 201937 79.538080 32.336760 PLAYER
108 203952 81.998890 16.151690 PLAYER
108 1626157 87.285110 22.753130 PLAYER
108 200765 84.547840 7.896010 PLAYER
108 200752 80.498300 34.087850 PLAYER
108 201956 72.899900 29.757050 PLAYER
108 202326 87.893850 21.359660 PLAYER
108 203463 76.584990 2.740250 PLAYER
120 -1 89.261640 24.257020 BALL
120 708 83.535300 32.089120 PLAYER
120 2419 69.413190 25.769390 PLAYER
120 201937 79.326260 32.143830 PLAYER
120 203952 81.847560 15.919680 PLAYER
120 1626157 87.426790 23.113340 PLAYER
120 200765 83.654550 8.073690 PLAYER
120 200752 80.589230 33.755960 PLAYER
120 201956 74.077780 29.099790 PLAYER
120 202326 87.889820 21.471890 PLAYER
120 203463 75.788220 2.970040 PLAYER
132 -1 89.091450 24.290640 BALL
132 708 83.712710 31.797770 PLAYER
132 2419 69.443140 26.417260 PLAYER
132 201937 79.223760 32.155870 PLAYER
132 203952 81.689600 15.713750 PLAYER
132 1626157 87.484360 23.327100 PLAYER
132 200765 82.704380 8.273510 PLAYER
132 200752 80.852960 33.266360 PLAYER
132 201956 75.230320 28.407160 PLAYER
132 202326 87.854830 21.835540 PLAYER
132 203463 75.019760 3.210570 PLAYER
144 -1 88.336500 24.256990 BALL
144 708 83.941730 31.487730 PLAYER
144 2419 69.430330 27.145950 PLAYER
144 201937 79.211630 32.214450 PLAYER
144 203952 81.527130 15.496380 PLAYER
144 1626157 87.380710 23.461120 PLAYER
144 200765 81.712180 8.517890 PLAYER
144 200752 81.231380 32.716710 PLAYER
144 201956 76.355610 27.683260 PLAYER
144 202326 87.917460 22.096480 PLAYER
144 203463 74.214910 3.483670 PLAYER
156 -1 87.804640 24.204020 BALL
156 708 84.239070 31.087020 PLAYER
156 2419 69.351480 27.950580 PLAYER
156 201937 79.264990 32.432860 PLAYER
156 203952 81.349560 15.253960 PLAYER
156 1626157 87.061430 23.666890 PLAYER
156 200765 80.700430 8.757360 PLAYER
156 200752 81.671710 32.132810 PLAYER
156 201956 77.413430 26.785950 PLAYER
156 202326 87.999750 22.405350 PLAYER
156 203463 73.420150 3.834210 PLAYER
168 -1 87.284800 24.299880 BALL
168 708 84.527620 30.785100 PLAYER
168 2419 69.202560 28.747520 PLAYER
168 201937 79.371810 32.656100 PLAYER
168 203952 81.138870 14.961100 PLAYER
168 1626157 86.792650 23.853620 PLAYER
168 200765 79.605430 9.006730 PLAYER
168 200752 82.189300 31.488380 PLAYER
168 201956 78.447620 25.948120 PLAYER
168 202326 87.999200 22.677570 PLAYER
168 203463 72.586710 4.226030 PLAYER
180 -1 86.367530 24.770250 BALL
180 708 84.714860 30.552290 PLAYER
180 2419 68.985800 29.537200 PLAYER
180 201937 79.489690 32.893180 PLAYER
180 203952 80.868560 14.627610 PLAYER
180 1626157 86.673020 24.039880 PLAYER
180 200765 78.441820 9.336670 PLAYER
180 200752 82.731350 30.794810 PLAYER
180 201956 79.441610 25.262310 PLAYER
180 202326 87.966520 22.890570 PLAYER
180 203463 71.745490 4.665620 PLAYER
192 -1 85.311340 25.646160 BALL
192 708 84.993670 30.292050 PLAYER
192 2419 68.649190 30.325300 PLAYER
192 201937 79.566290 33.034040 PLAYER
192 203952 80.531540 14.292870 PLAYER
192 1626157 86.681890 24.213540 PLAYER
192 200765 77.366950 9.709380 PLAYER
192 200752 83.279490 30.118190 PLAYER
192 201956 80.408290 24.643340 PLAYER
192 202326 87.973180 23.071700 PLAYER
192 203463 70.858750 5.141730 PLAYER
204 -1 84.213050 26.421500 BALL
204 708 85.318820 29.976880 PLAYER
204 2419 68.264770 31.143610 PLAYER
204 201937 79.606830 33.318100 PLAYER
204 203952 80.169870 13.999690 PLAYER
204 1626157 86.572870 24.391380 PLAYER
204 200765 76.316640 10.119270 PLAYER
204 200752 83.804670 29.441830 PLAYER
204 201956 81.214310 23.930870 PLAYER
204 202326 87.970750 23.278290 PLAYER
204 203463 69.963050 5.677180 PLAYER
216 -1 83.228330 27.158040 BALL
216 708 85.570610 29.724460 PLAYER
216 2419 67.885270 31.891950 PLAYER
216 201937 79.620160 33.682490 PLAYER
216 203952 79.927840 13.775310 PLAYER
216 1626157 86.534230 24.527190 PLAYER
216 200765 75.219770 10.580490 PLAYER
216 200752 84.450490 28.774240 PLAYER
216 201956 81.791210 23.275450 PLAYER
216 202326 87.946360 23.416650 PLAYER
216 203463 69.035310 6.208870 PLAYER
228 -1 84.082930 27.687990 BALL
228 708 85.765590 29.409860 PLAYER
228 2419 67.497700 32.607040 PLAYER
228 201937 79.566060 34.048600 PLAYER
228 203952 79.668340 13.586490 PLAYER
228 1626157 86.553240 24.676920 PLAYER
228 200765 74.137700 11.053060 PLAYER
228 200752 85.091310 28.272250 PLAYER
228 201956 82.179010 22.639650 PLAYER
228 202326 87.901210 23.571980 PLAYER
228 203463 68.103060 6.736720 PLAYER