0 -1 28.653130 11.145000
0 201627 15.236570 45.184560
0 201566 28.918150 11.039460
0 201586 27.075790 38.498340
0 203079 11.328430 7.124550
0 202683 29.873060 22.347080
0 200765 25.238400 11.933080
0 201954 14.474690 14.734760
0 201585 18.287990 21.839920
0 202341 10.987220 33.275440
0 202326 18.050960 30.193320
12 -1 26.666550 11.975130
12 201627 14.873480 45.239990
12 201566 28.537140 11.378780
12 201586 26.847470 38.685480
12 203079 10.740640 6.469630
12 202683 28.951540 22.272490
12 200765 25.581870 11.974370
12 201954 13.884800 14.449200
12 201585 18.164010 21.907870
12 202341 10.573960 33.445450
12 202326 17.651440 30.238570
24 -1 24.334550 13.450980
24 201627 14.655150 45.280790
24 201566 28.248210 11.606920
24 201586 26.677670 38.925300
24 203079 10.277800 5.862720
24 202683 28.155240 22.255800
24 200765 25.775470 12.029510
24 201954 13.380320 14.316340
24 201585 18.068920 22.028770
24 202341 10.123750 33.585590
24 202326 17.183600 30.212320
36 -1 21.698980 14.531100
36 201627 14.588760 45.321310
36 201566 28.016980 11.844550
36 201586 26.601890 39.118970
36 203079 9.944730 5.302890
36 202683 27.612720 22.184040
36 200765 25.807730 12.089740
36 201954 12.891250 14.270660
36 201585 17.833810 22.133410
36 202341 9.663780 33.685020
36 202326 16.667510 30.132290
48 -1 19.691730 16.208310
48 201627 14.628020 45.333380
48 201566 27.883040 12.025170
48 201586 26.546120 39.105420
48 203079 9.722270 4.811570
48 202683 27.213560 21.993730
48 200765 25.713340 12.198710
48 201954 12.427860 14.363070
48 201585 17.580190 22.292450
48 202341 9.219580 33.689110
48 202326 16.103200 29.976440
60 -1 17.362870 17.572560
60 201627 14.787420 45.309860
60 201566 27.915850 12.054310
60 201586 26.557270 38.954530
60 203079 9.640960 4.368200
60 202683 27.109540 22.045660
60 200765 25.566850 12.374280
60 201954 11.965260 14.542720
60 201585 17.328520 22.470690
60 202341 8.801920 33.591910
60 202326 15.451430 29.709850
72 -1 15.130650 18.854330
72 201627 15.033140 45.278500
72 201566 28.167960 12.061640
72 201586 26.607410 38.993970
72 203079 9.670580 3.983960
72 202683 27.249730 22.049050
72 200765 25.362420 12.580350
72 201954 11.512050 14.788060
72 201585 16.947270 22.571400
72 202341 8.406780 33.443580
72 202326 14.706880 29.423050
84 -1 12.859700 20.240290
84 201627 15.328410 45.233040
84 201566 28.601740 12.181200
84 201586 26.645050 38.939990
84 203079 9.799200 3.631510
84 202683 27.606430 22.136980
84 200765 25.163400 12.840190
84 201954 11.085280 15.061170
84 201585 16.526990 22.657090
84 202341 8.060670 33.244710
84 202326 14.015040 29.108190
96 -1 10.722080 21.674630
96 201627 15.633100 45.138810
96 201566 29.238990 12.303440
96 201586 26.644940 38.884180
96 203079 10.024790 3.360390
96 202683 28.086060 22.298470
96 200765 24.980290 13.186480
96 201954 10.710690 15.359660
96 201585 16.185580 22.740150
96 202341 7.774810 33.002830
96 202326 13.331840 28.776560
108 -1 8.408570 22.934880
108 201627 15.953850 45.021160
108 201566 30.089590 12.483070
108 201586 26.672980 39.002750
108 203079 10.321210 3.164380
108 202683 28.696800 22.456390
108 200765 24.793640 13.550100
108 201954 10.375350 15.628740
108 201585 15.781100 22.742600
108 202341 7.581740 32.776720
108 202326 12.660540 28.393720
120 -1 6.313270 24.278910
120 201627 16.283100 44.874650
120 201566 31.001030 12.643710
120 201586 26.702770 39.143590
120 203079 10.655650 3.059030
120 202683 29.356130 22.655160
120 200765 24.563770 13.921800
120 201954 10.093240 15.874740
120 201585 15.248260 22.665020
120 202341 7.520140 32.596780
120 202326 12.022380 28.118440
132 -1 4.853030 25.187980
132 201627 16.717110 44.719780
132 201566 32.005340 12.851290
132 201586 26.707000 39.097230
132 203079 10.999570 3.007720
132 202683 30.057620 22.846800
132 200765 24.313280 14.292580
132 201954 9.892810 16.088610
132 201585 14.733790 22.694110
132 202341 7.601860 32.432920
132 202326 11.458890 27.731720
144 -1 6.020560 26.095930
144 201627 17.212920 44.538990
144 201566 33.068380 13.043700
144 201586 26.748760 38.939440
144 203079 11.357650 3.014850
144 202683 30.808440 23.023370
144 200765 24.093960 14.723330
144 201954 9.782790 16.301930
144 201585 14.154430 22.784700
144 202341 7.838680 32.266790
144 202326 10.877410 27.212950
156 -1 7.493220 26.670360
156 201627 17.760400 44.329730
156 201566 34.167010 13.195090
156 201586 26.806950 38.817720
156 203079 11.753510 3.017710
156 202683 31.611220 23.126020
156 200765 23.855360 15.291380
156 201954 9.792770 16.507120
156 201585 13.647050 22.880810
156 202341 8.308080 32.094620
156 202326 10.405970 26.704590
168 -1 8.943230 27.424800
168 201627 18.393820 44.133420
168 201566 35.285470 13.323270
168 201586 26.873880 38.694460
168 203079 12.195990 3.002520
168 202683 32.508660 23.313220
168 200765 23.662620 16.045710
168 201954 10.022420 16.684590
168 201585 13.187290 23.004710
168 202341 8.945930 31.883730
168 202326 10.132290 26.405070
180 -1 10.530880 27.923650
180 201627 19.077920 43.935030
180 201566 36.420760 13.448070
180 201586 26.952030 38.446990
180 203079 12.676520 2.963790
180 202683 33.526930 23.446720
180 200765 23.496010 16.994280
180 201954 10.510490 16.851910
180 201585 12.744100 23.079850
180 202341 9.851380 31.572160
180 202326 10.005800 26.069050
192 -1 11.978310 28.299320
192 201627 19.745120 43.690890
192 201566 37.620080 13.580700
192 201586 27.044550 38.299260
192 203079 13.191220 2.923400
192 202683 34.578190 23.687630
192 200765 23.278410 18.129770
192 201954 11.189860 17.074300
192 201585 12.432730 23.118450
192 202341 10.870820 31.250900
192 202326 10.032760 25.895330
204 -1 13.368820 29.222200
204 201627 20.444340 43.417440
204 201566 38.843820 13.736670
204 201586 27.054410 38.094920
204 203079 13.728070 2.896150
204 202683 35.663760 23.929120
204 200765 23.018140 19.462590
204 201954 12.017130 17.367540
204 201585 12.230880 23.088290
204 202341 12.017670 31.041810
204 202326 10.214830 25.940720
216 -1 14.705820 29.494410
216 201627 21.237760 43.142720
216 201566 40.130770 13.908920
216 201586 27.035540 37.695060
216 203079 14.271500 2.931140
216 202683 36.812940 24.179970
216 200765 22.839790 20.924920
216 201954 13.059410 17.736220
216 201585 11.982330 22.938970
216 202341 13.239610 30.861430
216 202326 10.298390 25.986500
228 -1 16.141180 30.225980
228 201627 22.126500 42.868620
228 201566 41.434360 14.087490
228 201586 27.057360 37.075320
228 203079 14.811640 3.046470
228 202683 37.962970 24.397060
228 200765 22.772840 22.463710
228 201954 14.238200 18.090920
228 201585 11.788830 22.766350
228 202341 14.590570 30.703450
228 202326 10.379230 25.973860
240 -1 17.299400 30.206640
240 201627 23.076460 42.578020
240 201566 42.731160 14.285690
240 201586 27.215410 36.515600
240 203079 15.369350 3.211300
240 202683 39.098960 24.626090
240 200765 22.738820 24.015040
240 201954 15.534930 18.381300
240 201585 11.726880 22.644340
240 202341 15.764320 30.504260
240 202326 10.462830 26.042660
252 -1 17.941150 29.845940
252 201627 24.117810 42.309110
252 201566 44.008890 14.497900
252 201586 27.303320 35.869730
252 203079 16.010380 3.421930
252 202683 40.361090 24.767900
252 200765 22.833010 25.617420
252 201954 16.986690 18.621760
252 201585 11.689430 22.544140
252 202341 16.921620 30.336560
252 202326 10.590870 26.145480