0 -1 72.213110 7.260740
0 202335 72.162930 7.283510
0 201942 86.721970 24.386980
0 203082 87.498470 1.944220
0 202709 62.574920 20.471450
0 202687 70.996220 33.044720
0 200765 75.249970 14.381650
0 201585 86.877670 25.164760
0 201956 82.329130 13.389320
0 202326 87.213990 18.708640
0 203463 91.350520 21.809540
12 -1 72.896160 7.863740
12 202335 72.451140 7.352300
12 201942 86.517350 23.745610
12 203082 87.631440 1.968870
12 202709 62.448450 21.164870
12 202687 72.038420 32.999820
12 200765 75.085310 13.033050
12 201585 86.847920 25.567680
12 201956 82.454590 12.569020
12 202326 87.174960 18.298280
12 203463 91.356720 21.422550
24 -1 74.505050 9.686240
24 202335 72.779970 7.355950
24 201942 86.001250 23.082870
24 203082 87.777270 1.960770
24 202709 62.344870 21.851240
24 202687 73.335860 32.873430
24 200765 74.991440 11.742450
24 201585 86.669780 25.999610
24 201956 82.711020 11.769950
24 202326 87.152060 18.007390
24 203463 91.235320 21.170560
36 -1 76.189950 11.316960
36 202335 73.158850 7.279910
36 201942 85.263660 22.522330
36 203082 87.922740 1.960330
36 202709 62.215430 22.554450
36 202687 74.671680 32.474630
36 200765 74.960290 10.398090
36 201585 86.408230 26.560990
36 201956 83.148310 11.089550
36 202326 87.148120 17.869980
36 203463 90.995290 21.038090
48 -1 77.911350 13.117750
48 202335 73.401710 7.325760
48 201942 84.390300 22.338300
48 203082 88.020900 2.002040
48 202709 62.087870 23.100310
48 202687 76.042630 31.955980
48 200765 74.967070 9.108160
48 201585 86.094920 27.193090
48 201956 83.656030 10.701990
48 202326 87.152010 17.892750
48 203463 90.602970 21.053560
60 -1 79.548510 14.725200
60 202335 73.513010 7.377910
60 201942 83.553460 22.273130
60 203082 88.010580 2.087130
60 202709 61.922720 23.537680
60 202687 77.281100 31.536780
60 200765 75.017870 7.982260
60 201585 85.726940 27.760670
60 201956 84.207540 10.540630
60 202326 87.130330 17.987060
60 203463 90.089260 21.242320
72 -1 81.159870 16.482910
72 202335 73.388790 7.503120
72 201942 82.739150 22.079660
72 203082 87.855980 2.199160
72 202709 61.698550 23.887120
72 202687 78.505870 31.200660
72 200765 75.232700 7.123150
72 201585 85.235630 28.181880
72 201956 84.733130 10.687290
72 202326 87.110150 18.186020
72 203463 89.509600 21.505140
84 -1 82.722000 18.197600
84 202335 73.091860 7.708220
84 201942 81.902080 21.874050
84 203082 87.584360 2.384450
84 202709 61.397720 24.173460
84 202687 79.700170 30.806670
84 200765 75.438490 6.688720
84 201585 84.771490 28.599970
84 201956 85.299000 10.994510
84 202326 87.074230 18.459080
84 203463 88.813910 21.876750
96 -1 84.395280 19.809130
96 202335 72.643610 8.024690
96 201942 80.916860 21.744860
96 203082 87.224540 2.610450
96 202709 61.038300 24.339900
96 202687 80.654020 30.601150
96 200765 75.621690 6.714910
96 201585 84.401890 28.879350
96 201956 85.943390 11.445570
96 202326 86.998080 18.788440
96 203463 88.057330 22.352610
108 -1 85.986700 21.444310
108 202335 72.183810 8.148120
108 201942 79.836830 21.666390
108 203082 86.798590 2.861160
108 202709 60.569900 24.548190
108 202687 81.514270 30.596070
108 200765 75.755040 7.160940
108 201585 84.121230 28.892950
108 201956 86.459410 12.037120
108 202326 86.912460 19.149400
108 203463 87.312700 22.915220
120 -1 87.641320 23.209040
120 202335 71.688290 8.308420
120 201942 78.477700 21.774930
120 203082 86.343580 3.160380
120 202709 60.073500 24.696740
120 202687 82.362480 30.633550
120 200765 75.959430 7.793490
120 201585 83.905100 28.824350
120 201956 86.752570 12.699770
120 202326 86.823760 19.581890
120 203463 86.619690 23.414820
132 -1 89.058580 24.543200
132 202335 71.195080 8.449730
132 201942 77.094700 22.085860
132 203082 85.867620 3.506570
132 202709 59.531840 24.849170
132 202687 83.163600 30.529140
132 200765 76.262150 8.389730
132 201585 83.923590 28.610960
132 201956 86.885020 13.419860
132 202326 86.757720 20.028680
132 203463 86.000090 23.853100
144 -1 88.712580 25.772230
144 202335 70.651310 8.572570
144 201942 75.790940 22.395900
144 203082 85.356930 3.847240
144 202709 58.880640 25.062210
144 202687 83.827860 30.488270
144 200765 76.573920 9.015510
144 201585 84.092300 28.288730
144 201956 86.885490 14.211920
144 202326 86.676500 20.462550
144 203463 85.522550 24.185380
156 -1 87.786850 25.823300
156 202335 70.050970 8.666200
156 201942 74.636560 22.546410
156 203082 84.762430 4.294510
156 202709 58.181340 25.312450
156 202687 84.361680 30.350080
156 200765 76.843230 9.756460
156 201585 84.356260 27.929550
156 201956 86.607560 15.005960
156 202326 86.599340 20.891970
156 203463 85.174060 24.474800
168 -1 86.812660 25.596670
168 202335 69.344140 8.863800
168 201942 73.405250 22.739070
168 203082 84.144740 4.679510
168 202709 57.463570 25.559890
168 202687 84.559790 29.986940
168 200765 77.105720 10.576910
168 201585 84.594580 27.980040
168 201956 86.173850 15.701670
168 202326 86.525830 21.306180
168 203463 84.874050 24.664590
180 -1 85.833340 25.945450
180 202335 68.511150 9.133700
180 201942 72.192990 22.778930
180 203082 83.383810 5.089780
180 202709 56.704240 25.813170
180 202687 84.666680 29.672510
180 200765 77.223060 11.577790
180 201585 84.852360 28.010470
180 201956 85.557180 16.374450
180 202326 86.497200 21.674800
180 203463 84.516320 24.944500
192 -1 85.092390 26.085540
192 202335 67.545560 9.449070
192 201942 70.970200 23.020830
192 203082 82.464580 5.583760
192 202709 55.916440 26.031230
192 202687 84.664330 29.549020
192 200765 77.167780 12.746510
192 201585 85.044710 28.132680
192 201956 84.679600 16.999330
192 202326 86.482300 21.962130
192 203463 84.188350 25.209700
204 -1 83.987480 25.842720
204 202335 66.514420 9.755680
204 201942 69.647260 23.192030
204 203082 81.318830 6.089660
204 202709 55.163920 26.102220
204 202687 84.625540 29.437610
204 200765 76.990660 14.066160
204 201585 85.190720 28.211840
204 201956 83.712680 17.515940
204 202326 86.478070 22.203420
204 203463 83.809240 25.511620
216 -1 82.844620 25.710740
216 202335 65.488310 10.027420
216 201942 68.214160 23.458510
216 203082 80.101180 6.558690
216 202709 54.394170 26.094040
216 202687 84.775370 29.337650
216 200765 76.662500 15.446910
216 201585 85.306470 28.220420
216 201956 82.513880 18.125140
216 202326 86.511390 22.375210
216 203463 83.327110 25.752150
228 -1 82.565470 24.938360
228 202335 64.463430 10.288140
228 201942 66.801960 23.733200
228 203082 78.708430 7.149790
228 202709 53.535320 26.132480
228 202687 85.164990 29.330420
228 200765 76.077820 16.867040
228 201585 85.453060 27.812780
228 201956 81.162540 18.750070
228 202326 86.571080 22.468070
228 203463 82.908660 25.848570