0 -1 17.610410 43.451070
0 2216 9.376530 30.032790
0 2440 32.064360 39.702460
0 2754 17.539020 43.564080
0 201144 29.206440 6.447870
0 201188 26.547400 25.792150
0 1495 19.497510 27.192660
0 2225 19.845220 11.600420
0 200746 11.126580 31.450590
0 201980 13.306790 37.810500
0 202695 23.105410 36.673320
12 -1 18.060620 43.565850
12 2216 9.185380 29.527650
12 2440 32.406070 39.067220
12 2754 17.445060 43.541570
12 201144 29.520650 6.288630
12 201188 26.795560 25.638340
12 1495 19.012960 26.883150
12 2225 19.119680 12.034620
12 200746 11.168820 31.618770
12 201980 13.759420 38.057630
12 202695 22.633740 36.422780
24 -1 17.732140 43.156840
24 2216 8.983040 28.967200
24 2440 32.763810 38.444450
24 2754 17.400650 43.602840
24 201144 29.887110 6.212720
24 201188 27.055910 25.608290
24 1495 18.494020 26.631020
24 2225 18.270760 12.547870
24 200746 11.108380 31.588520
24 201980 14.240970 38.351890
24 202695 22.057310 36.108640
36 -1 17.045990 42.371840
36 2216 8.772160 28.333550
36 2440 33.160070 37.821780
36 2754 17.294890 43.544530
36 201144 30.309090 6.256260
36 201188 27.307300 25.546520
36 1495 17.915720 26.386990
36 2225 17.315620 13.083790
36 200746 10.811550 31.244690
36 201980 14.673260 38.665370
36 202695 21.433120 35.585720
48 -1 15.562630 40.251000
48 2216 8.568620 27.639280
48 2440 33.585070 37.274770
48 2754 17.211680 43.407570
48 201144 30.744100 6.339660
48 201188 27.580950 25.404980
48 1495 17.310190 26.067890
48 2225 16.272060 13.627030
48 200746 10.357150 30.827890
48 201980 15.137050 39.131310
48 202695 20.837190 34.962890
60 -1 14.041730 38.240950
60 2216 8.361330 27.003790
60 2440 34.009840 36.864410
60 2754 17.140100 43.405490
60 201144 31.130710 6.392320
60 201188 27.879890 25.363570
60 1495 16.537220 25.665150
60 2225 15.195300 14.186020
60 200746 9.857800 30.388290
60 201980 15.597760 39.578240
60 202695 20.198890 34.269360
72 -1 12.682790 36.205840
72 2216 8.173210 26.508630
72 2440 34.451630 36.517760
72 2754 17.158010 43.190480
72 201144 31.501300 6.460490
72 201188 28.234110 25.233630
72 1495 15.636610 25.329500
72 2225 14.092270 14.821790
72 200746 9.270490 29.886480
72 201980 16.006500 40.094830
72 202695 19.416530 33.946260
84 -1 11.320470 34.137950
84 2216 8.066310 26.060860
84 2440 34.928370 36.200080
84 2754 17.330230 42.751350
84 201144 31.862090 6.473870
84 201188 28.615640 25.067990
84 1495 14.670200 24.877470
84 2225 12.964340 15.421190
84 200746 8.681460 29.450360
84 201980 16.390870 40.758820
84 202695 18.540610 33.632340
96 -1 9.931000 32.133280
96 2216 8.011000 25.697870
96 2440 35.414420 35.932980
96 2754 17.557490 42.479380
96 201144 32.188060 6.394000
96 201188 29.045900 24.994440
96 1495 13.645760 24.445490
96 2225 11.868520 16.015340
96 200746 8.205010 29.165460
96 201980 16.691440 41.268820
96 202695 17.577560 33.393920
108 -1 8.598770 30.093680
108 2216 7.981050 25.664470
108 2440 35.936580 35.689360
108 2754 17.806920 42.325840
108 201144 32.520720 6.269420
108 201188 29.526840 24.977350
108 1495 12.572330 24.048410
108 2225 10.848160 16.594070
108 200746 7.812110 28.965630
108 201980 16.916280 41.671310
108 202695 16.509650 33.150400
120 -1 7.243700 28.110080
120 2216 7.967600 25.519820
120 2440 36.442300 35.354560
120 2754 18.188490 42.062750
120 201144 32.908120 6.265500
120 201188 30.060130 24.884900
120 1495 11.503100 23.742750
120 2225 9.953340 17.143350
120 200746 7.460420 28.640210
120 201980 17.112930 41.926540
120 202695 15.456660 32.974470
132 -1 5.940250 26.077440
132 2216 7.955890 25.200620
132 2440 36.932490 34.989730
132 2754 18.560060 42.004310
132 201144 33.324450 6.261420
132 201188 30.637670 24.835670
132 1495 10.622210 23.457250
132 2225 9.250890 17.626240
132 200746 7.175630 28.279970
132 201980 17.296760 42.041360
132 202695 14.569430 32.676810
144 -1 5.056540 24.714830
144 2216 7.844140 25.007750
144 2440 37.412420 34.583720
144 2754 18.916680 42.316280
144 201144 33.718500 6.290520
144 201188 31.281110 24.743540
144 1495 9.913950 23.258580
144 2225 8.782260 18.077620
144 200746 6.899400 27.727020
144 201980 17.442950 41.813570
144 202695 13.765410 32.267670
156 -1 6.226460 25.795760
156 2216 7.694220 24.832200
156 2440 37.884330 34.228540
156 2754 19.365950 42.532720
156 201144 34.146650 6.343340
156 201188 31.976690 24.682790
156 1495 9.399930 23.060730
156 2225 8.510490 18.426060
156 200746 6.670180 27.047770
156 201980 17.615690 41.731850
156 202695 13.040840 31.900190
168 -1 7.373880 26.816180
168 2216 7.690450 24.465710
168 2440 38.336820 33.906750
168 2754 19.929260 42.686130
168 201144 34.581410 6.508260
168 201188 32.730150 24.662130
168 1495 9.058170 22.790750
168 2225 8.571760 18.753870
168 200746 6.422940 26.426570
168 201980 17.831850 41.651800
168 202695 12.408230 31.719130
180 -1 8.649840 28.004170
180 2216 7.809370 23.923740
180 2440 38.847330 33.661420
180 2754 20.550960 42.798260
180 201144 34.993330 6.666100
180 201188 33.533560 24.613080
180 1495 8.856520 22.621800
180 2225 8.907270 19.070760
180 200746 6.326050 25.905570
180 201980 18.069320 41.658080
180 202695 11.980050 31.629870
192 -1 9.743740 28.955700
192 2216 7.932340 23.707620
192 2440 39.421400 33.455530
192 2754 21.327650 42.823080
192 201144 35.444330 6.913100
192 201188 34.388970 24.604090
192 1495 8.847490 22.597730
192 2225 9.473490 19.408920
192 200746 6.331330 25.441090
192 201980 18.335360 41.796250
192 202695 11.765120 31.609190
204 -1 10.972350 30.043700
204 2216 8.109580 23.370910
204 2440 40.020520 33.298370
204 2754 22.146990 42.736420
204 201144 35.983170 7.179820
204 201188 35.292190 24.629730
204 1495 9.037950 22.375920
204 2225 10.250220 19.735330
204 200746 6.358530 25.104750
204 201980 18.656160 41.924540
204 202695 11.737310 31.698260
216 -1 12.091420 31.008420
216 2216 8.329790 23.109740
216 2440 40.672450 33.101690
216 2754 23.108310 42.508380
216 201144 36.580330 7.497470
216 201188 36.257580 24.632420
216 1495 9.335370 22.145100
216 2225 11.270110 20.115400
216 200746 6.347830 24.876970
216 201980 19.118880 42.095550
216 202695 11.927530 31.858060
228 -1 13.212880 32.083170
228 2216 8.484020 22.887280
228 2440 41.369070 32.852350
228 2754 23.972030 42.390420
228 201144 37.253130 7.809270
228 201188 37.260660 24.655850
228 1495 9.763990 22.156020
228 2225 12.373460 20.444240
228 200746 6.428020 24.607100
228 201980 19.701920 42.371020
228 202695 12.331540 31.825090
240 -1 14.094520 32.742990
240 2216 8.565280 23.031080
240 2440 42.094310 32.604750
240 2754 24.913920 42.124860
240 201144 38.011410 8.165480
240 201188 38.303750 24.680520
240 1495 10.525820 21.912600
240 2225 13.560580 20.760100
240 200746 6.419890 24.410640
240 201980 20.344370 42.686860
240 202695 12.782340 31.941250
252 -1 14.474340 33.014030
252 2216 8.710510 23.087030
252 2440 42.857850 32.377760
252 2754 25.901620 41.840340
252 201144 38.819710 8.597350
252 201188 39.379280 24.691390
252 1495 11.338380 21.591030
252 2225 14.856430 21.064160
252 200746 6.404950 24.263910
252 201980 21.219510 42.956260
252 202695 13.291360 32.159070
264 -1 14.598130 32.813980
264 2216 8.930240 23.231130
264 2440 43.687250 32.188890
264 2754 27.053640 41.507140
264 201144 39.569280 9.076830
264 201188 40.490170 24.724720
264 1495 12.310450 21.291120
264 2225 16.239040 21.347920
264 200746 6.430780 23.970710
264 201980 22.252270 43.400270
264 202695 13.929840 32.543040