0 -1 14.709140 2.437750
0 2544 18.636730 45.073820
0 2747 14.649920 2.095850
0 201567 29.568460 12.818600
0 202681 29.996340 37.055610
0 202684 6.764010 31.537670
0 2449 21.855440 15.313160
0 201949 9.524810 31.316620
0 201942 10.432590 5.343680
0 202709 18.585120 25.893760
0 202687 7.570910 20.978550
12 -1 14.443690 3.351990
12 2544 18.876000 45.120880
12 2747 14.600720 2.262310
12 201567 29.521240 13.461540
12 202681 29.882800 36.978060
12 202684 6.940790 31.504580
12 2449 21.430650 15.697600
12 201949 9.337070 30.887090
12 201942 11.516070 5.633170
12 202709 18.646190 26.006870
12 202687 7.405080 21.778320
24 -1 13.544400 5.386360
24 2544 19.061520 45.184540
24 2747 14.568590 2.423760
24 201567 29.391970 14.128100
24 202681 29.820830 36.867200
24 202684 7.255020 31.243960
24 2449 20.842380 16.064910
24 201949 9.148060 30.550650
24 201942 12.660570 5.786830
24 202709 18.576620 26.062030
24 202687 7.271190 22.727160
36 -1 12.531960 7.459310
36 2544 19.206910 45.221640
36 2747 14.560190 2.513900
36 201567 29.152410 14.753200
36 202681 29.825460 36.715700
36 202684 7.579870 30.910560
36 2449 19.987540 16.518520
36 201949 8.964990 30.258520
36 201942 13.751580 5.922200
36 202709 18.313260 25.996060
36 202687 7.166360 23.761430
48 -1 11.542450 9.634780
48 2544 19.332890 45.231130
48 2747 14.665300 2.546440
48 201567 28.773410 15.354840
48 202681 29.904930 36.522740
48 202684 7.849210 30.531510
48 2449 19.135800 16.864670
48 201949 8.757770 30.042880
48 201942 14.867170 6.013910
48 202709 17.882400 25.865850
48 202687 7.036010 24.872520
60 -1 10.476780 11.620780
60 2544 19.511420 45.128030
60 2747 14.889410 2.528250
60 201567 28.230250 15.944230
60 202681 30.071560 36.298270
60 202684 8.093680 30.304790
60 2449 18.172110 17.142750
60 201949 8.550810 30.033240
60 201942 16.022330 6.086610
60 202709 17.361890 25.681420
60 202687 6.910970 25.934600
72 -1 9.659480 13.830810
72 2544 19.857710 44.835760
72 2747 15.145560 2.411740
72 201567 27.587660 16.483580
72 202681 30.301170 36.065970
72 202684 8.323060 30.113720
72 2449 17.149000 17.414630
72 201949 8.429000 30.077470
72 201942 17.204870 6.141770
72 202709 16.780350 25.535480
72 202687 6.786150 26.991890
84 -1 8.639910 15.792310
84 2544 20.119230 44.587270
84 2747 15.496600 2.245170
84 201567 26.836070 16.956220
84 202681 30.575660 35.797190
84 202684 8.403350 30.120130
84 2449 16.126120 17.726650
84 201949 8.403350 30.120130
84 201942 18.468190 6.174350
84 202709 16.172230 25.353550
84 202687 6.731780 27.916140
96 -1 7.681550 17.872460
96 2544 20.393680 44.291330
96 2747 15.970370 2.066160
96 201567 25.945730 17.394670
96 202681 30.863600 35.493980
96 202684 8.451880 30.110370
96 2449 15.273810 17.948390
96 201949 8.451880 30.110370
96 201942 19.696460 6.198360
96 202709 15.599120 25.133150
96 202687 6.459460 28.912770
108 -1 6.723620 19.832800
108 2544 20.664240 43.953800
108 2747 16.483060 1.917040
108 201567 24.932840 17.747840
108 202681 31.145620 35.134520
108 202684 8.452490 30.162500
108 2449 14.288110 18.220710
108 201949 8.452490 30.162500
108 201942 20.942340 6.170180
108 202709 15.105460 24.861890
108 202687 6.349530 29.676650
120 -1 5.832850 21.852350
120 2544 20.857870 43.661450
120 2747 17.036880 1.787810
120 201567 23.859030 17.975780
120 202681 31.420820 34.727170
120 202684 8.425820 30.172260
120 2449 13.342080 18.523680
120 201949 8.425820 30.172260
120 201942 22.157610 6.122000
120 202709 14.681170 24.592020
120 202687 6.165610 30.037500
132 -1 4.898290 23.952640
132 2544 20.888530 43.510580
132 2747 17.737300 1.762230
132 201567 22.754830 18.109790
132 202681 31.690770 34.290840
132 202684 8.364710 30.214950
132 2449 12.468690 18.794240
132 201949 8.403210 30.171110
132 201942 23.305250 6.122740
132 202709 14.282830 24.305540
132 202687 6.037240 30.084880
144 -1 4.763030 25.250370
144 2544 20.957850 43.324930
144 2747 18.504750 1.777480
144 201567 21.615490 18.218530
144 202681 31.988140 33.803640
144 202684 7.967200 30.516040
144 2449 11.657600 18.983850
144 201949 8.245500 30.090600
144 201942 24.421140 6.131510
144 202709 13.911280 24.034860
144 202687 5.717010 30.027240
156 -1 4.927680 26.330810
156 2544 21.049380 43.135500
156 2747 19.246980 1.836290
156 201567 20.505620 18.285620
156 202681 32.331130 33.261020
156 202684 7.600660 30.861300
156 2449 10.889630 19.189730
156 201949 8.057960 30.085860
156 201942 25.617910 6.091500
156 202709 13.579660 23.888410
156 202687 5.516500 29.620160
168 -1 5.067560 27.476210
168 2544 21.203350 42.954090
168 2747 19.995330 1.949410
168 201567 19.484350 18.313700
168 202681 32.705800 32.756910
168 202684 7.341600 31.248420
168 2449 10.228900 19.444480
168 201949 8.002690 30.059550
168 201942 26.851670 6.067170
168 202709 13.302470 23.926330
168 202687 5.169850 29.252810
180 -1 5.180830 28.876880
180 2544 21.416970 42.809690
180 2747 20.755650 2.121030
180 201567 18.573040 18.281680
180 202681 33.061760 32.302590
180 202684 7.061520 31.704380
180 2449 9.661350 19.739870
180 201949 8.102700 29.966820
180 201942 28.088090 6.016590
180 202709 13.083060 24.208990
180 202687 4.998260 29.097320
192 -1 5.337180 29.971180
192 2544 21.766510 42.605100
192 2747 21.484730 2.349950
192 201567 17.757070 18.211880
192 202681 33.406900 31.859660
192 202684 6.729550 32.281030
192 2449 9.211630 20.095980
192 201949 8.264150 29.796940
192 201942 29.352950 6.000250
192 202709 12.950440 24.713950
192 202687 4.868530 28.999660
204 -1 5.209930 31.129560
204 2544 22.151260 42.363960
204 2747 22.196590 2.669400
204 201567 17.080670 18.096950
204 202681 33.704720 31.454040
204 202684 6.588990 32.809710
204 2449 8.904130 20.518620
204 201949 8.532340 29.781350
204 201942 30.585300 6.018760
204 202709 12.926280 25.514400
204 202687 4.853590 29.025520
216 -1 5.298350 32.453000
216 2544 22.487180 42.220190
216 2747 22.870500 3.091420
216 201567 16.487840 17.901280
216 202681 33.898100 31.125180
216 202684 6.361590 33.464750
216 2449 8.735760 20.921010
216 201949 8.867520 29.921820
216 201942 31.829640 6.117590
216 202709 12.975020 26.450500
216 202687 5.017680 29.072720
228 -1 5.397900 33.520190
228 2544 22.734710 42.162150
228 2747 23.463460 3.576650
228 201567 15.954190 17.679340
228 202681 33.987470 30.805720
228 202684 6.079900 34.208410
228 2449 8.653610 21.266240
228 201949 9.282600 30.336590
228 201942 32.952570 6.249310
228 202709 13.076350 27.511500
228 202687 5.240320 29.238070
240 -1 5.329510 34.537160
240 2544 22.887900 42.169650
240 2747 23.942900 4.087370
240 201567 15.493550 17.372490
240 202681 34.027910 30.486920
240 202684 5.750140 35.086300
240 2449 8.634420 21.533920
240 201949 9.512110 30.750800
240 201942 33.958420 6.452470
240 202709 13.287640 28.575880
240 202687 5.412000 29.496060
252 -1 5.141990 36.114140
252 2544 22.846530 42.385510
252 2747 24.299920 4.581320
252 201567 15.042630 16.935620
252 202681 34.007400 30.179160
252 202684 5.471880 35.782340
252 2449 8.639480 21.729420
252 201949 9.709230 31.322720
252 201942 34.862400 6.710100
252 202709 13.586880 29.674140
252 202687 5.567270 29.828530
264 -1 4.536670 37.088640
264 2544 22.735290 42.708370
264 2747 24.560980 5.060760
264 201567 14.557630 16.350990
264 202681 33.955990 29.909690
264 202684 5.285220 36.576980
264 2449 8.690530 21.830490
264 201949 9.957730 32.004980
264 201942 35.575390 7.040090
264 202709 13.947890 30.778040
264 202687 5.606070 30.312540