0 -1 10.132970 23.478030
0 201166 9.797000 39.833510
0 201959 4.097060 19.547620
0 201565 17.861670 24.724190
0 203503 7.936410 17.952250
0 1626171 9.025500 23.092830
0 200768 33.657000 17.233280
0 201949 11.917580 2.170360
0 202335 10.095150 23.413850
0 203082 11.728880 47.248810
0 202687 3.582390 11.834470
12 -1 9.164040 23.712050
12 201166 9.774990 39.765710
12 201959 4.280170 19.247720
12 201565 17.387970 25.096040
12 203503 7.549500 18.325070
12 1626171 8.781950 22.783720
12 200768 33.745460 17.306630
12 201949 11.887230 2.169270
12 202335 9.631520 23.615400
12 203082 11.952380 47.030730
12 202687 3.898100 11.431200
24 -1 8.472460 23.846990
24 201166 9.759280 39.704860
24 201959 4.539210 18.951380
24 201565 16.838890 25.381600
24 203503 7.465450 19.387990
24 1626171 8.469880 22.410490
24 200768 33.789420 17.358160
24 201949 11.784480 2.156450
24 202335 9.139490 23.783630
24 203082 12.189780 46.767580
24 202687 4.147690 11.274580
36 -1 7.555210 24.366540
36 201166 9.724770 39.646830
36 201959 4.785500 18.904520
36 201565 16.243170 25.694430
36 203503 7.384630 20.620470
36 1626171 8.157450 22.010700
36 200768 33.802690 17.390310
36 201949 11.750300 2.045570
36 202335 8.657310 23.877240
36 203082 12.469040 46.491160
36 202687 4.518360 11.174870
48 -1 6.558160 24.552070
48 201166 9.660400 39.626940
48 201959 5.034170 19.071740
48 201565 15.607780 26.034610
48 203503 7.278230 21.967770
48 1626171 7.916300 21.823020
48 200768 33.796950 17.402270
48 201949 11.761960 2.100520
48 202335 8.221720 24.247300
48 203082 12.806560 46.151250
48 202687 4.990300 11.102760
60 -1 5.695610 24.954830
60 201166 9.583880 39.605090
60 201959 5.222890 19.217570
60 201565 14.941500 26.377640
60 203503 7.204370 23.288700
60 1626171 7.692650 21.795170
60 200768 33.769460 17.413170
60 201949 11.747710 2.213580
60 202335 8.007350 24.322350
60 203082 13.176330 45.701570
60 202687 5.539040 11.084190
72 -1 4.736460 25.075870
72 201166 9.528690 39.561610
72 201959 5.351360 19.284790
72 201565 14.269540 26.736630
72 203503 7.074960 24.554080
72 1626171 7.402120 21.642020
72 200768 33.716500 17.423450
72 201949 11.848410 2.352660
72 202335 7.941160 24.384290
72 203082 13.620080 45.206490
72 202687 6.048940 11.276720
84 -1 4.756220 25.455440
84 201166 9.476950 39.527780
84 201959 5.399210 19.401940
84 201565 13.607650 27.103620
84 203503 6.689410 24.961850
84 1626171 7.063910 21.672540
84 200768 33.647550 17.440190
84 201949 12.083720 2.471330
84 202335 7.939120 24.557400
84 203082 14.115180 44.730800
84 202687 6.697000 11.365320
96 -1 5.509460 25.491930
96 201166 9.462250 39.547380
96 201959 5.485210 19.371720
96 201565 12.961750 27.453680
96 203503 6.371490 25.234200
96 1626171 6.770850 21.840730
96 200768 33.587820 17.474780
96 201949 12.362130 2.597740
96 202335 7.938770 24.914740
96 203082 14.629550 44.256790
96 202687 7.391830 11.515740
108 -1 6.245820 25.273470
108 201166 9.509060 39.579000
108 201959 5.591060 19.238350
108 201565 12.292340 27.800780
108 203503 6.281330 25.362160
108 1626171 6.387640 21.895480
108 200768 33.551830 17.533540
108 201949 12.628630 2.709890
108 202335 7.934350 25.120230
108 203082 15.143460 43.784650
108 202687 8.145590 11.787860
120 -1 7.009020 25.303340
120 201166 9.574600 39.645940
120 201959 5.744350 19.192740
120 201565 11.639740 28.167550
120 203503 6.490620 25.492910
120 1626171 6.084780 21.874390
120 200768 33.551360 17.645730
120 201949 12.931300 2.821190
120 202335 7.823620 25.723840
120 203082 15.654340 43.381270
120 202687 9.038520 12.036330
132 -1 7.288200 25.217520
132 201166 9.592100 39.743460
132 201959 5.960610 19.234080
132 201565 11.064680 28.586350
132 203503 6.955590 25.461430
132 1626171 5.986310 21.945130
132 200768 33.620630 17.830610
132 201949 13.252390 2.969780
132 202335 7.659560 26.371240
132 203082 16.156780 42.993230
132 202687 10.030410 12.285660
144 -1 6.450000 25.407410
144 201166 9.590100 39.839440
144 201959 6.212360 19.328330
144 201565 10.667270 29.048500
144 203503 7.481740 25.673080
144 1626171 6.048820 22.150440
144 200768 33.778450 18.089200
144 201949 13.596020 3.160540
144 202335 7.460000 26.904760
144 203082 16.634380 42.542480
144 202687 11.075350 12.547890
156 -1 5.665580 25.424150
156 201166 9.515150 39.882080
156 201959 6.497180 19.489860
156 201565 10.344220 29.605200
156 203503 7.935670 25.939260
156 1626171 6.122200 22.358400
156 200768 33.996450 18.403580
156 201949 13.954050 3.353840
156 202335 7.084870 27.398830
156 203082 17.118070 42.066300
156 202687 12.193600 12.832550
168 -1 4.915730 25.375360
168 201166 9.403070 39.874690
168 201959 6.753830 19.677490
168 201565 10.126030 30.218000
168 203503 8.178950 26.013520
168 1626171 6.216020 22.494550
168 200768 34.263640 18.729410
168 201949 14.314370 3.571720
168 202335 6.637790 27.919490
168 203082 17.620240 41.598920
168 202687 13.332260 13.067340
180 -1 4.487290 25.683070
180 201166 9.262210 39.836100
180 201959 6.942960 19.934980
180 201565 10.148420 30.866520
180 203503 8.165330 26.124410
180 1626171 6.169790 22.869760
180 200768 34.548730 19.059750
180 201949 14.716610 3.788840
180 202335 6.273540 28.157240
180 203082 18.180010 41.131910
180 202687 14.430620 13.378600
192 -1 4.708180 26.133210
192 201166 9.139820 39.791510
192 201959 7.058660 20.362070
192 201565 10.335630 31.313200
192 203503 7.949590 26.416130
192 1626171 5.964960 23.514570
192 200768 34.841550 19.392660
192 201949 15.147780 4.016100
192 202335 5.895060 28.456020
192 203082 18.810770 40.658920
192 202687 15.561240 13.717650
204 -1 4.917400 26.434740
204 201166 9.032550 39.750110
204 201959 7.119160 20.788360
204 201565 10.458950 31.749640
204 203503 7.716940 26.616820
204 1626171 5.769200 24.030240
204 200768 35.153790 19.706010
204 201949 15.597750 4.245670
204 202335 5.718850 28.641030
204 203082 19.566260 40.226290
204 202687 16.731490 14.064510
216 -1 5.130210 26.862600
216 201166 8.978600 39.724760
216 201959 7.183210 21.119860
216 201565 10.654580 32.027920
216 203503 7.528220 26.626110
216 1626171 5.634040 24.358350
216 200768 35.509260 20.002620
216 201949 16.076610 4.493260
216 202335 5.710270 28.760600
216 203082 20.407580 39.840660
216 202687 17.912460 14.414130
228 -1 5.335400 26.869000
228 201166 8.954090 39.737170
228 201959 7.343230 21.408530
228 201565 10.869610 32.229830
228 203503 7.307360 26.646510
228 1626171 5.599820 24.682770
228 200768 35.896950 20.294790
228 201949 16.579160 4.755800
228 202335 5.783010 28.699900
228 203082 21.330590 39.489640
228 202687 19.086590 14.789920
240 -1 5.632590 27.090720
240 201166 8.957680 39.742650
240 201959 7.638730 21.673690
240 201565 11.032570 32.319830
240 203503 7.139450 26.516500
240 1626171 5.596880 25.147190
240 200768 36.328190 20.583080
240 201949 16.956280 5.113460
240 202335 5.814360 28.789840
240 203082 22.298960 39.168770
240 202687 20.263450 15.194570
252 -1 5.691640 27.116950
252 201166 8.973520 39.710280
252 201959 8.032080 21.855510
252 201565 11.038430 32.569420
252 203503 6.875600 26.068450
252 1626171 5.737870 25.327370
252 200768 36.802850 20.881270
252 201949 17.358700 5.472890
252 202335 5.918380 28.634970
252 203082 23.298050 38.863790
252 202687 21.399040 15.642180
264 -1 5.450910 27.426900
264 201166 8.991070 39.661570
264 201959 8.468680 22.002550
264 201565 10.979670 32.853320
264 203503 6.485770 25.556330
264 1626171 5.982100 25.484830
264 200768 37.310800 21.160170
264 201949 17.865220 5.794280
264 202335 5.837950 28.655320
264 203082 24.305270 38.567580
264 202687 22.715880 16.037390
276 -1 5.144000 27.963660
276 201166 9.006980 39.600930
276 201959 8.884580 22.176000
276 201565 10.823600 33.238040
276 203503 6.193070 25.056280
276 1626171 6.268190 25.895270
276 200768 37.821460 21.415300
276 201949 18.378930 6.094340
276 202335 5.828720 28.688470
276 203082 25.360990 38.231580
276 202687 23.946030 16.368710