0 -1 17.820150 15.894370
0 202397 17.653810 15.742950
0 203917 8.271410 1.183610
0 203924 10.189820 47.215460
0 203457 18.105440 27.590290
0 1626143 2.319080 32.005520
0 2449 11.505410 21.497530
0 200768 16.051820 20.337510
0 201949 9.395660 33.917190
0 201942 9.457810 9.345430
0 202685 4.672380 27.396740
12 -1 18.142130 15.473610
12 202397 17.735750 15.414250
12 203917 8.621210 1.210720
12 203924 11.205720 47.055060
12 203457 16.703720 27.454350
12 1626143 2.419080 32.004610
12 2449 10.779690 21.778980
12 200768 15.641390 19.393880
12 201949 9.432760 33.394810
12 201942 9.294490 8.997510
12 202685 4.575640 27.343870
24 -1 17.620660 15.717140
24 202397 17.846540 15.134140
24 203917 9.070150 1.263630
24 203924 12.350680 46.658000
24 203457 15.315220 27.225450
24 1626143 2.531110 32.006300
24 2449 10.142330 22.247630
24 200768 15.389310 18.545360
24 201949 9.457440 33.047330
24 201942 9.075920 8.819470
24 202685 4.557620 27.261390
36 -1 16.112280 16.690240
36 202397 18.003260 14.767330
36 203917 9.556510 1.371030
36 203924 13.482940 46.327160
36 203457 14.134040 26.925580
36 1626143 2.649760 31.908630
36 2449 9.663380 22.794330
36 200768 15.257290 17.583270
36 201949 9.423860 32.698450
36 201942 8.777630 8.957740
36 202685 4.533340 27.388400
48 -1 14.734740 17.708720
48 202397 18.228450 14.292600
48 203917 10.122440 1.513220
48 203924 14.562350 46.047820
48 203457 13.044550 26.498010
48 1626143 2.832600 31.885440
48 2449 9.315960 23.426900
48 200768 15.164280 16.589650
48 201949 9.354710 32.229930
48 201942 8.483090 9.295500
48 202685 4.471950 27.605760
60 -1 13.283410 18.661590
60 202397 18.543610 13.738240
60 203917 10.732920 1.667410
60 203924 15.708730 45.643760
60 203457 12.125960 26.009290
60 1626143 3.041800 31.867240
60 2449 9.135870 24.050710
60 200768 15.092930 15.562010
60 201949 9.277460 31.689370
60 201942 8.233500 9.728360
60 202685 4.470650 27.906230
72 -1 11.757930 19.748100
72 202397 18.868520 13.177700
72 203917 11.386690 1.842250
72 203924 16.989650 45.070670
72 203457 11.471800 25.510690
72 1626143 3.280050 31.858440
72 2449 9.147990 24.543580
72 200768 14.960340 14.420610
72 201949 9.277350 31.179670
72 201942 7.957000 10.364560
72 202685 4.540820 28.427880
84 -1 10.342160 20.702810
84 202397 19.345490 12.526020
84 203917 12.069540 2.035390
84 203924 18.327310 44.493840
84 203457 11.001930 25.037750
84 1626143 3.591900 31.778690
84 2449 9.154170 24.853060
84 200768 14.804320 13.244230
84 201949 9.262040 30.657970
84 201942 7.736960 11.135080
84 202685 4.450630 28.995130
96 -1 8.995710 21.629060
96 202397 19.974480 11.980990
96 203917 12.806240 2.234770
96 203924 19.651130 43.828220
96 203457 10.524540 24.645210
96 1626143 3.924710 31.768590
96 2449 9.007810 25.013200
96 200768 14.703190 12.184180
96 201949 9.255040 29.967990
96 201942 7.551880 12.008380
96 202685 4.360610 29.337640
108 -1 7.665430 22.655060
108 202397 20.729970 11.501450
108 203917 13.554260 2.437280
108 203924 20.945540 43.302630
108 203457 10.164270 24.341310
108 1626143 4.270790 31.733780
108 2449 8.729210 24.924600
108 200768 14.699490 11.151350
108 201949 9.232020 29.219990
108 201942 7.424070 12.958160
108 202685 4.443070 29.518150
120 -1 6.338590 23.720010
120 202397 21.556650 11.063150
120 203917 14.367770 2.636460
120 203924 22.282700 42.748630
120 203457 9.859260 24.243720
120 1626143 4.652740 31.638600
120 2449 8.363140 24.644570
120 200768 14.807300 10.123850
120 201949 9.247800 28.577500
120 201942 7.333100 13.870260
120 202685 4.537690 29.617960
132 -1 4.863560 24.480060
132 202397 22.548750 10.587230
132 203917 15.253830 2.877060
132 203924 23.712950 42.031180
132 203457 9.526650 24.126820
132 1626143 5.159520 31.463540
132 2449 7.976030 24.343210
132 200768 15.022020 9.319990
132 201949 9.224590 28.197780
132 201942 7.304160 14.698500
132 202685 4.611670 29.475040
144 -1 4.740060 25.879920
144 202397 23.573870 10.267600
144 203917 16.185910 3.167490
144 203924 25.082510 41.517510
144 203457 9.320090 23.947810
144 1626143 5.674240 31.260130
144 2449 7.672760 24.055830
144 200768 15.368530 8.634560
144 201949 9.115630 28.108310
144 201942 7.228330 15.510940
144 202685 4.954510 29.204020
156 -1 4.553350 27.155690
156 202397 24.597600 10.035880
156 203917 17.114970 3.554910
156 203924 26.585470 40.770970
156 203457 9.336410 23.890910
156 1626143 6.188100 30.982990
156 2449 7.471180 23.776620
156 200768 15.775980 8.045960
156 201949 9.022020 28.275680
156 201942 7.050680 16.263560
156 202685 5.306110 28.829670
168 -1 4.285730 28.385050
168 202397 25.639680 9.928620
168 203917 18.086570 3.939950
168 203924 28.115100 39.872830
168 203457 9.459280 23.956840
168 1626143 6.488870 30.832730
168 2449 7.456190 23.645570
168 200768 16.271690 7.482380
168 201949 9.002670 28.614880
168 201942 6.809290 16.887110
168 202685 5.460090 28.485300
180 -1 4.110880 29.600990
180 202397 26.700450 10.039140
180 203917 19.120310 4.241740
180 203924 29.543770 39.206050
180 203457 9.630070 23.932960
180 1626143 6.574400 30.744630
180 2449 7.567960 23.529190
180 200768 16.699090 7.062880
180 201949 9.115090 28.966450
180 201942 6.525920 17.377640
180 202685 5.511480 28.181650
192 -1 3.758750 31.004890
192 202397 27.758140 10.126680
192 203917 20.144890 4.531650
192 203924 31.023360 38.618910
192 203457 9.953490 24.221880
192 1626143 6.396390 30.791140
192 2449 7.718610 23.281120
192 200768 17.287780 6.679070
192 201949 9.378000 29.078600
192 201942 6.244310 17.709930
192 202685 5.517930 27.871470
204 -1 3.625890 31.924190
204 202397 28.785060 10.292210
204 203917 21.159770 5.056470
204 203924 32.500160 38.064280
204 203457 10.384850 24.419970
204 1626143 6.052790 30.906370
204 2449 7.928270 23.088750
204 200768 17.971630 6.372280
204 201949 9.821130 29.058560
204 201942 5.995670 17.882460
204 202685 5.390120 27.389910
216 -1 3.312470 32.005600
216 202397 29.789090 10.491550
216 203917 22.173970 5.660760
216 203924 33.842060 37.687790
216 203457 10.789050 24.568440
216 1626143 5.560930 31.058440
216 2449 8.217010 23.035410
216 200768 18.722210 6.190900
216 201949 10.281490 29.200770
216 201942 5.811130 17.918100
216 202685 5.309290 27.144570
228 -1 3.220900 31.436250
228 202397 30.738320 10.671470
228 203917 23.159680 6.359490
228 203924 35.003720 37.433410
228 203457 11.401600 24.583660
228 1626143 5.178990 31.237560
228 2449 8.466550 22.922030
228 200768 19.453700 6.135750
228 201949 10.753370 29.527430
228 201942 5.657340 17.872290
228 202685 5.275540 27.181420
240 -1 3.624030 31.701590
240 202397 31.599860 10.744050
240 203917 24.078270 7.234270
240 203924 36.000910 37.101780
240 203457 12.192820 24.581060
240 1626143 4.902940 31.655120
240 2449 8.757870 22.848100
240 200768 20.227180 6.116130
240 201949 11.186870 30.024260
240 201942 5.542430 17.817990
240 202685 5.242600 27.432110