0 -1 30.823450 26.761330 BALL
0 201155 17.283580 14.539070 PLAYER
0 101145 20.687380 3.699380 PLAYER
0 201941 8.759020 15.799610 PLAYER
0 202730 11.734250 37.834980 PLAYER
0 202331 30.799650 26.642120 PLAYER
0 200768 11.605220 17.511940 PLAYER
0 202335 11.910900 35.653630 PLAYER
0 201942 26.663860 26.336440 PLAYER
0 202709 17.284420 14.436680 PLAYER
0 202687 7.679300 20.777240 PLAYER
12 -1 29.123550 26.648930 BALL
12 201155 17.443810 14.445120 PLAYER
12 101145 20.684160 3.654870 PLAYER
12 201941 8.579430 16.006430 PLAYER
12 202730 11.826610 37.703390 PLAYER
12 202331 30.764500 26.683690 PLAYER
12 200768 11.715910 17.300420 PLAYER
12 202335 11.794510 35.450370 PLAYER
12 201942 27.259330 26.126990 PLAYER
12 202709 17.455300 14.547980 PLAYER
12 202687 7.414330 20.492860 PLAYER
24 -1 26.561080 26.478130 BALL
24 201155 17.439630 14.235660 PLAYER
24 101145 20.682950 3.648000 PLAYER
24 201941 8.531720 16.370080 PLAYER
24 202730 11.823860 37.511680 PLAYER
24 202331 30.628620 26.791820 PLAYER
24 200768 11.811820 17.105130 PLAYER
24 202335 11.732060 35.210960 PLAYER
24 201942 27.807250 25.921870 PLAYER
24 202709 17.526640 14.678090 PLAYER
24 202687 7.299950 20.254130 PLAYER
36 -1 23.923190 26.254030 BALL
36 201155 17.435910 14.001410 PLAYER
36 101145 20.726420 3.701160 PLAYER
36 201941 8.582550 16.763860 PLAYER
36 202730 11.885640 37.279580 PLAYER
36 202331 30.557260 26.859640 PLAYER
36 200768 11.922600 17.096860 PLAYER
36 202335 11.606580 34.804940 PLAYER
36 201942 28.178120 25.682730 PLAYER
36 202709 17.527510 14.792630 PLAYER
36 202687 7.263700 20.076590 PLAYER
48 -1 21.360030 26.124070 BALL
48 201155 17.474420 13.845860 PLAYER
48 101145 20.863540 3.770130 PLAYER
48 201941 8.607930 17.392180 PLAYER
48 202730 11.984830 37.010850 PLAYER
48 202331 30.723390 26.896860 PLAYER
48 200768 11.919220 17.240750 PLAYER
48 202335 11.501850 34.380480 PLAYER
48 201942 28.684680 25.647610 PLAYER
48 202709 17.416640 15.086380 PLAYER
48 202687 7.311040 19.994130 PLAYER
60 -1 18.920650 25.959910 BALL
60 201155 17.592780 13.688090 PLAYER
60 101145 21.103570 3.861520 PLAYER
60 201941 8.656820 18.037450 PLAYER
60 202730 12.086620 36.661030 PLAYER
60 202331 31.022600 26.865020 PLAYER
60 200768 11.850120 17.464120 PLAYER
60 202335 11.429230 33.972370 PLAYER
60 201942 29.246850 25.602010 PLAYER
60 202709 17.269040 15.458040 PLAYER
60 202687 7.352760 20.041600 PLAYER
72 -1 16.385080 25.947810 BALL
72 201155 17.829540 13.573910 PLAYER
72 101145 21.426370 3.989880 PLAYER
72 201941 8.644610 18.638440 PLAYER
72 202730 12.178190 36.234980 PLAYER
72 202331 31.523530 26.765630 PLAYER
72 200768 11.794570 17.817340 PLAYER
72 202335 11.350370 33.793580 PLAYER
72 201942 29.753100 25.380240 PLAYER
72 202709 17.157410 15.898380 PLAYER
72 202687 7.456330 20.277370 PLAYER
84 -1 14.005040 25.856990 BALL
84 201155 18.208360 13.649500 PLAYER
84 101145 21.802560 4.159110 PLAYER
84 201941 8.578930 19.188160 PLAYER
84 202730 12.374960 35.733830 PLAYER
84 202331 32.326840 26.700650 PLAYER
84 200768 11.670360 18.262860 PLAYER
84 202335 11.514080 33.595400 PLAYER
84 201942 30.197390 25.413130 PLAYER
84 202709 17.112610 16.392600 PLAYER
84 202687 7.504530 20.618410 PLAYER
96 -1 11.508990 25.664570 BALL
96 201155 18.602000 13.726840 PLAYER
96 101145 22.204990 4.372300 PLAYER
96 201941 8.531140 19.766150 PLAYER
96 202730 12.600850 35.309860 PLAYER
96 202331 33.340610 26.636490 PLAYER
96 200768 11.601410 18.822060 PLAYER
96 202335 11.783090 33.414830 PLAYER
96 201942 30.837920 25.519910 PLAYER
96 202709 17.043820 16.949470 PLAYER
96 202687 7.531730 21.051640 PLAYER
108 -1 9.118710 25.612710 BALL
108 201155 19.028230 13.832330 PLAYER
108 101145 22.606180 4.655860 PLAYER
108 201941 8.507510 20.259770 PLAYER
108 202730 12.919680 34.787790 PLAYER
108 202331 34.376760 26.547500 PLAYER
108 200768 11.637630 19.363150 PLAYER
108 202335 12.180670 33.304640 PLAYER
108 201942 31.461760 25.477090 PLAYER
108 202709 17.019220 17.465710 PLAYER
108 202687 7.489160 21.546820 PLAYER
120 -1 6.772090 25.555760 BALL
120 201155 19.429560 13.952410 PLAYER
120 101145 23.019040 4.975430 PLAYER
120 201941 8.520690 20.841030 PLAYER
120 202730 13.256170 34.262790 PLAYER
120 202331 35.498350 26.484790 PLAYER
120 200768 11.732130 19.883940 PLAYER
120 202335 12.724270 33.207480 PLAYER
120 201942 31.955510 25.522660 PLAYER
120 202709 16.980510 17.904590 PLAYER
120 202687 7.401960 22.098370 PLAYER
132 -1 5.939670 25.485260 BALL
132 201155 19.856710 14.096960 PLAYER
132 101145 23.441010 5.308240 PLAYER
132 201941 8.555060 21.475710 PLAYER
132 202730 13.732330 33.771990 PLAYER
132 202331 36.695440 26.434390 PLAYER
132 200768 11.811580 20.380630 PLAYER
132 202335 13.249100 32.812210 PLAYER
132 201942 32.519390 25.764380 PLAYER
132 202709 16.896730 18.268670 PLAYER
132 202687 7.289020 22.610970 PLAYER
144 -1 5.723150 25.144300 BALL
144 201155 20.334720 14.233240 PLAYER
144 101145 23.853730 5.664860 PLAYER
144 201941 8.586560 22.121710 PLAYER
144 202730 14.186060 33.219040 PLAYER
144 202331 37.884810 26.329240 PLAYER
144 200768 11.913220 20.911170 PLAYER
144 202335 13.519220 32.388670 PLAYER
144 201942 33.074690 25.835800 PLAYER
144 202709 16.728490 18.547840 PLAYER
144 202687 7.120110 23.054670 PLAYER
156 -1 6.044520 24.802000 BALL
156 201155 20.797890 14.388010 PLAYER
156 101145 24.294620 6.018280 PLAYER
156 201941 8.481740 22.754250 PLAYER
156 202730 14.621640 32.655780 PLAYER
156 202331 39.151850 26.301560 PLAYER
156 200768 12.039810 21.411360 PLAYER
156 202335 13.727040 31.989380 PLAYER
156 201942 33.628890 25.886840 PLAYER
156 202709 16.525590 18.769830 PLAYER
156 202687 7.098020 23.413440 PLAYER
168 -1 7.390130 24.766470 BALL
168 201155 21.203610 14.533410 PLAYER
168 101145 24.727480 6.353780 PLAYER
168 201941 8.129280 23.499180 PLAYER
168 202730 15.006260 32.202270 PLAYER
168 202331 40.315930 26.259350 PLAYER
168 200768 12.203700 21.985690 PLAYER
168 202335 13.895190 31.635800 PLAYER
168 201942 34.102380 25.993250 PLAYER
168 202709 16.292070 18.923790 PLAYER
168 202687 6.982380 23.892720 PLAYER
180 -1 8.457330 24.309150 BALL
180 201155 21.612190 14.674770 PLAYER
180 101145 25.114700 6.716160 PLAYER
180 201941 7.898520 24.447350 PLAYER
180 202730 15.261450 31.934830 PLAYER
180 202331 41.527030 26.256980 PLAYER
180 200768 12.349500 22.594280 PLAYER
180 202335 13.992100 31.240160 PLAYER
180 201942 34.650670 26.021200 PLAYER
180 202709 16.100290 19.083810 PLAYER
180 202687 7.098000 24.625520 PLAYER
192 -1 9.554320 24.113420 BALL
192 201155 21.967100 14.833270 PLAYER
192 101145 25.480310 7.094860 PLAYER
192 201941 7.782130 25.303910 PLAYER
192 202730 15.457470 31.659020 PLAYER
192 202331 42.695670 26.245470 PLAYER
192 200768 12.518030 23.256840 PLAYER
192 202335 14.113960 31.009160 PLAYER
192 201942 35.177180 26.056500 PLAYER
192 202709 15.968530 19.253000 PLAYER
192 202687 7.323810 25.327950 PLAYER
204 -1 10.405060 24.257780 BALL
204 201155 22.264600 15.002530 PLAYER
204 101145 25.857830 7.470660 PLAYER
204 201941 7.702280 26.138810 PLAYER
204 202730 15.534050 31.550600 PLAYER
204 202331 43.823970 26.281770 PLAYER
204 200768 12.706670 23.942680 PLAYER
204 202335 14.203370 30.789360 PLAYER
204 201942 35.681180 26.085300 PLAYER
204 202709 15.885090 19.419680 PLAYER
204 202687 7.616080 26.115870 PLAYER
216 -1 10.680030 25.413440 BALL
216 201155 22.529210 15.164820 PLAYER
216 101145 26.213140 7.826720 PLAYER
216 201941 7.758490 27.073610 PLAYER
216 202730 15.574590 31.478930 PLAYER
216 202331 44.775070 26.316020 PLAYER
216 200768 12.844450 24.684900 PLAYER
216 202335 14.243200 30.637980 PLAYER
216 201942 36.160530 26.092950 PLAYER
216 202709 15.826340 19.577450 PLAYER
216 202687 7.650410 27.062970 PLAYER
228 -1 10.553100 27.120430 BALL
228 201155 22.757990 15.361730 PLAYER
228 101145 26.542730 8.188570 PLAYER
228 201941 8.113130 27.879010 PLAYER
228 202730 15.639950 31.426220 PLAYER
228 202331 45.766320 26.546440 PLAYER
228 200768 12.875010 25.435620 PLAYER
228 202335 14.248480 30.441660 PLAYER
228 201942 36.640370 26.057960 PLAYER
228 202709 15.732870 19.714790 PLAYER
228 202687 7.626720 27.565170 PLAYER
240 -1 10.084680 29.082060 BALL
240 201155 22.989720 15.560490 PLAYER
240 101145 26.884090 8.513500 PLAYER
240 201941 8.300710 28.372660 PLAYER
240 202730 15.801070 31.288580 PLAYER
240 202331 46.680290 26.782010 PLAYER
240 200768 12.818500 26.273600 PLAYER
240 202335 14.167670 30.417240 PLAYER
240 201942 37.087340 25.999440 PLAYER
240 202709 15.543580 19.772040 PLAYER
240 202687 7.508140 27.730810 PLAYER
252 -1 9.358490 30.121320 BALL
252 201155 23.210600 15.767050 PLAYER
252 101145 27.216250 8.819850 PLAYER
252 201941 8.448790 28.774270 PLAYER
252 202730 15.940770 31.198400 PLAYER
252 202331 47.528060 27.110590 PLAYER
252 200768 12.671640 27.097840 PLAYER
252 202335 14.093190 30.430160 PLAYER
252 201942 37.468790 25.932460 PLAYER
252 202709 15.245860 19.740110 PLAYER
252 202687 7.314260 27.900570 PLAYER
264 -1 9.637650 29.751330 BALL
264 201155 23.378730 15.972150 PLAYER
264 101145 27.515410 9.079770 PLAYER
264 201941 8.650550 28.854900 PLAYER
264 202730 16.127940 31.094690 PLAYER
264 202331 48.201630 27.596060 PLAYER
264 200768 12.492330 27.791050 PLAYER
264 202335 14.002610 30.505760 PLAYER
264 201942 37.784440 25.858790 PLAYER
264 202709 14.866850 19.653210 PLAYER
264 202687 7.156240 28.021490 PLAYER
276 -1 9.749910 27.968220 BALL
276 201155 23.493670 16.164350 PLAYER
276 101145 27.792060 9.309000 PLAYER
276 201941 8.935870 28.536470 PLAYER
276 202730 16.288290 30.947010 PLAYER
276 202331 48.684750 28.233220 PLAYER
276 200768 12.189900 28.240410 PLAYER
276 202335 13.949460 30.563530 PLAYER
276 201942 37.996940 25.835760 PLAYER
276 202709 14.396260 19.501910 PLAYER
276 202687 7.156040 27.967110 PLAYER