0 -1 62.908000 32.035670
0 101135 71.323420 19.190330
0 203092 91.441250 37.781710
0 202340 68.095800 7.507440
0 203109 78.663670 47.104590
0 203935 62.912050 32.087970
0 2449 77.937850 18.233280
0 201960 71.126370 15.167600
0 200768 67.481170 30.747940
0 201942 79.493880 38.403610
0 202685 88.316110 30.390900
12 -1 63.859890 31.804730
12 101135 70.864350 20.589930
12 203092 90.970670 37.847310
12 202340 68.386120 7.463970
12 203109 78.906860 47.209730
12 203935 63.101950 31.974810
12 2449 77.954640 19.140940
12 201960 71.469020 15.535110
12 200768 66.837290 30.604220
12 201942 79.426270 38.482850
12 202685 88.353540 30.748470
24 -1 66.394120 31.181220
24 101135 70.625130 21.934610
24 203092 90.495450 37.761860
24 202340 68.679790 7.439380
24 203109 79.079220 47.223060
24 203935 63.212510 31.806780
24 2449 78.014330 19.854610
24 201960 71.783060 15.799050
24 200768 65.853770 30.441100
24 201942 79.630270 38.606690
24 202685 88.353630 31.010140
36 -1 68.360650 30.620620
36 101135 70.513620 23.166070
36 203092 90.062900 37.592420
36 202340 68.959290 7.416710
36 203109 79.179260 47.131720
36 203935 63.136880 31.521640
36 2449 78.287040 20.464010
36 201960 72.200420 16.083510
36 200768 64.748030 30.373450
36 201942 79.909130 38.728980
36 202685 88.414510 31.347110
48 -1 70.722120 29.779370
48 101135 70.539750 24.143580
48 203092 89.574300 37.397910
48 202340 69.214850 7.383070
48 203109 79.246940 46.922750
48 203935 63.136230 31.299060
48 2449 78.593610 21.051740
48 201960 72.713990 16.376370
48 200768 63.848390 30.258020
48 201942 80.168130 38.791350
48 202685 88.434430 31.783950
60 -1 72.944250 29.306880
60 101135 70.794440 24.940490
60 203092 89.019840 36.951680
60 202340 69.437000 7.360740
60 203109 79.227460 46.618090
60 203935 63.132630 31.229900
60 2449 79.026990 21.600160
60 201960 73.341220 16.757240
60 200768 62.985040 30.128490
60 201942 80.290100 38.724720
60 202685 88.323510 32.138800
72 -1 75.126770 28.759960
72 101135 71.131200 25.604620
72 203092 88.460880 36.359540
72 202340 69.663810 7.357670
72 203109 79.119170 46.259680
72 203935 63.092690 31.198250
72 2449 79.562810 21.978570
72 201960 74.020580 17.220970
72 200768 62.202180 29.975790
72 201942 80.447620 38.658500
72 202685 88.161170 32.429780
84 -1 77.327620 28.148120
84 101135 71.579010 26.105750
84 203092 87.853700 35.781810
84 202340 69.867210 7.392310
84 203109 78.944390 45.861670
84 203935 63.045520 31.213020
84 2449 80.058990 22.272060
84 201960 74.740450 17.705380
84 200768 61.665720 29.792010
84 201942 80.495650 38.505670
84 202685 88.078950 32.789330
96 -1 79.476090 27.519760
96 101135 72.202380 26.476100
96 203092 87.130950 35.082640
96 202340 70.044430 7.464210
96 203109 78.686140 45.440820
96 203935 63.117610 31.379830
96 2449 80.558820 22.577360
96 201960 75.462490 18.194950
96 200768 61.247350 29.517540
96 201942 80.488860 38.260220
96 202685 87.871270 32.968520
108 -1 81.582440 27.034410
108 101135 72.973550 26.801710
108 203092 86.597700 34.175320
108 202340 70.183860 7.611950
108 203109 78.334590 45.003340
108 203935 62.971080 31.505760
108 2449 81.173530 22.839260
108 201960 76.214050 18.636420
108 200768 60.834440 29.387100
108 201942 80.303260 38.004360
108 202685 87.472250 32.841630
120 -1 83.889770 26.440320
120 101135 73.806280 27.027530
120 203092 86.128320 33.349460
120 202340 70.289350 7.834470
120 203109 77.976230 44.547220
120 203935 62.690840 31.487810
120 2449 81.683090 23.101990
120 201960 76.960290 19.005830
120 200768 60.548920 29.331770
120 201942 80.316860 37.768470
120 202685 87.149150 32.520920
132 -1 85.260190 25.927750
132 101135 74.697220 27.103550
132 203092 85.680560 32.460210
132 202340 70.354950 8.102130
132 203109 77.631400 44.084110
132 203935 62.268920 31.488160
132 2449 82.172480 23.317970
132 201960 77.686540 19.306810
132 200768 60.384860 29.273300
132 201942 80.178060 37.451140
132 202685 86.920780 32.012850
144 -1 85.755380 25.678280
144 101135 75.528010 26.962130
144 203092 85.265500 31.460880
144 202340 70.405580 8.390280
144 203109 77.273270 43.603250
144 203935 61.690070 31.515920
144 2449 82.709190 23.464100
144 201960 78.326550 19.552960
144 200768 60.371550 29.223630
144 201942 79.977340 37.154660
144 202685 86.550860 31.146210
156 -1 86.250570 25.428810
156 101135 76.402140 26.813400
156 203092 85.025850 30.444000
156 202340 70.442810 8.698610
156 203109 76.898790 43.103080
156 203935 60.951120 31.552480
156 2449 83.316190 23.664450
156 201960 78.890680 19.785100
156 200768 60.442850 29.176470
156 201942 79.667060 36.885300
156 202685 86.293880 30.118850
168 -1 86.745760 25.179340
168 101135 77.210620 26.594470
168 203092 84.623940 29.276920
168 202340 70.513290 8.992240
168 203109 76.539580 42.603350
168 203935 60.071170 31.605760
168 2449 83.890930 23.838510
168 201960 79.356410 20.004270
168 200768 60.619640 29.129050
168 201942 79.486580 36.604510
168 202685 86.168640 29.211890
180 -1 87.240950 24.929870
180 101135 77.956590 26.423100
180 203092 84.267950 27.996990
180 202340 70.622620 9.256330
180 203109 76.128450 42.103890
180 203935 59.086050 31.659870
180 2449 84.442030 23.977950
180 201960 79.725220 20.096360
180 200768 60.852560 29.099510
180 201942 79.164120 36.380830
180 202685 85.930270 28.340530
192 -1 86.270840 24.685280
192 101135 78.591210 26.318340
192 203092 83.946890 26.804230
192 202340 70.689180 9.553810
192 203109 75.687700 41.582000
192 203935 58.075230 31.716320
192 2449 84.934150 24.184960
192 201960 80.040810 20.042300
192 200768 61.166090 29.068730
192 201942 78.828660 36.145860
192 202685 85.323120 27.209860
204 -1 85.909760 24.630340
204 101135 79.240890 26.416590
204 203092 83.715710 25.779260
204 202340 70.817490 9.787010
204 203109 75.174290 41.073560
204 203935 57.085370 31.780040
204 2449 85.342540 24.363880
204 201960 80.296060 19.854550
204 200768 61.513820 29.030340
204 201942 78.680050 35.981940
204 202685 84.769390 26.290310
216 -1 87.228270 24.675090
216 101135 79.610910 26.306390
216 203092 83.703420 24.672420
216 202340 70.950700 10.031320
216 203109 74.627450 40.601080
216 203935 56.110300 31.856520
216 2449 85.694430 24.374490
216 201960 80.494060 19.458690
216 200768 61.950020 28.994850
216 201942 78.583630 35.842930
216 202685 84.261340 25.561050
228 -1 86.598650 25.303250
228 101135 80.002100 26.373130
228 203092 83.958100 23.840790
228 202340 71.004210 10.243360
228 203109 74.054930 40.172760
228 203935 55.139040 31.948940
228 2449 86.076160 24.489170
228 201960 80.585380 18.946470
228 200768 62.412630 28.950240
228 201942 78.556050 35.765790
228 202685 83.921280 24.833150
240 -1 86.258490 26.147680
240 101135 80.178740 26.215290
240 203092 84.298310 23.233790
240 202340 70.977440 10.446080
240 203109 73.480790 39.763800
240 203935 54.154620 31.992230
240 2449 86.577950 24.422430
240 201960 80.608020 18.416050
240 200768 62.907870 28.897190
240 201942 78.589490 35.720220
240 202685 83.623230 24.175490
252 -1 87.932620 25.904570
252 101135 80.275790 26.071320
252 203092 84.570550 22.632700
252 202340 70.925140 10.598710
252 203109 72.877920 39.375990
252 203935 53.168690 31.990210
252 2449 86.989340 24.458750
252 201960 80.555670 17.862680
252 200768 63.445670 28.861310
252 201942 78.714110 35.745220
252 202685 83.541370 23.781640
264 -1 88.565780 25.766970
264 101135 80.258580 25.888720
264 203092 84.786500 21.939770
264 202340 70.730870 10.806600
264 203109 72.238730 38.974630
264 203935 52.109910 31.956390
264 2449 87.416490 24.458300
264 201960 80.457640 17.297260
264 200768 64.065230 28.897780
264 201942 78.710710 35.765700
264 202685 83.465230 23.506210
276 -1 88.593620 25.294160
276 101135 80.207400 26.001260
276 203092 84.729470 21.387610
276 202340 70.431640 10.988090
276 203109 71.529810 38.585010
276 203935 51.024640 31.914110
276 2449 87.672020 24.541710
276 201960 80.275590 16.731320
276 200768 64.751590 29.052920
276 201942 78.724750 35.854560
276 202685 83.308880 23.238160