0 -1 71.609940 42.277100
0 2207 84.105530 38.781230
0 101127 81.249670 23.405940
0 201152 82.085310 29.917780
0 201572 62.344400 26.704960
0 202711 84.904660 16.078980
0 201162 71.733540 42.412000
0 202066 89.027010 48.249480
0 101162 28.124760 24.119960
0 202322 73.119480 21.922910
0 1626162 88.968170 3.455170
12 -1 71.641470 42.487500
12 2207 84.540450 39.370850
12 101127 81.254430 23.401950
12 201152 83.217260 30.531580
12 201572 63.694520 27.397560
12 202711 85.227760 15.972500
12 201162 71.819690 42.228080
12 202066 88.749360 48.226050
12 101162 28.837890 24.139550
12 202322 72.963230 21.559250
12 1626162 89.371340 4.060930
24 -1 72.392200 41.817440
24 2207 84.953690 39.894370
24 101127 81.218900 23.345130
24 201152 84.136850 31.163500
24 201572 64.910490 28.062530
24 202711 85.518460 15.947850
24 201162 71.881650 42.028870
24 202066 88.410550 48.181240
24 101162 29.520390 24.143670
24 202322 72.773370 21.243340
24 1626162 89.697110 4.817040
36 -1 73.968920 40.155550
36 2207 85.295870 40.356310
36 101127 81.133830 23.222750
36 201152 84.997820 31.844730
36 201572 66.056000 28.746540
36 202711 85.800210 16.005690
36 201162 72.005950 41.777160
36 202066 88.042690 48.094450
36 101162 30.183750 24.150270
36 202322 72.655560 20.917710
36 1626162 89.839300 5.651730
48 -1 75.778400 38.741290
48 2207 85.530870 40.715750
48 101127 81.036140 23.071860
48 201152 85.688180 32.503550
48 201572 67.136210 29.366120
48 202711 86.140220 16.169190
48 201162 72.088850 41.569160
48 202066 87.659340 47.942330
48 101162 30.794190 24.097370
48 202322 72.506190 20.612750
48 1626162 89.975260 6.598600
60 -1 77.378580 37.186710
60 2207 85.796610 41.152050
60 101127 80.953220 22.940640
60 201152 86.248920 33.079730
60 201572 68.180940 29.760800
60 202711 86.505790 16.432650
60 201162 72.152550 41.402240
60 202066 87.267460 47.717250
60 101162 31.390990 24.017840
60 202322 72.309060 20.321530
60 1626162 89.972990 7.541280
72 -1 79.193470 35.553340
72 2207 86.089830 41.614990
72 101127 80.931840 22.864650
72 201152 86.697310 33.597040
72 201572 69.086210 30.166690
72 202711 86.867930 16.794510
72 201162 72.204860 41.257340
72 202066 86.880750 47.450630
72 101162 31.974330 23.937130
72 202322 72.061250 20.049850
72 1626162 89.824960 8.522710
84 -1 80.688540 33.916730
84 2207 86.373360 41.983000
84 101127 80.976130 22.885410
84 201152 87.033610 33.998530
84 201572 69.973390 30.552440
84 202711 87.198460 17.218840
84 201162 72.238640 41.183760
84 202066 86.437930 47.137440
84 101162 32.470250 23.852640
84 202322 71.776750 19.835110
84 1626162 89.552320 9.475170
96 -1 82.479470 32.656120
96 2207 86.505920 42.263690
96 101127 81.074730 23.011580
96 201152 87.222410 34.279990
96 201572 70.812830 30.845030
96 202711 87.499050 17.740110
96 201162 72.225150 41.094610
96 202066 85.968190 46.771960
96 101162 32.876670 23.782160
96 202322 71.464430 19.652810
96 1626162 89.183630 10.399950
108 -1 84.040870 31.113770
108 2207 86.494510 42.444920
108 101127 81.205970 23.232040
108 201152 87.328300 34.448360
108 201572 71.528200 30.985520
108 202711 87.554260 18.241650
108 201162 72.237750 41.004300
108 202066 85.397570 46.432960
108 101162 33.231480 23.804120
108 202322 71.141100 19.489040
108 1626162 88.577430 11.286370
120 -1 85.601760 29.615360
120 2207 86.383560 42.584940
120 101127 81.340550 23.485490
120 201152 87.354680 34.532220
120 201572 72.186620 31.043680
120 202711 87.500920 18.729620
120 201162 72.253520 40.914610
120 202066 84.826460 46.081530
120 101162 33.486930 23.866810
120 202322 70.819050 19.333820
120 1626162 87.867690 12.113090
132 -1 87.178810 28.082740
132 2207 86.186670 42.650350
132 101127 81.441510 23.753910
132 201152 87.300780 34.480660
132 201572 72.804720 31.063170
132 202711 87.340400 19.143150
132 201162 72.285070 40.867120
132 202066 84.210770 45.699530
132 101162 33.590650 23.971620
132 202322 70.495000 19.168670
132 1626162 87.071930 12.866550
144 -1 88.661280 26.656400
144 2207 85.886660 42.772280
144 101127 81.515800 24.016860
144 201152 87.216220 34.367910
144 201572 73.317250 30.979870
144 202711 87.205780 19.488590
144 201162 72.320730 40.857440
144 202066 83.617460 45.308890
144 101162 33.610210 24.133610
144 202322 70.179610 18.971530
144 1626162 86.153300 13.586920
156 -1 89.370250 26.080210
156 2207 85.498330 42.926960
156 101127 81.609990 24.248050
156 201152 87.125000 34.187910
156 201572 73.686530 30.897700
156 202711 87.076280 19.754700
156 201162 72.338680 40.825060
156 202066 82.905330 44.995160
156 101162 33.551660 24.344520
156 202322 69.858170 18.758040
156 1626162 85.131260 14.256030
168 -1 88.737090 26.961490
168 2207 85.062750 43.112990
168 101127 81.692140 24.435770
168 201152 87.035230 33.960600
168 201572 73.972010 30.867520
168 202711 87.012770 20.059240
168 201162 72.306490 40.787030
168 202066 82.279870 44.635210
168 101162 33.425600 24.564210
168 202322 69.488410 18.512210
168 1626162 84.022220 14.869650
180 -1 88.012450 27.766470
180 2207 84.474900 43.274380
180 101127 81.731090 24.605940
180 201152 86.935830 33.669960
180 201572 74.152690 30.842830
180 202711 86.865870 20.343170
180 201162 72.245770 40.763820
180 202066 81.558440 44.298760
180 101162 33.246460 24.786360
180 202322 69.077610 18.261960
180 1626162 82.857540 15.497480
192 -1 87.204440 28.781210
192 2207 83.781070 43.527600
192 101127 81.816810 24.740780
192 201152 86.799550 33.284440
192 201572 74.243970 30.829680
192 202711 86.574870 20.606510
192 201162 72.124310 40.681390
192 202066 80.811090 43.915800
192 101162 33.046890 24.944500
192 202322 68.626200 18.021690
192 1626162 81.619710 16.084710
204 -1 86.541110 29.589640
204 2207 83.020540 43.815890
204 101127 81.965640 24.855390
204 201152 86.635050 32.782380
204 201572 74.155780 30.846920
204 202711 86.031050 20.817900
204 201162 71.889950 40.508810
204 202066 79.979070 43.568830
204 101162 32.808490 25.060060
204 202322 68.097740 17.781770
204 1626162 80.294630 16.614700
216 -1 86.130330 29.353780
216 2207 82.229930 44.126960
216 101127 82.133040 24.920000
216 201152 86.441730 32.202250
216 201572 73.956420 30.882820
216 202711 85.221690 20.908880
216 201162 71.516130 40.315720
216 202066 79.134830 43.264000
216 101162 32.501840 25.153820
216 202322 67.528500 17.564390
216 1626162 78.921840 17.148590
228 -1 86.089400 29.419630
228 2207 81.298000 44.472940
228 101127 82.332380 24.924000
228 201152 86.229090 31.591220
228 201572 73.615960 30.897060
228 202711 84.295750 20.864870
228 201162 71.022930 40.081280
228 202066 78.029860 43.046600
228 101162 32.160840 25.215790
228 202322 66.954590 17.385810
228 1626162 77.503080 17.652060
240 -1 86.081680 29.506960
240 2207 80.341200 44.848340
240 101127 82.603820 24.871400
240 201152 85.975970 30.943130
240 201572 72.877300 30.845890
240 202711 83.187350 20.635400
240 201162 70.344530 39.767290
240 202066 76.787950 42.908230
240 101162 31.767890 25.277290
240 202322 66.372250 17.220310
240 1626162 75.963210 18.062860
252 -1 85.865750 29.414090
252 2207 79.238660 45.186000
252 101127 82.858620 24.789740
252 201152 85.697860 30.426370
252 201572 71.777270 30.792640
252 202711 81.987710 20.305800
252 201162 69.473380 39.350850
252 202066 75.351320 42.928450
252 101162 31.322660 25.374760
252 202322 65.785460 17.028810
252 1626162 74.294180 18.405420