0 7 15.145400504000001 20.610765618000002
12 7 15.316728564 20.507968782
24 7 15.59085346 20.47370317
36 7 15.830712744 20.47370317
48 7 16.070572028 20.47370317
60 7 16.327564118 20.405171946
72 7 16.584556208000002 20.405171946
84 7 16.824415492 20.405171946
96 7 17.132806000000002 20.353773528
108 7 17.458329314 20.353773528
120 7 17.766719822 20.353773528
132 7 18.023711912 20.30237511
144 7 18.195039972 20.30237511
156 7 18.17379529256 20.3040883906
168 7 18.13713108772 20.307514951799998
180 7 18.10046688288 20.310598856880002
192 7 18.06380267804 20.31402541808
204 7 18.0271384732 20.31710932316
216 7 17.99081692448 20.320535884359998
228 7 17.95415271964 20.323619789440002
0 55 31.507230234 19.120211496
12 55 31.507230234 19.120211496
24 55 31.507230234 19.120211496
36 55 31.575761458000002 19.068813078
48 55 31.575761458000002 19.068813078
60 55 31.575761458000002 19.068813078
72 55 31.575761458000002 19.068813078
84 55 31.455831816 19.01741466
96 55 31.130308502000002 19.01741466
108 55 31.335902174 19.01741466
120 55 31.387300592000003 19.051680272
132 55 31.387300592000003 19.051680272
144 55 31.387300592000003 19.051680272
156 55 31.387300592000003 19.051680272
168 55 31.387300592000003 19.051680272
180 55 31.421566204 19.051680272
192 55 31.421566204 19.051680272
204 55 31.421566204 19.051680272
216 55 31.455831816 19.051680272
228 55 31.455831816 19.051680272
0 68 30.92471483 19.993984602
12 68 30.92471483 19.993984602
24 68 30.92471483 19.993984602
36 68 30.92471483 19.993984602
48 68 30.92471483 19.993984602
60 68 30.92471483 19.993984602
72 68 30.92471483 19.993984602
84 68 30.92471483 19.993984602
96 68 30.92471483 19.993984602
108 68 30.92471483 19.993984602
120 68 30.92471483 19.993984602
132 68 30.92471483 19.993984602
144 68 30.92471483 19.993984602
156 68 30.92471483 19.993984602
168 68 30.92471483 19.993984602
180 68 30.92471483 19.993984602
192 68 30.92471483 19.993984602
204 68 30.92471483 19.993984602
216 68 30.92471483 19.993984602
228 68 30.92471483 19.993984602
96 60 29.160035812 17.252735642
108 60 29.365629484 17.406930896
120 60 29.742551216000003 17.681055792000002
132 60 30.050941724 17.90378227
144 60 30.290801008000003 18.057977524000002
156 60 30.427863456 18.383500838
168 60 30.427863456 18.640492928
180 60 30.547793098 18.811820988
192 60 30.599191516 18.966016242000002
204 60 30.736253964 19.120211496
216 60 30.873316412 19.291539556
228 60 30.873316412 19.394336392
240 60 30.873316412 19.394336392
252 60 30.873316412 19.394336392
264 60 30.873316412 19.394336392
276 60 30.873316412 19.394336392
288 60 30.873316412 19.394336392
300 60 30.804785188 19.394336392
312 60 30.804785188 19.394336392
324 60 30.804785188 19.394336392
240 8 17.9174885148 20.326703694520003
252 8 17.88082430996 20.33013025572
264 8 17.84416010512 20.3332141608
276 8 17.807838556400004 20.336640722000002
288 8 17.77117435156 20.339724627080003
300 8 17.734510146719998 20.343151188280004
312 8 17.69784594188 20.34623509336
324 8 17.66118173704 20.34931899844
336 8 17.62486018832 20.352745559640002
348 8 17.58819598348 20.35582946472
360 8 17.55153177864 20.35925602592
372 8 17.5148675738 20.362339931
384 8 17.47820336896 20.365766492200002
396 8 17.44188182024 20.368850397280003
408 8 17.4052176154 20.37193430236
420 8 17.36855341056 20.37536086356
432 8 17.33188920572 20.37844476864
444 8 17.295225000880002 20.381871329840003
456 8 17.258903452160002 20.38495523492
468 8 17.22223924732 20.38838179612
240 56 31.455831816 19.051680272
252 56 31.472964622 19.051680272
264 56 31.472964622 19.051680272
276 56 31.472964622 19.051680272
288 56 31.472964622 19.051680272
300 56 31.472964622 19.051680272
312 56 31.472964622 19.051680272
324 56 31.472964622 19.051680272
336 56 31.421566204 19.051680272
348 56 31.370167786 19.051680272
360 56 31.370167786 19.051680272
372 56 31.301636562000002 19.051680272
384 56 31.233105338 19.051680272
396 56 31.164574114 19.051680272
408 56 31.164574114 19.051680272
420 56 31.09604289 19.051680272
432 56 31.09604289 19.051680272
444 56 31.09604289 19.051680272
456 56 31.078910084 19.01741466
468 56 31.078910084 19.01741466
240 69 30.92471483 19.993984602
252 69 30.92471483 19.993984602
264 69 30.92471483 19.993984602
276 69 30.92471483 19.993984602
288 69 30.92471483 19.993984602
300 69 30.92471483 19.993984602
312 69 30.92471483 19.993984602
324 69 30.92471483 19.993984602
336 69 30.92471483 19.993984602
348 69 30.92471483 19.993984602
360 69 30.92471483 19.993984602
372 69 30.92471483 19.993984602
384 69 30.92471483 19.993984602
396 69 30.92471483 19.993984602
408 69 30.92471483 19.993984602
420 69 30.92471483 19.993984602
432 69 30.92471483 19.993984602
444 69 30.92471483 19.993984602
456 69 30.92471483 19.993984602
468 69 30.92471483 19.993984602
336 61 30.804785188 19.394336392
348 61 30.804785188 19.394336392
360 61 30.804785188 19.394336392
372 61 30.736253964 19.394336392
384 61 30.736253964 19.394336392
396 61 30.736253964 19.394336392
408 61 30.736253964 19.394336392
420 61 30.736253964 19.394336392
432 61 30.736253964 19.342937974
444 61 30.736253964 19.291539556
456 61 30.736253964 19.18874272
468 61 30.736253964 19.120211496
480 61 30.736253964 19.068813078
492 61 30.873316412 19.01741466
504 61 30.976113248 19.01741466
516 61 30.976113248 19.01741466
528 61 30.976113248 19.01741466
540 61 31.01037886 19.01741466
552 61 31.01037886 19.01741466
564 61 31.044644472 19.01741466
480 57 31.078910084 19.01741466
492 57 31.078910084 19.01741466
504 57 31.061777278 19.01741466
516 57 31.061777278 19.068813078
528 57 31.078910084 19.154477108000002
540 57 31.113175696 19.223008332
552 57 31.147441308 19.257273944
564 57 31.147441308 19.257273944
576 57 31.147441308 19.257273944
588 57 31.147441308 19.257273944
600 57 31.147441308 19.205875526
612 57 31.147441308 19.205875526
624 57 31.147441308 19.205875526
636 57 31.147441308 19.205875526
648 57 31.147441308 19.154477108000002
660 57 31.147441308 19.154477108000002
672 57 31.147441308 19.154477108000002
684 57 31.147441308 19.154477108000002
696 57 31.147441308 19.10307869
708 57 31.147441308 19.10307869
480 70 30.92471483 19.993984602
492 70 30.92471483 19.993984602
504 70 30.92471483 19.95971899
516 70 30.92471483 19.95971899
528 70 30.92471483 19.95971899
540 70 30.92471483 19.95971899
552 70 30.92471483 19.95971899
564 70 30.92471483 19.95971899
576 70 30.92471483 19.95971899
588 70 30.92471483 19.95971899
600 70 30.92471483 19.95971899
612 70 30.92471483 19.95971899
624 70 30.92471483 19.95971899
636 70 30.92471483 19.95971899
648 70 30.92471483 19.95971899
660 70 30.92471483 19.95971899
672 70 30.92471483 19.925453378
684 70 30.92471483 19.925453378
696 70 30.92471483 19.925453378
708 70 30.92471483 19.925453378
576 62 31.044644472 19.01741466
588 62 31.078910084 19.051680272
600 62 31.078910084 19.068813078
612 62 31.078910084 19.068813078
624 62 31.113175696 19.068813078
636 62 31.147441308 19.068813078
648 62 31.147441308 19.068813078
660 62 31.18170692 19.068813078
672 62 31.18170692 19.085945884
684 62 31.18170692 19.085945884
696 62 31.233105338 19.085945884
708 62 31.233105338 19.120211496
720 62 31.233105338 19.120211496
732 62 31.26737095 19.120211496
744 62 31.26737095 19.120211496
756 62 31.284503756 19.154477108000002
768 62 31.284503756 19.154477108000002
780 62 31.318769368 19.154477108000002
792 62 31.318769368 19.154477108000002
804 62 31.318769368 19.18874272
720 58 31.147441308 19.10307869
732 58 31.147441308 19.10307869
744 58 31.147441308 19.034547466
756 58 31.147441308 19.034547466
768 58 31.147441308 19.034547466
780 58 31.147441308 19.034547466
792 58 31.147441308 19.000281854
804 58 31.147441308 19.000281854
816 58 31.147441308 19.000281854
828 58 31.147441308 19.000281854
840 58 31.147441308 18.93175063
852 58 31.147441308 18.93175063
864 58 31.147441308 18.93175063
876 58 31.147441308 18.93175063
888 58 31.01037886 18.828953794
900 58 30.890449218 18.726156958
912 58 30.701988352 18.554828898
924 58 30.582058710000002 18.297836808
936 58 30.444996262 18.07511033
948 58 30.32506662 17.869516658000002
720 71 30.92471483 19.925453378
732 71 30.92471483 19.925453378
744 71 30.92471483 19.925453378
756 71 30.92471483 19.925453378
768 71 30.92471483 19.925453378
780 71 30.92471483 19.925453378
792 71 30.92471483 19.925453378
804 71 30.92471483 19.925453378
816 71 30.92471483 19.925453378
828 71 30.92471483 19.925453378
840 71 30.92471483 19.908320572
852 71 30.92471483 19.908320572
864 71 30.92471483 19.908320572
876 71 30.92471483 19.908320572
888 71 30.92471483 19.908320572
900 71 30.92471483 19.908320572
912 71 30.92471483 19.908320572
924 71 30.92471483 19.908320572
936 71 30.92471483 19.908320572
948 71 30.92471483 19.908320572
816 63 31.387300592000003 19.18874272
828 63 31.387300592000003 19.18874272
840 63 31.387300592000003 19.205875526
852 63 31.421566204 19.205875526
864 63 31.421566204 19.205875526
876 63 31.455831816 19.205875526
888 63 31.490097428000002 19.205875526
900 63 31.490097428000002 19.223008332
912 63 31.490097428000002 19.223008332
924 63 31.507230234 19.257273944
936 63 31.507230234 19.257273944
948 63 31.541495846 19.257273944
960 63 31.541495846 19.257273944
972 63 31.575761458000002 19.257273944
984 63 31.575761458000002 19.257273944
996 63 31.575761458000002 19.257273944
1008 63 31.575761458000002 19.325805168000002
1020 63 31.575761458000002 19.325805168000002
1032 63 31.575761458000002 19.325805168000002
1044 63 31.541495846 19.325805168000002
852 59 44.425365958 3.08390508
864 59 44.425365958 3.392295588
876 59 44.425365958 3.76921732
888 59 44.425365958 4.094740634
900 59 44.391100346 4.523060784
912 59 44.391100346 5.05417777
924 59 44.391100346 5.48249792
936 59 44.391100346 5.859419652
948 59 44.391100346 6.184942966
960 59 44.391100346 6.544731892
972 59 44.391100346 6.921653624
984 59 44.45963157 7.349973774
996 59 44.45963157 7.829692342
1008 59 44.648092436 8.035286014
1020 59 44.699490854000004 8.446473358
1032 59 44.699490854000004 8.82339509
1044 59 44.699490854000004 9.25171524
1056 59 44.699490854000004 9.628636972
1068 59 44.699490854000004 9.937027480000001
1080 59 44.699490854000004 10.262550794000001
960 72 30.92471483 19.908320572
972 72 30.92471483 19.908320572
984 72 30.92471483 19.908320572
996 72 30.92471483 19.908320572
1008 72 30.890449218 19.839789348
1020 72 30.890449218 19.839789348
1032 72 30.890449218 19.839789348
1044 72 30.890449218 19.822656542
1056 72 30.890449218 19.822656542
1068 72 30.856183606000002 19.805523736
1080 72 30.856183606000002 19.771258124
1092 72 30.856183606000002 19.771258124
1104 72 30.856183606000002 19.771258124
1116 72 30.856183606000002 19.771258124
1128 72 30.821917994 19.719859706
1140 72 30.821917994 19.719859706
1152 72 30.821917994 19.719859706
1164 72 30.821917994 19.685594094
1176 72 30.821917994 19.685594094
1188 72 30.787652382 19.668461288
996 53 32.29533931 19.137344302
1008 53 31.952683190000002 19.137344302
1020 53 31.952683190000002 19.137344302
1032 53 31.952683190000002 19.137344302
1044 53 31.952683190000002 19.171609914
1056 53 31.952683190000002 19.171609914
1068 53 31.884151966 19.171609914
1080 53 31.884151966 19.171609914
1092 53 31.884151966 19.240141138000002
1104 53 31.884151966 19.240141138000002
1116 53 31.832753548 19.240141138000002
1128 53 31.832753548 19.240141138000002
1140 53 31.832753548 19.27440675
1152 53 31.832753548 19.27440675
1164 53 31.832753548 19.27440675
1176 53 31.764222324000002 19.27440675
1188 53 31.764222324000002 19.27440675
1200 53 31.764222324000002 19.240141138000002
1212 53 31.764222324000002 19.240141138000002
1224 53 31.764222324000002 19.240141138000002
1056 64 31.507230234 19.325805168000002
1068 64 31.507230234 19.325805168000002
1080 64 31.490097428000002 19.325805168000002
1092 64 31.490097428000002 19.325805168000002
1104 64 31.421566204 19.325805168000002
1116 64 31.421566204 19.325805168000002
1128 64 31.421566204 19.325805168000002
1140 64 31.387300592000003 19.325805168000002
1152 64 31.35303498 19.325805168000002
1164 64 31.35303498 19.325805168000002
1176 64 31.318769368 19.325805168000002
1188 64 31.318769368 19.325805168000002
1200 64 31.301636562000002 19.342937974
1212 64 31.26737095 19.342937974
1224 64 31.26737095 19.342937974
1236 64 31.26737095 19.342937974
1248 64 31.198839726 19.342937974
1260 64 31.198839726 19.342937974
1272 64 31.198839726 19.342937974
1284 64 31.18170692 19.342937974
1200 73 30.787652382 19.634195676
1212 73 30.787652382 19.634195676
1224 73 30.787652382 19.634195676
1236 73 30.787652382 19.61706287
1248 73 30.787652382 19.61706287
1260 73 30.753386770000002 19.582797258
1272 73 30.753386770000002 19.548531646
1284 73 30.753386770000002 19.548531646
1296 73 30.753386770000002 19.548531646
1308 73 30.753386770000002 19.548531646
1320 73 30.701988352 19.394336392
1332 73 30.650589934 19.171609914
1344 73 30.582058710000002 19.01741466
1356 73 30.513527486 18.863219406
1368 73 30.393597844000002 18.657625734
1380 73 30.307933814000002 18.434899256
1392 73 30.547793098 18.057977524000002
1404 73 30.616324322 18.006579106
1416 73 30.684855546 17.90378227
1428 73 30.684855546 17.681055792000002
1236 54 31.712823906 19.171609914
1248 54 31.712823906 19.171609914
1260 54 31.712823906 19.137344302
1272 54 31.712823906 19.137344302
1284 54 31.712823906 19.068813078
1296 54 31.712823906 19.068813078
1308 54 31.712823906 19.068813078
1320 54 31.712823906 19.034547466
1332 54 31.712823906 19.034547466
1344 54 31.712823906 19.034547466
1356 54 31.644292682 18.966016242000002
1368 54 31.507230234 18.966016242000002
1380 54 31.455831816 18.966016242000002
1392 54 31.335902174 18.897485018
1404 54 31.198839726 18.897485018
1416 54 31.078910084 18.657625734
1428 54 30.890449218 18.417766450000002
1440 54 30.787652382 18.314969614
1452 54 30.684855546 18.212172778
1464 54 30.547793098 18.109375942
1296 65 31.147441308 19.342937974
1308 65 31.147441308 19.342937974
1320 65 31.113175696 19.342937974
1332 65 31.113175696 19.342937974
1344 65 31.078910084 19.342937974
1356 65 31.044644472 19.342937974
1368 65 31.044644472 19.342937974
1380 65 31.044644472 19.377203586
1392 65 30.856183606000002 19.257273944
1404 65 30.736253964 19.154477108000002
1416 65 30.599191516 19.034547466
1428 65 30.49639468 18.93175063
1440 65 30.359332232 18.828953794
1452 65 30.290801008000003 18.726156958
1464 65 30.49639468 18.67475854
1476 65 30.667722740000002 18.58909451
1488 65 30.856183606000002 18.537696092
1500 65 31.044644472 18.486297674
1512 65 31.250238144 18.349235226
1524 65 31.52436304 18.24643839
1440 74 30.719121158 17.526860538
1452 74 30.719121158 17.355532478
1464 74 30.719121158 17.321266866000002
1476 74 30.787652382 17.252735642
1488 74 30.787652382 17.252735642
1500 74 30.787652382 17.252735642
1512 74 30.753386770000002 17.201337224
1524 74 30.753386770000002 17.201337224
1536 74 30.753386770000002 17.201337224
1548 74 30.753386770000002 17.201337224
1560 74 30.787652382 17.201337224
1572 74 30.787652382 17.201337224
1584 74 30.787652382 17.201337224
1596 74 30.787652382 17.201337224
1608 74 30.787652382 17.201337224
1620 74 30.821917994 17.201337224
1632 74 30.821917994 17.201337224
1644 74 30.804785188 17.201337224
1656 74 30.804785188 17.201337224
1668 74 30.804785188 17.201337224
1680 28 39.336922576 6.065013324000001
1692 28 39.336922576 6.065013324000001
1704 28 39.593914666 6.16781016
1716 28 39.91943798 6.236341384
1728 28 40.159297264 6.339138220000001
1740 28 40.399156548 6.441935056
1752 28 40.656148638 6.613263116000001
1764 28 40.981671952 6.990184848
1776 28 41.221531236000004 7.298575356000001
1788 28 41.529921744 7.675497088
1800 28 41.786913834 7.949621984
1812 28 41.9753747 8.155215656
1824 28 42.163835566 8.429340552
1836 28 42.215233984 8.840527896000001
1848 28 42.283765208 9.217449628
1860 28 42.420827656 9.645769778
1872 28 42.352296432 10.02269151
1884 28 42.352296432 10.45101166
1896 28 42.352296432 10.87933181
1908 28 42.215233984 11.307651960000001
1680 75 30.839050800000003 17.201337224
1692 75 30.839050800000003 17.201337224
1704 75 30.839050800000003 17.184204418
1716 75 30.839050800000003 17.184204418
1728 75 30.839050800000003 17.184204418
1740 75 30.873316412 17.184204418
1752 75 30.873316412 17.184204418
1764 75 30.873316412 17.184204418
1776 75 30.839050800000003 17.184204418
1788 75 30.856183606000002 17.184204418
1800 75 30.856183606000002 17.184204418
1812 75 30.856183606000002 17.184204418
1824 75 30.856183606000002 17.184204418
1836 75 30.856183606000002 17.184204418
1848 75 30.890449218 17.184204418
1860 75 30.890449218 17.184204418
1872 75 30.890449218 17.184204418
1884 75 30.890449218 17.184204418
1896 75 30.890449218 17.184204418
1908 75 30.92471483 17.184204418
1920 29 42.112437148 11.787370528
1932 29 41.906843476 12.267089096
1944 29 41.786913834 12.695409246
1956 29 41.735515416 13.02093256
1968 29 41.666984192 13.329323068
1980 29 41.598452968000004 13.654846382
1992 29 41.409992102000004 14.014635308
2004 29 41.324328072 14.39155704
2016 29 41.29006246 14.768478772
2028 29 41.255796848 15.179666116
2040 29 41.221531236000004 15.556587848
2052 29 41.170132818 15.967775192000001
2064 29 41.135867206 16.344696924
2076 29 41.101601594 16.721618656
2088 29 41.067335982 17.115673194
2100 29 41.033070370000004 17.492594926
2112 29 40.998804758 17.920915076
2124 29 40.998804758 18.24643839
2136 29 41.067335982 18.623360122
2148 29 41.135867206 19.000281854
1920 76 30.92471483 17.184204418
1932 76 30.92471483 17.184204418
1944 76 30.92471483 17.184204418
1956 76 30.92471483 17.184204418
1968 76 30.92471483 17.184204418
1980 76 30.92471483 17.184204418
1992 76 30.92471483 17.184204418
2004 76 30.890449218 17.184204418
2016 76 30.890449218 17.184204418
2028 76 30.890449218 17.184204418
2040 76 30.890449218 17.184204418
2052 76 30.890449218 17.184204418
2064 76 30.890449218 17.184204418
2076 76 30.856183606000002 17.184204418
2088 76 30.856183606000002 17.184204418
2100 76 30.856183606000002 17.184204418
2112 76 30.856183606000002 17.184204418
2124 76 30.856183606000002 17.184204418
2136 76 30.839050800000003 17.184204418
2148 76 30.839050800000003 17.184204418
2004 66 31.541495846 17.149938806
2016 66 31.541495846 17.149938806
2028 66 31.541495846 17.149938806
2040 66 31.541495846 17.149938806
2052 66 31.541495846 17.149938806
2064 66 31.541495846 17.149938806
2076 66 31.541495846 17.149938806
2088 66 31.541495846 17.149938806
2100 66 31.541495846 17.149938806
2112 66 31.541495846 17.149938806
2124 66 31.541495846 17.149938806
2136 66 31.541495846 17.149938806
2148 66 31.541495846 17.149938806
2160 66 31.541495846 17.149938806
2172 66 31.541495846 17.149938806
2184 66 31.541495846 17.149938806
2196 66 31.541495846 17.149938806
2208 66 31.541495846 17.149938806
2220 66 31.541495846 17.149938806
2232 66 31.541495846 17.149938806
2160 30 41.255796848 19.36007078
2172 30 41.324328072 19.736992512
2184 30 41.324328072 20.113914244
2196 30 41.37572649 20.490835976
2208 30 41.444257714 20.867757708
2220 30 41.701249804 21.227546634
2232 30 42.009640312 21.50167153
2244 30 42.386562044 21.827194844
2256 30 42.763483776 22.084186934
2268 30 43.071874284 22.35831183
2280 30 43.26033515 22.563905502
2292 30 43.483061628 22.838030398
2304 30 43.722920912 23.04362407
2316 30 43.928514584 23.21495213
2328 30 44.168373868 23.266350548000002
2340 30 44.408233152 23.317748966
2352 30 44.5452956 23.266350548000002
2364 30 44.613826824 23.266350548000002
2376 30 44.613826824 23.266350548000002
2388 30 44.613826824 23.317748966
2160 77 30.839050800000003 17.184204418
2172 77 30.839050800000003 17.184204418
2184 77 30.873316412 17.184204418
2196 77 30.873316412 17.184204418
2208 77 30.839050800000003 17.184204418
2220 77 30.839050800000003 17.184204418
2232 77 30.839050800000003 17.184204418
2244 77 30.839050800000003 17.184204418
2256 77 30.839050800000003 17.184204418
2268 77 30.804785188 17.21847003
2280 77 30.804785188 17.21847003
2292 77 30.804785188 17.21847003
2304 77 30.804785188 17.21847003
2316 77 30.804785188 17.21847003
2328 77 30.804785188 17.21847003
2340 77 30.770519576 17.21847003
2352 77 30.770519576 17.21847003
2364 77 30.787652382 17.21847003
2376 77 30.787652382 17.21847003
2388 77 30.787652382 17.21847003
2244 67 31.541495846 17.149938806
2256 67 31.541495846 17.149938806
2268 67 31.541495846 17.149938806
2280 67 31.541495846 17.149938806
2292 67 31.541495846 17.149938806
2304 67 31.541495846 17.149938806
2316 67 31.541495846 17.149938806
2328 67 31.541495846 17.149938806
2340 67 31.541495846 17.149938806
2352 67 31.541495846 17.149938806
2364 67 31.541495846 17.149938806
2376 67 31.541495846 17.149938806
2388 67 31.541495846 17.149938806
2400 67 31.541495846 17.149938806
2412 67 31.541495846 17.149938806
2424 67 31.541495846 17.149938806
2436 67 31.541495846 17.149938806
2448 67 31.541495846 17.149938806
2460 67 31.541495846 17.149938806
2472 67 31.541495846 17.149938806
2256 9 39.816641144 25.065295178
2268 9 39.936570786000004 25.065295178
2280 9 40.125031652000004 24.92823273
2292 9 40.313492518000004 24.705506252
2304 9 40.501953384000004 24.379982938
2316 9 40.621883026 24.003061206
2328 9 40.69041425 23.865998758
2340 9 40.878875116 23.523342638
2352 9 40.998804758 23.112155294
2364 9 41.067335982 22.769499174
2376 9 41.067335982 22.529639890000002
2388 9 40.998804758 22.152718158
2400 9 40.998804758 21.92999168
2412 9 41.067335982 21.810062038
2424 9 41.067335982 21.50167153
2436 9 40.998804758 20.713562454
2448 9 40.998804758 20.165312662
2460 9 40.998804758 19.856922154
2472 9 40.998804758 19.480000422
2484 9 40.94740634 19.10307869
2400 31 44.613826824 23.317748966
2412 31 44.613826824 23.369147384
2424 31 44.613826824 23.420545802
2436 31 44.613826824 23.47194422
2448 31 44.613826824 23.523342638
2460 31 44.613826824 23.523342638
2472 31 44.613826824 23.591873862
2484 31 44.613826824 23.64327228
2496 31 44.648092436 23.694670698
2508 31 44.579561212 23.677537892
2520 31 44.579561212 23.677537892
2532 31 44.579561212 23.677537892
2544 31 44.5452956 23.677537892
2556 31 44.5452956 23.677537892
2568 31 44.5452956 23.694670698
2580 31 44.511029988000004 23.694670698
2592 31 44.511029988000004 23.694670698
2604 31 44.476764376 23.694670698
2616 31 44.476764376 23.694670698
2628 31 44.476764376 23.72893631
2496 10 40.878875116 18.726156958
2508 10 40.77607828 18.383500838
2520 10 40.69041425 18.057977524000002
2532 10 40.639015832 17.715321404
2544 10 40.639015832 17.338399672
2556 10 40.639015832 16.910079522
2568 10 40.639015832 16.53315779
2580 10 40.741812668 16.156236058
2592 10 40.810343892 15.745048714000001
2604 10 40.878875116 15.419525400000001
2616 10 40.94740634 15.042603668
2628 10 41.015937564 14.665681936
2640 10 41.1187344 14.340158622
2652 10 41.187265624 14.031768114
2664 10 41.444257714 13.7062448
2676 10 41.701249804 13.380721486
2688 10 41.821179446 13.072330978
2700 10 41.941109088000005 12.644010828
2712 10 42.009640312 12.267089096
2724 10 42.146702760000004 11.838768946
2640 32 44.45963157 23.72893631
2652 32 44.45963157 23.72893631
2664 32 44.45963157 23.72893631
2676 32 44.425365958 23.72893631
2688 32 44.425365958 23.746069116
2700 32 44.425365958 23.746069116
2712 32 44.391100346 23.746069116
2724 32 44.391100346 23.746069116
2736 32 44.391100346 23.746069116
2748 32 44.356834734 23.746069116
2760 32 44.356834734 23.780334728
2772 32 44.356834734 23.780334728
2784 32 44.322569122000004 23.780334728
2796 32 44.322569122000004 23.780334728
2808 32 44.322569122000004 23.780334728
2820 32 44.322569122000004 23.797467534
2832 32 44.322569122000004 23.797467534
2844 32 44.321541153640005 23.795754253400002
2856 32 44.31845724856 23.78992909936
2868 32 44.31537334348 23.78444660144
2736 11 42.180968372 11.513245632
2748 11 42.180968372 11.187722318
2760 11 42.180968372 10.87933181
2772 11 42.180968372 10.553808496
2784 11 42.180968372 10.228285182
2796 11 42.318030820000004 9.817097838
2808 11 42.455093268 9.371644882
2820 11 42.506491686000004 8.891926314
2832 11 42.506491686000004 8.412207746
2844 11 42.557890104 8.05241882
2856 11 42.557890104 7.829692342
2868 11 42.557890104 7.555567446
2880 11 42.506491686000004 7.298575356000001
2892 11 42.455093268 6.973052042
2904 11 42.386562044 6.544731892
2916 11 42.386562044 6.013614906
2928 11 42.318030820000004 5.636693174
2940 11 42.318030820000004 5.328302666
2952 11 42.318030820000004 5.002779352
2964 11 42.318030820000004 4.677256038
2880 33 44.3122894384 23.778621447400003
2892 33 44.30920553332 23.77313894948
2904 33 44.30612162824 23.76765645156
2916 33 44.302695067040005 23.76183129752
2928 33 44.29961116196 23.756348799599998
2940 33 44.296527256880005 23.75086630168
2952 33 44.29344335180001 23.745041147640002
2964 33 44.29035944672 23.73955864972
2976 33 44.28727554164 23.7340761518
2988 33 44.28419163656 23.72825099776
3000 33 44.28110773148 23.72276849984
3012 33 44.2780238264 23.7169433458
3024 33 44.27493992132 23.71146084788
3036 33 44.27185601624 23.705978349960002
3048 33 44.26842945504001 23.70015319592
3060 33 44.265345549959996 23.694670698
3072 33 44.26226164488 23.68918820008
3084 33 44.2591777398 23.68336304604
3096 33 44.25609383472 23.67788054812
3108 33 44.25300992964 23.6723980502
3000 15 30.582058710000002 17.338399672
3012 15 30.582058710000002 17.338399672
3024 15 30.582058710000002 17.338399672
3036 15 30.582058710000002 17.338399672
3048 15 30.582058710000002 17.338399672
3060 15 30.582058710000002 17.338399672
3072 15 30.582058710000002 17.338399672
3084 15 30.582058710000002 17.338399672
3096 15 30.582058710000002 17.338399672
3108 15 30.582058710000002 17.338399672
3120 15 30.582058710000002 17.338399672
3132 15 30.582058710000002 17.338399672
3144 15 30.582058710000002 17.338399672
3156 15 30.582058710000002 17.338399672
3168 15 30.582058710000002 17.338399672
3180 15 30.582058710000002 17.338399672
3192 15 30.582058710000002 17.338399672
3204 15 30.582058710000002 17.338399672
3216 15 30.582058710000002 17.338399672
3228 15 30.582058710000002 17.338399672
3120 34 44.249926024560004 23.666572896159998
3132 34 44.24684211948 23.66109039824
3144 34 44.2437582144 23.655265244200002
3156 34 44.24067430932 23.649782746280003
3168 34 44.23759040424 23.64430024836
3180 34 44.168373868 23.591873862
3192 34 44.099842644 23.523342638
3204 34 44.03131142 23.523342638
3216 34 44.03131142 23.47194422
3228 34 43.979913002 23.420545802
3240 34 43.928514584 23.420545802
3252 34 43.85998336 23.369147384
3264 34 43.85998336 23.317748966
3276 34 43.791452136000004 23.317748966
3288 34 43.551592852 23.21495213
3300 34 43.277467956 23.04362407
3312 34 42.969077448 22.78663198
3324 34 42.729218164 22.409710248
3336 34 42.420827656 22.152718158
3348 34 42.043905924 21.775796426
3240 16 30.582058710000002 17.338399672
3252 16 30.582058710000002 17.338399672
3264 16 30.582058710000002 17.338399672
3276 16 30.582058710000002 17.338399672
3288 16 30.582058710000002 17.338399672
3300 16 30.582058710000002 17.338399672
3312 16 30.582058710000002 17.338399672
3324 16 30.582058710000002 17.338399672
3336 16 30.582058710000002 17.338399672
3348 16 30.582058710000002 17.338399672
3360 16 30.582058710000002 17.338399672
3372 16 30.582058710000002 17.338399672
3384 16 30.582058710000002 17.338399672
3396 16 30.582058710000002 17.338399672
3408 16 30.582058710000002 17.338399672
3420 16 30.582058710000002 17.338399672
3432 16 30.582058710000002 17.338399672
3444 16 30.582058710000002 17.338399672
3456 16 30.582058710000002 17.338399672
3468 16 30.582058710000002 17.338399672
3360 35 41.80404664 21.398874694
3372 35 41.529921744 21.073351380000002
3384 35 41.29006246 20.747828066
3396 35 41.050203176000004 20.370906334
3408 35 40.77607828 20.062515826000002
3420 35 40.536218996 19.736992512
3432 35 40.673281444000004 19.10307869
3444 35 40.673281444000004 18.828953794
3456 35 40.673281444000004 18.520563286
3468 35 40.673281444000004 17.972313494
3480 35 40.60475022 17.595391762000002
3492 35 40.673281444000004 17.184204418
3504 35 40.673281444000004 16.584556208000002
3516 35 40.758945474 16.10483764
3528 35 40.827476698 15.642251878
3540 35 40.878875116 15.16253331
3552 35 40.998804758 14.956939638
3564 35 41.135867206 14.785611578000001
3576 35 41.255796848 14.442955458
3588 35 41.581320162000004 13.997502502
3480 17 30.582058710000002 17.338399672
3492 17 30.582058710000002 17.338399672
3504 17 30.582058710000002 17.287001254
3516 17 30.582058710000002 17.287001254
3528 17 30.582058710000002 17.287001254
3540 17 30.582058710000002 17.287001254
3552 17 30.582058710000002 17.287001254
3564 17 30.582058710000002 17.287001254
3576 17 30.582058710000002 17.287001254
3588 17 30.582058710000002 17.287001254
3600 17 30.582058710000002 17.252735642
3612 17 30.582058710000002 17.252735642
3624 17 30.582058710000002 17.252735642
3636 17 30.582058710000002 17.252735642
3648 17 30.582058710000002 17.252735642
3660 17 30.582058710000002 17.252735642
3672 17 30.582058710000002 17.252735642
3684 17 30.616324322 17.201337224
3696 17 30.616324322 17.201337224
3708 17 30.616324322 17.201337224
3576 26 22.084186934 24.996763954000002
3588 26 22.032788516 24.996763954000002
3600 26 21.964257292 25.048162372
3612 26 22.221249382 24.791170282
3624 26 22.529639890000002 24.568443804
3636 26 22.838030398 24.311451714
3648 26 23.21495213 24.037326818
3660 26 23.660405086 23.763201922
3672 26 23.900264370000002 23.55760825
3684 26 24.15725646 23.352014578000002
3696 26 24.465646968 23.1292881
3708 26 24.791170282 22.923694428
3720 26 25.09956079 22.70096795
3732 26 25.407951298 22.495374278
3744 26 25.716341806 22.2726478
3756 26 26.04186512 22.01565571
3768 26 26.418786852 21.84432765
3780 26 26.795708584 21.741530814
3792 26 27.172630316 21.58733556
3804 26 27.4124896 21.4160075
3600 36 41.88971067 13.79190883
3612 36 42.266632402 13.517783934
3624 36 42.57502291 13.209393426
3636 36 42.814882194 12.969534142
3648 36 43.020475866 12.76394047
3660 36 43.191803926 12.455549962000001
3672 36 43.397397598 12.147159454
3684 36 43.500194434 11.39331599
3696 36 43.637256882 11.016394258
3708 36 43.757186524 11.016394258
3720 36 43.825717748 10.536675690000001
3732 36 43.825717748 9.885629062
3744 36 43.602991270000004 9.268848046
3756 36 43.483061628 8.960457538
3768 36 43.483061628 8.686332642
3780 36 43.483061628 8.30941091
3792 36 43.414530404000004 7.88109076
3804 36 43.294600762 7.521301834
3816 36 42.91767903 7.19577852
3828 36 42.540757298 6.870255206
3696 38 40.913140728 0.291257702
3708 38 41.341460878 0.308390508
3720 38 41.598452968000004 0.308390508
3732 38 41.855445058 0.308390508
3744 38 42.163835566 0.548249792
3756 38 42.369429238 0.839507494
3768 38 42.506491686000004 1.147898002
3780 38 42.694952552000004 1.422022898
3792 38 42.814882194 1.730413406
3804 38 43.071874284 2.107335138
3816 38 43.448796016 2.2786631980000003
3828 38 43.705788106 2.5527880940000003
3840 38 43.911381778 2.8269129900000003
3852 38 44.048444226 3.066772274
3864 38 44.20263948 3.3066315580000003
3876 38 44.356834734 3.546490842
3888 38 44.511029988000004 3.7863501260000003
3900 38 44.579561212 4.163271858
3912 38 44.613826824 4.505927978
3924 38 44.613826824 4.848584098
3720 18 30.616324322 17.201337224
3732 18 30.616324322 17.201337224
3744 18 30.616324322 17.201337224
3756 18 30.616324322 17.201337224
3768 18 30.650589934 17.167071612
3780 18 30.650589934 17.167071612
3792 18 30.650589934 17.167071612
3804 18 30.650589934 17.167071612
3816 18 30.650589934 17.167071612
3828 18 30.650589934 17.167071612
3840 18 30.650589934 17.167071612
3852 18 30.650589934 17.167071612
3864 18 30.684855546 17.132806000000002
3876 18 30.684855546 17.132806000000002
3888 18 30.684855546 17.132806000000002
3900 18 30.684855546 17.132806000000002
3912 18 30.684855546 17.132806000000002
3924 18 30.684855546 17.132806000000002
3936 18 30.684855546 17.132806000000002
3948 18 30.684855546 17.098540388
3816 27 27.600950466 21.261812246
3828 27 27.857942556 21.107616992
3840 27 28.166333064 20.936288932
3852 27 28.543254796 20.73069526
3864 27 28.920176528 20.507968782
3876 27 29.297098260000002 20.30237511
3888 27 29.674019992 20.028250214
3900 27 29.9824105 19.874054960000002
3912 27 30.290801008000003 19.668461288
3924 27 30.616324322 19.44573481
3936 27 30.92471483 19.342937974
3948 27 31.233105338 19.120211496
3960 27 31.541495846 18.914617824
3972 27 31.798487936 18.640492928
3984 27 32.175409668 18.640492928
3996 27 32.432401758 18.383500838
4008 27 32.672261042 18.109375942
4020 27 32.997784356000004 17.955180688
4032 27 33.306174864 17.766719822
4044 27 33.58029976 17.595391762000002
3840 37 42.163835566 6.76745837
3852 37 41.855445058 6.716059952
3864 37 41.54705455 6.716059952
3876 37 41.170132818 6.664661534
3888 37 40.844609504000005 6.51046628
3900 37 40.501953384000004 6.407669444
3912 37 40.193562876 6.304872608
3924 37 39.885172368 6.202075772000001
3936 37 39.559649054 6.150677354
3948 37 39.31978977 6.202075772000001
3960 37 39.131328904 6.270606996
3972 37 39.06279768 6.270606996
3984 37 38.942868038 6.150677354
3996 37 38.874336814 6.099278936
4008 37 39.011399262 6.202075772000001
4020 37 39.06279768 6.270606996
4032 37 39.06279768 6.270606996
4044 37 39.06279768 6.270606996
4056 37 39.06279768 6.270606996
4068 37 39.06279768 6.270606996
3936 39 44.648092436 5.156974606
3948 39 44.682358048 5.48249792
3960 39 44.699490854000004 5.808021234
3972 39 44.733756466 6.150677354
3984 39 44.699490854000004 6.390536638
3996 39 44.682358048 6.647528728
4008 39 44.613826824 6.973052042
4020 39 44.579561212 7.298575356000001
4032 39 44.476764376 7.62409867
4044 39 44.476764376 7.898223566
4056 39 44.476764376 8.155215656
4068 39 44.476764376 8.412207746
4080 39 44.476764376 8.686332642
4092 39 44.476764376 8.99472315
4104 39 44.476764376 9.371644882
4116 39 44.425365958 9.714301002000001
4128 39 44.356834734 10.02269151
4140 39 44.356834734 10.331082018
4152 39 44.356834734 10.673738138000001
4164 39 44.356834734 10.982128646
5496 3 30.736253964 17.167071612
5508 3 30.736253964 17.167071612
5520 3 30.736253964 17.167071612
5532 3 30.736253964 17.167071612
5544 3 30.736253964 17.167071612
5556 3 30.736253964 17.167071612
5568 3 30.736253964 17.167071612
5580 3 30.736253964 17.167071612
5592 3 30.736253964 17.167071612
5604 3 30.736253964 17.167071612
5616 3 30.736253964 17.167071612
5628 3 30.736253964 17.167071612
5640 3 30.736253964 17.167071612
5652 3 30.736253964 17.167071612
5664 3 30.736253964 17.167071612
5676 3 30.736253964 17.167071612
5688 3 30.736253964 17.167071612
5700 3 30.736253964 17.167071612
5712 3 30.736253964 17.167071612
5724 3 30.736253964 17.167071612
5592 1 44.391100346 13.843307248
5604 1 44.425365958 13.53491674
5616 1 44.219772286 13.123729396
5628 1 44.082709838 12.712542052
5640 1 44.014178614 12.524081186
5652 1 43.894248972 11.941565782
5664 1 43.757186524 11.359050378000001
5676 1 43.637256882 10.810800586000001
5688 1 43.568725658 10.553808496
5700 1 43.500194434 10.262550794000001
5712 1 43.448796016 9.834230644
5724 1 43.397397598 9.405910494
5736 1 43.071874284 8.926191926
5748 1 42.814882194 8.669199836
5760 1 42.609288522 8.412207746
5772 1 42.352296432 8.155215656
5784 1 42.129569954000004 7.898223566
5796 1 41.88971067 7.62409867
5808 1 41.63271858 7.384239386
5820 1 41.409992102000004 7.144380102
5736 4 30.736253964 17.167071612
5748 4 30.736253964 17.167071612
5760 4 30.736253964 17.167071612
5772 4 30.736253964 17.167071612
5784 4 30.736253964 17.167071612
5796 4 30.736253964 17.167071612
5808 4 30.736253964 17.167071612
5820 4 30.736253964 17.167071612
5832 4 30.736253964 17.167071612
5844 4 30.736253964 17.167071612
5856 4 30.736253964 17.167071612
5868 4 30.736253964 17.167071612
5880 4 30.736253964 17.167071612
5892 4 30.736253964 17.167071612
5904 4 30.736253964 17.167071612
5916 4 30.736253964 17.167071612
5928 4 30.736253964 17.167071612
5940 4 30.736253964 17.167071612
5952 4 30.736253964 17.167071612
5964 4 30.736253964 17.167071612
5976 5 30.736253964 17.167071612
5988 5 30.736253964 17.167071612
6000 5 30.736253964 17.167071612
6012 5 30.667722740000002 17.149938806
6024 5 30.667722740000002 17.149938806
6036 5 30.667722740000002 17.149938806
6048 5 30.667722740000002 17.149938806
6060 5 30.667722740000002 17.149938806
6072 5 30.667722740000002 17.149938806
6084 5 30.667722740000002 17.149938806
6096 5 30.667722740000002 17.149938806
6108 5 30.667722740000002 17.149938806
6120 5 30.667722740000002 17.149938806
6132 5 30.667722740000002 17.149938806
6144 5 30.667722740000002 17.149938806
6156 5 30.667722740000002 17.149938806
6168 5 30.667722740000002 17.149938806
6180 5 30.667722740000002 17.149938806
6192 5 30.667722740000002 17.149938806
6204 5 30.667722740000002 17.149938806
6216 6 30.667722740000002 17.149938806
6228 6 30.667722740000002 17.149938806
6240 6 30.667722740000002 17.149938806
6252 6 30.667722740000002 17.149938806
6264 6 30.667722740000002 17.149938806
6276 6 30.616324322 17.115673194
6288 6 30.616324322 17.115673194
6300 6 30.616324322 17.115673194
6312 6 30.616324322 17.115673194
6324 6 30.616324322 17.115673194
6336 6 30.616324322 17.115673194
6348 6 30.616324322 17.115673194
6360 6 30.616324322 17.115673194
6372 6 30.616324322 17.115673194
6384 6 30.616324322 17.115673194
6396 6 30.616324322 17.115673194
6408 6 30.616324322 17.115673194
6420 6 30.616324322 17.115673194
6432 6 30.616324322 17.115673194
6444 6 30.616324322 17.115673194
6816 13 0.531116986 22.855163204
6828 13 0.616781016 22.923694428
6840 13 0.8566403 22.855163204
6852 13 1.045101166 22.752366368
6864 13 1.610483764 22.546772696
6876 13 1.987405496 22.546772696
6888 13 2.364327228 22.443975860000002
6900 13 2.809780184 22.375444636
6912 13 3.2381003340000003 22.2726478
6924 13 3.666420484 22.238382188
6936 13 4.11187344 22.10131974
6948 13 4.557326396000001 21.998522904
6960 13 5.002779352 21.964257292
6972 13 5.379701084000001 21.861460456
6984 13 5.808021234 21.792929232
6996 13 6.236341384 21.690132396
7008 13 6.716059952 21.604468366
7020 13 7.178645714 21.518804336000002
7032 13 7.692629894 21.450273112
7044 13 8.155215656 21.347476276000002
7056 14 8.634934224 21.261812246
7068 14 9.08038718 21.176148216
7080 14 9.560105748 21.090484186
7092 14 10.005558704 21.056218574
7104 14 10.262550794000001 21.159015410000002
7116 14 10.433878854 21.33034347
7128 14 10.810800586000001 21.261812246
7140 14 11.187722318 21.090484186
7152 14 11.496112826000001 21.159015410000002
7164 14 11.873034558 21.261812246
7176 14 12.24995629 21.364609082
7188 14 12.626878022 21.433140306000002
7200 14 13.003799754000001 21.467405918
7212 14 13.44925271 21.535937142
7224 14 13.894705666 21.570202754
7236 14 14.374424234000001 21.570202754
7248 14 14.888408414 21.467405918
7260 14 15.453791012 21.398874694
7272 14 15.50518943 21.296077858
7284 14 15.573720654 21.176148216
7308 40 30.582058710000002 17.235602836
7320 40 30.770519576 17.132806000000002
7332 40 30.513527486 17.064274776
7344 40 30.513527486 17.287001254
7356 40 30.582058710000002 17.492594926
7368 40 30.582058710000002 17.715321404
7380 40 30.513527486 17.920915076
7392 40 30.32506662 18.195039972
7404 40 30.205136978000002 18.400633644
7416 40 30.016676112 18.67475854
7428 40 29.89674647 18.948883436
7440 40 29.759684022000002 19.308672362
7452 40 29.605488768 19.685594094
7464 40 29.451293514 20.113914244
7476 40 29.297098260000002 20.490835976
7488 40 29.417027902 20.764960872
7500 40 29.674019992 20.919156126
7512 40 29.862480858 21.056218574
7524 40 30.050941724 21.193281022
7536 40 30.23940259 21.33034347
7548 41 30.513527486 21.553069948
7560 41 30.770519576 21.810062038
7572 41 31.078910084 22.049921322
7584 41 31.26737095 22.255514994000002
7596 41 31.421566204 22.35831183
7608 41 31.301636562000002 22.632436726
7620 41 31.113175696 23.009358458
7632 41 30.92471483 23.317748966
7644 41 30.667722740000002 23.523342638
7656 41 30.427863456 23.694670698
7668 41 30.170871366 23.797467534
7680 41 29.9824105 23.900264370000002
7692 41 29.793949634 23.968795594
7704 41 29.793949634 23.968795594
7716 41 29.72541841 23.968795594
7728 41 29.72541841 24.003061206
7740 41 29.72541841 24.003061206
7752 41 29.72541841 24.003061206
7764 41 29.72541841 24.003061206
7776 41 29.72541841 24.003061206
7788 42 29.72541841 24.003061206
7800 42 29.72541841 24.003061206
7812 42 29.72541841 24.003061206
7824 42 29.72541841 24.003061206
7836 42 29.72541841 24.003061206
7848 42 29.72541841 24.003061206
7860 42 29.72541841 24.003061206
7872 42 29.72541841 24.003061206
7884 42 29.72541841 24.003061206
7896 42 29.72541841 24.003061206
7908 42 29.72541841 24.003061206
7920 42 29.72541841 24.003061206
7932 42 29.72541841 24.003061206
7944 42 29.72541841 24.003061206
7956 42 29.72541841 24.003061206
7968 42 29.72541841 24.003061206
7980 42 29.72541841 24.003061206
7992 42 29.72541841 24.003061206
8004 42 29.72541841 23.968795594
8016 42 29.72541841 23.968795594
8028 43 29.72541841 23.968795594
8040 43 29.72541841 23.968795594
8052 43 29.759684022000002 23.968795594
8064 43 29.759684022000002 23.968795594
8076 43 29.759684022000002 23.934529982
8088 43 29.793949634 23.934529982
8100 43 29.793949634 23.934529982
8112 43 29.793949634 23.934529982
8124 43 29.81108244 23.934529982
8136 43 29.81108244 23.900264370000002
8148 43 29.81108244 23.900264370000002
8160 43 29.81108244 23.900264370000002
8172 43 29.879613664 23.900264370000002
8184 43 29.879613664 23.900264370000002
8196 43 29.879613664 23.883131564
8208 43 29.913879276 23.883131564
8220 43 29.913879276 23.883131564
8232 43 29.913879276 23.883131564
8244 43 29.948144888 23.883131564
8256 43 29.948144888 23.883131564
8268 44 29.948144888 23.848865952
8280 44 29.948144888 23.848865952
8292 44 29.9824105 23.848865952
8304 44 29.9824105 23.848865952
8316 44 29.9824105 23.848865952
8328 44 29.913879276 23.797467534
8340 44 29.793949634 23.797467534
8352 44 29.72541841 23.797467534
8364 44 29.674019992 23.797467534
8376 44 29.674019992 23.797467534
8388 44 29.605488768 23.848865952
8400 44 29.605488768 23.848865952
8412 44 29.536957544 23.848865952
8424 44 29.536957544 23.900264370000002
8436 44 29.485559126000002 23.900264370000002
8448 44 29.485559126000002 23.951662788
8460 44 29.485559126000002 23.746069116
8472 44 29.485559126000002 23.523342638
8484 44 29.485559126000002 23.317748966
8496 44 29.485559126000002 23.112155294
8496 22 3.049639468 19.839789348
8508 22 3.049639468 19.497133228
8520 22 3.049639468 19.497133228
8532 22 3.049639468 19.44573481
8544 22 3.049639468 19.44573481
8556 22 3.049639468 19.394336392
8568 22 3.049639468 19.394336392
8580 22 3.049639468 19.342937974
8592 22 3.049639468 19.342937974
8604 22 2.99824105 19.342937974
8616 22 2.99824105 19.342937974
8628 22 2.929709826 19.342937974
8640 22 2.929709826 19.342937974
8652 22 2.929709826 19.394336392
8664 22 2.99824105 19.44573481
8676 22 3.049639468 19.497133228
8688 22 3.049639468 19.497133228
8700 22 3.049639468 19.44573481
8712 22 3.049639468 19.44573481
8724 22 3.049639468 19.394336392
8496 24 4.214670276 20.199578274
8508 24 4.214670276 20.199578274
8520 24 4.214670276 20.199578274
8532 24 4.214670276 20.199578274
8544 24 4.214670276 20.199578274
8556 24 4.214670276 20.199578274
8568 24 4.214670276 20.199578274
8580 24 4.214670276 20.199578274
8592 24 4.214670276 20.199578274
8604 24 4.214670276 20.199578274
8616 24 4.214670276 20.199578274
8628 24 4.214670276 20.199578274
8640 24 4.214670276 20.199578274
8652 24 4.214670276 20.199578274
8664 24 4.214670276 20.199578274
8676 24 4.214670276 20.199578274
8688 24 4.214670276 20.199578274
8700 24 4.214670276 20.199578274
8712 24 4.214670276 20.199578274
8724 24 4.214670276 20.199578274
8508 45 29.55409035 23.009358458
8520 45 29.588355962 22.838030398
8532 45 29.588355962 22.683835144
8544 45 29.588355962 22.461108666
8556 45 29.588355962 22.255514994000002
8568 45 29.588355962 22.032788516
8580 45 29.691152798 21.827194844
8592 45 29.759684022000002 21.553069948
8604 45 29.89674647 21.296077858
8616 45 29.965277694 21.021952962
8628 45 30.06807453 20.81635929
8640 45 30.205136978000002 20.64503123
8652 45 30.273668202 20.439437558
8664 45 30.376465038 20.21671108
8676 45 30.444996262 20.011117408
8688 45 30.513527486 19.736992512
8700 45 30.701988352 19.53139884
8712 45 30.890449218 19.257273944
8724 45 31.078910084 19.051680272
8736 45 31.078910084 19.000281854
8520 21 44.5452956 6.339138220000001
8532 21 44.5452956 5.82515404
8544 21 44.28830351 6.099278936
8556 21 43.979913002 6.150677354
8568 21 43.671522494 6.150677354
8580 21 43.414530404000004 6.150677354
8592 21 42.91767903 6.150677354
8604 21 42.472226074 6.150677354
8616 21 42.23236679 6.304872608
8628 21 41.906843476 6.150677354
8640 21 41.598452968000004 6.270606996
8652 21 41.221531236000004 6.373403832
8664 21 40.793211086 6.407669444
8676 21 40.536218996 6.304872608
8688 21 40.159297264 6.304872608
8700 21 39.902305174 6.304872608
8712 21 39.730977114 6.304872608
8724 21 39.405453800000004 6.304872608
8736 21 39.354055382 6.304872608
8748 21 39.285524158 6.304872608
8736 23 3.049639468 19.394336392
8748 23 3.049639468 19.342937974
8760 23 3.049639468 19.342937974
8772 23 2.99824105 19.342937974
8784 23 2.99824105 19.342937974
8796 23 2.99824105 19.394336392
8808 23 2.99824105 19.394336392
8820 23 2.99824105 19.394336392
8832 23 2.99824105 19.44573481
8844 23 2.99824105 19.44573481
8856 23 2.99824105 19.44573481
8868 23 2.99824105 19.394336392
8880 23 2.99824105 19.394336392
8892 23 2.99824105 19.342937974
8904 23 2.99824105 19.291539556
8916 23 2.99824105 19.223008332
8928 23 2.99824105 19.223008332
8940 23 2.99824105 19.223008332
8952 23 2.99824105 19.223008332
8964 23 2.99824105 19.223008332
8736 25 4.214670276 20.199578274
8748 25 4.214670276 20.199578274
8760 25 4.214670276 20.199578274
8772 25 4.214670276 20.199578274
8784 25 4.214670276 20.199578274
8796 25 4.214670276 20.199578274
8808 25 4.214670276 20.199578274
8820 25 4.214670276 20.199578274
8832 25 4.214670276 20.199578274
8844 25 4.214670276 20.199578274
8856 25 4.214670276 20.199578274
8868 25 4.214670276 20.199578274
8880 25 4.214670276 20.199578274
8892 25 4.214670276 20.199578274
8904 25 4.214670276 20.199578274
8916 25 4.214670276 20.199578274
8928 25 4.214670276 20.199578274
8940 25 4.214670276 20.199578274
8952 25 4.214670276 20.199578274
8964 25 4.214670276 20.199578274
8748 46 31.078910084 19.000281854
8760 46 31.027511666000002 18.93175063
8772 46 31.027511666000002 18.880352212000002
8784 46 31.027511666000002 18.880352212000002
8796 46 31.027511666000002 18.828953794
8808 46 31.027511666000002 18.828953794
8820 46 31.027511666000002 18.777555376000002
8832 46 31.027511666000002 18.726156958
8844 46 31.130308502000002 18.623360122
8856 46 31.26737095 18.520563286
8868 46 31.404433398000002 18.400633644
8880 46 31.575761458000002 18.195039972
8892 46 31.78135513 17.972313494
8904 46 31.884151966 17.81811824
8916 46 31.884151966 17.715321404
8928 46 31.575761458000002 17.492594926
8940 46 31.712823906 17.441196508
8952 46 31.644292682 17.338399672
8964 46 31.652516428880002 17.341483577079998
8976 46 31.67239048384 17.34902201172
8988 47 31.6922645388 17.35656044636
9000 47 31.712138593760002 17.364098881
9012 47 31.7316699926 17.37163731564
9024 47 31.75154404756 17.37917575028
9036 47 31.771418102520002 17.386714184920002
9048 47 31.79129215748 17.39425261956
9060 47 31.81116621244 17.4017910542
9072 47 31.83069761128 17.40898683272
9084 47 31.85057166624 17.41652526736
9096 47 31.870445721200003 17.424063702
9108 47 31.89031977616 17.431602136640002
9120 47 31.91019383112 17.43914057128
9132 47 31.929725229960003 17.44667900592
9144 47 31.94959928492 17.45421744056
9156 47 31.96947333988 17.4617558752
9168 47 31.989347394840003 17.46929430984
9180 47 32.0092214498 17.476832744480003
9192 47 32.02875284864 17.48437117912
9204 47 32.0486269036 17.49190961376
9216 47 32.06850095856 17.4994480484
9012 50 25.270888850000002 17.406930896
9024 50 25.270888850000002 17.47546212
9036 50 25.339420074 17.783852628
9048 50 25.339420074 18.109375942
9060 50 25.339420074 18.434899256
9072 50 25.168092014 18.537696092
9084 50 25.031029566 18.640492928
9096 50 24.911099924000002 18.743289764
9108 50 24.791170282 18.914617824
9120 50 24.654107834 19.01741466
9132 50 24.534178192 19.120211496
9144 50 24.41424855 19.223008332
9156 50 24.345717326 19.325805168000002
9168 50 24.345717326 19.44573481
9180 50 24.41424855 19.497133228
9192 50 24.41424855 19.565664452
9204 50 24.41424855 19.565664452
9216 50 24.41424855 19.565664452
9228 50 24.41424855 19.497133228
9240 50 24.41424855 19.497133228
9228 48 32.08837501352 17.506986483040002
9240 48 32.10824906848 17.514182261560002
9252 48 32.12778046732 17.521720696200003
9264 48 32.089745638000004 17.526860538
9276 48 31.884151966 17.698188598
9288 48 31.764222324000002 17.81811824
9300 48 31.61002707 17.972313494
9312 48 31.421566204 18.143641554000002
9324 48 31.301636562000002 18.24643839
9336 48 31.113175696 18.349235226
9348 48 30.92471483 18.452032062
9360 48 30.787652382 18.623360122
9372 48 30.462129068 18.880352212000002
9384 48 30.256535396 19.10307869
9396 48 30.256535396 19.154477108000002
9408 48 30.136605754 19.308672362
9420 48 29.879613664 19.480000422
9432 48 29.63975438 19.685594094
9444 48 29.382762290000002 19.856922154
9456 48 29.142903006 20.062515826000002
9252 51 24.41424855 19.497133228
9264 51 24.345717326 19.44573481
9276 51 24.345717326 19.44573481
9288 51 24.345717326 19.44573481
9300 51 24.345717326 19.394336392
9312 51 24.345717326 19.394336392
9324 51 24.345717326 19.394336392
9336 51 24.277186102 19.325805168000002
9348 51 24.15725646 19.291539556
9360 51 24.105858042 19.223008332
9372 51 24.037326818 19.18874272
9384 51 23.900264370000002 19.120211496
9396 51 23.968795594 19.120211496
9408 51 23.831733146 19.223008332
9420 51 23.660405086 19.44573481
9432 51 23.591873862 19.291539556
9444 51 23.591873862 19.18874272
9456 51 23.454811414 19.120211496
9468 51 23.352014578000002 19.223008332
9480 51 23.21495213 19.291539556
9384 19 20.662164036 19.788390930000002
9396 19 20.38803914 19.788390930000002
9408 19 20.148179856 19.788390930000002
9420 19 19.908320572 19.788390930000002
9432 19 19.462867616 19.788390930000002
9444 19 19.01741466 19.788390930000002
9456 19 18.640492928 19.856922154
9468 19 18.195039972 19.856922154
9480 19 17.783852628 19.891187766
9492 19 17.338399672 19.891187766
9504 19 16.892946716 19.95971899
9516 19 16.413228148 20.096781438
9528 19 15.984907998 20.21671108
9540 19 15.50518943 20.38803914
9552 19 15.059736474000001 20.525101588000002
9564 19 14.580017906 20.627898424
9576 19 14.100299338000001 20.764960872
9588 19 13.671979188 20.884890514000002
9600 19 13.295057456 20.953421738
9612 19 12.986666948 20.953421738
9468 49 28.885910916 20.21671108
9480 49 28.646051632000002 20.439437558
9492 49 28.389059542000002 20.593632812
9504 49 28.166333064 20.81635929
9516 49 27.960739392 21.056218574
9528 49 27.720880108 21.296077858
9540 49 27.532419242 21.518804336000002
9552 49 27.32682557 21.741530814
9564 49 27.104099092000002 21.998522904
9576 49 26.915638226000002 22.255514994000002
9588 49 26.692911748 22.495374278
9600 49 26.504450882 22.649569532
9612 49 26.38452124 22.87229601
9624 49 26.196060374 23.026491264
9636 49 26.007599508000002 23.249217742
9648 49 25.887669866 23.38628019
9660 49 25.682076194 23.609006668
9672 49 25.510748134 23.763201922
9684 49 25.44221691 23.934529982
9696 49 25.44221691 23.934529982
9492 52 23.146420906 19.394336392
9504 52 23.146420906 19.325805168000002
9516 52 23.21495213 19.325805168000002
9528 52 23.249217742 19.308672362
9540 52 23.30061616 19.291539556
9552 52 23.334881772 19.257273944
9564 52 23.403412996 19.223008332
9576 52 23.47194422 19.205875526
9588 52 23.489077026 19.205875526
9600 52 23.55760825 19.205875526
9612 52 23.626139474000002 19.205875526
9624 52 23.626139474000002 19.205875526
9636 52 23.694670698 19.205875526
9648 52 23.694670698 19.205875526
9660 52 23.763201922 19.257273944
9672 52 23.797467534 19.257273944
9684 52 23.797467534 19.257273944
9696 52 23.865998758 19.257273944
9708 52 23.865998758 19.257273944
9720 52 23.934529982 19.257273944
9576 12 42.883413418 0.59964821
9588 12 43.140405508 0.651046628
9600 12 43.191803926 1.02796836
9612 12 43.328866374 1.336358868
9624 12 43.448796016 1.7132806
9636 12 43.448796016 2.038803914
9648 12 43.448796016 2.39859284
9660 12 43.448796016 2.775514572
9672 12 43.448796016 3.152436304
9684 12 43.448796016 3.59788926
9696 12 43.448796016 3.974810992
9708 12 43.448796016 4.385998336
9720 12 43.448796016 4.814318486
9732 12 43.448796016 5.242638636000001
9744 12 43.51732724 5.722357204
9756 12 43.568725658 6.202075772000001
9768 12 43.568725658 6.630395922
9780 12 43.637256882 7.007317654
9792 12 43.757186524 7.264309744
9804 12 43.825717748 7.53843464
9624 20 12.609745216 20.98768735
9636 20 12.301354708 20.98768735
9648 20 11.924432976 20.98768735
9660 20 11.855901752000001 20.98768735
9672 20 11.787370528 20.98768735
9684 20 11.667440886 20.953421738
9696 20 11.598909662 20.953421738
9708 20 11.547511244 20.953421738
9720 20 11.47898002 20.884890514000002
9732 20 11.410448796 20.884890514000002
9744 20 11.341917572 20.884890514000002
9756 20 11.170589512 20.884890514000002
9768 20 10.913597422 20.884890514000002
9780 20 10.656605332 20.953421738
9792 20 10.416746048 20.953421738
9804 20 10.159753958 20.98768735
9816 20 9.851363450000001 20.98768735
9828 20 9.59437136 20.98768735
9840 20 9.354512076 21.056218574
9852 20 9.097519986 21.056218574