0 -1 23.843720 39.656750 BALL
0 708 16.339130 27.258320 PLAYER
0 2755 22.453220 40.688900 PLAYER
0 201937 30.742400 45.091640 PLAYER
0 203952 36.374890 7.483810 PLAYER
0 1626157 10.276750 18.596550 PLAYER
0 2594 51.887580 19.335270 PLAYER
0 200794 12.747850 21.719400 PLAYER
0 201143 24.110680 29.721570 PLAYER
0 200757 17.264740 33.181910 PLAYER
0 201952 49.419410 31.477430 PLAYER
12 -1 25.442980 39.690970 BALL
12 708 17.704460 27.323870 PLAYER
12 2755 24.562810 41.101910 PLAYER
12 201937 32.691420 45.566140 PLAYER
12 203952 38.096530 7.300330 PLAYER
12 1626157 11.386240 18.245590 PLAYER
12 2594 53.242980 19.559300 PLAYER
12 200794 14.153150 21.776750 PLAYER
12 201143 25.987410 29.753600 PLAYER
12 200757 19.123340 33.214010 PLAYER
12 201952 50.661250 31.825490 PLAYER
24 -1 27.648920 40.084940 BALL
24 708 19.160670 27.420790 PLAYER
24 2755 26.613680 41.490810 PLAYER
24 201937 34.680410 45.977590 PLAYER
24 203952 39.888560 7.107620 PLAYER
24 1626157 12.529250 17.889790 PLAYER
24 2594 54.634730 19.813760 PLAYER
24 200794 15.646830 21.767400 PLAYER
24 201143 27.946090 29.773370 PLAYER
24 200757 21.052240 33.098710 PLAYER
24 201952 51.919470 32.160480 PLAYER
36 -1 30.628840 40.700840 BALL
36 708 20.703400 27.564750 PLAYER
36 2755 28.616860 41.878230 PLAYER
36 201937 36.663970 46.353320 PLAYER
36 203952 41.777070 6.943390 PLAYER
36 1626157 13.754530 17.506290 PLAYER
36 2594 56.032950 20.140020 PLAYER
36 200794 17.206010 21.776350 PLAYER
36 201143 29.957050 29.772950 PLAYER
36 200757 23.164300 32.901110 PLAYER
36 201952 53.208590 32.505850 PLAYER
48 -1 32.328480 41.048450 BALL
48 708 22.346540 27.722740 PLAYER
48 2755 30.778820 42.155460 PLAYER
48 201937 38.660300 46.693310 PLAYER
48 203952 43.715050 6.808920 PLAYER
48 1626157 15.076420 17.141030 PLAYER
48 2594 57.449910 20.378290 PLAYER
48 200794 18.847280 21.785540 PLAYER
48 201143 31.958290 29.745360 PLAYER
48 200757 25.204050 32.725160 PLAYER
48 201952 54.513890 32.865420 PLAYER
60 -1 36.114980 42.284130 BALL
60 708 23.955760 27.871210 PLAYER
60 2755 32.907490 42.392740 PLAYER
60 201937 40.708960 46.984540 PLAYER
60 203952 45.654290 6.681730 PLAYER
60 1626157 16.465610 16.841740 PLAYER
60 2594 58.906210 20.519220 PLAYER
60 200794 20.539200 21.705240 PLAYER
60 201143 34.097280 29.755000 PLAYER
60 200757 27.307980 32.586650 PLAYER
60 201952 55.830530 33.262650 PLAYER
72 -1 37.816200 42.896660 BALL
72 708 25.660630 28.037910 PLAYER
72 2755 35.059960 42.600290 PLAYER
72 201937 42.767320 47.236990 PLAYER
72 203952 47.673220 6.581000 PLAYER
72 1626157 17.965510 16.576980 PLAYER
72 2594 60.332050 20.753990 PLAYER
72 200794 22.349330 21.686410 PLAYER
72 201143 36.261560 29.741070 PLAYER
72 200757 29.472730 32.435340 PLAYER
72 201952 57.135880 33.624690 PLAYER
84 -1 39.214700 43.358790 BALL
84 708 27.406230 28.207300 PLAYER
84 2755 37.260260 42.771190 PLAYER
84 201937 44.835700 47.436430 PLAYER
84 203952 49.749420 6.526350 PLAYER
84 1626157 19.528120 16.308520 PLAYER
84 2594 61.745550 21.135720 PLAYER
84 200794 24.253340 21.696110 PLAYER
84 201143 38.425530 29.726050 PLAYER
84 200757 31.748340 32.368310 PLAYER
84 201952 58.471380 34.016470 PLAYER
96 -1 41.099220 43.827710 BALL
96 708 29.205020 28.352460 PLAYER
96 2755 39.511870 42.863170 PLAYER
96 201937 46.930350 47.588810 PLAYER
96 203952 51.840580 6.492480 PLAYER
96 1626157 21.128050 16.062110 PLAYER
96 2594 63.173140 21.493710 PLAYER
96 200794 26.270620 21.696940 PLAYER
96 201143 40.647960 29.709780 PLAYER
96 200757 34.008900 32.345800 PLAYER
96 201952 59.782670 34.375250 PLAYER
108 -1 42.902760 44.243550 BALL
108 708 31.030880 28.508660 PLAYER
108 2755 41.714320 42.925240 PLAYER
108 201937 49.059020 47.730250 PLAYER
108 203952 53.974850 6.549250 PLAYER
108 1626157 22.756870 15.827460 PLAYER
108 2594 64.564600 21.912640 PLAYER
108 200794 28.343870 21.741820 PLAYER
108 201143 42.955010 29.718930 PLAYER
108 200757 36.415220 32.362600 PLAYER
108 201952 61.083470 34.720530 PLAYER
120 -1 45.272970 44.445680 BALL
120 708 32.968970 28.663650 PLAYER
120 2755 43.910200 42.981200 PLAYER
120 201937 51.185230 47.842150 PLAYER
120 203952 56.158220 6.575060 PLAYER
120 1626157 24.411420 15.600080 PLAYER
120 2594 65.872830 22.457190 PLAYER
120 200794 30.427450 21.866760 PLAYER
120 201143 45.245320 29.739940 PLAYER
120 200757 38.843510 32.466740 PLAYER
120 201952 62.364430 35.074550 PLAYER
132 -1 47.894940 44.033330 BALL
132 708 34.937000 28.797680 PLAYER
132 2755 46.129080 42.981920 PLAYER
132 201937 53.314440 47.887680 PLAYER
132 203952 58.348600 6.661910 PLAYER
132 1626157 26.092450 15.369660 PLAYER
132 2594 67.129750 22.932900 PLAYER
132 200794 32.525580 21.963560 PLAYER
132 201143 47.512170 29.758980 PLAYER
132 200757 41.198250 32.655730 PLAYER
132 201952 63.628490 35.433550 PLAYER
144 -1 50.662910 43.117110 BALL
144 708 36.918820 28.895370 PLAYER
144 2755 48.331880 42.920980 PLAYER
144 201937 55.390470 47.893550 PLAYER
144 203952 60.516840 6.815520 PLAYER
144 1626157 27.798170 15.208090 PLAYER
144 2594 68.356570 23.397390 PLAYER
144 200794 34.629420 21.982490 PLAYER
144 201143 49.798460 29.798870 PLAYER
144 200757 43.544720 32.847440 PLAYER
144 201952 64.902120 35.715910 PLAYER
156 -1 53.754780 42.505620 BALL
156 708 38.890690 28.978340 PLAYER
156 2755 50.466680 42.840970 PLAYER
156 201937 57.730820 47.863820 PLAYER
156 203952 62.667500 7.045690 PLAYER
156 1626157 29.564640 15.084080 PLAYER
156 2594 69.544150 23.819640 PLAYER
156 200794 36.818980 22.003400 PLAYER
156 201143 52.065150 29.918530 PLAYER
156 200757 45.898370 33.107890 PLAYER
156 201952 66.205560 35.990100 PLAYER
168 -1 55.145750 41.616950 BALL
168 708 40.880450 28.996320 PLAYER
168 2755 52.649860 42.644720 PLAYER
168 201937 60.086590 47.834640 PLAYER
168 203952 64.777640 7.329150 PLAYER
168 1626157 31.319090 14.971560 PLAYER
168 2594 70.718960 24.094860 PLAYER
168 200794 38.957630 21.959460 PLAYER
168 201143 54.296190 30.076580 PLAYER
168 200757 48.179260 33.456380 PLAYER
168 201952 67.481440 36.218560 PLAYER
180 -1 56.240100 40.858090 BALL
180 708 42.835520 29.007700 PLAYER
180 2755 54.824850 42.451180 PLAYER
180 201937 62.246980 47.803120 PLAYER
180 203952 66.849930 7.791890 PLAYER
180 1626157 33.087610 14.857420 PLAYER
180 2594 71.922300 24.211560 PLAYER
180 200794 41.108060 21.886290 PLAYER
180 201143 56.425810 30.235160 PLAYER
180 200757 50.408910 33.824520 PLAYER
180 201952 68.723100 36.352840 PLAYER
192 -1 57.469590 40.230740 BALL
192 708 44.807360 29.021670 PLAYER
192 2755 56.923420 42.116240 PLAYER
192 201937 64.306380 47.779080 PLAYER
192 203952 68.852030 8.342650 PLAYER
192 1626157 34.823920 14.793150 PLAYER
192 2594 73.109980 24.235600 PLAYER
192 200794 43.283260 21.773940 PLAYER
192 201143 58.653700 30.253560 PLAYER
192 200757 52.689920 34.180130 PLAYER
192 201952 69.921510 36.414990 PLAYER
204 -1 59.131800 40.164160 BALL
204 708 46.738580 29.022540 PLAYER
204 2755 58.906850 41.817180 PLAYER
204 201937 66.375150 47.796390 PLAYER
204 203952 70.823650 8.923180 PLAYER
204 1626157 36.591020 14.722940 PLAYER
204 2594 74.298200 24.042160 PLAYER
204 200794 45.461470 21.666170 PLAYER
204 201143 60.796420 30.380610 PLAYER
204 200757 54.963520 34.475270 PLAYER
204 201952 71.069420 36.464260 PLAYER
216 -1 61.388390 40.553290 BALL
216 708 48.662740 28.981490 PLAYER
216 2755 60.732500 41.581510 PLAYER
216 201937 68.139080 47.826020 PLAYER
216 203952 72.684300 9.573070 PLAYER
216 1626157 38.350450 14.685150 PLAYER
216 2594 75.472480 23.777630 PLAYER
216 200794 47.570570 21.504400 PLAYER
216 201143 62.729780 30.483130 PLAYER
216 200757 57.196750 34.788550 PLAYER
216 201952 72.176960 36.497410 PLAYER
228 -1 63.414830 41.343780 BALL
228 708 50.555090 28.993270 PLAYER
228 2755 62.340370 41.444950 PLAYER
228 201937 69.777200 47.787650 PLAYER
228 203952 74.350050 10.235360 PLAYER
228 1626157 40.120320 14.692150 PLAYER
228 2594 76.632090 23.514650 PLAYER
228 200794 49.715820 21.383360 PLAYER
228 201143 64.506870 30.553200 PLAYER
228 200757 59.337170 35.050630 PLAYER
228 201952 73.261660 36.519800 PLAYER
240 -1 66.264090 42.376890 BALL
240 708 52.480120 29.025260 PLAYER
240 2755 63.691830 41.276730 PLAYER
240 201937 71.398020 47.682320 PLAYER
240 203952 75.924850 10.969380 PLAYER
240 1626157 41.897990 14.715630 PLAYER
240 2594 77.774360 23.254220 PLAYER
240 200794 51.822800 21.320780 PLAYER
240 201143 66.216540 30.615370 PLAYER
240 200757 61.304390 35.367950 PLAYER
240 201952 74.361480 36.580690 PLAYER
252 -1 69.654690 43.449940 BALL
252 708 54.300440 29.070170 PLAYER
252 2755 64.768070 41.272450 PLAYER
252 201937 73.048500 47.501900 PLAYER
252 203952 77.409580 11.723350 PLAYER
252 1626157 43.653070 14.739450 PLAYER
252 2594 78.938290 22.962500 PLAYER
252 200794 53.863660 21.345590 PLAYER
252 201143 67.697410 30.837620 PLAYER
252 200757 63.221240 35.632700 PLAYER
252 201952 75.475290 36.751590 PLAYER
264 -1 72.887820 44.699390 BALL
264 708 56.109500 29.085200 PLAYER
264 2755 65.535600 41.335840 PLAYER
264 201937 74.769020 47.217670 PLAYER
264 203952 78.752310 12.515480 PLAYER
264 1626157 45.366080 14.803150 PLAYER
264 2594 80.067460 22.689340 PLAYER
264 200794 55.890790 21.417720 PLAYER
264 201143 69.145550 30.946820 PLAYER
264 200757 65.026840 35.954290 PLAYER
264 201952 76.515510 36.920320 PLAYER
276 -1 76.208050 45.682850 BALL
276 708 57.925490 29.178020 PLAYER
276 2755 66.022140 41.443960 PLAYER
276 201937 76.399370 46.922800 PLAYER
276 203952 80.017330 13.295550 PLAYER
276 1626157 47.073080 14.875020 PLAYER
276 2594 81.137850 22.387130 PLAYER
276 200794 57.861430 21.431000 PLAYER
276 201143 70.626930 30.957440 PLAYER
276 200757 66.679050 36.228600 PLAYER
276 201952 77.573990 37.227050 PLAYER
288 -1 79.081450 45.854330 BALL
288 708 59.661380 29.301630 PLAYER
288 2755 66.261790 41.652000 PLAYER
288 201937 77.910430 46.540550 PLAYER
288 203952 81.228690 14.011260 PLAYER
288 1626157 48.805760 14.982990 PLAYER
288 2594 82.145680 22.018010 PLAYER
288 200794 59.810810 21.389080 PLAYER
288 201143 72.016390 30.940890 PLAYER
288 200757 68.197460 36.525610 PLAYER
288 201952 78.646800 37.601630 PLAYER
300 -1 81.330840 45.430830 BALL
300 708 61.267860 29.502560 PLAYER
300 2755 66.352140 41.910650 PLAYER
300 201937 79.409240 46.062730 PLAYER
300 203952 82.194520 14.532160 PLAYER
300 1626157 50.495460 15.138710 PLAYER
300 2594 83.065580 21.718640 PLAYER
300 200794 61.653180 21.468270 PLAYER
300 201143 73.379650 30.851800 PLAYER
300 200757 69.626220 36.807760 PLAYER
300 201952 79.763160 37.971310 PLAYER
312 -1 82.655640 45.117290 BALL
312 708 62.814120 29.830140 PLAYER
312 2755 66.362540 42.153060 PLAYER
312 201937 80.744290 45.487060 PLAYER
312 203952 82.929010 14.851050 PLAYER
312 1626157 52.192670 15.264380 PLAYER
312 2594 83.902610 21.487890 PLAYER
312 200794 63.494290 21.576220 PLAYER
312 201143 74.767140 30.707440 PLAYER
312 200757 70.794210 37.161920 PLAYER
312 201952 80.941060 38.201050 PLAYER
324 -1 83.272540 44.151440 BALL
324 708 64.281900 30.369900 PLAYER
324 2755 66.340050 42.337400 PLAYER
324 201937 81.804420 44.959130 PLAYER
324 203952 83.480570 15.011910 PLAYER
324 1626157 53.842710 15.379490 PLAYER
324 2594 84.700020 21.320730 PLAYER
324 200794 65.214190 21.769450 PLAYER
324 201143 75.958150 30.545410 PLAYER
324 200757 71.720880 37.528640 PLAYER
324 201952 82.168870 38.425720 PLAYER
336 -1 83.187850 43.052990 BALL
336 708 65.536780 31.111860 PLAYER
336 2755 66.309400 42.448570 PLAYER
336 201937 82.663650 44.457680 PLAYER
336 203952 83.868210 15.018260 PLAYER
336 1626157 55.423080 15.484710 PLAYER
336 2594 85.420830 21.216010 PLAYER
336 200794 66.860540 22.137190 PLAYER
336 201143 76.970800 30.406850 PLAYER
336 200757 72.447280 37.854190 PLAYER
336 201952 83.159310 38.618180 PLAYER
348 -1 83.118090 43.876170 BALL
348 708 66.703120 32.024020 PLAYER
348 2755 66.303220 42.439060 PLAYER
348 201937 83.327740 44.030740 PLAYER
348 203952 84.170580 14.907540 PLAYER
348 1626157 57.006620 15.499140 PLAYER
348 2594 86.027880 21.184490 PLAYER
348 200794 68.431050 22.595160 PLAYER
348 201143 77.892540 30.245340 PLAYER
348 200757 73.008840 38.107300 PLAYER
348 201952 83.990180 38.810340 PLAYER
360 -1 83.401080 44.535470 BALL
360 708 67.773740 32.931680 PLAYER
360 2755 66.312530 42.384890 PLAYER
360 201937 83.825590 43.669110 PLAYER
360 203952 84.444670 14.733910 PLAYER
360 1626157 58.576430 15.517980 PLAYER
360 2594 86.519360 21.105390 PLAYER
360 200794 69.978260 22.895110 PLAYER
360 201143 78.651680 30.103170 PLAYER
360 200757 73.440580 38.236250 PLAYER
360 201952 84.601700 39.048050 PLAYER
372 -1 83.941030 44.496360 BALL
372 708 68.693010 33.839820 PLAYER
372 2755 66.292720 42.270300 PLAYER
372 201937 84.188560 43.421430 PLAYER
372 203952 84.702280 14.533900 PLAYER
372 1626157 60.149970 15.640080 PLAYER
372 2594 86.919540 20.960480 PLAYER
372 200794 71.427620 23.178600 PLAYER
372 201143 79.167990 29.992170 PLAYER
372 200757 73.807900 38.256190 PLAYER
372 201952 84.943940 39.396840 PLAYER
384 -1 83.969280 44.154070 BALL
384 708 69.480430 34.821860 PLAYER
384 2755 66.191720 41.865540 PLAYER
384 201937 84.455900 43.100120 PLAYER
384 203952 84.906780 14.285600 PLAYER
384 1626157 61.746250 15.791860 PLAYER
384 2594 87.203730 20.767180 PLAYER
384 200794 72.847360 23.419710 PLAYER
384 201143 79.659340 29.888150 PLAYER
384 200757 74.119110 38.239690 PLAYER
384 201952 85.098390 39.816860 PLAYER
396 -1 83.606790 43.851780 BALL
396 708 70.329090 35.757930 PLAYER
396 2755 66.065640 41.470740 PLAYER
396 201937 84.624060 42.750050 PLAYER
396 203952 85.072940 13.980540 PLAYER
396 1626157 63.389730 16.014420 PLAYER
396 2594 87.344240 20.537070 PLAYER
396 200794 74.151210 23.626400 PLAYER
396 201143 80.130220 29.843610 PLAYER
396 200757 74.345590 38.217140 PLAYER
396 201952 85.235730 40.158080 PLAYER
408 -1 82.832410 43.501090 BALL
408 708 71.069430 36.502790 PLAYER
408 2755 65.906010 41.074680 PLAYER
408 201937 84.589620 42.438770 PLAYER
408 203952 85.191280 13.620420 PLAYER
408 1626157 64.993820 16.294130 PLAYER
408 2594 87.398180 20.298970 PLAYER
408 200794 75.320370 23.792850 PLAYER
408 201143 80.522290 29.893490 PLAYER
408 200757 74.422890 38.221940 PLAYER
408 201952 85.295640 40.453320 PLAYER
420 -1 82.669690 43.310340 BALL
420 708 71.690030 37.203590 PLAYER
420 2755 65.717770 40.651750 PLAYER
420 201937 84.476930 42.084010 PLAYER
420 203952 85.244830 13.222370 PLAYER
420 1626157 66.482610 16.533450 PLAYER
420 2594 87.382320 20.045240 PLAYER
420 200794 76.361870 23.930430 PLAYER
420 201143 80.808560 30.059750 PLAYER
420 200757 74.404830 38.211450 PLAYER
420 201952 85.324400 40.643980 PLAYER
432 -1 82.925240 43.432000 BALL
432 708 72.198320 37.890050 PLAYER
432 2755 65.525290 40.211520 PLAYER
432 201937 84.423620 41.845250 PLAYER
432 203952 85.238990 12.823900 PLAYER
432 1626157 67.846260 16.672510 PLAYER
432 2594 87.295590 19.702610 PLAYER
432 200794 77.205360 23.936770 PLAYER
432 201143 80.998500 30.375350 PLAYER
432 200757 74.287950 38.173250 PLAYER
432 201952 85.311190 40.721200 PLAYER
444 -1 82.689450 43.035210 BALL
444 708 72.510320 38.322970 PLAYER
444 2755 65.430070 39.900110 PLAYER
444 201937 84.175590 41.929120 PLAYER
444 203952 85.200170 12.394520 PLAYER
444 1626157 69.083720 16.765130 PLAYER
444 2594 87.169110 19.227600 PLAYER
444 200794 77.812010 23.804520 PLAYER
444 201143 81.032030 30.681900 PLAYER
444 200757 74.187410 38.231020 PLAYER
444 201952 85.265950 40.700670 PLAYER
456 -1 81.467020 42.295250 BALL
456 708 72.583270 38.553500 PLAYER
456 2755 65.233710 39.412010 PLAYER
456 201937 84.138700 42.045630 PLAYER
456 203952 85.022810 11.943020 PLAYER
456 1626157 70.093670 16.756010 PLAYER
456 2594 87.036360 18.755700 PLAYER
456 200794 78.261980 23.513730 PLAYER
456 201143 80.926450 30.958410 PLAYER
456 200757 74.137790 38.386400 PLAYER
456 201952 85.187950 40.589360 PLAYER
468 -1 78.510820 40.586190 BALL
468 708 72.688570 38.796940 PLAYER
468 2755 64.991250 38.675820 PLAYER
468 201937 84.231050 42.215590 PLAYER
468 203952 84.738330 11.463090 PLAYER
468 1626157 70.925830 16.678060 PLAYER
468 2594 86.849550 18.280750 PLAYER
468 200794 78.531140 23.115760 PLAYER
468 201143 80.809270 31.262980 PLAYER
468 200757 74.212260 38.537390 PLAYER
468 201952 85.122730 40.410900 PLAYER
480 -1 75.407160 38.441940 BALL
480 708 72.733570 39.048370 PLAYER
480 2755 64.715580 37.755340 PLAYER
480 201937 84.264320 42.521520 PLAYER
480 203952 84.353350 10.961730 PLAYER
480 1626157 71.685400 16.527220 PLAYER
480 2594 86.623290 17.885830 PLAYER
480 200794 78.641340 22.674030 PLAYER
480 201143 80.661820 31.531220 PLAYER
480 200757 74.374820 38.752210 PLAYER
480 201952 85.033060 40.223430 PLAYER
492 -1 72.555990 36.818830 BALL
492 708 72.825570 39.175070 PLAYER
492 2755 64.398100 36.667460 PLAYER
492 201937 84.128170 42.804230 PLAYER
492 203952 83.824110 10.407100 PLAYER
492 1626157 72.360530 16.387480 PLAYER
492 2594 86.310370 17.508550 PLAYER
492 200794 78.691070 22.262100 PLAYER
492 201143 80.529720 31.717570 PLAYER
492 200757 74.611250 39.004000 PLAYER
492 201952 84.951350 40.025440 PLAYER
504 -1 69.721440 34.897980 BALL
504 708 72.959890 39.240250 PLAYER
504 2755 64.038710 35.516420 PLAYER
504 201937 84.057560 42.943560 PLAYER
504 203952 83.202450 9.803750 PLAYER
504 1626157 72.974870 16.235080 PLAYER
504 2594 85.934870 17.143030 PLAYER
504 200794 78.723890 21.887250 PLAYER
504 201143 80.501680 31.977750 PLAYER
504 200757 74.844310 39.075620 PLAYER
504 201952 84.866120 39.806990 PLAYER
516 -1 66.870430 33.255170 BALL
516 708 73.101390 39.138230 PLAYER
516 2755 63.813070 34.293900 PLAYER
516 201937 83.694590 43.155220 PLAYER
516 203952 82.558900 9.182500 PLAYER
516 1626157 73.662450 16.068990 PLAYER
516 2594 85.457370 16.742320 PLAYER
516 200794 78.753640 21.687860 PLAYER
516 201143 80.536610 32.258960 PLAYER
516 200757 75.003950 38.879090 PLAYER
516 201952 84.797280 39.615400 PLAYER
528 -1 64.465430 31.517610 BALL
528 708 73.156700 38.976960 PLAYER
528 2755 63.677010 33.158510 PLAYER
528 201937 83.281860 43.365840 PLAYER
528 203952 81.855760 8.555470 PLAYER
528 1626157 74.408550 15.968100 PLAYER
528 2594 84.893840 16.269410 PLAYER
528 200794 78.855420 21.391490 PLAYER
528 201143 80.571690 32.454720 PLAYER
528 200757 75.099330 38.507560 PLAYER
528 201952 84.702430 39.449900 PLAYER
540 -1 63.887820 30.617670 BALL
540 708 73.231300 38.822100 PLAYER
540 2755 63.676490 32.085650 PLAYER
540 201937 82.821670 43.619000 PLAYER
540 203952 81.136450 7.923460 PLAYER
540 1626157 75.157050 15.892950 PLAYER
540 2594 84.212120 15.631010 PLAYER
540 200794 79.044700 21.270480 PLAYER
540 201143 80.661470 32.553520 PLAYER
540 200757 75.039710 37.904390 PLAYER
540 201952 84.616160 39.281740 PLAYER
552 -1 64.351960 30.186970 BALL
552 708 73.301640 38.641810 PLAYER
552 2755 63.767550 31.130730 PLAYER
552 201937 82.309880 43.876090 PLAYER
552 203952 80.447990 7.329200 PLAYER
552 1626157 75.931270 15.858970 PLAYER
552 2594 83.502110 15.010450 PLAYER
552 200794 79.333760 21.165400 PLAYER
552 201143 80.788060 32.532820 PLAYER
552 200757 74.797640 37.095470 PLAYER
552 201952 84.553800 39.105640 PLAYER
564 -1 64.697680 29.542480 BALL
564 708 73.399640 38.513780 PLAYER
564 2755 63.954050 30.289770 PLAYER
564 201937 81.782270 44.099850 PLAYER
564 203952 79.765530 6.836650 PLAYER
564 1626157 76.735160 15.923480 PLAYER
564 2594 82.709360 14.417860 PLAYER
564 200794 79.691860 21.013160 PLAYER
564 201143 80.895150 32.407280 PLAYER
564 200757 74.343650 36.137170 PLAYER
564 201952 84.516510 38.884630 PLAYER
576 -1 64.962220 29.504680 BALL
576 708 73.479760 38.479980 PLAYER
576 2755 64.190110 29.637540 PLAYER
576 201937 81.246030 44.289640 PLAYER
576 203952 79.100350 6.411720 PLAYER
576 1626157 77.489570 16.082710 PLAYER
576 2594 81.917680 13.829260 PLAYER
576 200794 80.101550 20.668570 PLAYER
576 201143 80.989150 32.184160 PLAYER
576 200757 73.776920 35.105540 PLAYER
576 201952 84.532260 38.608500 PLAYER
588 -1 65.706270 28.652410 BALL
588 708 73.510380 38.379190 PLAYER
588 2755 64.455300 29.167990 PLAYER
588 201937 80.645650 44.448880 PLAYER
588 203952 78.413410 6.049240 PLAYER
588 1626157 78.260990 16.318070 PLAYER
588 2594 81.163850 13.290960 PLAYER
588 200794 80.551630 20.451920 PLAYER
588 201143 81.069010 32.027030 PLAYER
588 200757 73.050030 33.943720 PLAYER
588 201952 84.607680 38.282770 PLAYER
600 -1 66.461540 27.587440 BALL
600 708 73.496910 38.130260 PLAYER
600 2755 64.699980 28.812550 PLAYER
600 201937 80.016340 44.557930 PLAYER
600 203952 77.734600 5.792070 PLAYER
600 1626157 79.101650 16.504490 PLAYER
600 2594 80.540750 12.836200 PLAYER
600 200794 81.019820 20.092310 PLAYER
600 201143 81.155460 31.956290 PLAYER
600 200757 72.255290 32.778840 PLAYER
600 201952 84.687560 37.920760 PLAYER
612 -1 66.103400 27.428510 BALL
612 708 73.407960 37.818540 PLAYER
612 2755 64.967180 28.522900 PLAYER
612 201937 79.362110 44.618630 PLAYER
612 203952 77.060730 5.623490 PLAYER
612 1626157 79.856900 16.713690 PLAYER
612 2594 79.954920 12.475240 PLAYER
612 200794 81.439450 19.733270 PLAYER
612 201143 81.193910 31.979600 PLAYER
612 200757 71.415300 31.550390 PLAYER
612 201952 84.752770 37.532590 PLAYER
624 -1 66.993630 27.449240 BALL
624 708 73.295510 37.452850 PLAYER
624 2755 65.260450 28.267980 PLAYER
624 201937 78.685030 44.652820 PLAYER
624 203952 76.376810 5.500160 PLAYER
624 1626157 80.430960 16.873710 PLAYER
624 2594 79.504650 12.217680 PLAYER
624 200794 81.824950 19.469890 PLAYER
624 201143 81.163220 32.078260 PLAYER
624 200757 70.542260 30.256130 PLAYER
624 201952 84.752120 37.135840 PLAYER
636 -1 69.209360 27.127100 BALL
636 708 73.191590 37.079390 PLAYER
636 2755 65.597940 28.043800 PLAYER
636 201937 77.981550 44.663430 PLAYER
636 203952 75.583720 5.445220 PLAYER
636 1626157 80.847870 16.996120 PLAYER
636 2594 79.153540 12.056020 PLAYER
636 200794 82.182010 19.363910 PLAYER
636 201143 81.104640 32.258130 PLAYER
636 200757 69.689890 28.952420 PLAYER
636 201952 84.729180 36.735570 PLAYER
648 -1 71.433960 26.830570 BALL
648 708 73.084380 36.682850 PLAYER
648 2755 65.860080 27.641960 PLAYER
648 201937 77.282390 44.647500 PLAYER
648 203952 74.771570 5.508760 PLAYER
648 1626157 81.053470 17.038800 PLAYER
648 2594 78.876230 12.009240 PLAYER
648 200794 82.445880 19.338890 PLAYER
648 201143 81.132500 32.270980 PLAYER
648 200757 68.836280 27.632810 PLAYER
648 201952 84.768980 36.310470 PLAYER
660 -1 73.614510 26.491710 BALL
660 708 72.986200 36.242990 PLAYER
660 2755 66.076490 27.135610 PLAYER
660 201937 76.590670 44.618240 PLAYER
660 203952 73.915550 5.583400 PLAYER
660 1626157 81.009310 17.162610 PLAYER
660 2594 78.645450 12.105240 PLAYER
660 200794 82.603330 19.280210 PLAYER
660 201143 81.148070 32.178870 PLAYER
660 200757 68.032460 26.329630 PLAYER
660 201952 84.833190 35.875810 PLAYER
672 -1 75.593160 26.330410 BALL
672 708 72.885630 35.796030 PLAYER
672 2755 66.163560 26.575390 PLAYER
672 201937 75.908750 44.559980 PLAYER
672 203952 73.068150 5.756870 PLAYER
672 1626157 81.008570 17.236150 PLAYER
672 2594 78.560230 12.285700 PLAYER
672 200794 82.686340 19.242620 PLAYER
672 201143 81.167930 31.996010 PLAYER
672 200757 67.350220 25.196530 PLAYER
672 201952 84.914710 35.430670 PLAYER
684 -1 77.782880 26.115030 BALL
684 708 72.721270 35.335960 PLAYER
684 2755 66.135010 25.883610 PLAYER
684 201937 75.229420 44.463270 PLAYER
684 203952 72.199780 6.005070 PLAYER
684 1626157 80.894090 17.330440 PLAYER
684 2594 78.539830 12.553690 PLAYER
684 200794 82.716470 19.246620 PLAYER
684 201143 81.303600 31.669420 PLAYER
684 200757 66.800960 24.312510 PLAYER
684 201952 85.069480 34.968930 PLAYER
696 -1 79.736900 25.907000 BALL
696 708 72.468160 34.895230 PLAYER
696 2755 66.062020 25.093280 PLAYER
696 201937 74.545190 44.335460 PLAYER
696 203952 71.409240 6.233460 PLAYER
696 1626157 80.944400 17.438730 PLAYER
696 2594 78.551920 12.860550 PLAYER
696 200794 82.626500 19.206080 PLAYER
696 201143 81.464540 31.256280 PLAYER
696 200757 66.349280 23.516220 PLAYER
696 201952 85.252620 34.503630 PLAYER
708 -1 81.809080 25.651890 BALL
708 708 72.117990 34.484950 PLAYER
708 2755 65.883630 24.439260 PLAYER
708 201937 73.907770 44.169950 PLAYER
708 203952 70.679110 6.428350 PLAYER
708 1626157 81.010050 17.573130 PLAYER
708 2594 78.553130 13.201830 PLAYER
708 200794 82.539080 19.238940 PLAYER
708 201143 81.463960 30.867060 PLAYER
708 200757 66.160210 22.974680 PLAYER
708 201952 85.390430 34.038550 PLAYER
720 -1 83.838650 25.482130 BALL
720 708 71.647080 34.110900 PLAYER
720 2755 65.373110 23.850430 PLAYER
720 201937 73.277800 43.966010 PLAYER
720 203952 69.987970 6.664190 PLAYER
720 1626157 81.124230 17.799470 PLAYER
720 2594 78.483610 13.525730 PLAYER
720 200794 82.539630 19.407500 PLAYER
720 201143 81.463850 30.463760 PLAYER
720 200757 66.101520 22.624010 PLAYER
720 201952 85.546690 33.539910 PLAYER
732 -1 85.881170 25.208960 BALL
732 708 71.055260 33.759290 PLAYER
732 2755 64.831580 23.141930 PLAYER
732 201937 72.647340 43.711650 PLAYER
732 203952 69.390080 6.837360 PLAYER
732 1626157 81.053320 18.114160 PLAYER
732 2594 78.292960 13.829280 PLAYER
732 200794 82.599460 19.623950 PLAYER
732 201143 81.535540 30.094120 PLAYER
732 200757 66.123250 22.396420 PLAYER
732 201952 85.730260 33.020860 PLAYER
744 -1 87.945860 25.049850 BALL
744 708 70.395360 33.441540 PLAYER
744 2755 64.115390 22.514040 PLAYER
744 201937 72.039730 43.448180 PLAYER
744 203952 68.842280 6.991460 PLAYER
744 1626157 81.114760 18.637330 PLAYER
744 2594 78.045320 14.091670 PLAYER
744 200794 82.703440 19.881790 PLAYER
744 201143 81.547140 29.789830 PLAYER
744 200757 66.219580 22.243950 PLAYER
744 201952 85.924320 32.524480 PLAYER
756 -1 88.419780 24.917890 BALL
756 708 69.693060 33.135590 PLAYER
756 2755 63.111540 22.004550 PLAYER
756 201937 71.477940 43.166200 PLAYER
756 203952 68.294090 7.227220 PLAYER
756 1626157 80.988130 19.294650 PLAYER
756 2594 77.695490 14.321720 PLAYER
756 200794 82.887510 20.218080 PLAYER
756 201143 81.610880 29.533610 PLAYER
756 200757 66.360640 22.255340 PLAYER
756 201952 86.090870 32.026920 PLAYER
768 -1 89.060690 25.022540 BALL
768 708 68.941450 32.837060 PLAYER
768 2755 62.097390 21.445930 PLAYER
768 201937 70.941360 42.858260 PLAYER
768 203952 67.711850 7.519820 PLAYER
768 1626157 80.829580 20.074500 PLAYER
768 2594 77.359200 14.418630 PLAYER
768 200794 83.066650 20.521690 PLAYER
768 201143 81.844100 29.364360 PLAYER
768 200757 66.397560 22.335660 PLAYER
768 201952 86.251920 31.519200 PLAYER