0 -1 84.376690 12.785080 BALL
0 2755 36.825520 31.059790 PLAYER
0 203940 52.774330 23.058270 PLAYER
0 203897 76.166830 14.189890 PLAYER
0 203952 61.159460 22.305980 PLAYER
0 1626157 60.823810 29.889680 PLAYER
0 2594 60.240410 38.756390 PLAYER
0 200794 63.613230 18.535350 PLAYER
0 201952 84.771660 12.252200 PLAYER
0 203934 67.636760 31.560650 PLAYER
0 203488 93.966870 25.842440 PLAYER
12 -1 83.601530 12.071480 BALL
12 2755 36.442680 31.582350 PLAYER
12 203940 51.681010 23.027500 PLAYER
12 203897 75.785740 13.731840 PLAYER
12 203952 60.073070 22.518500 PLAYER
12 1626157 59.005770 29.756400 PLAYER
12 2594 58.980810 39.413510 PLAYER
12 200794 61.954350 18.462100 PLAYER
12 201952 84.299740 11.957740 PLAYER
12 203934 66.238250 32.111400 PLAYER
12 203488 93.360650 25.750210 PLAYER
24 -1 82.719520 11.171390 BALL
24 2755 36.069100 32.093510 PLAYER
24 203940 50.601950 22.999890 PLAYER
24 203897 75.300750 13.237650 PLAYER
24 203952 58.848470 22.731650 PLAYER
24 1626157 57.161790 29.750540 PLAYER
24 2594 57.727420 40.060440 PLAYER
24 200794 60.312300 18.428420 PLAYER
24 201952 83.739340 11.697330 PLAYER
24 203934 64.756080 32.710660 PLAYER
24 203488 92.616940 25.692160 PLAYER
36 -1 81.950850 10.695840 BALL
36 2755 35.689780 32.562880 PLAYER
36 203940 49.541720 22.987400 PLAYER
36 203897 74.698740 12.776290 PLAYER
36 203952 57.473390 23.073530 PLAYER
36 1626157 55.351370 29.593440 PLAYER
36 2594 56.461930 40.731940 PLAYER
36 200794 58.545410 18.390740 PLAYER
36 201952 83.048300 11.459780 PLAYER
36 203934 63.258040 33.376430 PLAYER
36 203488 91.769400 25.663210 PLAYER
48 -1 81.069240 10.109050 BALL
48 2755 35.271490 33.002330 PLAYER
48 203940 48.533800 22.942260 PLAYER
48 203897 74.007030 12.349880 PLAYER
48 203952 55.986150 23.470490 PLAYER
48 1626157 53.595840 29.351600 PLAYER
48 2594 55.138700 41.402480 PLAYER
48 200794 56.799950 18.353650 PLAYER
48 201952 82.243340 11.192780 PLAYER
48 203934 61.798470 33.971790 PLAYER
48 203488 90.860840 25.659400 PLAYER
60 -1 80.442570 9.663280 BALL
60 2755 34.815660 33.438240 PLAYER
60 203940 47.603380 22.878270 PLAYER
60 203897 73.220130 11.934220 PLAYER
60 203952 54.506160 23.879940 PLAYER
60 1626157 51.813470 29.081710 PLAYER
60 2594 53.898740 42.001400 PLAYER
60 200794 54.998740 18.342270 PLAYER
60 201952 81.304470 10.929880 PLAYER
60 203934 60.298270 34.719910 PLAYER
60 203488 89.847580 25.666510 PLAYER
72 -1 80.203790 9.256540 BALL
72 2755 34.354650 33.821960 PLAYER
72 203940 46.700920 22.883590 PLAYER
72 203897 72.371160 11.550010 PLAYER
72 203952 53.023540 24.309760 PLAYER
72 1626157 50.021600 28.805760 PLAYER
72 2594 52.719590 42.592120 PLAYER
72 200794 53.236960 18.327700 PLAYER
72 201952 80.197870 10.692250 PLAYER
72 203934 58.756100 35.495660 PLAYER
72 203488 88.766510 25.637920 PLAYER
84 -1 79.530880 8.818750 BALL
84 2755 33.883790 34.213760 PLAYER
84 203940 45.778860 22.857680 PLAYER
84 203897 71.425760 11.140880 PLAYER
84 203952 51.544100 24.757240 PLAYER
84 1626157 48.279100 28.516420 PLAYER
84 2594 51.556130 43.159150 PLAYER
84 200794 51.369230 18.243360 PLAYER
84 201952 78.918380 10.534840 PLAYER
84 203934 57.187220 36.261730 PLAYER
84 203488 87.612280 25.599230 PLAYER
96 -1 77.549520 9.095330 BALL
96 2755 33.369550 34.613210 PLAYER
96 203940 44.854480 22.802630 PLAYER
96 203897 70.409460 10.701000 PLAYER
96 203952 50.025010 25.208800 PLAYER
96 1626157 46.623750 28.194820 PLAYER
96 2594 50.370440 43.674040 PLAYER
96 200794 49.523320 18.165280 PLAYER
96 201952 77.456110 10.522300 PLAYER
96 203934 55.539380 37.020850 PLAYER
96 203488 86.395180 25.566900 PLAYER
108 -1 74.691470 9.786840 BALL
108 2755 32.872790 34.992350 PLAYER
108 203940 43.891650 22.758320 PLAYER
108 203897 69.275000 10.367220 PLAYER
108 203952 48.458630 25.631500 PLAYER
108 1626157 45.053150 27.815390 PLAYER
108 2594 49.244480 44.145390 PLAYER
108 200794 47.774150 18.130140 PLAYER
108 201952 75.847770 10.609480 PLAYER
108 203934 53.799310 37.876780 PLAYER
108 203488 85.096630 25.588580 PLAYER
120 -1 72.701370 9.918960 BALL
120 2755 32.360200 35.343990 PLAYER
120 203940 42.945090 22.745410 PLAYER
120 203897 67.972830 10.180650 PLAYER
120 203952 46.933420 26.138070 PLAYER
120 1626157 43.627550 27.420220 PLAYER
120 2594 48.112970 44.599790 PLAYER
120 200794 45.983510 18.154680 PLAYER
120 201952 74.179000 10.655330 PLAYER
120 203934 52.043300 38.562070 PLAYER
120 203488 83.760230 25.611160 PLAYER
132 -1 71.997360 9.335510 BALL
132 2755 31.829320 35.646270 PLAYER
132 203940 41.937240 22.674650 PLAYER
132 203897 66.539460 10.143210 PLAYER
132 203952 45.432360 26.620830 PLAYER
132 1626157 42.243700 27.048810 PLAYER
132 2594 46.906300 45.033820 PLAYER
132 200794 44.091080 18.191840 PLAYER
132 201952 72.482940 10.606920 PLAYER
132 203934 50.215010 39.253510 PLAYER
132 203488 82.365340 25.664690 PLAYER
144 -1 70.710380 9.000450 BALL
144 2755 31.309870 35.913530 PLAYER
144 203940 40.838600 22.584400 PLAYER
144 203897 65.019810 10.295400 PLAYER
144 203952 43.923600 27.141170 PLAYER
144 1626157 40.766700 26.737000 PLAYER
144 2594 45.725460 45.418280 PLAYER
144 200794 42.365520 18.293180 PLAYER
144 201952 70.794790 10.444050 PLAYER
144 203934 48.380150 39.905180 PLAYER
144 203488 80.918190 25.704110 PLAYER
156 -1 68.943280 8.579390 BALL
156 2755 30.836830 36.141150 PLAYER
156 203940 39.660750 22.436300 PLAYER
156 203897 63.441030 10.564200 PLAYER
156 203952 42.450840 27.650770 PLAYER
156 1626157 39.282010 26.552560 PLAYER
156 2594 44.653980 45.748590 PLAYER
156 200794 40.639260 18.400910 PLAYER
156 201952 69.156850 10.089400 PLAYER
156 203934 46.489490 40.469210 PLAYER
156 203488 79.393700 25.738730 PLAYER
168 -1 66.627350 7.877990 BALL
168 2755 30.385790 36.351930 PLAYER
168 203940 38.468110 22.302530 PLAYER
168 203897 61.755720 10.877780 PLAYER
168 203952 41.036350 28.239520 PLAYER
168 1626157 37.835980 26.442390 PLAYER
168 2594 43.458060 46.046600 PLAYER
168 200794 38.834510 18.461590 PLAYER
168 201952 67.578050 9.652020 PLAYER
168 203934 44.576470 40.958540 PLAYER
168 203488 77.811950 25.764810 PLAYER
180 -1 65.553930 8.446600 BALL
180 2755 29.986920 36.577440 PLAYER
180 203940 37.190990 22.118380 PLAYER
180 203897 60.121770 11.179490 PLAYER
180 203952 39.599610 28.708840 PLAYER
180 1626157 36.324220 26.400280 PLAYER
180 2594 42.276760 46.244700 PLAYER
180 200794 37.038210 18.567780 PLAYER
180 201952 65.932310 9.309240 PLAYER
180 203934 42.601020 41.437190 PLAYER
180 203488 76.184870 25.830160 PLAYER
192 -1 63.447610 7.605300 BALL
192 2755 29.648360 36.830960 PLAYER
192 203940 35.911310 21.859830 PLAYER
192 203897 58.460750 11.355030 PLAYER
192 203952 38.118530 29.181470 PLAYER
192 1626157 34.886780 26.406500 PLAYER
192 2594 41.143820 46.457690 PLAYER
192 200794 35.410920 18.648480 PLAYER
192 201952 64.266790 8.980200 PLAYER
192 203934 40.664900 41.850180 PLAYER
192 203488 74.578090 25.892100 PLAYER
204 -1 62.702850 6.848830 BALL
204 2755 29.350550 37.076340 PLAYER
204 203940 34.580370 21.494760 PLAYER
204 203897 56.769150 11.408670 PLAYER
204 203952 36.598210 29.645120 PLAYER
204 1626157 33.636410 26.428840 PLAYER
204 2594 40.047770 46.672720 PLAYER
204 200794 33.615200 18.767660 PLAYER
204 201952 62.581270 8.649900 PLAYER
204 203934 38.713760 42.245280 PLAYER
204 203488 72.960640 25.978070 PLAYER
216 -1 60.967830 6.612250 BALL
216 2755 29.091310 37.331710 PLAYER
216 203940 33.208940 21.144210 PLAYER
216 203897 55.027110 11.409950 PLAYER
216 203952 35.087660 30.135180 PLAYER
216 1626157 32.547050 26.443120 PLAYER
216 2594 38.967380 46.843020 PLAYER
216 200794 31.939310 18.856600 PLAYER
216 201952 60.936270 8.366380 PLAYER
216 203934 36.799510 42.605970 PLAYER
216 203488 71.308580 26.059750 PLAYER
228 -1 58.896680 6.558600 BALL
228 2755 28.873650 37.583320 PLAYER
228 203940 31.738900 20.789670 PLAYER
228 203897 53.326570 11.304260 PLAYER
228 203952 33.606140 30.635760 PLAYER
228 1626157 31.477410 26.459830 PLAYER
228 2594 38.064110 46.945300 PLAYER
228 200794 30.263860 18.915940 PLAYER
228 201952 59.269800 8.138390 PLAYER
228 203934 34.839450 42.946140 PLAYER
228 203488 69.612730 26.123330 PLAYER
240 -1 57.011510 6.328610 BALL
240 2755 28.678000 37.804660 PLAYER
240 203940 30.183860 20.455420 PLAYER
240 203897 51.595830 11.133560 PLAYER
240 203952 32.127550 31.153720 PLAYER
240 1626157 30.575360 26.471200 PLAYER
240 2594 37.204770 47.053060 PLAYER
240 200794 28.612260 18.890440 PLAYER
240 201952 57.724840 7.918350 PLAYER
240 203934 32.948070 43.285300 PLAYER
240 203488 67.882070 26.175460 PLAYER
252 -1 54.670060 6.109680 BALL
252 2755 28.484450 38.017600 PLAYER
252 203940 28.609290 20.142960 PLAYER
252 203897 49.888450 10.961230 PLAYER
252 203952 30.720470 31.627160 PLAYER
252 1626157 29.826710 26.430290 PLAYER
252 2594 36.420420 47.053890 PLAYER
252 200794 26.924970 18.932200 PLAYER
252 201952 56.200130 7.738860 PLAYER
252 203934 31.032600 43.607930 PLAYER
252 203488 66.092890 26.210150 PLAYER
264 -1 54.374370 6.760650 BALL
264 2755 28.315180 38.232870 PLAYER
264 203940 27.202090 19.958330 PLAYER
264 203897 48.196540 10.780230 PLAYER
264 203952 29.370760 32.043250 PLAYER
264 1626157 29.156650 26.336440 PLAYER
264 2594 35.716780 46.996130 PLAYER
264 200794 25.416050 18.885230 PLAYER
264 201952 54.713250 7.581130 PLAYER
264 203934 29.189740 43.912190 PLAYER
264 203488 64.338390 26.273220 PLAYER
276 -1 52.658510 5.740410 BALL
276 2755 28.176860 38.456720 PLAYER
276 203940 25.885420 19.864000 PLAYER
276 203897 46.509260 10.556900 PLAYER
276 203952 27.995120 32.426310 PLAYER
276 1626157 28.492720 26.196070 PLAYER
276 2594 35.005860 46.937730 PLAYER
276 200794 23.923910 18.877040 PLAYER
276 201952 53.251050 7.472460 PLAYER
276 203934 27.459040 44.227300 PLAYER
276 203488 62.646070 26.322570 PLAYER
288 -1 51.236420 6.071340 BALL
288 2755 28.081040 38.664520 PLAYER
288 203940 24.641770 19.852810 PLAYER
288 203897 44.872620 10.327730 PLAYER
288 203952 26.662930 32.801170 PLAYER
288 1626157 27.869100 26.089730 PLAYER
288 2594 34.303900 46.877800 PLAYER
288 200794 22.496520 18.925000 PLAYER
288 201952 51.837630 7.379550 PLAYER
288 203934 25.786600 44.487430 PLAYER
288 203488 60.932190 26.372270 PLAYER
300 -1 49.548900 6.798620 BALL
300 2755 28.067220 38.863100 PLAYER
300 203940 23.536020 19.948270 PLAYER
300 203897 43.304590 10.118920 PLAYER
300 203952 25.414470 33.174880 PLAYER
300 1626157 27.289530 25.958560 PLAYER
300 2594 33.717310 46.795580 PLAYER
300 200794 21.271520 19.031210 PLAYER
300 201952 50.451310 7.371100 PLAYER
300 203934 24.071540 44.712100 PLAYER
300 203488 59.153540 26.417360 PLAYER
312 -1 48.524120 8.451890 BALL
312 2755 28.138780 39.044900 PLAYER
312 203940 22.516750 20.250900 PLAYER
312 203897 41.756390 9.954880 PLAYER
312 203952 24.213650 33.555230 PLAYER
312 1626157 26.719140 25.899230 PLAYER
312 2594 33.255440 46.680890 PLAYER
312 200794 20.058240 19.220200 PLAYER
312 201952 49.187900 7.482270 PLAYER
312 203934 22.430310 44.924890 PLAYER
312 203488 57.379500 26.512840 PLAYER
324 -1 48.591990 7.905470 BALL
324 2755 28.252350 39.207720 PLAYER
324 203940 21.561280 20.620640 PLAYER
324 203897 40.264990 9.841880 PLAYER
324 203952 23.042220 33.962160 PLAYER
324 1626157 26.194080 25.892450 PLAYER
324 2594 32.853640 46.543500 PLAYER
324 200794 19.013790 19.525820 PLAYER
324 201952 47.978350 7.636560 PLAYER
324 203934 20.815470 45.137850 PLAYER
324 203488 55.564210 26.542770 PLAYER
336 -1 47.403320 8.240150 BALL
336 2755 28.333590 39.339660 PLAYER
336 203940 20.708530 21.039690 PLAYER
336 203897 38.853530 9.797790 PLAYER
336 203952 21.933380 34.358310 PLAYER
336 1626157 25.730380 25.897390 PLAYER
336 2594 32.539570 46.421760 PLAYER
336 200794 18.176120 19.950850 PLAYER
336 201952 46.807550 7.800020 PLAYER
336 203934 19.216740 45.345550 PLAYER
336 203488 53.768880 26.552920 PLAYER
348 -1 44.856000 8.820560 BALL
348 2755 28.426570 39.438680 PLAYER
348 203940 19.943320 21.497900 PLAYER
348 203897 37.528770 9.840370 PLAYER
348 203952 20.840630 34.654440 PLAYER
348 1626157 25.388540 25.864920 PLAYER
348 2594 32.312550 46.317170 PLAYER
348 200794 17.521330 20.464910 PLAYER
348 201952 45.705950 8.030340 PLAYER
348 203934 17.740770 45.537140 PLAYER
348 203488 52.049170 26.536350 PLAYER
360 -1 44.180430 9.271680 BALL
360 2755 28.509820 39.499890 PLAYER
360 203940 19.179020 21.958010 PLAYER
360 203897 36.305360 9.901300 PLAYER
360 203952 19.787980 34.897100 PLAYER
360 1626157 25.085360 25.843160 PLAYER
360 2594 32.107620 46.252220 PLAYER
360 200794 16.909950 21.008540 PLAYER
360 201952 44.679010 8.241180 PLAYER
360 203934 16.432480 45.694500 PLAYER
360 203488 50.436000 26.527420 PLAYER
372 -1 43.478970 9.519300 BALL
372 2755 28.621640 39.518160 PLAYER
372 203940 18.355100 22.400810 PLAYER
372 203897 35.214430 9.978230 PLAYER
372 203952 18.812620 35.105500 PLAYER
372 1626157 24.818120 25.776570 PLAYER
372 2594 31.958800 46.228510 PLAYER
372 200794 16.526570 21.436430 PLAYER
372 201952 43.715130 8.514000 PLAYER
372 203934 15.143220 45.830530 PLAYER
372 203488 48.860860 26.493250 PLAYER
384 -1 43.153620 9.820890 BALL
384 2755 28.767740 39.501580 PLAYER
384 203940 17.502170 22.893890 PLAYER
384 203897 34.254220 10.124750 PLAYER
384 203952 17.979330 35.247230 PLAYER
384 1626157 24.638030 25.672730 PLAYER
384 2594 31.855550 46.263260 PLAYER
384 200794 16.135880 21.846110 PLAYER
384 201952 42.833680 8.870210 PLAYER
384 203934 13.929550 45.927620 PLAYER
384 203488 47.328060 26.466690 PLAYER
396 -1 42.466760 10.025000 BALL
396 2755 28.979250 39.455900 PLAYER
396 203940 16.712040 23.367670 PLAYER
396 203897 33.441830 10.350580 PLAYER
396 203952 17.299030 35.319880 PLAYER
396 1626157 24.530990 25.568760 PLAYER
396 2594 31.803860 46.321770 PLAYER
396 200794 15.628980 22.194440 PLAYER
396 201952 41.973140 9.274360 PLAYER
396 203934 12.811200 45.996390 PLAYER
396 203488 45.786190 26.456510 PLAYER
408 -1 41.376110 10.496370 BALL
408 2755 29.173600 39.412090 PLAYER
408 203940 15.898070 23.770830 PLAYER
408 203897 32.742680 10.630940 PLAYER
408 203952 16.686950 35.378460 PLAYER
408 1626157 24.466710 25.494530 PLAYER
408 2594 31.792620 46.382460 PLAYER
408 200794 15.194820 22.445260 PLAYER
408 201952 41.156240 9.654650 PLAYER
408 203934 11.709940 46.092800 PLAYER
408 203488 44.327340 26.455650 PLAYER
420 -1 40.739140 12.669480 BALL
420 2755 29.347890 39.379210 PLAYER
420 203940 15.101080 24.162400 PLAYER
420 203897 32.112890 10.958830 PLAYER
420 203952 16.081330 35.412740 PLAYER
420 1626157 24.452740 25.463330 PLAYER
420 2594 31.798550 46.429810 PLAYER
420 200794 14.785480 22.641850 PLAYER
420 201952 40.350320 9.986580 PLAYER
420 203934 10.714630 46.197560 PLAYER
420 203488 42.951900 26.461000 PLAYER
432 -1 40.185310 15.526440 BALL
432 2755 29.474840 39.363510 PLAYER
432 203940 14.382690 24.406120 PLAYER
432 203897 31.519910 11.320200 PLAYER
432 203952 15.427550 35.437150 PLAYER
432 1626157 24.483680 25.484920 PLAYER
432 2594 31.779010 46.471410 PLAYER
432 200794 14.310660 22.808860 PLAYER
432 201952 39.576630 10.216700 PLAYER
432 203934 9.941930 46.300930 PLAYER
432 203488 41.619690 26.539160 PLAYER
444 -1 39.722840 18.683730 BALL
444 2755 29.575400 39.365220 PLAYER
444 203940 13.686370 24.550370 PLAYER
444 203897 30.945770 11.653270 PLAYER
444 203952 14.701340 35.450630 PLAYER
444 1626157 24.511380 25.563980 PLAYER
444 2594 31.762030 46.475150 PLAYER
444 200794 13.804700 22.896180 PLAYER
444 201952 38.818090 10.343450 PLAYER
444 203934 9.296280 46.399990 PLAYER
444 203488 40.436230 26.655120 PLAYER
456 -1 39.640200 21.099060 BALL
456 2755 29.649850 39.379790 PLAYER
456 203940 13.041030 24.565280 PLAYER
456 203897 30.322510 11.870420 PLAYER
456 203952 13.983700 35.472170 PLAYER
456 1626157 24.527460 25.677710 PLAYER
456 2594 31.731650 46.450690 PLAYER
456 200794 13.384270 22.973250 PLAYER
456 201952 38.134970 10.430000 PLAYER
456 203934 8.701780 46.458640 PLAYER
456 203488 39.358540 26.799420 PLAYER
468 -1 39.239840 23.947910 BALL
468 2755 29.693670 39.385370 PLAYER
468 203940 12.614040 24.357820 PLAYER
468 203897 29.649600 11.993630 PLAYER
468 203952 13.341200 35.502870 PLAYER
468 1626157 24.531170 25.790890 PLAYER
468 2594 31.692430 46.399430 PLAYER
468 200794 12.946310 23.083940 PLAYER
468 201952 37.513440 10.534460 PLAYER
468 203934 8.197710 46.520770 PLAYER
468 203488 38.347970 26.932070 PLAYER
480 -1 37.987930 25.276330 BALL
480 2755 29.712730 39.381950 PLAYER
480 203940 12.223060 24.154670 PLAYER
480 203897 28.961880 12.067560 PLAYER
480 203952 12.768810 35.553150 PLAYER
480 1626157 24.516750 25.895600 PLAYER
480 2594 31.665070 46.327170 PLAYER
480 200794 12.517680 23.134630 PLAYER
480 201952 36.918910 10.663180 PLAYER
480 203934 7.726850 46.569920 PLAYER
480 203488 37.361990 27.104960 PLAYER
492 -1 36.248160 25.916990 BALL
492 2755 29.691310 39.367070 PLAYER
492 203940 11.792460 24.120890 PLAYER
492 203897 28.255090 12.123960 PLAYER
492 203952 12.301030 35.600190 PLAYER
492 1626157 24.466770 25.984940 PLAYER
492 2594 31.623120 46.252360 PLAYER
492 200794 12.045930 23.113060 PLAYER
492 201952 36.307830 10.841300 PLAYER
492 203934 7.261670 46.596890 PLAYER
492 203488 36.477390 27.221130 PLAYER
504 -1 35.025580 26.279790 BALL
504 2755 29.623180 39.345310 PLAYER
504 203940 11.460060 24.130530 PLAYER
504 203897 27.545910 12.216860 PLAYER
504 203952 11.931110 35.714100 PLAYER
504 1626157 24.375530 26.053440 PLAYER
504 2594 31.590240 46.175680 PLAYER
504 200794 11.643670 23.098890 PLAYER
504 201952 35.721530 11.084350 PLAYER
504 203934 6.846080 46.626440 PLAYER
504 203488 35.631380 27.349640 PLAYER
516 -1 34.381430 26.930260 BALL
516 2755 29.550550 39.316190 PLAYER
516 203940 11.126860 24.207690 PLAYER
516 203897 26.862910 12.374080 PLAYER
516 203952 11.579950 35.885910 PLAYER
516 1626157 24.270920 26.118110 PLAYER
516 2594 31.547890 46.094360 PLAYER
516 200794 11.299150 23.051990 PLAYER
516 201952 35.143920 11.339360 PLAYER
516 203934 6.521190 46.687420 PLAYER
516 203488 34.888810 27.486840 PLAYER
528 -1 33.898960 27.634140 BALL
528 2755 29.495680 39.302910 PLAYER
528 203940 10.766930 24.447420 PLAYER
528 203897 26.249660 12.566560 PLAYER
528 203952 11.277170 36.123950 PLAYER
528 1626157 24.161410 26.199420 PLAYER
528 2594 31.467510 46.005980 PLAYER
528 200794 10.951510 22.959110 PLAYER
528 201952 34.562960 11.594570 PLAYER
528 203934 6.318860 46.723870 PLAYER
528 203488 34.249670 27.608840 PLAYER
540 -1 33.367050 28.149590 BALL
540 2755 29.447100 39.301340 PLAYER
540 203940 10.555610 24.615930 PLAYER
540 203897 25.718550 12.783260 PLAYER
540 203952 11.035640 36.385700 PLAYER
540 1626157 24.018930 26.305970 PLAYER
540 2594 31.345760 45.924250 PLAYER
540 200794 10.579680 22.910880 PLAYER
540 201952 34.015680 11.838020 PLAYER
540 203934 6.206390 46.748450 PLAYER
540 203488 33.800660 27.580560 PLAYER
552 -1 32.535460 28.100930 BALL
552 2755 29.427700 39.307430 PLAYER
552 203940 10.466530 24.598800 PLAYER
552 203897 25.285250 13.035130 PLAYER
552 203952 10.839750 36.680180 PLAYER
552 1626157 23.861480 26.424180 PLAYER
552 2594 31.198470 45.820340 PLAYER
552 200794 10.319370 22.896410 PLAYER
552 201952 33.531530 12.113260 PLAYER
552 203934 6.161000 46.768420 PLAYER
552 203488 33.497670 27.454060 PLAYER
564 -1 32.317510 27.644680 BALL
564 2755 29.419340 39.313440 PLAYER
564 203940 10.299060 24.472960 PLAYER
564 203897 24.939420 13.313730 PLAYER
564 203952 10.707100 36.930650 PLAYER
564 1626157 23.713310 26.536850 PLAYER
564 2594 30.995340 45.685850 PLAYER
564 200794 10.029490 22.805910 PLAYER
564 201952 33.211970 12.502810 PLAYER
564 203934 6.150650 46.785530 PLAYER
564 203488 33.330570 27.148050 PLAYER
576 -1 32.387200 26.665860 BALL
576 2755 29.365590 39.317380 PLAYER
576 203940 10.090150 24.278560 PLAYER
576 203897 24.731400 13.673440 PLAYER
576 203952 10.650710 37.131420 PLAYER
576 1626157 23.582810 26.611940 PLAYER
576 2594 30.711420 45.527080 PLAYER
576 200794 9.668060 22.619790 PLAYER
576 201952 33.032820 13.009940 PLAYER
576 203934 6.150670 46.799120 PLAYER
576 203488 33.233450 26.635980 PLAYER
588 -1 32.888360 25.323270 BALL
588 2755 29.233970 39.302920 PLAYER
588 203940 9.829310 24.109420 PLAYER
588 203897 24.681310 14.100630 PLAYER
588 203952 10.589410 37.277410 PLAYER
588 1626157 23.462480 26.619340 PLAYER
588 2594 30.383980 45.332010 PLAYER
588 200794 9.280970 22.381620 PLAYER
588 201952 32.984300 13.627440 PLAYER
588 203934 6.161820 46.831430 PLAYER
588 203488 33.163830 26.018800 PLAYER
600 -1 33.555850 23.810290 BALL
600 2755 29.006500 39.239540 PLAYER
600 203940 9.475660 23.854030 PLAYER
600 203897 24.740280 14.557210 PLAYER
600 203952 10.504280 37.368470 PLAYER
600 1626157 23.391360 26.517300 PLAYER
600 2594 30.001380 45.074970 PLAYER
600 200794 8.928430 22.070240 PLAYER
600 201952 33.056870 14.374230 PLAYER
600 203934 6.182810 46.860870 PLAYER
600 203488 33.037640 25.330600 PLAYER
612 -1 34.103510 22.771410 BALL
612 2755 28.696230 39.119120 PLAYER
612 203940 9.197040 23.559880 PLAYER
612 203897 24.944780 15.043640 PLAYER
612 203952 10.407620 37.438540 PLAYER
612 1626157 23.362390 26.304200 PLAYER
612 2594 29.546530 44.726780 PLAYER
612 200794 8.476030 21.797800 PLAYER
612 201952 33.250300 15.201480 PLAYER
612 203934 6.201860 46.889430 PLAYER
612 203488 32.752410 24.577000 PLAYER
624 -1 34.449830 22.619320 BALL
624 2755 28.287830 38.958620 PLAYER
624 203940 8.998840 23.269180 PLAYER
624 203897 25.319360 15.569120 PLAYER
624 203952 10.281510 37.526900 PLAYER
624 1626157 23.351790 26.005610 PLAYER
624 2594 29.025550 44.308560 PLAYER
624 200794 7.951340 21.636540 PLAYER
624 201952 33.368810 16.046110 PLAYER
624 203934 6.226080 46.907890 PLAYER
624 203488 32.313790 23.813540 PLAYER
636 -1 34.206570 21.867080 BALL
636 2755 27.774370 38.752580 PLAYER
636 203940 8.881840 23.028660 PLAYER
636 203897 25.822180 16.211580 PLAYER
636 203952 10.119920 37.626410 PLAYER
636 1626157 23.340940 25.617540 PLAYER
636 2594 28.574010 43.901400 PLAYER
636 200794 7.315030 21.545760 PLAYER
636 201952 33.500880 16.874760 PLAYER
636 203934 6.262850 46.900630 PLAYER
636 203488 31.780700 23.081430 PLAYER
648 -1 34.270430 20.691060 BALL
648 2755 27.265550 38.486650 PLAYER
648 203940 8.815990 22.829750 PLAYER
648 203897 26.321490 16.985930 PLAYER
648 203952 9.982210 37.728690 PLAYER
648 1626157 23.296970 25.135740 PLAYER
648 2594 28.153890 43.560510 PLAYER
648 200794 6.590300 21.443500 PLAYER
648 201952 33.630120 17.646000 PLAYER
648 203934 6.291850 46.857410 PLAYER
648 203488 31.239170 22.265220 PLAYER
660 -1 34.368250 19.616300 BALL
660 2755 26.779810 38.181790 PLAYER
660 203940 8.740230 22.742580 PLAYER
660 203897 26.790480 17.886340 PLAYER
660 203952 9.894470 37.824400 PLAYER
660 1626157 23.213530 24.592740 PLAYER
660 2594 27.754800 43.334670 PLAYER
660 200794 5.816850 21.546750 PLAYER
660 201952 33.745660 18.416570 PLAYER
660 203934 6.311810 46.787450 PLAYER
660 203488 30.650990 21.482610 PLAYER
672 -1 34.300640 19.975340 BALL
672 2755 26.258920 37.864580 PLAYER
672 203940 8.540520 22.803800 PLAYER
672 203897 27.238190 18.805270 PLAYER
672 203952 9.843080 37.884450 PLAYER
672 1626157 23.064950 24.004660 PLAYER
672 2594 27.445280 43.296300 PLAYER
672 200794 5.073350 21.876640 PLAYER
672 201952 33.768310 19.251910 PLAYER
672 203934 6.304830 46.678530 PLAYER
672 203488 30.155510 20.747050 PLAYER
684 -1 34.237780 20.787970 BALL
684 2755 25.751950 37.535480 PLAYER
684 203940 8.275090 23.009470 PLAYER
684 203897 27.577180 19.671200 PLAYER
684 203952 9.840120 37.899120 PLAYER
684 1626157 22.837360 23.395040 PLAYER
684 2594 27.243100 43.420750 PLAYER
684 200794 4.416230 22.441380 PLAYER
684 201952 33.797750 20.047900 PLAYER
684 203934 6.301170 46.546800 PLAYER
684 203488 29.671830 20.094280 PLAYER
696 -1 34.163100 21.930660 BALL
696 2755 25.386490 37.224960 PLAYER
696 203940 7.919980 23.298170 PLAYER
696 203897 27.778610 20.401710 PLAYER
696 203952 9.849670 37.883650 PLAYER
696 1626157 22.564540 22.773950 PLAYER
696 2594 27.074710 43.650030 PLAYER
696 200794 3.893400 23.101710 PLAYER
696 201952 33.752390 20.778300 PLAYER
696 203934 6.322300 46.418230 PLAYER
696 203488 29.263660 19.619850 PLAYER
708 -1 34.368690 22.720450 BALL
708 2755 25.101440 36.983300 PLAYER
708 203940 7.505870 23.650500 PLAYER
708 203897 27.880950 20.960930 PLAYER
708 203952 9.846090 37.841760 PLAYER
708 1626157 22.325830 22.177180 PLAYER
708 2594 27.016220 43.979600 PLAYER
708 200794 3.494050 23.954030 PLAYER
708 201952 33.639770 21.469140 PLAYER
708 203934 6.248000 46.277960 PLAYER
708 203488 28.848100 19.333600 PLAYER
720 -1 34.387490 22.477510 BALL
720 2755 24.896290 36.829980 PLAYER
720 203940 7.087780 24.163160 PLAYER
720 203897 28.012240 21.376190 PLAYER
720 203952 9.827780 37.788900 PLAYER
720 1626157 22.183580 21.597500 PLAYER
720 2594 27.081530 44.364200 PLAYER
720 200794 3.163480 24.870200 PLAYER
720 201952 33.455130 22.206800 PLAYER
720 203934 6.170350 46.173980 PLAYER
720 203488 28.389060 19.072870 PLAYER
732 -1 33.980750 22.515270 BALL
732 2755 24.820570 36.769040 PLAYER
732 203940 6.720760 24.791890 PLAYER
732 203897 28.181280 21.669710 PLAYER
732 203952 9.787630 37.744300 PLAYER
732 1626157 22.137870 21.073620 PLAYER
732 2594 27.206740 44.754280 PLAYER
732 200794 2.928080 25.759910 PLAYER
732 201952 33.408820 22.742290 PLAYER
732 203934 6.112700 46.128120 PLAYER
732 203488 27.785300 18.816710 PLAYER
744 -1 33.418580 22.773380 BALL
744 2755 24.866910 36.799890 PLAYER
744 203940 6.445530 25.513180 PLAYER
744 203897 28.375760 21.923050 PLAYER
744 203952 9.748740 37.665810 PLAYER
744 1626157 22.269470 20.552040 PLAYER
744 2594 27.337750 45.149050 PLAYER
744 200794 2.796020 26.575950 PLAYER
744 201952 33.425990 23.147910 PLAYER
744 203934 6.047520 46.122610 PLAYER
744 203488 27.343120 18.643850 PLAYER
756 -1 32.927640 23.074320 BALL
756 2755 24.923310 36.933820 PLAYER
756 203940 6.290570 26.294770 PLAYER
756 203897 28.617910 22.133010 PLAYER
756 203952 9.755740 37.527430 PLAYER
756 1626157 22.478130 20.055280 PLAYER
756 2594 27.407570 45.538350 PLAYER
756 200794 2.743220 27.482270 PLAYER
756 201952 33.477440 23.612310 PLAYER
756 203934 5.973790 46.154110 PLAYER
756 203488 26.821870 18.419120 PLAYER
768 -1 32.725840 23.253790 BALL
768 2755 24.968070 37.157090 PLAYER
768 203940 6.203760 27.080460 PLAYER
768 203897 28.930520 22.320180 PLAYER
768 203952 9.806850 37.337770 PLAYER
768 1626157 22.731530 19.551720 PLAYER
768 2594 27.393280 45.914340 PLAYER
768 200794 2.830770 28.446260 PLAYER
768 201952 33.616510 24.028600 PLAYER
768 203934 6.027330 46.211440 PLAYER
768 203488 26.278730 18.231740 PLAYER
780 -1 33.968310 24.837320 BALL
780 2755 24.986710 37.453030 PLAYER
780 203940 6.205490 27.774580 PLAYER
780 203897 29.267440 22.482700 PLAYER
780 203952 9.890310 37.122980 PLAYER
780 1626157 22.976620 19.182200 PLAYER
780 2594 27.320620 46.289710 PLAYER
780 200794 3.036910 29.366260 PLAYER
780 201952 33.832220 24.256590 PLAYER
780 203934 6.126870 46.232740 PLAYER
780 203488 25.852140 18.081370 PLAYER
792 -1 34.354150 25.311910 BALL
792 2755 24.989700 37.803620 PLAYER
792 203940 6.265720 28.372890 PLAYER
792 203897 29.545930 22.615390 PLAYER
792 203952 9.967390 36.880900 PLAYER
792 1626157 23.214040 18.827310 PLAYER
792 2594 27.198310 46.662520 PLAYER
792 200794 3.297350 30.242180 PLAYER
792 201952 33.933600 24.465820 PLAYER
792 203934 6.139080 46.300950 PLAYER
792 203488 25.738050 18.002990 PLAYER
804 -1 33.503950 24.995270 BALL
804 2755 24.949870 38.203670 PLAYER
804 203940 6.272550 28.950280 PLAYER
804 203897 29.837730 22.707090 PLAYER
804 203952 9.972000 36.679770 PLAYER
804 1626157 23.333010 18.580840 PLAYER
804 2594 27.067030 47.034180 PLAYER
804 200794 3.602770 31.040120 PLAYER
804 201952 33.948770 24.628550 PLAYER
804 203934 6.129690 46.360620 PLAYER
804 203488 25.504610 17.913960 PLAYER
816 -1 33.191420 25.202110 BALL
816 2755 24.894710 38.586420 PLAYER
816 203940 6.270400 29.437860 PLAYER
816 203897 29.985500 22.755110 PLAYER
816 203952 9.884460 36.536510 PLAYER
816 1626157 23.431540 18.472540 PLAYER
816 2594 26.990520 47.346440 PLAYER
816 200794 4.027090 31.736490 PLAYER
816 201952 33.802990 24.781830 PLAYER
816 203934 6.079580 46.416160 PLAYER
816 203488 25.446600 17.877550 PLAYER
828 -1 32.807430 25.767000 BALL
828 2755 24.852710 38.934370 PLAYER
828 203940 6.318680 29.863700 PLAYER
828 203897 29.992300 22.854210 PLAYER
828 203952 9.725040 36.427810 PLAYER
828 1626157 23.565500 18.567990 PLAYER
828 2594 26.964010 47.575100 PLAYER
828 200794 4.476300 32.379450 PLAYER
828 201952 33.389100 25.044220 PLAYER
828 203934 5.900900 46.531470 PLAYER
828 203488 25.601500 17.790840 PLAYER
840 -1 32.545060 26.735620 BALL
840 2755 24.826910 39.250500 PLAYER
840 203940 6.448070 30.123200 PLAYER
840 203897 29.843530 23.018930 PLAYER
840 203952 9.502860 36.332290 PLAYER
840 1626157 23.483360 18.615460 PLAYER
840 2594 26.966720 47.707870 PLAYER
840 200794 4.971450 32.983670 PLAYER
840 201952 32.698680 25.396100 PLAYER
840 203934 5.641540 46.704370 PLAYER
840 203488 25.742580 17.771910 PLAYER
852 -1 31.914040 27.506310 BALL
852 2755 24.782200 39.535740 PLAYER
852 203940 6.717040 30.202840 PLAYER
852 203897 29.386930 23.195840 PLAYER
852 203952 9.290870 36.209260 PLAYER
852 1626157 23.357990 18.715750 PLAYER
852 2594 27.006700 47.767330 PLAYER
852 200794 5.542860 33.514730 PLAYER
852 201952 31.744380 25.863460 PLAYER
852 203934 5.458240 46.817320 PLAYER
852 203488 25.753680 17.838770 PLAYER
864 -1 30.969400 28.134130 BALL
864 2755 24.703190 39.788780 PLAYER
864 203940 7.117190 30.052860 PLAYER
864 203897 28.566910 23.443370 PLAYER
864 203952 9.062110 36.151830 PLAYER
864 1626157 23.202820 18.890780 PLAYER
864 2594 27.054530 47.768830 PLAYER
864 200794 6.113330 34.029460 PLAYER
864 201952 30.463200 26.409920 PLAYER
864 203934 5.293590 46.940070 PLAYER
864 203488 25.779210 17.983970 PLAYER
876 -1 28.726870 28.368060 BALL
876 2755 24.591910 40.030180 PLAYER
876 203940 7.570540 29.861290 PLAYER
876 203897 27.448830 23.752190 PLAYER
876 203952 8.923190 36.122240 PLAYER
876 1626157 22.970680 19.098840 PLAYER
876 2594 27.075390 47.758630 PLAYER
876 200794 6.690490 34.471420 PLAYER
876 201952 29.054600 26.851340 PLAYER
876 203934 5.176370 47.067580 PLAYER
876 203488 25.566610 17.928590 PLAYER
888 -1 26.808100 28.806140 BALL
888 2755 24.446600 40.243850 PLAYER
888 203940 8.080900 29.502420 PLAYER
888 203897 26.334880 24.050580 PLAYER
888 203952 8.845550 36.088450 PLAYER
888 1626157 22.579000 19.152460 PLAYER
888 2594 27.050430 47.758850 PLAYER
888 200794 7.272800 34.781140 PLAYER
888 201952 27.451700 27.048810 PLAYER
888 203934 5.169130 47.159740 PLAYER
888 203488 25.094940 17.859950 PLAYER
900 -1 24.707490 29.104120 BALL
900 2755 24.304030 40.413500 PLAYER
900 203940 8.582410 29.060810 PLAYER
900 203897 24.908960 24.353610 PLAYER
900 203952 8.881390 36.091350 PLAYER
900 1626157 22.102820 19.215310 PLAYER
900 2594 26.994020 47.735660 PLAYER
900 200794 7.768430 34.994150 PLAYER
900 201952 25.723180 26.799430 PLAYER
900 203934 5.256480 47.247420 PLAYER
900 203488 24.471710 17.679920 PLAYER
912 -1 23.539370 29.289420 BALL
912 2755 24.189720 40.535470 PLAYER
912 203940 9.034960 28.594420 PLAYER
912 203897 23.357910 24.733720 PLAYER
912 203952 9.158080 36.245580 PLAYER
912 1626157 21.381440 19.281590 PLAYER
912 2594 26.916650 47.648730 PLAYER
912 200794 8.125840 35.283500 PLAYER
912 201952 23.899170 26.471450 PLAYER
912 203934 5.413630 47.354190 PLAYER
912 203488 23.508290 17.336120 PLAYER
924 -1 21.705410 29.298170 BALL
924 2755 24.143390 40.557410 PLAYER
924 203940 9.504140 28.003560 PLAYER
924 203897 21.841460 24.941550 PLAYER
924 203952 9.705310 36.265010 PLAYER
924 1626157 20.605470 19.254400 PLAYER
924 2594 26.837710 47.492990 PLAYER
924 200794 8.383840 35.484290 PLAYER
924 201952 22.142480 26.259750 PLAYER
924 203934 5.595740 47.450590 PLAYER
924 203488 22.482440 16.839880 PLAYER
936 -1 19.686120 28.609610 BALL
936 2755 24.191320 40.479800 PLAYER
936 203940 9.950510 27.331230 PLAYER
936 203897 20.457460 25.046300 PLAYER
936 203952 10.369650 36.178370 PLAYER
936 1626157 19.828220 19.133200 PLAYER
936 2594 26.814180 47.220300 PLAYER
936 200794 8.473310 35.663680 PLAYER
936 201952 20.427230 26.087720 PLAYER
936 203934 5.745380 47.532350 PLAYER
936 203488 21.605780 16.493320 PLAYER
948 -1 18.193980 27.973520 BALL
948 2755 24.317380 40.343410 PLAYER
948 203940 10.336170 26.802260 PLAYER
948 203897 18.825270 25.035630 PLAYER
948 203952 11.110230 36.188200 PLAYER
948 1626157 19.015960 19.103880 PLAYER
948 2594 26.864090 46.815010 PLAYER
948 200794 8.294870 35.753880 PLAYER
948 201952 18.980700 26.018420 PLAYER
948 203934 5.858390 47.593890 PLAYER
948 203488 20.582530 16.091110 PLAYER
960 -1 17.260640 27.867280 BALL
960 2755 24.488370 40.156340 PLAYER
960 203940 10.668910 26.414490 PLAYER
960 203897 17.296420 24.848520 PLAYER
960 203952 11.879810 36.166850 PLAYER
960 1626157 18.215590 19.000520 PLAYER
960 2594 26.962150 46.380060 PLAYER
960 200794 7.999360 35.791010 PLAYER
960 201952 17.919700 26.331970 PLAYER
960 203934 5.914580 47.623950 PLAYER
960 203488 19.425980 15.652010 PLAYER
972 -1 16.882730 27.988970 BALL
972 2755 24.672340 39.925450 PLAYER
972 203940 10.845370 26.358840 PLAYER
972 203897 15.916680 24.623360 PLAYER
972 203952 12.412320 36.039410 PLAYER
972 1626157 17.549320 19.132070 PLAYER
972 2594 27.115740 45.926570 PLAYER
972 200794 7.609260 35.551070 PLAYER
972 201952 17.224100 26.671730 PLAYER
972 203934 5.913680 47.614990 PLAYER
972 203488 18.468770 15.144130 PLAYER
984 -1 16.520540 28.232240 BALL
984 2755 24.821970 39.694560 PLAYER
984 203940 10.769140 26.617860 PLAYER
984 203897 14.614560 24.558350 PLAYER
984 203952 12.710330 36.019050 PLAYER
984 1626157 16.815770 19.213580 PLAYER
984 2594 27.303450 45.438040 PLAYER
984 200794 7.134130 35.210040 PLAYER
984 201952 16.776540 26.953820 PLAYER
984 203934 5.905010 47.593870 PLAYER
984 203488 17.470620 14.617650 PLAYER
996 -1 16.094450 28.072500 BALL
996 2755 24.922540 39.462150 PLAYER
996 203940 10.651600 26.974450 PLAYER
996 203897 13.491180 24.611930 PLAYER
996 203952 12.787790 36.049880 PLAYER
996 1626157 16.038650 19.355210 PLAYER
996 2594 27.509550 44.922230 PLAYER
996 200794 6.559470 34.774370 PLAYER
996 201952 16.541910 27.230890 PLAYER
996 203934 5.927460 47.571490 PLAYER
996 203488 16.193970 13.990670 PLAYER
1008 -1 15.417620 28.471710 BALL
1008 2755 25.010840 39.200010 PLAYER
1008 203940 10.450460 27.461410 PLAYER
1008 203897 12.701400 24.746590 PLAYER
1008 203952 12.759020 36.033440 PLAYER
1008 1626157 15.257980 19.550440 PLAYER
1008 2594 27.763450 44.389930 PLAYER
1008 200794 5.991770 34.326660 PLAYER
1008 201952 16.441340 27.560480 PLAYER
1008 203934 6.002360 47.529140 PLAYER
1008 203488 14.887630 13.340630 PLAYER
1020 -1 15.585390 28.804970 BALL
1020 2755 25.093260 38.919630 PLAYER
1020 203940 10.098440 28.166390 PLAYER
1020 203897 12.251620 25.042310 PLAYER
1020 203952 12.575430 36.003600 PLAYER
1020 1626157 14.643000 19.955540 PLAYER
1020 2594 28.052780 43.810600 PLAYER
1020 200794 5.413810 33.833820 PLAYER
1020 201952 16.344170 27.886180 PLAYER
1020 203934 6.142290 47.435570 PLAYER
1020 203488 13.689640 12.653150 PLAYER
1032 -1 15.382260 29.031300 BALL
1032 2755 25.169060 38.621870 PLAYER
1032 203940 9.719480 28.719830 PLAYER
1032 203897 12.050010 25.418140 PLAYER
1032 203952 12.335440 35.925260 PLAYER
1032 1626157 13.911340 20.091430 PLAYER
1032 2594 28.362550 43.233140 PLAYER
1032 200794 4.867980 33.340930 PLAYER
1032 201952 16.295590 28.174990 PLAYER
1032 203934 6.419450 47.324050 PLAYER
1032 203488 12.501860 11.968690 PLAYER
1044 -1 15.689720 28.928690 BALL
1044 2755 25.246670 38.316170 PLAYER
1044 203940 9.361360 29.210250 PLAYER
1044 203897 12.035090 25.820000 PLAYER
1044 203952 12.102620 35.789530 PLAYER
1044 1626157 13.251350 20.313630 PLAYER
1044 2594 28.695030 42.629460 PLAYER
1044 200794 4.341850 32.795440 PLAYER
1044 201952 16.342740 28.388320 PLAYER
1044 203934 6.917200 47.243490 PLAYER
1044 203488 11.387410 11.232930 PLAYER
1056 -1 16.042240 28.976990 BALL
1056 2755 25.330570 38.008140 PLAYER
1056 203940 8.837050 29.734580 PLAYER
1056 203897 12.228280 26.217280 PLAYER
1056 203952 11.915420 35.693900 PLAYER
1056 1626157 12.589960 20.481950 PLAYER
1056 2594 29.029690 42.001370 PLAYER
1056 200794 3.928200 32.295880 PLAYER
1056 201952 16.401240 28.513670 PLAYER
1056 203934 7.598420 47.163720 PLAYER
1056 203488 10.488290 10.487660 PLAYER
1068 -1 16.573650 29.525170 BALL
1068 2755 25.428120 37.696270 PLAYER
1068 203940 8.265000 30.048930 PLAYER
1068 203897 12.528800 26.625760 PLAYER
1068 203952 11.738740 35.577950 PLAYER
1068 1626157 11.936140 20.561710 PLAYER
1068 2594 29.397000 41.371780 PLAYER
1068 200794 3.650750 31.953450 PLAYER
1068 201952 16.532500 28.679670 PLAYER
1068 203934 8.513480 47.066560 PLAYER
1068 203488 9.809980 9.754130 PLAYER
1080 -1 17.432540 29.747210 BALL
1080 2755 25.515960 37.383540 PLAYER
1080 203940 7.676150 30.016690 PLAYER
1080 203897 12.847880 27.039390 PLAYER
1080 203952 11.601290 35.663120 PLAYER
1080 1626157 11.262700 20.483470 PLAYER
1080 2594 29.785640 40.706330 PLAYER
1080 200794 3.507840 31.760870 PLAYER
1080 201952 16.713370 28.808360 PLAYER
1080 203934 9.611730 46.998800 PLAYER
1080 203488 9.340600 9.071200 PLAYER
1092 -1 17.612120 31.611610 BALL
1092 2755 25.624970 37.041660 PLAYER
1092 203940 7.138790 29.860040 PLAYER
1092 203897 13.224180 27.444990 PLAYER
1092 203952 11.506690 35.815260 PLAYER
1092 1626157 10.783480 20.361510 PLAYER
1092 2594 30.174020 40.004760 PLAYER
1092 200794 3.489340 31.802550 PLAYER
1092 201952 16.858000 28.914140 PLAYER
1092 203934 10.820450 46.946460 PLAYER
1092 203488 9.072660 8.437680 PLAYER
1104 -1 17.618380 35.205470 BALL
1104 2755 25.800890 36.664520 PLAYER
1104 203940 6.722520 29.550030 PLAYER
1104 203897 13.715170 27.826250 PLAYER
1104 203952 11.441180 36.322160 PLAYER
1104 1626157 10.355490 20.108570 PLAYER
1104 2594 30.616140 39.278810 PLAYER
1104 200794 3.620660 32.037050 PLAYER
1104 201952 17.026390 29.015020 PLAYER
1104 203934 12.099090 46.892680 PLAYER
1104 203488 9.038970 7.888650 PLAYER
1116 -1 17.593670 38.690470 BALL
1116 2755 26.054700 36.286350 PLAYER
1116 203940 6.476600 29.193110 PLAYER
1116 203897 14.188830 28.176690 PLAYER
1116 203952 11.474320 36.949690 PLAYER
1116 1626157 10.000570 19.759460 PLAYER
1116 2594 31.124050 38.535910 PLAYER
1116 200794 3.899560 32.407400 PLAYER
1116 201952 17.384670 29.168820 PLAYER
1116 203934 13.361990 46.781240 PLAYER
1116 203488 9.230490 7.410150 PLAYER
1128 -1 17.515030 41.136500 BALL
1128 2755 26.331690 35.878430 PLAYER
1128 203940 6.280490 29.010540 PLAYER
1128 203897 14.646030 28.488240 PLAYER
1128 203952 11.640640 37.667080 PLAYER
1128 1626157 9.746800 19.329630 PLAYER
1128 2594 31.610040 37.705520 PLAYER
1128 200794 4.299980 32.767990 PLAYER
1128 201952 17.967060 29.303150 PLAYER
1128 203934 14.590880 46.645250 PLAYER
1128 203488 9.637160 7.014190 PLAYER
1140 -1 17.324380 42.971200 BALL
1140 2755 26.615310 35.410050 PLAYER
1140 203940 6.214210 29.160280 PLAYER
1140 203897 15.153440 28.714470 PLAYER
1140 203952 11.930940 38.263750 PLAYER
1140 1626157 9.576470 18.840650 PLAYER
1140 2594 32.084210 36.826550 PLAYER
1140 200794 4.773830 33.069410 PLAYER
1140 201952 18.700350 29.407360 PLAYER
1140 203934 15.819650 46.450640 PLAYER
1140 203488 10.212060 6.689850 PLAYER
1152 -1 17.272410 44.981100 BALL
1152 2755 26.904380 34.906290 PLAYER
1152 203940 6.212270 29.463880 PLAYER
1152 203897 15.727400 28.838030 PLAYER
1152 203952 12.426750 38.821120 PLAYER
1152 1626157 9.434370 18.354360 PLAYER
1152 2594 32.586010 35.896730 PLAYER
1152 200794 5.257690 33.311120 PLAYER
1152 201952 19.601680 29.519830 PLAYER
1152 203934 16.999470 46.211190 PLAYER
1152 203488 10.937850 6.441740 PLAYER
1164 -1 18.279890 45.297380 BALL
1164 2755 27.185180 34.355430 PLAYER
1164 203940 6.252330 29.999740 PLAYER
1164 203897 16.317690 28.868620 PLAYER
1164 203952 13.104620 39.078350 PLAYER
1164 1626157 9.315040 17.923640 PLAYER
1164 2594 33.071410 34.911670 PLAYER
1164 200794 5.740640 33.630090 PLAYER
1164 201952 20.627990 29.634730 PLAYER
1164 203934 18.042750 45.870680 PLAYER
1164 203488 11.700670 6.229690 PLAYER
1176 -1 19.611420 44.974720 BALL
1176 2755 27.416960 33.716980 PLAYER
1176 203940 6.530440 30.651700 PLAYER
1176 203897 16.917970 28.839370 PLAYER
1176 203952 13.834830 39.259240 PLAYER
1176 1626157 9.208260 17.574730 PLAYER
1176 2594 33.494950 33.849190 PLAYER
1176 200794 6.239050 33.748220 PLAYER
1176 201952 21.619420 29.790960 PLAYER
1176 203934 19.070100 45.475710 PLAYER
1176 203488 12.447330 6.060000 PLAYER
1188 -1 20.395930 44.622500 BALL
1188 2755 27.608330 33.032480 PLAYER
1188 203940 6.967900 31.258060 PLAYER
1188 203897 17.584350 28.817260 PLAYER
1188 203952 14.623480 39.321850 PLAYER
1188 1626157 9.113590 17.316670 PLAYER
1188 2594 33.888650 32.766420 PLAYER
1188 200794 6.709480 33.880890 PLAYER
1188 201952 22.451820 29.912150 PLAYER
1188 203934 19.967470 45.085140 PLAYER
1188 203488 13.131530 5.939440 PLAYER
1200 -1 21.251920 43.550960 BALL
1200 2755 27.784640 32.366790 PLAYER
1200 203940 7.476040 31.804300 PLAYER
1200 203897 18.278050 28.831400 PLAYER
1200 203952 15.456670 39.309920 PLAYER
1200 1626157 9.031630 17.139170 PLAYER
1200 2594 34.269880 31.643390 PLAYER
1200 200794 7.229510 34.059520 PLAYER
1200 201952 23.207190 30.074090 PLAYER
1200 203934 20.699080 44.777950 PLAYER
1200 203488 13.766030 5.914500 PLAYER
1212 -1 21.663230 43.514360 BALL
1212 2755 27.944990 31.636260 PLAYER
1212 203940 8.152350 32.250510 PLAYER
1212 203897 18.982990 28.878360 PLAYER
1212 203952 16.170950 39.362040 PLAYER
1212 1626157 8.996850 17.012930 PLAYER
1212 2594 34.616780 30.452360 PLAYER
1212 200794 7.791900 34.231900 PLAYER
1212 201952 23.885670 30.220010 PLAYER
1212 203934 21.296700 44.529090 PLAYER
1212 203488 14.269260 5.903660 PLAYER
1224 -1 21.658680 43.680940 BALL
1224 2755 28.008490 30.887660 PLAYER
1224 203940 8.913480 32.747840 PLAYER
1224 203897 19.698690 28.951850 PLAYER
1224 203952 16.774720 39.367220 PLAYER
1224 1626157 9.031810 16.885420 PLAYER
1224 2594 34.902140 29.214670 PLAYER
1224 200794 8.341090 34.318640 PLAYER
1224 201952 24.641540 30.466990 PLAYER
1224 203934 21.715780 44.358100 PLAYER
1224 203488 14.571710 5.896380 PLAYER
1236 -1 21.681030 44.015020 BALL
1236 2755 28.026380 30.065280 PLAYER
1236 203940 9.571390 33.258360 PLAYER
1236 203897 20.453510 29.051910 PLAYER
1236 203952 17.319930 39.326460 PLAYER
1236 1626157 9.132330 16.736410 PLAYER
1236 2594 35.155010 27.980150 PLAYER
1236 200794 8.822230 34.532660 PLAYER
1236 201952 25.418500 30.569340 PLAYER
1236 203934 21.906540 44.304180 PLAYER
1236 203488 14.695880 5.918320 PLAYER
1248 -1 20.983240 44.315340 BALL
1248 2755 28.051390 29.238520 PLAYER
1248 203940 10.216170 33.835420 PLAYER
1248 203897 21.210530 29.115870 PLAYER
1248 203952 17.698980 39.366360 PLAYER
1248 1626157 9.289720 16.551000 PLAYER
1248 2594 35.317930 26.709960 PLAYER
1248 200794 9.284400 34.751090 PLAYER
1248 201952 26.012810 30.701830 PLAYER
1248 203934 21.956450 44.310790 PLAYER
1248 203488 14.642320 5.935360 PLAYER
1260 -1 20.617510 44.988060 BALL
1260 2755 28.052300 28.372150 PLAYER
1260 203940 10.893940 34.332720 PLAYER
1260 203897 21.949080 29.141790 PLAYER
1260 203952 17.887110 39.499070 PLAYER
1260 1626157 9.480490 16.379230 PLAYER
1260 2594 35.337680 25.391780 PLAYER
1260 200794 9.635300 35.044170 PLAYER
1260 201952 26.586820 30.834050 PLAYER
1260 203934 21.903550 44.317710 PLAYER
1260 203488 14.380880 5.943260 PLAYER
1272 -1 20.301240 45.076490 BALL
1272 2755 27.958340 27.538750 PLAYER
1272 203940 11.387150 34.958470 PLAYER
1272 203897 22.635610 29.166480 PLAYER
1272 203952 17.979520 39.577030 PLAYER
1272 1626157 9.657560 16.232100 PLAYER
1272 2594 35.203570 24.047790 PLAYER
1272 200794 9.898550 35.442980 PLAYER
1272 201952 27.189270 30.973650 PLAYER
1272 203934 21.777560 44.303180 PLAYER
1272 203488 13.905390 6.023780 PLAYER
1284 -1 21.628370 45.689450 BALL
1284 2755 27.759880 26.651630 PLAYER
1284 203940 11.689880 35.492110 PLAYER
1284 203897 23.309630 29.192020 PLAYER
1284 203952 17.970220 39.717280 PLAYER
1284 1626157 9.802400 16.143870 PLAYER
1284 2594 34.957170 22.728860 PLAYER
1284 200794 10.164990 35.962300 PLAYER
1284 201952 27.658390 31.032470 PLAYER
1284 203934 21.668080 44.255690 PLAYER
1284 203488 13.313010 6.156640 PLAYER
1296 -1 21.636150 45.923960 BALL
1296 2755 27.527600 25.818010 PLAYER
1296 203940 11.713430 36.019380 PLAYER
1296 203897 23.889020 29.249810 PLAYER
1296 203952 17.844810 39.915930 PLAYER
1296 1626157 9.910000 16.126210 PLAYER
1296 2594 34.574600 21.398940 PLAYER
1296 200794 10.493780 36.702230 PLAYER
1296 201952 28.095950 31.188620 PLAYER
1296 203934 21.612050 44.172230 PLAYER
1296 203488 12.693200 6.350170 PLAYER
1308 -1 21.680250 45.288720 BALL
1308 2755 27.218460 24.990320 PLAYER
1308 203940 11.824300 36.635730 PLAYER
1308 203897 24.371780 29.350490 PLAYER
1308 203952 17.697520 40.025370 PLAYER
1308 1626157 9.944160 16.181620 PLAYER
1308 2594 34.093030 20.089360 PLAYER
1308 200794 10.616870 37.372630 PLAYER
1308 201952 28.669030 31.287520 PLAYER
1308 203934 21.585490 44.065410 PLAYER
1308 203488 12.026960 6.617200 PLAYER
1320 -1 21.443380 44.939810 BALL
1320 2755 26.860240 24.180630 PLAYER
1320 203940 11.984430 37.319260 PLAYER
1320 203897 24.780330 29.446750 PLAYER
1320 203952 17.568280 39.929670 PLAYER
1320 1626157 9.909610 16.279850 PLAYER
1320 2594 33.526150 18.842350 PLAYER
1320 200794 10.742310 37.912950 PLAYER
1320 201952 29.267730 31.350390 PLAYER
1320 203934 21.515510 43.848810 PLAYER
1320 203488 11.272980 6.898730 PLAYER
1332 -1 21.116600 44.536250 BALL
1332 2755 26.473930 23.399020 PLAYER
1332 203940 12.217920 38.035090 PLAYER
1332 203897 25.145120 29.489600 PLAYER
1332 203952 17.469380 39.786890 PLAYER
1332 1626157 9.803400 16.385740 PLAYER
1332 2594 32.906020 17.692660 PLAYER
1332 200794 10.912280 38.393590 PLAYER
1332 201952 29.865270 31.332910 PLAYER
1332 203934 21.381090 43.458960 PLAYER
1332 203488 10.522870 7.220720 PLAYER
1344 -1 20.738240 42.747820 BALL
1344 2755 26.124920 22.672080 PLAYER
1344 203940 12.593700 38.783850 PLAYER
1344 203897 25.457050 29.495290 PLAYER
1344 203952 17.443990 39.553560 PLAYER
1344 1626157 9.599380 16.477010 PLAYER
1344 2594 32.246430 16.601380 PLAYER
1344 200794 11.069080 38.778180 PLAYER
1344 201952 30.449280 31.257360 PLAYER
1344 203934 21.248530 42.873250 PLAYER
1344 203488 9.830510 7.684970 PLAYER
1356 -1 21.383050 41.081200 BALL
1356 2755 25.689530 21.960240 PLAYER
1356 203940 13.139910 39.239060 PLAYER
1356 203897 25.767690 29.418040 PLAYER
1356 203952 17.546620 39.221600 PLAYER
1356 1626157 9.313210 16.528010 PLAYER
1356 2594 31.553170 15.589150 PLAYER
1356 200794 11.106930 39.047450 PLAYER
1356 201952 30.997510 31.176160 PLAYER
1356 203934 21.211780 42.053880 PLAYER
1356 203488 9.234930 8.243760 PLAYER
1368 -1 21.863250 39.423030 BALL
1368 2755 25.190670 21.257030 PLAYER
1368 203940 13.266220 39.303450 PLAYER
1368 203897 26.091050 29.301640 PLAYER
1368 203952 17.650220 38.570260 PLAYER
1368 1626157 8.970860 16.537210 PLAYER
1368 2594 30.836340 14.672400 PLAYER
1368 200794 11.270130 39.391720 PLAYER
1368 201952 31.525300 31.116690 PLAYER
1368 203934 21.174430 40.942870 PLAYER
1368 203488 8.873470 8.935240 PLAYER
1380 -1 22.527220 38.283620 BALL
1380 2755 24.658720 20.551090 PLAYER
1380 203940 13.173060 39.211230 PLAYER
1380 203897 26.423320 29.227520 PLAYER
1380 203952 17.771570 37.906760 PLAYER
1380 1626157 8.582800 16.519600 PLAYER
1380 2594 30.086320 13.828690 PLAYER
1380 200794 11.356730 39.806880 PLAYER
1380 201952 32.035120 31.065900 PLAYER
1380 203934 21.123570 39.695730 PLAYER
1380 203488 8.587920 9.622760 PLAYER
1392 -1 22.761000 37.496620 BALL
1392 2755 24.137240 19.858630 PLAYER
1392 203940 12.910970 38.951460 PLAYER
1392 203897 26.764870 29.210650 PLAYER
1392 203952 17.904660 37.026540 PLAYER
1392 1626157 8.169240 16.554980 PLAYER
1392 2594 29.328250 13.032510 PLAYER
1392 200794 11.391750 40.209260 PLAYER
1392 201952 32.481550 31.069520 PLAYER
1392 203934 20.877460 38.408450 PLAYER
1392 203488 8.329670 10.206970 PLAYER
1404 -1 22.651900 36.634840 BALL
1404 2755 23.656240 19.207630 PLAYER
1404 203940 12.487980 38.551740 PLAYER
1404 203897 27.104640 29.238160 PLAYER
1404 203952 17.943690 35.936420 PLAYER
1404 1626157 7.769590 16.647630 PLAYER
1404 2594 28.536220 12.295580 PLAYER
1404 200794 11.297790 40.592480 PLAYER
1404 201952 32.868440 31.052880 PLAYER
1404 203934 20.596040 37.014480 PLAYER
1404 203488 8.023170 10.520710 PLAYER
1416 -1 22.034890 35.472060 BALL
1416 2755 23.237270 18.571120 PLAYER
1416 203940 11.931970 38.334640 PLAYER
1416 203897 27.451840 29.286090 PLAYER
1416 203952 17.845220 34.606450 PLAYER
1416 1626157 7.408660 16.819070 PLAYER
1416 2594 27.752120 11.645320 PLAYER
1416 200794 11.005520 40.985460 PLAYER
1416 201952 33.227740 30.981660 PLAYER
1416 203934 20.133190 35.590830 PLAYER
1416 203488 7.633770 10.554030 PLAYER
1428 -1 21.301670 33.026930 BALL
1428 2755 22.831890 17.988440 PLAYER
1428 203940 11.509440 38.262230 PLAYER
1428 203897 27.807630 29.311980 PLAYER
1428 203952 17.636360 33.470950 PLAYER
1428 1626157 7.108330 17.034860 PLAYER
1428 2594 26.955550 11.073410 PLAYER
1428 200794 10.665070 41.339830 PLAYER
1428 201952 33.580860 30.859690 PLAYER
1428 203934 19.479790 34.035400 PLAYER
1428 203488 7.126030 10.204560 PLAYER
1440 -1 20.454050 30.675420 BALL
1440 2755 22.446810 17.458620 PLAYER
1440 203940 11.102590 38.145720 PLAYER
1440 203897 28.178910 29.257640 PLAYER
1440 203952 17.297720 32.161790 PLAYER
1440 1626157 6.882060 17.215390 PLAYER
1440 2594 26.203390 10.559530 PLAYER
1440 200794 10.234390 41.639170 PLAYER
1440 201952 33.880290 30.725230 PLAYER
1440 203934 18.890430 32.510560 PLAYER
1440 203488 6.650860 9.635680 PLAYER
1452 -1 20.155770 29.856570 BALL
1452 2755 22.055620 16.946440 PLAYER
1452 203940 10.740090 37.966030 PLAYER
1452 203897 28.576580 29.119310 PLAYER
1452 203952 16.818710 30.878750 PLAYER
1452 1626157 6.746450 17.309200 PLAYER
1452 2594 25.608190 10.122550 PLAYER
1452 200794 9.618570 41.768460 PLAYER
1452 201952 34.172450 30.567680 PLAYER
1452 203934 18.527840 30.962490 PLAYER
1452 203488 6.247250 8.906640 PLAYER
1464 -1 19.796430 28.381980 BALL
1464 2755 21.685640 16.473240 PLAYER
1464 203940 10.349630 37.738170 PLAYER
1464 203897 28.952290 28.934100 PLAYER
1464 203952 16.215580 29.609510 PLAYER
1464 1626157 6.697960 17.280690 PLAYER
1464 2594 25.181880 9.786660 PLAYER
1464 200794 9.000500 41.805180 PLAYER
1464 201952 34.426450 30.430390 PLAYER
1464 203934 17.973820 29.434010 PLAYER
1464 203488 5.962040 8.068470 PLAYER
1476 -1 18.713450 26.815820 BALL
1476 2755 21.332140 16.089490 PLAYER
1476 203940 9.919340 37.422160 PLAYER
1476 203897 29.280460 28.724400 PLAYER
1476 203952 15.488470 28.373690 PLAYER
1476 1626157 6.723760 17.098850 PLAYER
1476 2594 24.924070 9.580690 PLAYER
1476 200794 8.513630 41.702870 PLAYER
1476 201952 34.642900 30.356180 PLAYER
1476 203934 17.394960 27.982160 PLAYER
1476 203488 5.706000 7.208190 PLAYER
1488 -1 17.372760 25.050530 BALL
1488 2755 21.042470 15.758500 PLAYER
1488 203940 9.523910 37.052120 PLAYER
1488 203897 29.541470 28.510470 PLAYER
1488 203952 14.762520 27.095410 PLAYER
1488 1626157 6.805870 16.821530 PLAYER
1488 2594 24.875530 9.503630 PLAYER
1488 200794 8.026590 41.531680 PLAYER
1488 201952 34.807020 30.356770 PLAYER
1488 203934 17.096570 26.892480 PLAYER
1488 203488 5.426570 6.413660 PLAYER
1500 -1 16.820040 24.012920 BALL
1500 2755 20.827900 15.485550 PLAYER
1500 203940 9.089500 36.631330 PLAYER
1500 203897 29.712150 28.311840 PLAYER
1500 203952 14.143360 25.948030 PLAYER
1500 1626157 6.921690 16.538440 PLAYER
1500 2594 25.043870 9.559250 PLAYER
1500 200794 7.568030 41.218540 PLAYER
1500 201952 34.909740 30.426450 PLAYER
1500 203934 16.772080 25.907210 PLAYER
1500 203488 5.172580 5.776440 PLAYER
1512 -1 16.820410 23.466250 BALL
1512 2755 20.745610 15.291710 PLAYER
1512 203940 8.653080 36.183620 PLAYER
1512 203897 29.802050 28.161060 PLAYER
1512 203952 13.637510 25.054480 PLAYER
1512 1626157 7.063150 16.241160 PLAYER
1512 2594 25.277530 9.692820 PLAYER
1512 200794 7.258230 40.917080 PLAYER
1512 201952 34.955690 30.562810 PLAYER
1512 203934 16.457080 25.080950 PLAYER
1512 203488 4.994800 5.218940 PLAYER
1524 -1 16.725880 23.118680 BALL
1524 2755 20.770880 15.163690 PLAYER
1524 203940 8.273890 35.707250 PLAYER
1524 203897 29.860540 28.053400 PLAYER
1524 203952 13.310380 24.322850 PLAYER
1524 1626157 7.210440 15.963850 PLAYER
1524 2594 25.551900 9.853700 PLAYER
1524 200794 7.074670 40.635220 PLAYER
1524 201952 34.962810 30.768990 PLAYER
1524 203934 16.207360 24.602930 PLAYER
1524 203488 4.896070 4.706460 PLAYER
1536 -1 15.800190 23.092470 BALL
1536 2755 20.885360 15.074820 PLAYER
1536 203940 7.961110 35.277410 PLAYER
1536 203897 29.914330 27.978200 PLAYER
1536 203952 13.194250 23.898050 PLAYER
1536 1626157 7.322870 15.718510 PLAYER
1536 2594 25.862380 10.020220 PLAYER
1536 200794 7.074930 40.409710 PLAYER
1536 201952 34.958170 31.020010 PLAYER
1536 203934 16.031570 24.429180 PLAYER
1536 203488 4.882510 4.288360 PLAYER
1548 -1 15.170320 24.223400 BALL
1548 2755 21.049530 15.006270 PLAYER
1548 203940 7.677160 34.877180 PLAYER
1548 203897 29.987870 27.926810 PLAYER
1548 203952 13.240950 23.881240 PLAYER
1548 1626157 7.371450 15.525390 PLAYER
1548 2594 26.202280 10.194520 PLAYER
1548 200794 7.318050 40.289920 PLAYER
1548 201952 34.995740 31.294410 PLAYER
1548 203934 15.656090 24.431790 PLAYER
1548 203488 4.913340 4.023090 PLAYER
1560 -1 14.745780 25.217950 BALL
1560 2755 21.232420 14.930430 PLAYER
1560 203940 7.491120 34.558830 PLAYER
1560 203897 30.079500 27.909960 PLAYER
1560 203952 13.280510 24.360120 PLAYER
1560 1626157 7.377880 15.411090 PLAYER
1560 2594 26.549930 10.373530 PLAYER
1560 200794 7.849890 40.325740 PLAYER
1560 201952 35.082220 31.561950 PLAYER
1560 203934 15.206970 24.586950 PLAYER
1560 203488 5.194100 3.578180 PLAYER
1572 -1 14.142150 26.116520 BALL
1572 2755 21.381470 14.827860 PLAYER
1572 203940 7.413970 34.347440 PLAYER
1572 203897 30.156730 27.911380 PLAYER
1572 203952 13.163000 24.777920 PLAYER
1572 1626157 7.342420 15.381820 PLAYER
1572 2594 26.895310 10.557880 PLAYER
1572 200794 8.597170 40.437770 PLAYER
1572 201952 35.227390 31.830860 PLAYER
1572 203934 14.753110 25.081430 PLAYER
1572 203488 5.635390 2.965470 PLAYER
1584 -1 12.959150 26.913450 BALL
1584 2755 21.493660 14.708450 PLAYER
1584 203940 7.462790 34.262750 PLAYER
1584 203897 30.211050 27.924110 PLAYER
1584 203952 12.913670 25.303990 PLAYER
1584 1626157 7.298940 15.425780 PLAYER
1584 2594 27.224060 10.755130 PLAYER
1584 200794 9.486530 40.566740 PLAYER
1584 201952 35.425900 32.096360 PLAYER
1584 203934 14.384570 25.634730 PLAYER
1584 203488 6.066100 2.578690 PLAYER
1596 -1 13.627460 27.375420 BALL
1596 2755 21.599340 14.596360 PLAYER
1596 203940 7.663470 34.240190 PLAYER
1596 203897 30.235330 27.974020 PLAYER
1596 203952 12.575100 25.870250 PLAYER
1596 1626157 7.273030 15.546990 PLAYER
1596 2594 27.451540 10.900910 PLAYER
1596 200794 10.419670 40.663090 PLAYER
1596 201952 35.626960 32.326590 PLAYER
1596 203934 14.059000 26.145090 PLAYER
1596 203488 6.504370 2.689490 PLAYER
1608 -1 14.160660 27.692740 BALL
1608 2755 21.729030 14.516870 PLAYER
1608 203940 8.043460 34.332000 PLAYER
1608 203897 30.204960 28.066900 PLAYER
1608 203952 12.188330 26.269950 PLAYER
1608 1626157 7.298600 15.683770 PLAYER
1608 2594 27.608010 11.024330 PLAYER
1608 200794 11.344570 40.691460 PLAYER
1608 201952 35.794110 32.543870 PLAYER
1608 203934 13.880250 26.597490 PLAYER
1608 203488 7.028840 2.952380 PLAYER
1620 -1 14.623230 28.240440 BALL
1620 2755 21.893620 14.482680 PLAYER
1620 203940 8.519370 34.432040 PLAYER
1620 203897 30.089710 28.197800 PLAYER
1620 203952 11.859820 26.354890 PLAYER
1620 1626157 7.337790 15.771170 PLAYER
1620 2594 27.646660 11.103410 PLAYER
1620 200794 12.301610 40.808650 PLAYER
1620 201952 35.919790 32.765030 PLAYER
1620 203934 13.778230 27.188220 PLAYER
1620 203488 7.476330 3.509430 PLAYER
1632 -1 15.413830 31.466570 BALL
1632 2755 22.092360 14.494100 PLAYER
1632 203940 9.144470 34.722990 PLAYER
1632 203897 29.918910 28.382810 PLAYER
1632 203952 11.783320 26.476770 PLAYER
1632 1626157 7.397930 15.770490 PLAYER
1632 2594 27.570360 11.136910 PLAYER
1632 200794 13.297760 40.926210 PLAYER
1632 201952 35.986170 32.999690 PLAYER
1632 203934 13.453730 27.654580 PLAYER
1632 203488 7.849560 4.395930 PLAYER
1644 -1 16.100280 34.795940 BALL
1644 2755 22.308160 14.508140 PLAYER
1644 203940 9.807810 34.997920 PLAYER
1644 203897 29.737110 28.596960 PLAYER
1644 203952 11.862220 26.644150 PLAYER
1644 1626157 7.457100 15.710940 PLAYER
1644 2594 27.397970 11.124700 PLAYER
1644 200794 14.243410 41.047280 PLAYER
1644 201952 36.030030 33.240500 PLAYER
1644 203934 13.218180 28.163780 PLAYER
1644 203488 8.369260 5.241120 PLAYER
1656 -1 16.777210 38.188250 BALL
1656 2755 22.547530 14.478340 PLAYER
1656 203940 10.663780 35.337220 PLAYER
1656 203897 29.586120 28.814400 PLAYER
1656 203952 11.902940 26.706270 PLAYER
1656 1626157 7.513440 15.631300 PLAYER
1656 2594 27.185110 11.099450 PLAYER
1656 200794 14.987430 41.150880 PLAYER
1656 201952 36.065420 33.511180 PLAYER
1656 203934 12.954510 28.872640 PLAYER
1656 203488 9.049340 5.647210 PLAYER
1668 -1 17.498130 40.545840 BALL
1668 2755 22.759680 14.420570 PLAYER
1668 203940 11.618560 35.712430 PLAYER
1668 203897 29.475010 29.017780 PLAYER
1668 203952 11.873900 26.863280 PLAYER
1668 1626157 7.545860 15.575270 PLAYER
1668 2594 26.899030 10.995940 PLAYER
1668 200794 15.491380 41.241640 PLAYER
1668 201952 36.105440 33.761610 PLAYER
1668 203934 12.597260 29.755690 PLAYER
1668 203488 9.769810 5.866590 PLAYER
1680 -1 16.163440 40.773640 BALL
1680 2755 22.895100 14.385490 PLAYER
1680 203940 12.497460 36.241360 PLAYER
1680 203897 29.417830 29.210770 PLAYER
1680 203952 11.776890 27.067380 PLAYER
1680 1626157 7.570160 15.562150 PLAYER
1680 2594 26.632420 10.901170 PLAYER
1680 200794 15.778420 41.139310 PLAYER
1680 201952 36.170550 33.998710 PLAYER
1680 203934 12.158090 30.690140 PLAYER
1680 203488 10.491710 5.972580 PLAYER
1692 -1 14.302280 41.185680 BALL
1692 2755 22.963500 14.355800 PLAYER
1692 203940 13.106360 36.643100 PLAYER
1692 203897 29.368490 29.392160 PLAYER
1692 203952 11.498910 27.497380 PLAYER
1692 1626157 7.579940 15.639700 PLAYER
1692 2594 26.322910 10.788780 PLAYER
1692 200794 16.040230 40.892080 PLAYER
1692 201952 36.271990 34.184270 PLAYER
1692 203934 11.903340 31.655160 PLAYER
1692 203488 11.241220 6.012620 PLAYER
1704 -1 16.062340 40.431240 BALL
1704 2755 22.940280 14.318720 PLAYER
1704 203940 13.683530 36.794280 PLAYER
1704 203897 29.275440 29.547930 PLAYER
1704 203952 11.110230 27.995670 PLAYER
1704 1626157 7.598840 15.754340 PLAYER
1704 2594 26.081180 10.696760 PLAYER
1704 200794 16.287870 40.427200 PLAYER
1704 201952 36.392190 34.295560 PLAYER
1704 203934 11.572720 32.590560 PLAYER
1704 203488 11.866980 6.017550 PLAYER
1716 -1 17.746980 39.348000 BALL
1716 2755 22.752090 14.295520 PLAYER
1716 203940 14.144830 36.808940 PLAYER
1716 203897 29.124440 29.689780 PLAYER
1716 203952 10.735260 28.593920 PLAYER
1716 1626157 7.653810 15.856710 PLAYER
1716 2594 25.923330 10.641090 PLAYER
1716 200794 16.407290 39.958070 PLAYER
1716 201952 36.541100 34.331250 PLAYER
1716 203934 11.207370 33.390090 PLAYER
1716 203488 12.280450 6.004620 PLAYER
1728 -1 18.154390 37.897490 BALL
1728 2755 22.440900 14.291240 PLAYER
1728 203940 14.352270 36.675440 PLAYER
1728 203897 28.947800 29.813570 PLAYER
1728 203952 10.369930 29.122720 PLAYER
1728 1626157 7.777320 15.933670 PLAYER
1728 2594 25.861790 10.661010 PLAYER
1728 200794 16.780370 39.300450 PLAYER
1728 201952 36.697770 34.326670 PLAYER
1728 203934 10.754620 34.156480 PLAYER
1728 203488 12.506050 6.007630 PLAYER
1740 -1 18.460650 36.810200 BALL
1740 2755 22.095730 14.247430 PLAYER
1740 203940 14.533910 36.236620 PLAYER
1740 203897 28.815580 29.907370 PLAYER
1740 203952 10.006760 29.609470 PLAYER
1740 1626157 7.964730 15.937080 PLAYER
1740 2594 25.881480 10.699430 PLAYER
1740 200794 17.258540 38.427200 PLAYER
1740 201952 36.841920 34.299980 PLAYER
1740 203934 10.209060 34.870770 PLAYER
1740 203488 12.516040 6.041510 PLAYER
1752 -1 19.220230 36.642500 BALL
1752 2755 21.721830 14.257020 PLAYER
1752 203940 14.740280 35.603580 PLAYER
1752 203897 28.750330 29.937710 PLAYER
1752 203952 9.735950 29.901000 PLAYER
1752 1626157 8.180400 15.888870 PLAYER
1752 2594 26.072800 10.795330 PLAYER
1752 200794 17.649940 37.508700 PLAYER
1752 201952 36.952470 34.262600 PLAYER
1752 203934 9.765220 35.578840 PLAYER
1752 203488 12.329580 5.997610 PLAYER
1764 -1 19.609410 36.321020 BALL
1764 2755 21.387890 14.362450 PLAYER
1764 203940 14.929360 35.055060 PLAYER
1764 203897 28.764080 29.946110 PLAYER
1764 203952 9.517650 30.045300 PLAYER
1764 1626157 8.386770 15.858250 PLAYER
1764 2594 26.317570 10.923340 PLAYER
1764 200794 17.889260 36.518730 PLAYER
1764 201952 37.033480 34.233350 PLAYER
1764 203934 9.324710 36.341580 PLAYER
1764 203488 12.051000 5.921920 PLAYER
1776 -1 19.754320 35.124560 BALL
1776 2755 21.146850 14.535920 PLAYER
1776 203940 14.905850 34.458670 PLAYER
1776 203897 28.818990 29.944010 PLAYER
1776 203952 9.343070 30.123640 PLAYER
1776 1626157 8.547790 15.847240 PLAYER
1776 2594 26.588230 11.071490 PLAYER
1776 200794 18.082620 35.430090 PLAYER
1776 201952 37.063430 34.235590 PLAYER
1776 203934 8.920490 37.237150 PLAYER
1776 203488 11.629560 5.755310 PLAYER
1788 -1 19.478280 33.452980 BALL
1788 2755 20.994940 14.701200 PLAYER
1788 203940 14.884580 33.625360 PLAYER
1788 203897 28.875010 29.943980 PLAYER
1788 203952 9.170300 30.212570 PLAYER
1788 1626157 8.624910 15.867210 PLAYER
1788 2594 26.877910 11.243620 PLAYER
1788 200794 18.140060 34.578540 PLAYER
1788 201952 37.060790 34.245420 PLAYER
1788 203934 8.624120 38.161490 PLAYER
1788 203488 11.132950 5.481300 PLAYER
1800 -1 18.735910 33.538110 BALL
1800 2755 20.896030 14.823500 PLAYER
1800 203940 14.894500 32.745130 PLAYER
1800 203897 28.903130 29.953060 PLAYER
1800 203952 8.996750 30.409420 PLAYER
1800 1626157 8.610260 15.953180 PLAYER
1800 2594 27.150520 11.406460 PLAYER
1800 200794 18.141290 34.220960 PLAYER
1800 201952 37.037790 34.251660 PLAYER
1800 203934 8.485900 39.146800 PLAYER
1800 203488 10.594900 5.115510 PLAYER
1812 -1 17.643710 34.567950 BALL
1812 2755 20.865180 14.852500 PLAYER
1812 203940 14.943020 31.923280 PLAYER
1812 203897 28.899640 29.966170 PLAYER
1812 203952 8.800210 30.707530 PLAYER
1812 1626157 8.531910 16.070550 PLAYER
1812 2594 27.397640 11.562570 PLAYER
1812 200794 18.070510 34.179240 PLAYER
1812 201952 36.996410 34.276610 PLAYER
1812 203934 8.255090 40.200900 PLAYER
1812 203488 9.979730 4.777240 PLAYER
1824 -1 17.753920 35.318120 BALL
1824 2755 20.876880 14.782100 PLAYER
1824 203940 14.900360 31.402410 PLAYER
1824 203897 28.882800 29.977710 PLAYER
1824 203952 8.618080 31.177190 PLAYER
1824 1626157 8.404020 16.157510 PLAYER
1824 2594 27.643820 11.710820 PLAYER
1824 200794 18.018060 34.492250 PLAYER
1824 201952 36.935210 34.325560 PLAYER
1824 203934 8.045140 41.272700 PLAYER
1824 203488 9.283790 4.412740 PLAYER
1836 -1 17.587440 35.839990 BALL
1836 2755 20.941410 14.697100 PLAYER
1836 203940 14.961660 31.049480 PLAYER
1836 203897 28.848520 29.981580 PLAYER
1836 203952 8.438710 31.730430 PLAYER
1836 1626157 8.237830 16.227730 PLAYER
1836 2594 27.874590 11.831780 PLAYER
1836 200794 18.187740 35.002130 PLAYER
1836 201952 36.869220 34.373390 PLAYER
1836 203934 7.828120 42.276760 PLAYER
1836 203488 8.776930 3.940270 PLAYER
1848 -1 17.240940 35.783120 BALL
1848 2755 21.055200 14.642630 PLAYER
1848 203940 15.065660 31.101840 PLAYER
1848 203897 28.765010 29.978680 PLAYER
1848 203952 8.314360 32.292800 PLAYER
1848 1626157 8.031410 16.231830 PLAYER
1848 2594 28.052560 11.899390 PLAYER
1848 200794 18.396560 35.498600 PLAYER
1848 201952 36.792940 34.445920 PLAYER
1848 203934 7.618540 43.216030 PLAYER
1848 203488 8.371020 3.559610 PLAYER
1860 -1 17.274960 35.881300 BALL
1860 2755 21.222540 14.662310 PLAYER
1860 203940 15.197860 31.525120 PLAYER
1860 203897 28.562570 29.987890 PLAYER
1860 203952 8.241770 32.822080 PLAYER
1860 1626157 7.811330 16.196030 PLAYER
1860 2594 28.180860 11.950970 PLAYER
1860 200794 18.576840 35.793620 PLAYER
1860 201952 36.710330 34.534130 PLAYER
1860 203934 7.406980 44.032910 PLAYER
1860 203488 8.164840 3.217160 PLAYER
1872 -1 18.428230 36.281530 BALL
1872 2755 21.427720 14.731500 PLAYER
1872 203940 15.321700 32.266030 PLAYER
1872 203897 28.133060 30.008890 PLAYER
1872 203952 8.188630 33.307160 PLAYER
1872 1626157 7.592620 16.152910 PLAYER
1872 2594 28.250280 11.975950 PLAYER
1872 200794 18.719200 35.947110 PLAYER
1872 201952 36.643720 34.620040 PLAYER
1872 203934 7.211820 44.740760 PLAYER
1872 203488 8.007870 3.256680 PLAYER
1884 -1 18.685800 36.165720 BALL
1884 2755 21.652700 14.836290 PLAYER
1884 203940 15.539570 32.986310 PLAYER
1884 203897 27.554790 30.017730 PLAYER
1884 203952 8.163870 33.702880 PLAYER
1884 1626157 7.380120 16.169630 PLAYER
1884 2594 28.280720 11.983440 PLAYER
1884 200794 18.859560 35.993790 PLAYER
1884 201952 36.590380 34.692350 PLAYER
1884 203934 6.985840 45.275190 PLAYER
1884 203488 7.952100 3.491260 PLAYER
1896 -1 18.164840 35.652240 BALL
1896 2755 21.899800 14.929920 PLAYER
1896 203940 15.779700 33.715300 PLAYER
1896 203897 26.735770 29.947590 PLAYER
1896 203952 8.184340 34.084590 PLAYER
1896 1626157 7.179410 16.250930 PLAYER
1896 2594 28.337350 12.011680 PLAYER
1896 200794 19.000080 36.051780 PLAYER
1896 201952 36.556100 34.751060 PLAYER
1896 203934 6.744990 45.651090 PLAYER
1896 203488 7.834000 3.923120 PLAYER
1908 -1 16.969700 34.575860 BALL
1908 2755 22.182900 15.010990 PLAYER
1908 203940 15.981450 34.398070 PLAYER
1908 203897 25.744230 29.848090 PLAYER
1908 203952 8.211280 34.482310 PLAYER
1908 1626157 7.031120 16.434280 PLAYER
1908 2594 28.429230 12.047650 PLAYER
1908 200794 19.087040 36.152810 PLAYER
1908 201952 36.553930 34.782480 PLAYER
1908 203934 6.571200 45.903100 PLAYER
1908 203488 7.856900 4.611800 PLAYER
1920 -1 15.401330 33.367650 BALL
1920 2755 22.489530 15.049720 PLAYER
1920 203940 16.224650 34.988360 PLAYER
1920 203897 24.572260 29.684870 PLAYER
1920 203952 8.213660 34.870410 PLAYER
1920 1626157 6.945750 16.690140 PLAYER
1920 2594 28.597630 12.108270 PLAYER
1920 200794 19.206960 36.283900 PLAYER
1920 201952 36.585540 34.782080 PLAYER
1920 203934 6.523950 46.057550 PLAYER
1920 203488 7.850310 5.514190 PLAYER
1932 -1 13.871010 31.982290 BALL
1932 2755 22.840990 15.023060 PLAYER
1932 203940 16.505610 35.309820 PLAYER
1932 203897 23.347740 29.489040 PLAYER
1932 203952 8.187920 35.248200 PLAYER
1932 1626157 6.889330 17.004760 PLAYER
1932 2594 28.874830 12.266800 PLAYER
1932 200794 19.514200 36.500590 PLAYER
1932 201952 36.664330 34.746380 PLAYER
1932 203934 6.539360 46.027780 PLAYER
1932 203488 7.933610 6.390140 PLAYER
1944 -1 12.379270 30.789690 BALL
1944 2755 23.238800 14.947740 PLAYER
1944 203940 16.891230 35.544230 PLAYER
1944 203897 21.977120 29.263150 PLAYER
1944 203952 8.114850 35.585810 PLAYER
1944 1626157 6.821000 17.407400 PLAYER
1944 2594 29.236910 12.450360 PLAYER
1944 200794 19.982880 36.801400 PLAYER
1944 201952 36.802790 34.669260 PLAYER
1944 203934 6.642580 45.853860 PLAYER
1944 203488 8.032420 7.396510 PLAYER
1956 -1 10.840890 29.567450 BALL
1956 2755 23.660950 14.824190 PLAYER
1956 203940 17.135070 35.549250 PLAYER
1956 203897 20.647910 29.115350 PLAYER
1956 203952 8.043700 35.878380 PLAYER
1956 1626157 6.700380 17.887770 PLAYER
1956 2594 29.674520 12.608890 PLAYER
1956 200794 20.593980 37.065910 PLAYER
1956 201952 36.994950 34.540430 PLAYER
1956 203934 6.824500 45.503370 PLAYER
1956 203488 8.157260 8.734140 PLAYER
1968 -1 9.428710 28.298260 BALL
1968 2755 24.085780 14.645780 PLAYER
1968 203940 17.470260 35.417550 PLAYER
1968 203897 19.187440 28.949650 PLAYER
1968 203952 8.013040 36.135600 PLAYER
1968 1626157 6.666870 18.341320 PLAYER
1968 2594 30.214920 12.768850 PLAYER
1968 200794 21.364580 37.387570 PLAYER
1968 201952 37.238520 34.377790 PLAYER
1968 203934 7.015010 45.012760 PLAYER
1968 203488 8.152870 10.159110 PLAYER
1980 -1 7.899910 27.067280 BALL
1980 2755 24.508090 14.405690 PLAYER
1980 203940 17.674470 35.177880 PLAYER
1980 203897 17.709950 28.794520 PLAYER
1980 203952 8.044380 36.401260 PLAYER
1980 1626157 6.605700 18.848800 PLAYER
1980 2594 30.845230 12.931570 PLAYER
1980 200794 22.261930 37.763700 PLAYER
1980 201952 37.506820 34.200240 PLAYER
1980 203934 7.192820 44.309650 PLAYER
1980 203488 8.080490 11.764790 PLAYER
1992 -1 6.525710 25.912400 BALL
1992 2755 24.945790 14.163320 PLAYER
1992 203940 17.932990 34.910050 PLAYER
1992 203897 16.261340 28.636980 PLAYER
1992 203952 8.203400 36.663670 PLAYER
1992 1626157 6.549580 19.427420 PLAYER
1992 2594 31.544330 13.010310 PLAYER
1992 200794 23.221190 38.168420 PLAYER
1992 201952 37.801650 34.029960 PLAYER
1992 203934 7.385310 43.471130 PLAYER
1992 203488 8.042030 13.380440 PLAYER
2004 -1 5.107350 24.721070 BALL
2004 2755 25.389630 13.926430 PLAYER
2004 203940 18.155310 34.541790 PLAYER
2004 203897 14.856630 28.489760 PLAYER
2004 203952 8.395160 36.946420 PLAYER
2004 1626157 6.542600 20.008400 PLAYER
2004 2594 32.330500 13.076180 PLAYER
2004 200794 24.271580 38.612420 PLAYER
2004 201952 38.130160 33.895400 PLAYER
2004 203934 7.783570 42.508060 PLAYER
2004 203488 7.990970 15.014720 PLAYER
2016 -1 4.660240 25.257150 BALL
2016 2755 25.854570 13.686650 PLAYER
2016 203940 18.630010 34.254860 PLAYER
2016 203897 13.380540 28.311620 PLAYER
2016 203952 8.685200 37.229730 PLAYER
2016 1626157 6.684070 20.691390 PLAYER
2016 2594 33.199390 13.188340 PLAYER
2016 200794 25.443150 39.072510 PLAYER
2016 201952 38.503330 33.806970 PLAYER
2016 203934 8.308290 41.678870 PLAYER
2016 203488 7.915440 16.684830 PLAYER
2028 -1 4.621260 25.853570 BALL
2028 2755 26.343730 13.448810 PLAYER
2028 203940 19.134790 34.022990 PLAYER
2028 203897 12.045580 28.202730 PLAYER
2028 203952 9.014870 37.537040 PLAYER
2028 1626157 6.914230 21.465990 PLAYER
2028 2594 34.114570 13.369100 PLAYER
2028 200794 26.666570 39.462420 PLAYER
2028 201952 38.900420 33.699920 PLAYER
2028 203934 9.037390 40.800820 PLAYER
2028 203488 7.980440 18.306370 PLAYER
2040 -1 4.572660 26.530940 BALL
2040 2755 26.881070 13.264300 PLAYER
2040 203940 19.876360 33.864320 PLAYER
2040 203897 10.806940 28.163640 PLAYER
2040 203952 9.393690 37.784330 PLAYER
2040 1626157 7.448730 22.217580 PLAYER
2040 2594 35.070250 13.544510 PLAYER
2040 200794 27.977650 39.792110 PLAYER
2040 201952 39.358570 33.574950 PLAYER
2040 203934 9.894840 40.023990 PLAYER
2040 203488 8.159880 19.697670 PLAYER
2052 -1 4.801720 27.176050 BALL
2052 2755 27.454460 13.123650 PLAYER
2052 203940 20.704150 33.778750 PLAYER
2052 203897 9.678800 28.210230 PLAYER
2052 203952 9.771470 37.935510 PLAYER
2052 1626157 8.013710 22.956870 PLAYER
2052 2594 36.064540 13.721290 PLAYER
2052 200794 29.349010 39.989360 PLAYER
2052 201952 39.798990 33.395090 PLAYER
2052 203934 10.914070 39.396220 PLAYER
2052 203488 8.498640 20.870260 PLAYER
2064 -1 4.650270 27.491600 BALL
2064 2755 28.091280 12.983300 PLAYER
2064 203940 21.622460 33.743720 PLAYER
2064 203897 8.694320 28.312590 PLAYER
2064 203952 10.289690 37.958000 PLAYER
2064 1626157 8.668250 23.793040 PLAYER
2064 2594 37.086600 13.863140 PLAYER
2064 200794 30.763820 40.094540 PLAYER
2064 201952 40.039620 33.474710 PLAYER
2064 203934 11.893780 38.961230 PLAYER
2064 203488 8.996830 21.897870 PLAYER
2076 -1 4.774460 28.082260 BALL
2076 2755 28.777660 12.853500 PLAYER
2076 203940 22.603830 33.756120 PLAYER
2076 203897 7.895620 28.461020 PLAYER
2076 203952 10.843170 37.904530 PLAYER
2076 1626157 9.431530 24.515760 PLAYER
2076 2594 38.103550 13.925390 PLAYER
2076 200794 32.212050 40.068230 PLAYER
2076 201952 40.002150 33.964010 PLAYER
2076 203934 12.908030 38.492250 PLAYER
2076 203488 9.686600 22.698470 PLAYER
2088 -1 4.750290 28.534910 BALL
2088 2755 29.543760 12.732240 PLAYER
2088 203940 23.724130 33.762600 PLAYER
2088 203897 7.188660 28.636230 PLAYER
2088 203952 11.477950 37.788680 PLAYER
2088 1626157 10.235780 25.234930 PLAYER
2088 2594 39.166330 13.911910 PLAYER
2088 200794 33.913130 39.575380 PLAYER
2088 201952 39.697020 34.913730 PLAYER
2088 203934 13.952010 38.145710 PLAYER
2088 203488 10.450680 23.324250 PLAYER