0 -1 63.641020 37.529680
0 2546 63.681290 36.136840
0 201167 51.515640 8.389930
0 101181 57.673760 6.502160
0 202682 69.642400 26.002560
0 204001 55.322260 19.994020
0 201143 45.713040 20.596100
0 200757 53.216660 35.028760
0 203118 28.255290 25.677310
0 201952 39.956180 22.004290
0 203934 35.381700 10.169020
12 -1 62.368360 37.876270
12 2546 62.446060 36.569850
12 201167 49.989950 8.112140
12 101181 56.940130 6.415870
12 202682 67.799800 25.823970
12 204001 53.860550 20.204520
12 201143 44.167020 20.812200
12 200757 52.156460 34.999730
12 203118 28.250520 26.078060
12 201952 39.165510 21.396070
12 203934 34.511530 10.069080
24 -1 60.638540 38.004920
24 2546 61.249370 36.987630
24 201167 48.507990 7.898830
24 101181 56.183920 6.321240
24 202682 65.975960 25.611920
24 204001 52.433810 20.428410
24 201143 42.673060 21.035850
24 200757 51.125420 34.973430
24 203118 28.256480 26.428220
24 201952 38.466070 20.771130
24 203934 33.617760 9.977820
36 -1 58.969740 38.483530
36 2546 60.033960 37.385040
36 201167 47.056480 7.716340
36 101181 55.414220 6.226000
36 202682 64.170630 25.330640
36 204001 51.084670 20.708570
36 201143 41.153910 21.258390
36 200757 50.131110 35.022160
36 203118 28.245740 26.747870
36 201952 37.847240 20.181360
36 203934 32.719450 9.739860
48 -1 57.693580 39.085320
48 2546 58.785270 37.795100
48 201167 45.583000 7.519340
48 101181 54.627670 6.123510
48 202682 62.382980 24.969480
48 204001 49.741530 20.977590
48 201143 39.655290 21.438390
48 200757 49.111990 35.149550
48 203118 28.215930 27.045880
48 201952 37.168740 19.649060
48 203934 31.786550 9.551370
60 -1 56.759700 39.676980
60 2546 57.571570 38.241990
60 201167 44.120750 7.217880
60 101181 53.785130 6.054720
60 202682 60.632220 24.505710
60 204001 48.396610 21.311960
60 201143 38.230110 21.631080
60 200757 48.059200 35.351520
60 203118 28.192940 27.284070
60 201952 36.498010 19.131950
60 203934 30.859420 9.375160
72 -1 55.971020 39.936000
72 2546 56.316620 38.697100
72 201167 42.709350 6.889060
72 101181 52.909370 6.085820
72 202682 58.892360 23.985730
72 204001 47.140930 21.662610
72 201143 36.850670 21.851530
72 200757 47.068310 35.602090
72 203118 28.187340 27.468950
72 201952 35.887140 18.630370
72 203934 29.955420 9.236500
84 -1 54.845540 40.240070
84 2546 55.026920 39.154160
84 201167 41.265030 6.506830
84 101181 51.999990 6.152650
84 202682 57.159680 23.394450
84 204001 45.922350 22.048370
84 201143 35.475740 22.052490
84 200757 46.109690 35.879680
84 203118 28.198840 27.579310
84 201952 35.252640 18.084550
84 203934 29.043380 9.122680
96 -1 53.384980 40.532250
96 2546 53.805190 39.578410
96 201167 39.827420 6.148900
96 101181 51.068410 6.203770
96 202682 55.420430 22.771660
96 204001 44.715890 22.420540
96 201143 34.217770 22.258970
96 200757 45.170610 36.147930
96 203118 28.215430 27.583880
96 201952 34.590340 17.546430
96 203934 28.092050 9.138980
108 -1 51.704250 41.001740
108 2546 52.615630 39.966140
108 201167 38.445510 5.882950
108 101181 50.069590 6.240230
108 202682 53.679690 22.125650
108 204001 43.552920 22.825260
108 201143 32.981350 22.534310
108 200757 44.189790 36.487600
108 203118 28.251000 27.492510
108 201952 33.999250 17.071350
108 203934 27.172440 9.138900
120 -1 50.335650 41.800320
120 2546 51.390310 40.359850
120 201167 37.021260 5.696580
120 101181 49.080840 6.271480
120 202682 51.902200 21.541130
120 204001 42.443050 23.272900
120 201143 31.701560 22.835790
120 200757 43.238060 36.833990
120 203118 28.346930 27.301150
120 201952 33.437370 16.621850
120 203934 26.240880 9.128140
132 -1 49.381400 42.132820
132 2546 50.216350 40.801950
132 201167 35.594980 5.514210
132 101181 48.053600 6.270170
132 202682 50.095390 20.972270
132 204001 41.376280 23.718400
132 201143 30.466760 23.195480
132 200757 42.334320 37.117090
132 203118 28.381790 27.042460
132 201952 32.878300 16.210490
132 203934 25.298550 9.009450
144 -1 48.879360 42.316500
144 2546 49.096970 41.224230
144 201167 34.234740 5.366570
144 101181 47.048820 6.249740
144 202682 48.224750 20.432020
144 204001 40.353460 24.147310
144 201143 29.337200 23.591740
144 200757 41.431080 37.401070
144 203118 28.384530 26.698600
144 201952 32.333920 15.876570
144 203934 24.352000 8.965080
156 -1 47.922590 42.662660
156 2546 47.943310 41.656690
156 201167 32.847590 5.278760
156 101181 46.061810 6.246080
156 202682 46.338270 19.933930
156 204001 39.365410 24.606130
156 201143 28.212040 24.044880
156 200757 40.520940 37.747660
156 203118 28.347370 26.259140
156 201952 31.813360 15.507090
156 203934 23.435920 8.882890
168 -1 46.747150 43.040640
168 2546 46.839470 42.084410
168 201167 31.419020 5.195200
168 101181 45.164370 6.378950
168 202682 44.378870 19.504530
168 204001 38.464870 25.067920
168 201143 27.192280 24.551370
168 200757 39.658640 38.103580
168 203118 28.280530 25.754340
168 201952 31.335110 15.106990
168 203934 22.544710 8.778840
180 -1 45.321320 43.065760
180 2546 45.809790 42.446880
180 201167 30.090370 5.182850
180 101181 44.298350 6.319640
180 202682 42.370010 19.132180
180 204001 37.648890 25.476730
180 201143 26.301630 25.159950
180 200757 38.812270 38.434250
180 203118 28.105880 25.239630
180 201952 30.875580 14.730790
180 203934 21.632010 8.635600
192 -1 44.088820 44.114600
192 2546 44.799320 42.802650
192 201167 28.757500 5.226860
192 101181 43.468400 6.133890
192 202682 40.362510 18.831790
192 204001 36.887840 25.904740
192 201143 25.494240 25.826620
192 200757 37.972010 38.880570
192 203118 27.912370 24.694260
192 201952 30.433090 14.345680
192 203934 20.733300 8.664610
204 -1 43.328130 44.771370
204 2546 43.859190 43.183140
204 201167 27.372900 5.330560
204 101181 42.651200 5.968860
204 202682 38.383940 18.571320
204 204001 36.187870 26.402900
204 201143 24.731020 26.541730
204 200757 37.188340 39.339060
204 203118 27.643310 24.073120
204 201952 30.017500 14.005140
204 203934 19.879000 8.649590
216 -1 42.815750 45.115740
216 2546 43.002230 43.541070
216 201167 26.051760 5.420740
216 101181 41.889520 5.930560
216 202682 36.321610 18.268090
216 204001 35.592470 26.866660
216 201143 24.073290 27.190110
216 200757 36.416830 39.769010
216 203118 27.284550 23.416910
216 201952 29.618600 13.732950
216 203934 19.062640 8.736230
228 -1 42.408220 45.340190
228 2546 42.151250 43.820940
228 201167 24.789440 5.568720
228 101181 41.135190 5.787430
228 202682 34.234410 18.007510
228 204001 35.040320 27.306450
228 201143 23.459640 27.827310
228 200757 35.664000 40.189690
228 203118 26.812960 22.782450
228 201952 29.227100 13.507070
228 203934 18.257580 8.788400
240 -1 41.805700 45.627980
240 2546 41.363910 44.143900
240 201167 23.496760 5.816950
240 101181 40.380570 5.858690
240 202682 32.241480 17.697560
240 204001 34.459110 27.629460
240 201143 22.889260 28.356430
240 200757 34.941960 40.670260
240 203118 26.205810 22.156780
240 201952 28.826190 13.330900
240 203934 17.487190 8.876450
252 -1 40.929310 45.981190
252 2546 40.692540 44.507690
252 201167 22.269490 6.030740
252 101181 39.698380 6.052180
252 202682 30.137540 17.527760
252 204001 33.885500 28.020680
252 201143 22.423080 28.857600
252 200757 34.225550 41.015810
252 203118 25.483620 21.507000
252 201952 28.453270 13.221280
252 203934 16.726280 9.022600
264 -1 39.815780 45.924280
264 2546 40.089850 44.771420
264 201167 21.127580 6.219780
264 101181 39.047580 6.285620
264 202682 28.040530 17.484840
264 204001 33.363660 28.502260
264 201143 22.092300 29.182220
264 200757 33.505410 41.334680
264 203118 24.657830 20.901420
264 201952 28.069740 13.175870
264 203934 15.981760 9.115110
276 -1 38.815280 45.973840
276 2546 39.550910 44.991150
276 201167 19.978600 6.370050
276 101181 38.370110 6.305840
276 202682 26.057080 17.461610
276 204001 32.926470 29.002340
276 201143 21.889230 29.709570
276 200757 32.808460 41.643970
276 203118 23.786640 20.352750
276 201952 27.696510 13.147980
276 203934 15.242690 9.196950
288 -1 38.332340 46.291980
288 2546 39.120480 45.264520
288 201167 18.873070 6.481010
288 101181 37.677640 6.354790
288 202682 24.174620 17.405850
288 204001 32.536790 29.504060
288 201143 21.781830 30.163580
288 200757 32.190190 41.843310
288 203118 22.810920 19.855490
288 201952 27.316940 13.147440
288 203934 14.504320 9.391740
300 -1 38.332200 46.786430
300 2546 38.806960 45.511110
300 201167 17.861180 6.480020
300 101181 36.997100 6.367060
300 202682 22.283960 17.380500
300 204001 32.227730 30.180760
300 201143 21.746900 30.619850
300 200757 31.627470 41.966990
300 203118 21.782600 19.432950
300 201952 26.957990 13.169000
300 203934 13.829370 9.647700
312 -1 38.705800 46.880340
312 2546 38.568540 45.655530
312 201167 16.851110 6.458700
312 101181 36.301450 6.396860
312 202682 20.519010 17.275450
312 204001 31.892460 30.836780
312 201143 21.715820 30.989860
312 200757 31.133300 42.124970
312 203118 20.728800 19.126310
312 201952 26.551990 13.224640
312 203934 13.207950 9.830830
324 -1 38.673140 47.017460
324 2546 38.383090 45.853220
324 201167 15.865830 6.416660
324 101181 35.610280 6.331080
324 202682 18.772200 16.939520
324 204001 31.589670 31.339840
324 201143 21.660570 31.457260
324 200757 30.700370 42.205410
324 203118 19.633770 18.965640
324 201952 26.156240 13.290280
324 203934 12.612840 10.022560
336 -1 38.375620 47.138830
336 2546 38.285250 46.016420
336 201167 14.965310 6.335910
336 101181 34.923080 6.325820
336 202682 17.007450 16.713340
336 204001 31.251800 31.857170
336 201143 21.585020 31.718340
336 200757 30.340410 42.227840
336 203118 18.500060 18.969640
336 201952 25.770670 13.409580
336 203934 12.020300 10.161810
348 -1 37.734490 47.129910
348 2546 38.300550 46.106130
348 201167 14.103660 6.226590
348 101181 34.270260 6.331310
348 202682 15.314030 16.610660
348 204001 30.855980 32.362530
348 201143 21.479480 31.924580
348 200757 30.032920 42.249340
348 203118 17.390480 19.023930
348 201952 25.429760 13.580310
348 203934 11.443920 10.244610
360 -1 37.513010 46.686000
360 2546 38.359610 46.084040
360 201167 13.247630 6.105730
360 101181 33.639750 6.367530
360 202682 13.761290 16.500620
360 204001 30.478340 32.813970
360 201143 21.370510 32.075010
360 200757 29.793210 42.245400
360 203118 16.316950 19.169480
360 201952 25.148350 13.766530
360 203934 10.854810 10.327060
372 -1 37.339600 45.795240
372 2546 38.462510 45.923730
372 201167 12.480740 6.050350
372 101181 33.015310 6.330000
372 202682 12.318080 16.275630
372 204001 30.179430 33.186220
372 201143 21.275770 32.273930
372 200757 29.621520 42.159500
372 203118 15.224660 19.389330
372 201952 24.943720 13.954210
372 203934 10.253370 10.357290
384 -1 37.921940 45.167210
384 2546 38.634680 45.678740
384 201167 11.762680 5.920000
384 101181 32.400020 6.276260
384 202682 10.969860 16.216700
384 204001 29.930240 33.524630
384 201143 21.203780 32.496170
384 200757 29.527500 42.043100
384 203118 14.179450 19.644350
384 201952 24.788260 14.161610
384 203934 9.619060 10.371350
396 -1 38.321280 44.608340
396 2546 38.864040 45.388250
396 201167 11.071800 5.866670
396 101181 31.784690 6.238760
396 202682 9.696200 16.183740
396 204001 29.773740 33.819170
396 201143 21.147980 32.633770
396 200757 29.513570 41.838910
396 203118 13.167330 19.920220
396 201952 24.663520 14.388220
396 203934 8.977820 10.405680
408 -1 38.208360 44.396700
408 2546 39.078600 45.086520
408 201167 10.437590 5.771490
408 101181 31.174500 6.144100
408 202682 8.459410 15.820450
408 204001 29.677630 34.075760
408 201143 21.121350 32.769770
408 200757 29.564950 41.567150
408 203118 12.147970 20.240720
408 201952 24.532120 14.618080
408 203934 8.387810 10.402820
420 -1 38.082740 44.390790
420 2546 39.309740 44.780530
420 201167 9.884140 5.774410
420 101181 30.592340 6.015140
420 202682 7.248240 15.487970
420 204001 29.644560 34.303740
420 201143 21.129170 32.985130
420 200757 29.669030 41.249210
420 203118 11.107430 20.520770
420 201952 24.375390 14.852090
420 203934 7.845750 10.349230
432 -1 37.896680 44.574660
432 2546 39.585200 44.465080
432 201167 9.335930 5.566610
432 101181 30.025000 5.898230
432 202682 6.165320 15.121710
432 204001 29.648020 34.484540
432 201143 21.102000 32.999460
432 200757 29.799330 40.901150
432 203118 10.103070 20.781590
432 201952 24.190080 15.072400
432 203934 7.339270 10.303310
444 -1 37.731990 44.467840
444 2546 39.832230 44.124240
444 201167 8.858880 5.572070
444 101181 29.492310 5.826220
444 202682 5.219500 14.773830
444 204001 29.617100 34.639770
444 201143 21.054320 32.859960
444 200757 29.972110 40.507290
444 203118 9.142350 21.000180
444 201952 23.975700 15.288620
444 203934 6.913270 10.248940
456 -1 37.647800 44.111060
456 2546 40.000160 43.760470
456 201167 8.392520 5.501480
456 101181 28.989510 5.752490
456 202682 4.476940 14.390690
456 204001 29.510970 34.741910
456 201143 21.018280 32.716380
456 200757 30.157050 40.044550
456 203118 8.204190 21.184240
456 201952 23.744720 15.497640
456 203934 6.536930 10.180160
468 -1 37.640840 43.377230
468 2546 40.107570 43.370820
468 201167 7.953260 5.442470
468 101181 28.540040 5.659500
468 202682 3.892360 14.295110
468 204001 29.416120 34.823830
468 201143 20.986960 32.578630
468 200757 30.351020 39.568550
468 203118 7.352260 21.296400
468 201952 23.511590 15.682760
468 203934 6.157080 9.943600
480 -1 37.879710 42.647170
480 2546 40.158940 42.903980
480 201167 7.576250 5.239050
480 101181 28.159790 5.576120
480 202682 3.447380 14.281610
480 204001 29.208580 34.816890
480 201143 20.946960 32.422960
480 200757 30.554570 39.071310
480 203118 6.573880 21.332650
480 201952 23.290490 15.866340
480 203934 5.775490 9.824460
492 -1 38.594640 41.684480
492 2546 40.191810 42.451580
492 201167 7.224650 5.212620
492 101181 27.870580 5.583830
492 202682 3.107790 14.349330
492 204001 28.958630 34.871350
492 201143 20.937790 32.388390
492 200757 30.802250 38.613800
492 203118 5.845870 21.248510
492 201952 23.092010 16.059280
492 203934 5.415640 9.683400
504 -1 39.402230 40.982880
504 2546 40.255580 41.966720
504 201167 6.942320 4.982080
504 101181 27.620270 5.558480
504 202682 2.832230 14.508260
504 204001 28.650970 34.866760
504 201143 20.949650 32.448420
504 200757 31.038210 38.163520
504 203118 5.215710 21.135220
504 201952 22.920540 16.248890
504 203934 5.054520 9.463380
516 -1 40.068890 40.608040
516 2546 40.384730 41.531000
516 201167 6.752150 4.778230
516 101181 27.468620 5.507750
516 202682 2.585690 14.730390
516 204001 28.260530 34.796610
516 201143 20.959690 32.551650
516 200757 31.252010 37.727940
516 203118 4.691760 20.909190
516 201952 22.773510 16.416820
516 203934 4.749740 9.357630
528 -1 40.723550 40.245830
528 2546 40.537880 41.160030
528 201167 6.634230 4.535950
528 101181 27.337730 5.414210
528 202682 2.404080 14.913860
528 204001 27.779040 34.626670
528 201143 20.958090 32.642490
528 200757 31.435580 37.268400
528 203118 4.256280 20.652860
528 201952 22.640500 16.578600
528 203934 4.486070 9.424040
540 -1 41.287560 39.862120
540 2546 40.737810 40.886670
540 201167 6.537170 4.167150
540 101181 27.233930 5.293140
540 202682 2.261630 15.040410
540 204001 27.309840 34.564820
540 201143 20.968420 32.751320
540 200757 31.601290 36.783260
540 203118 3.931420 20.383240
540 201952 22.504990 16.720670
540 203934 4.280120 9.355270
552 -1 41.599100 39.546110
552 2546 40.829080 40.568310
552 201167 6.515810 3.713900
552 101181 27.086990 5.069060
552 202682 2.136830 15.220980
552 204001 26.825740 34.647020
552 201143 20.879690 32.606210
552 200757 31.694430 36.231160
552 203118 3.715240 20.128520
552 201952 22.346980 16.844360
552 203934 4.106380 9.265150
564 -1 41.510720 39.261540
564 2546 40.878870 40.386590
564 201167 6.465030 3.319670
564 101181 27.063580 4.829510
564 202682 2.074390 15.272320
564 204001 26.341040 34.929040
564 201143 20.772990 32.451040
564 200757 31.775220 35.683680
564 203118 3.561310 19.840450
564 201952 22.171970 16.940040
564 203934 3.986430 9.168440
576 -1 41.249990 38.854790
576 2546 40.878960 40.208460
576 201167 6.405280 2.932010
576 101181 27.018940 4.530330
576 202682 2.095430 15.248840
576 204001 25.843480 35.281270
576 201143 20.673290 32.382140
576 200757 31.879580 35.213980
576 203118 3.482090 19.622020
576 201952 21.989750 17.020880
576 203934 3.881870 8.869580
588 -1 41.149250 38.214080
588 2546 40.886840 40.049290
588 201167 6.312670 2.606370
588 101181 27.014290 4.229130
588 202682 2.154560 15.222660
588 204001 25.323080 35.741110
588 201143 20.571360 32.357970
588 200757 31.998450 34.766020
588 203118 3.474800 19.413700
588 201952 21.818300 17.073640
588 203934 3.806010 8.555840
600 -1 41.385930 37.930260
600 2546 40.839340 39.872930
600 201167 6.197940 2.440600
600 101181 27.006260 3.943110
600 202682 2.254130 15.165780
600 204001 24.757350 36.119360
600 201143 20.417030 32.225880
600 200757 32.115210 34.384750
600 203118 3.535450 19.231320
600 201952 21.667740 17.103500
600 203934 3.739820 8.362660
612 -1 41.459810 37.634960
612 2546 40.889150 39.791170
612 201167 6.089120 2.268630
612 101181 27.052610 3.712330
612 202682 2.374240 15.091460
612 204001 24.186250 36.234370
612 201143 20.350180 32.299030
612 200757 32.216050 34.045930
612 203118 3.646970 19.109820
612 201952 21.569650 17.112200
612 203934 3.697630 8.211610
624 -1 41.603450 37.419660
624 2546 41.017980 39.590720
624 201167 5.973760 2.146920
624 101181 27.014780 3.616780
624 202682 2.517450 15.010210
624 204001 23.593260 36.218440
624 201143 20.266260 32.323440
624 200757 32.268080 33.734800
624 203118 3.793990 19.016710
624 201952 21.529260 17.102090
624 203934 3.663810 8.169820
636 -1 41.438230 37.170900
636 2546 41.203390 39.331410
636 201167 5.877430 1.984130
636 101181 26.992380 3.598880
636 202682 2.635180 14.937550
636 204001 23.004940 36.155100
636 201143 20.136770 32.217090
636 200757 32.252780 33.439090
636 203118 3.953090 18.911040
636 201952 21.525290 17.082170
636 203934 3.646370 8.214740
648 -1 41.354380 37.155900
648 2546 41.405000 39.048540
648 201167 5.813890 1.779540
648 101181 26.947650 3.631200
648 202682 2.718910 14.857500
648 204001 22.451870 36.113250
648 201143 19.982750 32.059200
648 200757 32.187060 33.205730
648 203118 4.114110 18.800060
648 201952 21.550100 17.060300
648 203934 3.645040 8.296480
660 -1 41.196350 37.201970
660 2546 41.680520 38.882020
660 201167 5.787730 1.561290
660 101181 26.884640 3.648370
660 202682 2.753630 14.796320
660 204001 21.905870 36.074930
660 201143 19.831180 31.940510
660 200757 32.084440 33.010300
660 203118 4.247630 18.725940
660 201952 21.605390 17.046710
660 203934 3.668900 8.259760
672 -1 41.114340 37.188040
672 2546 41.933830 38.718260
672 201167 5.732710 1.585570
672 101181 26.787660 3.646630
672 202682 2.772810 14.758290
672 204001 21.314580 36.070610
672 201143 19.658160 31.850370
672 200757 31.984520 32.897970
672 203118 4.373260 18.661510
672 201952 21.674890 17.020840
672 203934 3.705390 8.172300
684 -1 41.605980 37.246200
684 2546 42.144100 38.568660
684 201167 5.697260 1.561110
684 101181 26.675640 3.552950
684 202682 2.756570 14.740710
684 204001 20.700120 35.984570
684 201143 19.453550 31.773160
684 200757 31.907790 32.876590
684 203118 4.472420 18.612010
684 201952 21.742480 16.996090
684 203934 3.758190 8.028280
696 -1 42.173200 37.137530
696 2546 42.386980 38.503330
696 201167 5.680950 1.596190
696 101181 26.553530 3.477020
696 202682 2.715030 14.722010
696 204001 20.088800 35.938850
696 201143 19.167010 31.708790
696 200757 31.847700 32.930570
696 203118 4.545620 18.588740
696 201952 21.814530 16.975200
696 203934 3.816330 7.833970
708 -1 42.571520 37.098830
708 2546 42.678990 38.462760
708 201167 5.666940 1.705150
708 101181 26.442190 3.399350
708 202682 2.638240 14.743420
708 204001 19.487550 35.914380
708 201143 18.807620 31.648010
708 200757 31.811460 33.017070
708 203118 4.601400 18.613180
708 201952 21.879220 16.954910
708 203934 3.873140 7.650060
720 -1 42.883430 36.979890
720 2546 42.961450 38.384640
720 201167 5.642920 1.855350
720 101181 26.349200 3.350740
720 202682 2.532350 14.795820
720 204001 18.918010 35.864200
720 201143 18.407770 31.586990
720 200757 31.786750 33.106620
720 203118 4.635450 18.681410
720 201952 21.919130 16.933900
720 203934 3.915690 7.505530
732 -1 43.040510 36.999970
732 2546 43.240240 38.328100
732 201167 5.650160 1.870380
732 101181 26.295740 3.312190
732 202682 2.407450 14.839750
732 204001 18.432010 35.813170
732 201143 17.946900 31.563680
732 200757 31.771390 33.193060
732 203118 4.633900 18.749010
732 201952 21.936500 16.928980
732 203934 3.944560 7.411930
744 -1 42.961970 37.112990
744 2546 43.478620 38.364920
744 201167 5.668550 1.894720
744 101181 26.264640 3.298760
744 202682 2.281920 14.883670
744 204001 18.023820 35.747340
744 201143 17.486890 31.589400
744 200757 31.757020 33.250590
744 203118 4.599670 18.812490
744 201952 21.925170 16.930920
744 203934 3.964390 7.380820
756 -1 43.058700 37.414510
756 2546 43.690010 38.453240
756 201167 5.687340 1.921450
756 101181 26.256150 3.289020
756 202682 2.172270 14.912650
756 204001 17.734100 35.682050
756 201143 17.117230 31.669470
756 200757 31.759620 33.269510
756 203118 4.535580 18.857510
756 201952 21.879890 16.926370
756 203934 3.970190 7.410270
768 -1 42.987300 37.530880
768 2546 43.855510 38.505270
768 201167 5.715140 1.930210
768 101181 26.261760 3.299480
768 202682 2.092260 14.920840
768 204001 17.562400 35.586670
768 201143 16.854430 31.769560
768 200757 31.771240 33.268640
768 203118 4.428060 18.871340
768 201952 21.809380 16.929840
768 203934 3.971980 7.442470
780 -1 43.316760 37.299760
780 2546 43.973660 38.485380
780 201167 5.753780 1.935650
780 101181 26.304810 3.291030
780 202682 2.024060 14.904240
780 204001 17.534970 35.532600
780 201143 16.651560 31.837440
780 200757 31.781510 33.260080
780 203118 4.298710 18.809750
780 201952 21.720690 16.936560
780 203934 3.976240 7.487160
792 -1 43.558510 37.104650
792 2546 44.077850 38.389100
792 201167 5.814450 1.941980
792 101181 26.379330 3.300570
792 202682 1.967330 14.856750
792 204001 17.628750 35.476850
792 201143 16.535490 31.875580
792 200757 31.795510 33.252630
792 203118 4.163410 18.685180
792 201952 21.612840 16.940100
792 203934 3.977530 7.534790
804 -1 43.942930 37.006300
804 2546 44.172650 38.327030
804 201167 5.892560 1.953300
804 101181 26.499980 3.300350
804 202682 1.926920 14.796060
804 204001 17.867850 35.507120
804 201143 16.494840 31.906250
804 200757 31.821820 33.239880
804 203118 4.036950 18.509690
804 201952 21.513760 16.925870
804 203934 3.974590 7.578340
816 -1 44.166190 36.869640
816 2546 44.206230 38.194520
816 201167 5.955710 2.011740
816 101181 26.641560 3.320360
816 202682 1.886570 14.729790
816 204001 18.241940 35.654750
816 201143 16.512090 31.917830
816 200757 31.864190 33.218070
816 203118 3.939460 18.327940
816 201952 21.431420 16.885810
816 203934 3.976780 7.613410
828 -1 44.226860 36.629700
828 2546 44.191700 38.037430
828 201167 5.975930 2.158390
828 101181 26.794990 3.315960
828 202682 1.841700 14.611020
828 204001 18.765380 35.730470
828 201143 16.557450 31.973220
828 200757 31.923450 33.173360
828 203118 3.886380 18.136570
828 201952 21.378760 16.808310
828 203934 3.984130 7.634770
840 -1 44.296500 36.522680
840 2546 44.127600 37.895020
840 201167 6.012140 2.301180
840 101181 26.928090 3.394200
840 202682 1.812360 14.408030
840 204001 19.410750 35.717880
840 201143 16.694650 32.094870
840 200757 32.005840 33.110580
840 203118 3.877980 17.968880
840 201952 21.350820 16.699160
840 203934 4.003330 7.617000
852 -1 44.138760 36.475410
852 2546 43.970550 37.806730
852 201167 6.030730 2.384320
852 101181 26.996050 3.461420
852 202682 1.786060 14.202450
852 204001 20.186550 35.778840
852 201143 16.905250 32.253020
852 200757 32.101640 33.046040
852 203118 3.891760 17.826050
852 201952 21.340070 16.563110
852 203934 4.033130 7.575660
864 -1 43.651440 36.364270
864 2546 43.716960 37.648890
864 201167 6.081810 2.366450
864 101181 26.996580 3.571140
864 202682 1.758530 14.007880
864 204001 21.095360 35.862480
864 201143 17.151720 32.436730
864 200757 32.209890 33.007440
864 203118 3.905270 17.685640
864 201952 21.336420 16.430950
864 203934 4.075530 7.504890
876 -1 43.015770 36.476690
876 2546 43.383480 37.545110
876 201167 6.153330 2.277450
876 101181 26.962000 3.715290
876 202682 1.734950 13.818040
876 204001 22.052480 35.783640
876 201143 17.421570 32.723620
876 200757 32.319150 33.018010
876 203118 3.891710 17.555650
876 201952 21.327530 16.323030
876 203934 4.128110 7.427500
888 -1 42.300350 36.538450
888 2546 42.909670 37.417920
888 201167 6.249110 2.116220
888 101181 26.872110 4.012290
888 202682 1.735150 13.690430
888 204001 23.039310 35.747730
888 201143 17.719110 32.984620
888 200757 32.435520 33.080650
888 203118 3.814170 17.391720
888 201952 21.300470 16.251400
888 203934 4.175850 7.388500
900 -1 41.578790 36.281780
900 2546 42.318520 37.289690
900 201167 6.321250 1.947390
900 101181 26.700350 4.327360
900 202682 1.755260 13.714470
900 204001 24.015800 35.810740
900 201143 17.987600 33.225880
900 200757 32.556250 33.172310
900 203118 3.710350 17.219140
900 201952 21.256520 16.227310
900 203934 4.210460 7.399160
912 -1 41.317910 35.946050
912 2546 41.665550 37.081860
912 201167 6.412470 1.808370
912 101181 26.534240 4.630430
912 202682 1.751230 13.704810
912 204001 24.982120 35.789430
912 201143 18.234800 33.450030
912 200757 32.681470 33.261360
912 203118 3.592470 17.012140
912 201952 21.204090 16.244800
912 203934 4.240210 7.448880
924 -1 41.217460 35.601960
924 2546 40.931280 36.823700
924 201167 6.458270 1.757920
924 101181 26.374980 4.888680
924 202682 1.744040 13.704930
924 204001 25.877830 35.693640
924 201143 18.485030 33.732630
924 200757 32.806170 33.334190
924 203118 3.456580 16.806590
924 201952 21.133900 16.292600
924 203934 4.267070 7.600020
936 -1 40.726270 35.323510
936 2546 40.025250 36.561960
936 201167 6.499560 1.733040
936 101181 26.233980 5.072410
936 202682 1.723460 13.701680
936 204001 26.769470 35.759600
936 201143 18.707350 33.909290
936 200757 32.937930 33.408230
936 203118 3.324290 16.668400
936 201952 21.061100 16.320560
936 203934 4.277090 7.798410
948 -1 39.916520 35.024670
948 2546 39.055620 36.543710
948 201167 6.548690 1.686530
948 101181 26.145890 5.169530
948 202682 1.677740 13.692440
948 204001 27.657980 35.920220
948 201143 18.892250 34.059130
948 200757 33.101220 33.543670
948 203118 3.240480 16.626200
948 201952 21.032070 16.302960
948 203934 4.295930 8.039500
960 -1 37.904600 35.205230
960 2546 38.012520 36.695300
960 201167 6.598830 1.640760
960 101181 26.127190 5.238440
960 202682 1.601490 13.627480
960 204001 28.514680 36.099740
960 201143 19.026080 34.186530
960 200757 33.260860 33.863070
960 203118 3.174890 16.657000
960 201952 21.044820 16.265370
960 203934 4.335360 8.326980
972 -1 35.982800 37.138030
972 2546 36.855270 37.071940
972 201167 6.627470 1.631540
972 101181 26.150520 5.356480
972 202682 1.567700 13.678030
972 204001 29.220070 36.053120
972 201143 19.072910 34.213790
972 200757 33.368300 34.335700
972 203118 3.129790 16.803870
972 201952 21.074930 16.214640
972 203934 4.376270 8.444280
984 -1 34.378100 38.723360
984 2546 35.680290 37.444160
984 201167 6.643150 1.643640
984 101181 26.210180 5.521040
984 202682 1.523330 13.680920
984 204001 29.821580 35.945160
984 201143 19.035620 34.158790
984 200757 33.276920 34.785100
984 203118 3.120100 17.063260
984 201952 21.088880 16.154270
984 203934 4.445000 8.654130
996 -1 31.965600 39.868650
996 2546 34.457900 37.796360
996 201167 6.623660 1.691020
996 101181 26.299310 5.705210
996 202682 1.461570 13.652220
996 204001 30.311560 35.895610
996 201143 18.914440 34.100100
996 200757 33.097790 35.155270
996 203118 3.130620 17.317010
996 201952 21.052450 16.141470
996 203934 4.540660 8.883520
1008 -1 30.577120 40.267080
1008 2546 33.096890 38.149450
1008 201167 6.607260 1.751370
1008 101181 26.374710 5.875540
1008 202682 1.421060 13.591830
1008 204001 30.690280 35.888120
1008 201143 18.663400 33.893280
1008 200757 32.803820 35.395590
1008 203118 3.139820 17.538160
1008 201952 20.891740 16.215890
1008 203934 4.637280 9.135170
1020 -1 29.149900 40.517570
1020 2546 31.718490 38.513140
1020 201167 6.587540 1.844320
1020 101181 26.427420 6.037120
1020 202682 1.392420 13.527350
1020 204001 31.016730 35.928800
1020 201143 18.362020 33.861300
1020 200757 32.416650 35.396560
1020 203118 3.115110 17.681750
1020 201952 20.640530 16.335620
1020 203934 4.673600 9.534140
1032 -1 27.762820 40.628150
1032 2546 30.278140 38.696040
1032 201167 6.609570 1.928710
1032 101181 26.432910 6.195290
1032 202682 1.365520 13.407300
1032 204001 31.238340 36.151610
1032 201143 18.046430 33.923640
1032 200757 31.943670 35.180940
1032 203118 3.053880 17.741640
1032 201952 20.342520 16.505870
1032 203934 4.694630 10.226470
1044 -1 26.332420 40.425340
1044 2546 28.769480 38.910030
1044 201167 6.674460 2.002220
1044 101181 26.380290 6.369200
1044 202682 1.347180 13.337590
1044 204001 31.425690 36.391650
1044 201143 17.707210 33.961600
1044 200757 31.487900 34.929490
1044 203118 2.970790 17.733510
1044 201952 20.035800 16.728150
1044 203934 4.667560 10.827700
1056 -1 24.822310 39.500820
1056 2546 27.377830 39.063410
1056 201167 6.815410 2.048260
1056 101181 26.268840 6.606830
1056 202682 1.436930 13.449260
1056 204001 31.392640 36.419810
1056 201143 17.361810 33.831650
1056 200757 30.903200 34.732610
1056 203118 2.901960 17.703860
1056 201952 19.753140 16.962420
1056 203934 4.568980 11.523290
1068 -1 23.901630 38.558370
1068 2546 26.155040 39.077430
1068 201167 7.004890 2.089510
1068 101181 26.161140 6.853670
1068 202682 1.521730 13.603190
1068 204001 31.209920 36.202110
1068 201143 17.083410 34.096400
1068 200757 30.146980 34.595620
1068 203118 2.846170 17.717680
1068 201952 19.513780 17.197930
1068 203934 4.473820 12.140590
1080 -1 23.151090 38.186240
1080 2546 24.997480 38.891600
1080 201167 7.210930 2.112920
1080 101181 26.088790 7.120980
1080 202682 1.578130 13.717040
1080 204001 30.929820 35.660430
1080 201143 16.782520 34.200300
1080 200757 29.215690 34.528420
1080 203118 2.784810 17.720340
1080 201952 19.282270 17.426510
1080 203934 4.419670 12.542050
1092 -1 22.388760 38.199990
1092 2546 24.288850 38.366450
1092 201167 7.386300 2.131100
1092 101181 26.075080 7.406610
1092 202682 1.701080 14.017820
1092 204001 30.610810 35.092660
1092 201143 16.462730 34.213410
1092 200757 28.103420 34.555180
1092 203118 2.766670 17.819520
1092 201952 19.035810 17.635360
1092 203934 4.337360 12.848450
1104 -1 21.755580 38.073650
1104 2546 23.953150 37.558370
1104 201167 7.524440 2.150210
1104 101181 26.135400 7.676660
1104 202682 1.774860 14.084630
1104 204001 30.109910 34.323660
1104 201143 16.144560 34.170440
1104 200757 26.878750 34.684700
1104 203118 2.764660 17.888800
1104 201952 18.767840 17.811470
1104 203934 4.282580 13.054940
1116 -1 22.664080 38.239360
1116 2546 23.499160 36.825800
1116 201167 7.613520 2.151250
1116 101181 26.251680 7.913440
1116 202682 1.805040 13.991890
1116 204001 29.540330 33.392670
1116 201143 15.868510 34.240610
1116 200757 25.596940 34.926920
1116 203118 2.698180 17.900670
1116 201952 18.462560 17.960850
1116 203934 4.211180 13.139960
1128 -1 22.749960 38.214640
1128 2546 23.204640 36.609600
1128 201167 7.655020 2.176970
1128 101181 26.364710 8.142440
1128 202682 1.806020 13.886670
1128 204001 28.804410 32.354040
1128 201143 15.603320 33.725820
1128 200757 24.369470 35.249780
1128 203118 2.612110 17.856730
1128 201952 18.108680 18.082350
1128 203934 4.117500 13.220940
1140 -1 22.055450 37.685830
1140 2546 23.056070 36.553930
1140 201167 7.699530 2.223190
1140 101181 26.456220 8.377910
1140 202682 1.879980 13.787780
1140 204001 27.887810 31.467200
1140 201143 15.416250 33.065640
1140 200757 23.241670 35.651560
1140 203118 2.542630 17.859900
1140 201952 17.727780 18.209440
1140 203934 4.038510 13.281260
1152 -1 20.160450 36.326620
1152 2546 22.758660 36.769710
1152 201167 7.766130 2.279510
1152 101181 26.492140 8.639590
1152 202682 1.826290 13.508210
1152 204001 26.820060 30.529910
1152 201143 15.255060 32.387180
1152 200757 22.032080 36.124520
1152 203118 2.465690 17.789520
1152 201952 17.332330 18.342540
1152 203934 4.017490 13.283490
1164 -1 18.635390 35.176580
1164 2546 22.295170 37.278070
1164 201167 7.856730 2.366970
1164 101181 26.471250 8.934520
1164 202682 1.845980 13.446780
1164 204001 25.674900 29.708520
1164 201143 15.094200 31.607560
1164 200757 20.855450 36.604990
1164 203118 2.367570 17.718260
1164 201952 16.932650 18.490900
1164 203934 3.989180 13.306540
1176 -1 16.797880 33.835310
1176 2546 22.240990 37.819250
1176 201167 7.985190 2.743290
1176 101181 26.403590 9.264770
1176 202682 1.826780 13.406860
1176 204001 24.475000 29.035820
1176 201143 14.957520 30.809530
1176 200757 19.725960 37.010590
1176 203118 2.323510 17.669000
1176 201952 16.558400 18.700570
1176 203934 4.036070 13.318440
1188 -1 14.754090 32.393210
1188 2546 22.359150 37.926590
1188 201167 8.189980 3.107500
1188 101181 26.330120 9.644750
1188 202682 1.920780 13.347430
1188 204001 23.243260 28.211490
1188 201143 14.671700 30.178720
1188 200757 18.564580 37.364380
1188 203118 2.261160 17.563070
1188 201952 16.223240 18.972760
1188 203934 4.114950 13.343030
1200 -1 13.379140 31.185960
1200 2546 22.633710 38.034080
1200 201167 8.405380 3.494990
1200 101181 26.266860 10.068620
1200 202682 1.925480 13.349790
1200 204001 21.903020 27.098960
1200 201143 14.385890 29.552750
1200 200757 17.321100 37.630160
1200 203118 2.230370 17.431370
1200 201952 15.898480 19.256280
1200 203934 4.322060 13.456880
1212 -1 11.602340 29.757560
1212 2546 23.064570 38.363540
1212 201167 8.727080 3.703460
1212 101181 26.264860 10.503510
1212 202682 2.037180 13.368680
1212 204001 20.532390 26.162870
1212 201143 14.143600 28.909350
1212 200757 16.263160 37.804320
1212 203118 2.187300 17.267290
1212 201952 15.581190 19.538720
1212 203934 4.608670 13.610650
1224 -1 9.879340 28.433260
1224 2546 23.713810 38.784550
1224 201167 9.025300 4.097430
1224 101181 26.367370 10.956530
1224 202682 2.110800 13.377310
1224 204001 19.043900 25.300450
1224 201143 13.871860 28.317170
1224 200757 15.170920 37.972520
1224 203118 2.186380 17.198110
1224 201952 15.259840 19.795010
1224 203934 4.982730 13.778560
1236 -1 8.160930 27.243180
1236 2546 24.463070 39.242010
1236 201167 9.361580 4.204410
1236 101181 26.629750 11.461310
1236 202682 2.188840 13.356800
1236 204001 17.497710 24.363170
1236 201143 13.536250 27.618820
1236 200757 14.156860 38.052400
1236 203118 2.190910 17.099870
1236 201952 14.937990 20.011400
1236 203934 5.464040 13.940140
1248 -1 6.621520 25.905350
1248 2546 25.259510 39.658280
1248 201167 9.707180 4.299190
1248 101181 27.001650 11.976800
1248 202682 2.218760 13.367530
1248 204001 15.838250 23.792610
1248 201143 13.329570 26.959790
1248 200757 13.211200 38.052190
1248 203118 2.215990 16.923590
1248 201952 14.656220 20.190720
1248 203934 6.000080 14.099540
1260 -1 5.562110 25.476130
1260 2546 26.083140 39.999150
1260 201167 10.129620 4.493590
1260 101181 27.526490 12.532730
1260 202682 2.363280 13.306650
1260 204001 14.117250 23.425060
1260 201143 13.004240 26.378630
1260 200757 12.412390 38.004740
1260 203118 2.278630 16.675640
1260 201952 14.452300 20.361880
1260 203934 6.453260 14.208280
1272 -1 5.362840 25.625070
1272 2546 26.973960 40.258070
1272 201167 10.538140 4.845940
1272 101181 28.198950 13.161020
1272 202682 2.556260 13.225900
1272 204001 12.476500 22.931050
1272 201143 12.598950 25.843210
1272 200757 11.761340 37.885440
1272 203118 2.354680 16.600610
1272 201952 14.334080 20.543170
1272 203934 6.912710 14.285400
1284 -1 5.324630 25.402040
1284 2546 27.913310 40.467450
1284 201167 11.052570 5.019320
1284 101181 29.022960 13.838880
1284 202682 2.870350 13.219310
1284 204001 10.924210 22.513770
1284 201143 12.197960 25.316090
1284 200757 11.347990 37.633310
1284 203118 2.465980 16.453820
1284 201952 14.321330 20.746130
1284 203934 7.390540 14.344550
1296 -1 5.243940 25.112260
1296 2546 28.834160 40.624800
1296 201167 11.571650 5.391520
1296 101181 29.971470 14.490690
1296 202682 3.279400 13.176710
1296 204001 9.382490 21.955100
1296 201143 11.795500 24.961610
1296 200757 11.081090 37.378710
1296 203118 2.565800 16.441570
1296 201952 14.432320 20.976090
1296 203934 7.897270 14.342440
1308 -1 5.124620 24.774300
1308 2546 29.750080 40.767750
1308 201167 12.127040 6.015290
1308 101181 31.093250 15.141740
1308 202682 3.771130 13.147100
1308 204001 7.982480 21.351820
1308 201143 11.394360 24.751790
1308 200757 10.926690 37.133050
1308 203118 2.666210 16.639250
1308 201952 14.586670 21.201570
1308 203934 8.497150 14.268540
1320 -1 4.970560 24.406760
1320 2546 30.683240 40.912180
1320 201167 12.786330 6.458470
1320 101181 32.340010 15.740850
1320 202682 4.356590 13.157910
1320 204001 6.778850 21.050320
1320 201143 11.089160 24.567370
1320 200757 10.808810 36.908740
1320 203118 2.742510 17.034540
1320 201952 14.737060 21.426920
1320 203934 9.151320 14.129420
1332 -1 4.687740 24.029700
1332 2546 31.677090 41.043160
1332 201167 13.514140 6.892930
1332 101181 33.675660 16.283480
1332 202682 5.007890 13.177350
1332 204001 5.736740 20.952180
1332 201143 10.865430 24.427060
1332 200757 10.717820 36.764670
1332 203118 2.792070 17.396570
1332 201952 14.857060 21.657780
1332 203934 9.832970 13.984700
1344 -1 4.483650 23.950810
1344 2546 32.628890 41.141580
1344 201167 14.384370 7.281630
1344 101181 35.060710 16.795800
1344 202682 5.713170 13.163970
1344 204001 4.921070 21.007570
1344 201143 10.736260 24.364170
1344 200757 10.634840 36.771260
1344 203118 2.764750 17.861560
1344 201952 14.959370 21.882490
1344 203934 10.569400 13.775980
1356 -1 4.266170 23.953810
1356 2546 33.537950 41.196600
1356 201167 15.385110 7.508000
1356 101181 36.491830 17.347330
1356 202682 6.508000 13.211730
1356 204001 4.357930 21.393270
1356 201143 10.695850 24.266810
1356 200757 10.531770 36.928720
1356 203118 2.677800 18.378520
1356 201952 14.999390 22.054130
1356 203934 11.370150 13.504740
1368 -1 4.041120 23.963740
1368 2546 34.424020 41.197750
1368 201167 16.494760 7.494010
1368 101181 37.941880 17.913470
1368 202682 7.430240 13.447140
1368 204001 4.018830 21.907050
1368 201143 10.756650 24.140220
1368 200757 10.427560 37.168240
1368 203118 2.546290 18.761600
1368 201952 15.039710 22.183080
1368 203934 12.199990 13.175690
1380 -1 3.807710 23.984760
1380 2546 35.352360 41.191960
1380 201167 17.664590 7.511110
1380 101181 39.414770 18.504780
1380 202682 8.450210 13.986800
1380 204001 3.840480 22.344930
1380 201143 10.898560 24.037600
1380 200757 10.388700 37.570870
1380 203118 2.318840 19.076510
1380 201952 15.109300 22.261850
1380 203934 13.105450 12.849410
1392 -1 3.565170 24.021010
1392 2546 36.180900 41.193620
1392 201167 18.887830 7.577940
1392 101181 40.852030 19.099290
1392 202682 9.537040 14.584820
1392 204001 3.715710 22.692600
1392 201143 11.121770 23.957170
1392 200757 10.401380 38.028260
1392 203118 2.043060 19.356320
1392 201952 15.213680 22.273340
1392 203934 14.137760 12.457050
1404 -1 3.312720 24.076650
1404 2546 36.934690 41.175660
1404 201167 20.097630 7.709620
1404 101181 42.229250 19.684460
1404 202682 10.712140 15.158230
1404 204001 3.701850 22.893930
1404 201143 11.409260 23.899530
1404 200757 10.487660 38.557170
1404 203118 1.709710 19.627850
1404 201952 15.334240 22.217650
1404 203934 15.200860 12.179890
1416 -1 3.049560 24.155850
1416 2546 37.683450 41.170290
1416 201167 21.372840 7.788420
1416 101181 43.514940 20.255120
1416 202682 12.000900 15.789010
1416 204001 3.824830 23.121610
1416 201143 11.757310 23.838710
1416 200757 10.623930 39.073350
1416 203118 1.377690 19.845760
1416 201952 15.465720 22.126360
1416 203934 16.291370 11.672280
1428 -1 2.774930 24.262760
1428 2546 38.431120 41.191330
1428 201167 22.686120 7.825870
1428 101181 44.755750 20.818230
1428 202682 13.336040 16.199920
1428 204001 4.121390 23.300500
1428 201143 12.146160 23.748820
1428 200757 10.832580 39.564620
1428 203118 1.051440 20.190760
1428 201952 15.574910 21.972760
1428 203934 17.452060 11.188790
1440 -1 2.488040 24.401530
1440 2546 39.169240 41.170060
1440 201167 24.011160 7.884670
1440 101181 45.946470 21.334990
1440 202682 14.689960 16.226200
1440 204001 4.549840 23.484410
1440 201143 12.604400 23.622930
1440 200757 11.081580 40.042360
1440 203118 0.727330 20.567100
1440 201952 15.628490 21.758800
1440 203934 18.648900 10.605640
1452 -1 2.188110 24.576330
1452 2546 39.871370 41.151560
1452 201167 25.367040 7.895660
1452 101181 47.140340 21.793820
1452 202682 16.118560 16.349970
1452 204001 5.090420 23.940310
1452 201143 13.118780 23.440490
1452 200757 11.339970 40.573380
1452 203118 0.411040 20.923530
1452 201952 15.612880 21.486880
1452 203934 19.860280 9.989260
1464 -1 1.874370 24.791300
1464 2546 40.585940 41.192280
1464 201167 26.773400 7.848490
1464 101181 48.299800 22.267310
1464 202682 17.589890 16.387090
1464 204001 5.753250 24.528750
1464 201143 13.652490 23.265270
1464 200757 11.628610 41.085290
1464 203118 0.116730 21.284090
1464 201952 15.572640 21.183250
1464 203934 21.123390 9.215140