0 -1 55.283420 42.949610
0 2406 62.900230 32.910910
0 200765 56.806960 41.226890
0 201585 54.433580 22.101100
0 202326 65.362320 5.354070
0 203463 33.468260 40.156780
0 2207 23.377470 23.088520
0 101127 63.586560 23.803610
0 201152 35.428460 10.404890
0 201572 43.328510 27.128350
0 1626178 48.834430 37.128550
12 -1 53.838350 44.106580
12 2406 61.937400 32.913490
12 200765 54.934120 41.871610
12 201585 52.756490 21.929990
12 202326 64.102630 5.046520
12 203463 31.448460 40.860530
12 2207 21.972910 24.320890
12 101127 61.755590 24.201480
12 201152 33.790350 10.818860
12 201572 41.273220 27.086280
12 1626178 47.108660 37.556500
24 -1 51.933520 44.934480
24 2406 60.848850 32.949850
24 200765 53.081630 42.412500
24 201585 51.091470 21.707950
24 202326 62.755600 4.914560
24 203463 29.528580 41.806060
24 2207 20.658780 25.499500
24 101127 59.934030 24.591520
24 201152 32.178360 11.429490
24 201572 39.292360 27.099270
24 1626178 45.324810 38.033810
36 -1 49.843220 44.990400
36 2406 59.705640 32.820760
36 200765 51.186980 42.925860
36 201585 49.352170 21.620940
36 202326 61.284180 5.240940
36 203463 27.743850 42.876990
36 2207 19.472760 26.748670
36 101127 58.074980 25.057800
36 201152 30.666220 12.086020
36 201572 37.366010 27.099670
36 1626178 43.558350 38.428840
48 -1 47.788830 44.870570
48 2406 58.406250 32.767370
48 200765 49.279580 43.344650
48 201585 47.576890 21.697050
48 202326 59.792250 5.614910
48 203463 26.015530 43.836460
48 2207 18.346500 27.838790
48 101127 56.228130 25.494470
48 201152 29.260810 12.431320
48 201572 35.452400 27.143020
48 1626178 41.775460 38.844070
60 -1 45.722190 44.496130
60 2406 57.154940 32.537800
60 200765 47.387620 43.683170
60 201585 45.825660 21.689270
60 202326 58.280850 6.227420
60 203463 24.331120 44.655830
60 2207 17.294820 29.039240
60 101127 54.405950 25.845860
60 201152 27.910090 12.715530
60 201572 33.619610 27.293590
60 1626178 39.955380 39.215330
72 -1 44.966360 45.543170
72 2406 55.851640 32.195500
72 200765 45.519120 43.953180
72 201585 44.073830 21.694650
72 202326 56.769690 6.679010
72 203463 22.722680 45.425690
72 2207 16.199970 30.068230
72 101127 52.574180 26.269330
72 201152 26.640990 13.268900
72 201572 31.925580 27.312600
72 1626178 38.190620 39.492450
84 -1 43.400390 45.804620
84 2406 54.487480 31.777050
84 200765 43.659810 44.138610
84 201585 42.320750 21.706390
84 202326 55.255270 7.005180
84 203463 21.253060 45.993940
84 2207 15.173420 31.082740
84 101127 50.764350 26.543380
84 201152 25.435430 13.748310
84 201572 30.209870 27.239070
84 1626178 36.501320 39.709560
96 -1 41.052170 45.760190
96 2406 53.107990 31.354880
96 200765 41.849520 44.295380
96 201585 40.571450 21.813040
96 202326 53.788150 7.197470
96 203463 19.868200 46.479410
96 2207 14.253290 32.049170
96 101127 48.996770 26.718990
96 201152 24.262240 14.139980
96 201572 28.568440 27.161690
96 1626178 34.863680 39.895190
108 -1 39.019970 45.203520
108 2406 51.806940 30.743680
108 200765 40.091870 44.387150
108 201585 38.848880 21.970340
108 202326 52.327190 7.332020
108 203463 18.574830 46.973760
108 2207 13.449460 32.990740
108 101127 47.235390 26.911360
108 201152 23.126630 14.619540
108 201572 27.045510 27.006340
108 1626178 33.338170 40.010220
120 -1 36.684690 45.201220
120 2406 50.426530 30.173720
120 200765 38.371260 44.402230
120 201585 37.145510 22.216300
120 202326 50.909370 7.349880
120 203463 17.364640 47.405830
120 2207 12.700440 33.679320
120 101127 45.494430 26.999350
120 201152 22.121110 15.023120
120 201572 25.625480 26.816230
120 1626178 31.919540 40.077550
132 -1 35.396450 45.247430
132 2406 49.084400 29.517880
132 200765 36.744840 44.400460
132 201585 35.504830 22.499910
132 202326 49.495840 7.461270
132 203463 16.261760 47.806980
132 2207 12.038050 34.298990
132 101127 43.761970 27.090440
132 201152 21.330290 15.510170
132 201572 24.254560 26.654020
132 1626178 30.558180 40.097750
144 -1 34.231370 45.531430
144 2406 47.762970 28.776580
144 200765 35.204500 44.309160
144 201585 33.928590 22.799540
144 202326 48.112350 7.598520
144 203463 15.223330 47.987180
144 2207 11.436960 34.887110
144 101127 42.079710 27.210660
144 201152 20.642130 15.787210
144 201572 22.897340 26.247250
144 1626178 29.339620 39.979200
156 -1 32.654550 45.054380
156 2406 46.425260 28.067180
156 200765 33.784230 44.190190
156 201585 32.397010 23.235100
156 202326 46.717030 7.719300
156 203463 14.241810 48.102350
156 2207 10.848360 35.391940
156 101127 40.456080 27.236110
156 201152 20.002630 16.034960
156 201572 21.597870 25.807170
156 1626178 28.230330 39.909410
168 -1 31.325200 44.316550
168 2406 45.073720 27.394710
168 200765 32.484660 44.138690
168 201585 30.922330 23.776100
168 202326 45.371800 7.805540
168 203463 13.340790 48.297370
168 2207 10.337930 36.130730
168 101127 38.847800 27.248630
168 201152 19.391540 16.224740
168 201572 20.406640 25.397590
168 1626178 27.178340 39.855640
180 -1 30.573820 43.060690
180 2406 43.669690 26.864060
180 200765 31.332160 44.073980
180 201585 29.510410 24.356400
180 202326 44.093120 7.903270
180 203463 12.481730 48.371500
180 2207 9.899410 36.927970
180 101127 37.308570 27.276100
180 201152 18.813290 16.458670
180 201572 19.319660 24.942630
180 1626178 26.214730 39.719630
192 -1 30.483210 42.720420
192 2406 42.253030 26.318900
192 200765 30.297800 43.946610
192 201585 28.211600 25.135180
192 202326 42.848840 7.981310
192 203463 11.688560 48.334200
192 2207 9.528310 37.561610
192 101127 35.888660 27.344640
192 201152 18.230080 16.429590
192 201572 18.350200 24.618750
192 1626178 25.355240 39.532290
204 -1 30.573760 42.624840
204 2406 40.836370 25.777520
204 200765 29.363160 43.891790
204 201585 27.114610 26.109970
204 202326 41.641290 8.101210
204 203463 10.988220 48.396950
204 2207 9.247150 38.068960
204 101127 34.460520 27.182700
204 201152 17.720940 16.521910
204 201572 17.665250 24.677440
204 1626178 24.568000 39.369210
216 -1 30.291500 42.486940
216 2406 39.398520 25.313590
216 200765 28.570350 43.798240
216 201585 26.222490 27.070080
216 202326 40.515250 8.234540
216 203463 10.343890 48.392760
216 2207 9.055610 38.400680
216 101127 33.073370 26.948870
216 201152 17.320240 16.571570
216 201572 17.140040 24.915850
216 1626178 23.881920 39.121570
228 -1 29.258760 42.159180
228 2406 37.971440 24.930680
228 200765 27.866930 43.593640
228 201585 25.466000 28.087980
228 202326 39.424070 8.393530
228 203463 9.732110 48.330580
228 2207 8.925860 38.538010
228 101127 31.776420 26.667160
228 201152 17.018450 16.555640
228 201572 16.679750 25.307490
228 1626178 23.340080 38.812160
240 -1 27.918570 41.896470
240 2406 36.573070 24.548990
240 200765 27.257150 43.383770
240 201585 24.831040 29.138840
240 202326 38.362910 8.443270
240 203463 9.191000 48.402730
240 2207 8.810800 38.521420
240 101127 30.516070 26.308970
240 201152 16.748560 16.430300
240 201572 16.292440 25.763880
240 1626178 22.931340 38.523940
252 -1 27.100950 41.662810
252 2406 35.160590 24.279740
252 200765 26.774420 42.911350
252 201585 24.248080 30.037220
252 202326 37.371210 8.387310
252 203463 8.656630 48.475640
252 2207 8.709230 38.505680
252 101127 29.328480 25.809550
252 201152 16.534220 16.282590
252 201572 16.004380 26.323460
252 1626178 22.644980 38.322820
264 -1 27.173080 41.588700
264 2406 33.774120 23.936250
264 200765 26.399560 42.431530
264 201585 23.656230 30.777890
264 202326 36.433650 8.149190
264 203463 8.143900 48.532480
264 2207 8.615840 38.469590
264 101127 28.307020 25.463880
264 201152 16.352350 16.181880
264 201572 15.800030 26.955890
264 1626178 22.461800 38.186570
276 -1 27.378880 41.460680
276 2406 32.439590 23.480420
276 200765 26.027000 42.001080
276 201585 23.142570 31.341890
276 202326 35.565120 7.895290
276 203463 7.709590 48.560100
276 2207 8.541130 38.463670
276 101127 27.413230 25.257800
276 201152 16.178800 16.097470
276 201572 15.685060 27.648940
276 1626178 22.361980 38.205010
288 -1 27.313180 41.350980
288 2406 31.153010 23.081150
288 200765 25.651130 41.530590
288 201585 22.742740 31.690420
288 202326 34.769540 7.653990
288 203463 7.386560 48.548430
288 2207 8.463100 38.473630
288 101127 26.585150 25.062620
288 201152 16.015110 15.970770
288 201572 15.651770 28.365550
288 1626178 22.302860 38.271250
300 -1 26.589130 40.426110
300 2406 29.905990 22.753490
300 200765 25.305330 40.968880
300 201585 22.463090 31.902440
300 202326 34.049960 7.440660
300 203463 7.219370 48.483520
300 2207 8.409880 38.494110
300 101127 25.823260 24.897860
300 201152 15.880510 15.867430
300 201572 15.622290 29.034980
300 1626178 22.306020 38.333760
312 -1 25.195580 39.363490
312 2406 28.668850 22.403280
312 200765 25.074560 40.489820
312 201585 22.308680 32.027530
312 202326 33.375740 7.372110
312 203463 7.138940 48.447580
312 2207 8.367910 38.515340
312 101127 25.079140 24.723980
312 201152 15.760950 15.825100
312 201572 15.569990 29.706420
312 1626178 22.365850 38.280710
324 -1 25.175300 38.257100
324 2406 27.478020 22.281100
324 200765 24.933320 39.789520
324 201585 22.211590 32.088860
324 202326 32.765840 7.488700
324 203463 7.085490 48.413430
324 2207 8.339270 38.559500
324 101127 24.384980 24.586250
324 201152 15.641070 15.814050
324 201572 15.462800 30.296350
324 1626178 22.360260 38.220310
336 -1 25.826570 37.613860
336 2406 26.345160 22.285890
336 200765 24.867650 38.856670
336 201585 22.104290 32.122430
336 202326 32.192980 7.652620
336 203463 7.026300 48.372880
336 2207 8.311150 38.581050
336 101127 23.742200 24.456350
336 201152 15.528550 15.897550
336 201572 15.207420 30.903370
336 1626178 22.339900 37.955920
348 -1 26.448420 36.885330
348 2406 25.279710 22.289610
348 200765 24.928880 37.839640
348 201585 21.995560 32.184100
348 202326 31.640960 7.792640
348 203463 6.983000 48.338840
348 2207 8.301780 38.555070
348 101127 23.116590 24.413110
348 201152 15.428850 16.120880
348 201572 14.867330 31.249410
348 1626178 22.280310 37.389640
360 -1 26.745080 36.121010
360 2406 24.263580 22.325270
360 200765 25.044250 36.807240
360 201585 21.866720 32.209390
360 202326 31.136920 7.939520
360 203463 6.923650 48.340990
360 2207 8.309190 38.462640
360 101127 22.597320 24.359280
360 201152 15.338830 16.410050
360 201572 14.494240 31.522220
360 1626178 22.368200 36.473000
372 -1 26.785220 34.868030
372 2406 23.289030 22.394660
372 200765 25.088980 35.692170
372 201585 21.735880 32.179600
372 202326 30.652890 8.034010
372 203463 6.911920 48.347740
372 2207 8.340800 38.319930
372 101127 22.269280 24.478530
372 201152 15.245480 16.671630
372 201572 14.113570 31.670090
372 1626178 22.420440 35.581540
384 -1 26.422980 33.126910
384 2406 22.395300 22.353780
384 200765 25.033970 34.375010
384 201585 21.624440 32.130030
384 202326 30.176550 8.121080
384 203463 6.968130 48.358270
384 2207 8.419040 38.119980
384 101127 22.038300 24.660820
384 201152 15.171830 16.886860
384 201572 13.751490 31.688090
384 1626178 22.561670 34.583130
396 -1 25.778010 31.188370
396 2406 21.630250 22.558880
396 200765 24.976040 32.994920
396 201585 21.529780 32.048280
396 202326 29.688010 8.134630
396 203463 7.208990 48.578910
396 2207 8.518430 37.926850
396 101127 21.821410 24.820140
396 201152 15.129170 17.004740
396 201572 13.494450 31.423330
396 1626178 22.711600 33.606450
408 -1 26.146670 29.870000
408 2406 20.913050 22.826360
408 200765 25.059240 31.423870
408 201585 21.417190 31.928740
408 202326 29.190630 8.077780
408 203463 7.550460 48.832770
408 2207 8.622710 37.675160
408 101127 21.636470 24.927780
408 201152 15.134050 17.024970
408 201572 13.306430 31.129570
408 1626178 22.886010 32.867920
420 -1 26.394070 28.686590
420 2406 20.266630 22.876220
420 200765 25.156800 29.662220
420 201585 21.312100 31.972200
420 202326 28.697270 8.030790
420 203463 7.972980 49.015190
420 2207 8.737970 37.415280
420 101127 21.357890 25.055990
420 201152 15.197650 16.895560
420 201572 13.148360 30.765700
420 1626178 22.790770 32.399880
432 -1 26.350180 26.841490
432 2406 19.793570 22.911220
432 200765 25.259680 28.086170
432 201585 21.133270 32.097900
432 202326 28.213120 7.975780
432 203463 8.501170 49.189270
432 2207 8.888730 37.138210
432 101127 20.857730 24.988320
432 201152 15.312650 16.579090
432 201572 12.986070 30.342260
432 1626178 22.624250 31.848250
444 -1 26.211260 22.472710
444 2406 19.445540 23.353560
444 200765 25.452630 26.775530
444 201585 20.774770 32.033170
444 202326 27.735790 7.871000
444 203463 9.218900 49.370270
444 2207 9.038810 36.837630
444 101127 20.257200 24.816210
444 201152 15.487460 16.300690
444 201572 12.826890 29.902280
444 1626178 22.353360 31.241620
456 -1 26.082520 17.989420
456 2406 19.055270 23.658610
456 200765 25.683080 25.699210
456 201585 20.330000 32.055410
456 202326 27.302960 7.791090
456 203463 9.949090 49.318540
456 2207 9.209630 36.559030
456 101127 19.618240 24.740040
456 201152 15.685670 16.034160
456 201572 12.669880 29.458400
456 1626178 22.032520 30.280880
468 -1 25.836840 13.466540
468 2406 18.649710 23.660460
468 200765 25.840170 24.943310
468 201585 19.796850 32.104470
468 202326 26.939660 7.780360
468 203463 10.805160 49.223260
468 2207 9.401000 36.334030
468 101127 18.966760 24.440090
468 201152 15.873570 15.521450
468 201572 12.503810 29.046160
468 1626178 21.685790 29.372430
480 -1 25.640270 10.714050
480 2406 18.304560 23.801270
480 200765 26.119290 24.393680
480 201585 19.195480 32.054440
480 202326 26.627470 7.863180
480 203463 11.779520 49.139110
480 2207 9.576740 36.125010
480 101127 18.406390 24.168630
480 201152 16.095180 15.031610
480 201572 12.342330 28.632660
480 1626178 21.447600 28.491400
492 -1 25.561080 10.144980
492 2406 18.105190 24.023350
492 200765 26.536740 23.857780
492 201585 18.590630 31.970780
492 202326 26.348560 8.037790
492 203463 12.855650 49.111630
492 2207 9.697840 35.889950
492 101127 17.940850 24.023940
492 201152 16.418680 14.793490
492 201572 12.186820 28.284720
492 1626178 21.379680 27.818840
504 -1 25.497990 9.651590
504 2406 17.940280 23.987810
504 200765 27.026160 23.433960
504 201585 18.047110 32.114110
504 202326 26.101710 8.301940
504 203463 13.836450 48.869840
504 2207 9.763400 35.639230
504 101127 17.564880 23.769480
504 201152 16.824320 14.435300
504 201572 12.047960 28.008110
504 1626178 21.411420 27.281840
516 -1 25.100080 9.367780
516 2406 17.892080 23.825010
516 200765 27.580750 23.082980
516 201585 17.488380 32.299630
516 202326 25.890720 8.569410
516 203463 14.828340 48.534970
516 2207 9.774850 35.313140
516 101127 17.310110 23.350330
516 201152 17.343900 13.760620
516 201572 11.955630 27.839720
516 1626178 21.523550 27.128910
528 -1 24.848810 11.137380
528 2406 17.972080 23.816100
528 200765 28.171680 22.865210
528 201585 16.975750 32.511150
528 202326 25.639810 8.727200
528 203463 15.818380 48.242940
528 2207 9.758970 34.970370
528 101127 17.176660 23.080260
528 201152 17.957880 13.421920
528 201572 11.944400 27.874720
528 1626178 21.693920 27.079160
540 -1 25.322120 11.144160
540 2406 18.031130 23.622750
540 200765 28.740680 22.797970
540 201585 16.512870 32.740150
540 202326 25.396750 8.747450
540 203463 16.791230 47.866230
540 2207 9.750180 34.692970
540 101127 17.059570 22.905880
540 201152 18.641420 12.955360
540 201572 12.013760 28.150640
540 1626178 21.903490 26.941840
552 -1 25.584550 10.114920
552 2406 17.873430 23.246040
552 200765 29.320300 22.802390
552 201585 16.071860 33.007470
552 202326 25.241280 8.570470
552 203463 17.694820 47.246770
552 2207 9.765370 34.521560
552 101127 16.976900 22.559850
552 201152 19.349420 12.304290
552 201572 12.141560 28.579500
552 1626178 22.069810 26.427860
564 -1 25.116450 10.305470
564 2406 17.529870 22.706970
564 200765 29.895360 22.969200
564 201585 15.689450 33.328550
564 202326 25.121350 8.479470
564 203463 18.684590 46.746180
564 2207 9.750850 34.255070
564 101127 16.907250 22.429470
564 201152 20.080750 11.661680
564 201572 12.278820 29.015270
564 1626178 22.159330 25.915380
576 -1 23.588560 11.647580
576 2406 17.084500 22.240750
576 200765 30.451440 23.157700
576 201585 15.332440 33.700280
576 202326 25.020590 8.455900
576 203463 19.733870 46.315330
576 2207 9.710590 33.985260
576 101127 16.852770 22.491590
576 201152 20.827130 11.407870
576 201572 12.372070 29.488750
576 1626178 22.199070 25.364670
588 -1 22.859090 12.206570
588 2406 16.586360 21.913290
588 200765 31.012590 23.289120
588 201585 14.982500 34.139770
588 202326 24.972840 8.728020
588 203463 20.779060 45.672590
588 2207 9.677010 33.856010
588 101127 16.862640 22.655240
588 201152 21.606480 11.052410
588 201572 12.370520 30.023280
588 1626178 22.223590 24.649600
600 -1 19.945910 14.128160
600 2406 16.088010 21.871170
600 200765 31.574840 23.428860
600 201585 14.597920 34.517300
600 202326 24.947090 9.016350
600 203463 21.861510 45.150030
600 2207 9.562050 33.672420
600 101127 16.893950 22.679100
600 201152 22.331330 11.343310
600 201572 12.244000 30.453110
600 1626178 22.180150 24.073770
612 -1 18.089010 15.410230
612 2406 15.614900 22.031350
612 200765 32.098550 23.679830
612 201585 14.203800 34.752380
612 202326 24.900020 9.436750
612 203463 22.988050 44.732200
612 2207 9.350740 33.403260
612 101127 16.946360 22.828090
612 201152 23.054490 11.959110
612 201572 11.986080 30.816690
612 1626178 22.015430 23.751830
624 -1 16.398030 16.797570
624 2406 15.215480 22.335820
624 200765 32.660740 23.878570
624 201585 13.815460 34.925490
624 202326 24.883950 9.751660
624 203463 24.113780 44.189700
624 2207 9.116350 33.270690
624 101127 16.951950 22.933590
624 201152 23.531180 12.551150
624 201572 11.670600 31.190110
624 1626178 21.815280 23.400530
636 -1 14.579570 18.179130
636 2406 14.797770 22.555680
636 200765 33.250560 24.055280
636 201585 13.455430 34.956000
636 202326 24.842590 10.051480
636 203463 25.238990 43.485280
636 2207 8.882840 33.176080
636 101127 16.871050 22.961650
636 201152 23.874700 13.246560
636 201572 11.370150 31.482380
636 1626178 21.548990 23.099480
648 -1 13.000670 19.419470
648 2406 14.349830 22.706880
648 200765 33.833390 24.297860
648 201585 13.110560 34.789670
648 202326 24.805950 10.193360
648 203463 26.399230 42.974460
648 2207 8.607550 32.981200
648 101127 16.687440 22.935870
648 201152 24.024480 14.050780
648 201572 11.085600 31.604300
648 1626178 21.194140 22.847650
660 -1 11.249290 20.530760
660 2406 13.881770 22.789150
660 200765 34.412110 24.553060
660 201585 12.823000 34.564030
660 202326 24.757430 10.404930
660 203463 27.527770 42.307070
660 2207 8.334010 32.788770
660 101127 16.465170 22.906970
660 201152 24.015810 14.413190
660 201572 10.916700 31.653670
660 1626178 20.769020 22.624580
672 -1 9.445450 21.815010
672 2406 13.369030 22.828200
672 200765 35.007120 24.660450
672 201585 12.576800 34.384820
672 202326 24.732030 10.670700
672 203463 28.657950 41.576230
672 2207 8.065250 32.593160
672 101127 16.180860 22.841660
672 201152 23.842040 14.608760
672 201572 10.974320 31.608830
672 1626178 20.299930 22.228770
684 -1 7.738210 22.965000
684 2406 12.836390 22.809600
684 200765 35.586190 24.683020
684 201585 12.403970 34.142380
684 202326 24.759060 10.995520
684 203463 29.737840 40.940200
684 2207 7.804060 32.371530
684 101127 15.800230 22.587240
684 201152 23.754710 15.010660
684 201572 10.986150 31.455250
684 1626178 19.790760 21.872840
696 -1 6.014220 24.362270
696 2406 12.343770 23.004640
696 200765 36.152910 24.715040
696 201585 12.314700 33.873150
696 202326 24.865520 11.316820
696 203463 30.814690 40.354070
696 2207 7.515760 32.142920
696 101127 15.342360 22.249590
696 201152 23.628650 15.319570
696 201572 10.898640 30.976520
696 1626178 19.267880 21.536260
708 -1 4.684870 25.215210
708 2406 11.793650 23.096980
708 200765 36.727900 24.724980
708 201585 12.335890 33.592110
708 202326 25.039180 11.626600
708 203463 31.859170 39.669420
708 2207 7.182590 31.885340
708 101127 14.845500 21.929470
708 201152 23.636110 15.736530
708 201572 10.890830 30.393590
708 1626178 18.748970 21.203540
720 -1 4.211690 25.871050
720 2406 11.261940 23.236140
720 200765 37.328680 24.700310
720 201585 12.446560 33.295980
720 202326 25.339140 11.909120
720 203463 32.913140 39.036630
720 2207 6.823520 31.659280
720 101127 14.292620 21.536880
720 201152 23.650210 16.080670
720 201572 10.890260 29.677610
720 1626178 18.236670 20.874600