0 -1 28.760880 39.822960
0 203142 40.141050 27.189800
0 203101 24.070830 30.968810
0 203898 27.034230 40.432470
0 203996 28.592640 20.669490
0 1626173 61.626180 46.702020
0 101135 58.556500 26.889170
0 101161 46.311380 19.301400
0 202323 66.328150 31.438260
0 202738 55.142620 40.722720
0 203109 52.177830 20.797460
12 -1 29.410220 40.315810
12 203142 41.512870 26.583790
12 203101 25.776070 30.925230
12 203898 28.468280 40.554830
12 203996 30.151120 19.763780
12 1626173 63.289710 46.762350
12 101135 59.645300 26.362990
12 101161 47.628330 19.794120
12 202323 67.404850 32.255440
12 202738 56.078080 40.437710
12 203109 53.225190 20.616740
24 -1 30.223690 40.589220
24 203142 42.902820 25.990200
24 203101 27.528930 30.775480
24 203898 29.856120 40.481810
24 203996 31.684340 18.869390
24 1626173 64.859200 46.896130
24 101135 60.735270 25.820980
24 101161 48.899470 20.286720
24 202323 68.469950 33.081430
24 202738 56.955060 40.149280
24 203109 54.305530 20.479450
36 -1 31.533090 40.297760
36 203142 44.141790 25.413280
36 203101 29.292140 30.665580
36 203898 31.209350 40.335990
36 203996 33.277280 17.982620
36 1626173 66.319760 47.031620
36 101135 61.813650 25.264290
36 101161 50.129690 20.763050
36 202323 69.539780 33.894620
36 202738 57.789940 39.878240
36 203109 55.385150 20.373830
48 -1 32.456770 40.206840
48 203142 45.347460 24.882200
48 203101 31.116860 30.522060
48 203898 32.481320 40.175160
48 203996 34.843770 17.096240
48 1626173 67.725360 47.079550
48 101135 62.898990 24.675050
48 101161 51.404700 21.203610
48 202323 70.508350 34.547040
48 202738 58.503510 39.567700
48 203109 56.409230 20.314640
60 -1 35.046200 39.293610
60 203142 46.579770 24.418780
60 203101 32.958060 30.360860
60 203898 33.755040 39.811540
60 203996 36.385550 16.215230
60 1626173 69.120920 47.220290
60 101135 63.995070 24.166190
60 101161 52.659140 21.642650
60 202323 71.407280 35.058310
60 202738 59.185320 39.290770
60 203109 57.454110 20.157400
72 -1 35.541290 38.352810
72 203142 47.816320 23.985600
72 203101 34.827940 30.142060
72 203898 34.913300 39.367360
72 203996 37.953530 15.344470
72 1626173 70.419420 47.402010
72 101135 65.077560 23.713460
72 101161 53.866290 22.065970
72 202323 72.434110 35.673400
72 202738 59.838470 39.053520
72 203109 58.430990 19.990870
84 -1 36.884880 37.607060
84 203142 48.991680 23.549620
84 203101 36.636050 30.023900
84 203898 36.003410 38.984250
84 203996 39.542820 14.519710
84 1626173 71.679970 47.562680
84 101135 66.092460 23.259200
84 101161 55.070280 22.512600
84 202323 73.429490 36.318070
84 202738 60.410000 38.820930
84 203109 59.331560 19.775170
96 -1 37.892420 36.967020
96 203142 50.190750 23.100020
96 203101 38.471310 29.897880
96 203898 37.065200 38.486290
96 203996 41.122180 13.702140
96 1626173 72.914530 47.726760
96 101135 67.084040 22.784130
96 101161 56.248570 22.991550
96 202323 74.325220 36.897300
96 202738 61.008000 38.565220
96 203109 60.169670 19.594160
108 -1 38.463540 36.525740
108 203142 51.353280 22.713610
108 203101 40.320870 29.791630
108 203898 38.051170 37.911710
108 203996 42.737760 12.902870
108 1626173 74.004350 47.863330
108 101135 68.072380 22.330080
108 101161 57.386560 23.454730
108 202323 75.173770 37.482870
108 202738 61.592680 38.264330
108 203109 60.978400 19.455300
120 -1 39.192070 35.921500
120 203142 52.414850 22.364070
120 203101 42.114530 29.700140
120 203898 39.010220 37.225840
120 203996 44.337530 12.124090
120 1626173 74.998700 47.909370
120 101135 69.006870 21.824090
120 101161 58.520050 23.881080
120 202323 75.973430 38.112470
120 202738 62.164270 37.908840
120 203109 61.761560 19.367470
132 -1 39.873730 35.593490
132 203142 53.425610 22.068890
132 203101 43.897620 29.594530
132 203898 39.907580 36.572660
132 203996 45.937130 11.335880
132 1626173 75.969660 47.952300
132 101135 69.869470 21.257940
132 101161 59.625190 24.264210
132 202323 76.663530 38.602430
132 202738 62.681910 37.491330
132 203109 62.516060 19.247160
144 -1 40.983910 34.952920
144 203142 54.437510 21.860140
144 203101 45.706470 29.538860
144 203898 40.750990 35.871520
144 203996 47.495920 10.579110
144 1626173 76.885270 47.865480
144 101135 70.722830 20.771040
144 101161 60.658960 24.602270
144 202323 77.238320 38.852840
144 202738 63.160970 36.963180
144 203109 63.129380 19.012110
156 -1 42.122400 33.881960
156 203142 55.427330 21.732290
156 203101 47.396810 29.574660
156 203898 41.556140 35.232310
156 203996 49.011060 9.888220
156 1626173 77.775720 47.695640
156 101135 71.538100 20.299820
156 101161 61.657180 24.902310
156 202323 77.818490 39.069260
156 202738 63.489060 36.383000
156 203109 63.714040 18.747700
168 -1 42.084900 33.443960
168 203142 56.415860 21.569280
168 203101 49.049210 29.643270
168 203898 42.331660 34.559570
168 203996 50.571320 9.231770
168 1626173 78.622360 47.526040
168 101135 72.269780 19.779170
168 101161 62.606950 25.204710
168 202323 78.423910 39.281040
168 202738 63.687260 35.801300
168 203109 64.304330 18.620450
180 -1 43.421180 32.485930
180 203142 57.398140 21.366220
180 203101 50.725070 29.840270
180 203898 43.045890 33.840550
180 203996 52.167380 8.623080
180 1626173 79.427370 47.401520
180 101135 72.934810 19.279680
180 101161 63.484300 25.467000
180 202323 79.018670 39.426210
180 202738 63.799070 35.180390
180 203109 64.867170 18.586570
192 -1 43.862410 32.071980
192 203142 58.363170 21.135060
192 203101 52.347970 30.122660
192 203898 43.748110 33.076650
192 203996 53.752540 8.034280
192 1626173 80.137840 47.319610
192 101135 73.529990 18.778300
192 101161 64.370570 25.745890
192 202323 79.590220 39.521720
192 202738 63.860900 34.516420
192 203109 65.461970 18.603690
204 -1 44.447440 31.511310
204 203142 59.264390 20.920230
204 203101 53.899220 30.405060
204 203898 44.439850 32.334650
204 203996 55.378210 7.436050
204 1626173 80.816260 47.163860
204 101135 74.072420 18.177380
204 101161 65.280060 26.034240
204 202323 80.263740 39.706940
204 202738 63.888000 33.850810
204 203109 66.127970 18.986990
216 -1 45.094370 30.898720
216 203142 60.103000 20.733340
216 203101 55.478890 30.695090
216 203898 45.085330 31.673200
216 203996 57.021540 6.837990
216 1626173 81.417240 47.058620
216 101135 74.594020 17.605350
216 101161 66.104870 26.187380
216 202323 80.947710 39.836680
216 202738 63.926160 33.252130
216 203109 66.845950 19.317180
228 -1 46.005750 30.212400
228 203142 60.919700 20.559250
228 203101 57.035130 31.019810
228 203898 45.719000 31.097150
228 203996 58.619520 6.300080
228 1626173 82.010200 46.988760
228 101135 75.078920 17.095090
228 101161 66.814210 26.260690
228 202323 81.505360 39.818060
228 202738 63.974730 32.654260
228 203109 67.479940 19.397220
240 -1 46.773170 29.258160
240 203142 61.720180 20.416380
240 203101 58.497210 31.346140
240 203898 46.319000 30.642440
240 203996 60.240090 5.778050
240 1626173 82.547790 46.985270
240 101135 75.549100 16.686520
240 101161 67.569070 26.412510
240 202323 82.022360 39.773630
240 202738 64.006430 32.035780
240 203109 68.078110 19.410770
252 -1 47.407170 28.564170
252 203142 62.460440 20.280460
252 203101 59.920740 31.658060
252 203898 46.887380 30.186130
252 203996 61.874080 5.295970
252 1626173 83.024680 46.934260
252 101135 76.018900 16.226650
252 101161 68.390050 26.680600
252 202323 82.504470 39.688280
252 202738 64.039450 31.484330
252 203109 68.645220 19.416940
264 -1 47.661110 28.295270
264 203142 63.146750 20.072580
264 203101 61.330450 32.027470
264 203898 47.440410 29.709710
264 203996 63.506870 4.847140
264 1626173 83.417690 46.990610
264 101135 76.486420 15.836180
264 101161 69.170760 27.053130
264 202323 82.929460 39.687610
264 202738 64.029980 30.908340
264 203109 69.199870 19.200240
276 -1 48.012590 27.885550
276 203142 63.788210 19.786900
276 203101 62.674310 32.340440
276 203898 48.030580 29.172280
276 203996 65.145360 4.421760
276 1626173 83.801860 47.016620
276 101135 76.907750 15.442200
276 101161 69.927650 27.630800
276 202323 83.281450 39.626630
276 202738 63.943900 30.220500
276 203109 69.685420 19.047020
288 -1 48.433930 27.482240
288 203142 64.350800 19.512250
288 203101 63.835350 32.557270
288 203898 48.631710 28.603930
288 203996 66.781550 3.985880
288 1626173 84.200970 47.049490
288 101135 77.313880 15.053150
288 101161 70.855400 28.248080
288 202323 83.684790 39.561230
288 202738 63.855060 29.602730
288 203109 70.159320 18.998950
300 -1 49.123510 26.974690
300 203142 64.842700 19.280840
300 203101 65.022790 32.722950
300 203898 49.269180 28.000140
300 203996 68.341970 3.555120
300 1626173 84.551020 47.055540
300 101135 77.690290 14.535790
300 101161 71.749950 28.702790
300 202323 84.062760 39.491730
300 202738 63.836400 29.066390
300 203109 70.632570 19.055050
312 -1 49.771350 26.381170
312 203142 65.280390 19.054170
312 203101 66.216080 32.857170
312 203898 49.891530 27.463950
312 203996 69.905030 3.157350
312 1626173 84.902170 47.005890
312 101135 78.085940 14.087190
312 101161 72.512770 29.038830
312 202323 84.425900 39.435350
312 202738 63.816490 28.543910
312 203109 71.070770 19.201840
324 -1 50.433940 25.823390
324 203142 65.695780 18.774660
324 203101 67.342440 32.952200
324 203898 50.483060 27.042150
324 203996 71.439060 2.814150
324 1626173 85.282220 47.008460
324 101135 78.472910 13.610370
324 101161 73.223470 29.226450
324 202323 84.720180 39.244780
324 202738 63.837870 28.132220
324 203109 71.501150 19.320980
336 -1 51.440300 25.344420
336 203142 66.103240 18.622280
336 203101 68.449710 33.099470
336 203898 51.030570 26.667530
336 203996 72.766610 2.426210
336 1626173 85.597080 47.037160
336 101135 78.884100 13.184100
336 101161 73.927890 29.334190
336 202323 84.988160 39.073950
336 202738 63.930080 27.808340
336 203109 71.886900 19.333030
348 -1 51.985980 24.791740
348 203142 66.491420 18.493890
348 203101 69.553130 33.257700
348 203898 51.577700 26.321460
348 203996 74.202720 2.141960
348 1626173 85.843280 47.117990
348 101135 79.336000 12.875380
348 101161 74.477130 29.470930
348 202323 85.191890 38.907770
348 202738 64.036340 27.439020
348 203109 72.232960 19.326740
360 -1 52.224800 24.423380
360 203142 66.834540 18.355100
360 203101 70.442140 33.265710
360 203898 52.091240 25.988220
360 203996 75.672090 1.950540
360 1626173 86.095300 47.191600
360 101135 79.821960 12.622940
360 101161 74.880400 29.687230
360 202323 85.352980 38.739340
360 202738 64.113150 27.082790
360 203109 72.537880 19.202420
372 -1 52.525750 24.268160
372 203142 67.162650 18.212840
372 203101 71.055470 33.277130
372 203898 52.600950 25.594400
372 203996 77.014050 1.851600
372 1626173 86.288930 47.322680
372 101135 80.309510 12.391020
372 101161 75.165190 29.942160
372 202323 85.488770 38.598310
372 202738 64.202570 26.759130
372 203109 72.820810 18.986480
384 -1 52.859960 23.877210
384 203142 67.462150 18.165680
384 203101 71.504020 33.145280
384 203898 53.150320 25.151420
384 203996 78.275060 1.746810
384 1626173 86.397070 47.472630
384 101135 80.800050 12.167340
384 101161 75.302870 30.378620
384 202323 85.594220 38.479120
384 202738 64.297700 26.476880
384 203109 73.028270 18.802190
396 -1 53.472220 23.435250
396 203142 67.698120 18.029810
396 203101 71.641150 33.067660
396 203898 53.758040 24.697640
396 203996 79.650100 1.758420
396 1626173 86.458590 47.617470
396 101135 81.314430 11.939270
396 101161 75.307970 30.880480
396 202323 85.678410 38.406540
396 202738 64.384360 26.269090
396 203109 73.174270 18.741850
408 -1 54.378480 23.039230
408 203142 67.911980 18.026030
408 203101 71.612290 32.944450
408 203898 54.386300 24.285130
408 203996 80.790540 1.704510
408 1626173 86.460750 47.751850
408 101135 81.852930 11.653990
408 101161 75.225920 31.341910
408 202323 85.743850 38.403290
408 202738 64.476660 26.131590
408 203109 73.268300 18.722430
420 -1 55.429590 22.809820
420 203142 68.066220 17.983720
420 203101 71.549600 32.918030
420 203898 55.058820 23.971290
420 203996 81.822380 1.640940
420 1626173 86.406730 47.865580
420 101135 82.388420 11.386140
420 101161 74.964210 31.823010
420 202323 85.795880 38.436620
420 202738 64.564730 26.028780
420 203109 73.250990 18.681170
432 -1 56.429990 22.563260
432 203142 68.122760 17.964720
432 203101 71.494320 32.872940
432 203898 55.748960 23.736000
432 203996 82.782950 1.548670
432 1626173 86.343060 47.929750
432 101135 82.932840 11.273630
432 101161 74.641240 32.256030
432 202323 85.850270 38.512770
432 202738 64.648600 25.943980
432 203109 73.139010 18.618020
444 -1 57.149490 22.180630
444 203142 68.079770 17.998810
444 203101 71.375120 32.944610
444 203898 56.441250 23.523490
444 203996 83.654740 1.493420
444 1626173 86.287860 48.007500
444 101135 83.495170 11.266190
444 101161 74.311770 32.537880
444 202323 85.908300 38.585380
444 202738 64.730730 25.847000
444 203109 72.973510 18.557940
456 -1 57.685420 21.772930
456 203142 67.981980 18.086590
456 203101 71.363340 32.873310
456 203898 57.109220 23.305660
456 203996 84.399400 1.464520
456 1626173 86.267670 48.013660
456 101135 84.026300 11.292760
456 101161 74.004500 32.738530
456 202323 85.959740 38.627940
456 202738 64.806650 25.666320
456 203109 72.773620 18.470360
468 -1 57.810770 21.549910
468 203142 67.829870 18.056430
468 203101 71.384680 32.874540
468 203898 57.732120 23.010800
468 203996 85.043960 1.469830
468 1626173 86.267810 47.983580
468 101135 84.480900 11.420460
468 101161 73.691040 32.942310
468 202323 86.005020 38.630420
468 202738 64.972820 25.399280
468 203109 72.516130 18.311000
480 -1 58.007040 21.143510
480 203142 67.689710 18.080960
480 203101 71.371980 32.875070
480 203898 58.341260 22.575300
480 203996 85.547970 1.466510
480 1626173 86.296230 48.049290
480 101135 84.900310 11.451820
480 101161 73.528730 33.099710
480 202323 86.059600 38.614300
480 202738 65.222680 25.009700
480 203109 72.222810 18.111880
492 -1 58.326360 20.672260
492 203142 67.472560 18.044930
492 203101 71.356180 32.902020
492 203898 58.983350 21.950630
492 203996 86.014640 1.442850
492 1626173 86.333260 48.090740
492 101135 85.293140 11.427420
492 101161 73.437940 33.183740
492 202323 86.106320 38.446150
492 202738 65.518070 24.507450
492 203109 71.962600 17.954590
504 -1 58.843260 19.951420
504 203142 67.261540 18.020380
504 203101 71.375910 32.872300
504 203898 59.607650 21.130350
504 203996 86.439900 1.412940
504 1626173 86.382330 48.072310
504 101135 85.619720 11.339430
504 101161 73.444570 33.156800
504 202323 86.158400 38.210310
504 202738 65.845440 23.929150
504 203109 71.640010 17.694330
516 -1 59.577900 19.002360
516 203142 67.083460 17.987350
516 203101 71.402980 32.815420
516 203898 60.274760 20.160680
516 203996 86.821760 1.379300
516 1626173 86.408560 48.109200
516 101135 85.909190 11.224580
516 101161 73.512980 33.038680
516 202323 86.221880 37.963030
516 202738 66.278650 23.247330
516 203109 71.311230 17.504180
528 -1 60.603170 17.552280
528 203142 67.010890 18.068000
528 203101 71.516860 32.631430
528 203898 61.041990 19.123120
528 203996 87.148670 1.356020
528 1626173 86.436120 48.189970
528 101135 86.199300 11.038540
528 101161 73.605200 32.859560
528 202323 86.291020 37.675490
528 202738 66.709340 22.531190
528 203109 71.008100 17.374290
540 -1 61.706220 16.349570
540 203142 66.937630 18.296700
540 203101 71.643250 32.403730
540 203898 61.844480 17.917180
540 203996 87.421410 1.350450
540 1626173 86.465850 48.210870
540 101135 86.466690 10.978010
540 101161 73.702550 32.608930
540 202323 86.328980 37.273130
540 202738 67.229410 21.891830
540 203109 70.711820 17.082580
552 -1 62.846720 14.810380
552 203142 67.023340 18.645630
552 203101 71.809280 31.958840
552 203898 62.672330 16.658200
552 203996 87.630780 1.366860
552 1626173 86.486380 48.239380
552 101135 86.681770 10.886590
552 101161 73.856650 32.312170
552 202323 86.350920 36.930770
552 202738 67.816750 21.249470
552 203109 70.330990 16.605560
564 -1 63.393900 13.824680
564 203142 67.159300 19.043040
564 203101 72.047280 31.300150
564 203898 63.580890 15.357780
564 203996 87.771160 1.391990
564 1626173 86.499400 48.253260
564 101135 86.873920 10.831070
564 101161 74.019180 32.014460
564 202323 86.337480 36.582680
564 202738 68.508970 20.552390
564 203109 70.268370 16.287070
576 -1 63.855780 12.968760
576 203142 67.169490 19.515250
576 203101 72.428040 30.565840
576 203898 64.720420 14.209060
576 203996 87.890430 1.409410
576 1626173 86.516350 48.271730
576 101135 87.018380 10.803880
576 101161 74.196260 31.667670
576 202323 86.304540 36.190800
576 202738 69.192670 20.045070
576 203109 70.456830 15.735680
588 -1 64.970270 11.813240
588 203142 67.040790 19.932440
588 203101 72.825640 29.924500
588 203898 65.840930 13.011080
588 203996 88.014820 1.421770
588 1626173 86.526230 48.237700
588 101135 87.108470 10.789790
588 101161 74.416490 31.301290
588 202323 86.275400 35.827460
588 202738 69.852270 19.809970
588 203109 70.811870 15.083120
600 -1 66.480460 10.612850
600 203142 66.857940 20.392830
600 203101 73.297180 29.342740
600 203898 67.026170 11.929290
600 203996 88.170480 1.424610
600 1626173 86.524870 48.187440
600 101135 87.163470 10.773600
600 101161 74.743900 30.896460
600 202323 86.319490 35.680230
600 202738 70.402720 19.732680
600 203109 71.425480 14.493090
612 -1 68.268880 9.586930
612 203142 66.581880 20.998120
612 203101 73.810850 28.839000
612 203898 68.314860 11.153110
612 203996 88.319750 1.396050
612 1626173 86.518520 48.152860
612 101135 87.199140 10.740940
612 101161 75.157650 30.437690
612 202323 86.401290 35.551840
612 202738 70.887420 19.904230
612 203109 72.310530 13.958550
624 -1 69.831980 8.871660
624 203142 66.216640 21.801560
624 203101 74.407420 28.403360
624 203898 69.542400 10.465320
624 203996 88.462190 1.341620
624 1626173 86.499180 48.182770
624 101135 87.210600 10.641250
624 101161 75.734240 29.900270
624 202323 86.528160 35.476400
624 202738 71.312910 20.349930
624 203109 73.002630 13.207320
636 -1 70.932980 8.097730
636 203142 65.887840 22.885010
636 203101 75.103020 27.942310
636 203898 70.439580 9.644690
636 203996 88.586650 1.303300
636 1626173 86.449970 48.211460
636 101135 87.228730 10.469040
636 101161 76.436990 29.326460
636 202323 86.669080 35.456570
636 202738 71.699180 20.902040
636 203109 73.640960 12.608850
648 -1 71.565960 7.313130
648 203142 65.515010 24.142440
648 203101 75.857490 27.298150
648 203898 71.186680 8.898040
648 203996 88.663540 1.262790
648 1626173 86.371820 48.252400
648 101135 87.248400 10.243200
648 101161 77.230700 28.650190
648 202323 86.798060 35.475660
648 202738 72.033030 21.394900
648 203109 74.243710 12.077410
660 -1 71.731540 6.740020
660 203142 65.111690 25.360740
660 203101 76.785120 26.457120
660 203898 71.658500 8.218990
660 203996 88.685170 1.244020
660 1626173 86.252050 48.262680
660 101135 87.266990 9.995110
660 101161 78.133030 27.904380
660 202323 86.860760 35.404410
660 202738 72.304170 21.848080
660 203109 74.790860 11.715030
672 -1 72.033230 6.300890
672 203142 64.696760 26.564610
672 203101 77.911510 25.455780
672 203898 71.792790 7.471970
672 203996 88.675160 1.249700
672 1626173 86.058410 48.300510
672 101135 87.293840 9.762070
672 101161 79.009150 27.220610
672 202323 86.903590 35.349180
672 202738 72.514190 22.238070
672 203109 75.111960 11.442000
684 -1 71.852900 5.880740
684 203142 64.312550 27.636250
684 203101 78.888330 24.606440
684 203898 71.700470 6.866340
684 203996 88.632960 1.280230
684 1626173 85.816630 48.278100
684 101135 87.323360 9.582990
684 101161 79.808750 26.476410
684 202323 86.877890 35.354340
684 202738 72.547670 22.676220
684 203109 75.370160 11.360300
696 -1 71.255260 5.794640
696 203142 63.960490 28.501580
696 203101 79.745330 23.836060
696 203898 71.450950 6.423650
696 203996 88.560200 1.293510
696 1626173 85.574390 48.273590
696 101135 87.348750 9.472370
696 101161 80.597310 25.734690
696 202323 86.829310 35.329160
696 202738 72.439180 23.108330
696 203109 75.416880 11.308990
708 -1 70.404730 5.768380
708 203142 63.664650 29.280020
708 203101 80.550860 23.226500
708 203898 71.015390 6.150870
708 203996 88.496330 1.310540
708 1626173 85.304110 48.317050
708 101135 87.371880 9.430230
708 101161 81.348590 24.995170
708 202323 86.768950 35.194830
708 202738 72.207260 23.538880
708 203109 75.325460 11.289500
720 -1 69.644760 6.003990
720 203142 63.443380 30.029710
720 203101 81.145740 22.661520
720 203898 70.524420 6.060840
720 203996 88.441250 1.316200
720 1626173 85.058910 48.356440
720 101135 87.386360 9.441300
720 101161 81.883260 24.350920
720 202323 86.740230 35.095280
720 202738 71.783050 24.039280
720 203109 75.097720 11.215790
732 -1 69.018750 6.198980
732 203142 63.277770 30.741590
732 203101 81.502390 22.209630
732 203898 70.015540 6.039610
732 203996 88.411810 1.312990
732 1626173 84.866040 48.356810
732 101135 87.401640 9.497560
732 101161 82.349910 23.690620
732 202323 86.724260 35.067010
732 202738 71.246360 24.632740
732 203109 74.882810 11.202610
744 -1 68.052600 7.207470
744 203142 63.164640 31.407160
744 203101 81.833590 21.699800
744 203898 69.504840 6.232670
744 203996 88.410960 1.304570
744 1626173 84.688250 48.399050
744 101135 87.397550 9.587510
744 101161 82.671410 23.123500
744 202323 86.754370 35.001210
744 202738 70.730060 25.123730
744 203109 74.627230 11.243090
756 -1 67.493180 7.402240
756 203142 63.128920 31.978240
756 203101 82.026820 21.155300
756 203898 68.956320 6.533140
756 203996 88.435200 1.304880
756 1626173 84.501950 48.418920
756 101135 87.386900 9.714600
756 101161 82.784690 22.610260
756 202323 86.832760 35.028540
756 202738 70.199490 25.541230
756 203109 74.390490 11.477980
768 -1 67.059760 7.693320
768 203142 63.187620 32.485040
768 203101 82.077060 20.614800
768 203898 68.526350 6.868350
768 203996 88.461860 1.288100
768 1626173 84.315630 48.383970
768 101135 87.366440 9.853630
768 101161 82.779920 22.170230
768 202323 86.927750 35.168160
768 202738 69.676300 25.914420
768 203109 74.146880 11.690070
780 -1 66.899980 8.017910
780 203142 63.353810 32.950840
780 203101 82.052890 20.057100
780 203898 68.190130 7.220820
780 203996 88.489720 1.279120
780 1626173 84.100970 48.343750
780 101135 87.346550 9.984960
780 101161 82.728340 21.723280
780 202323 87.004540 35.259700
780 202738 69.320760 26.285160
780 203109 73.891470 11.969950
792 -1 66.996030 8.467780
792 203142 63.624920 33.375100
792 203101 81.940630 19.643110
792 203898 67.979450 7.562210
792 203996 88.509890 1.286360
792 1626173 83.880380 48.330030
792 101135 87.304180 10.073080
792 101161 82.552350 21.334470
792 202323 87.051520 35.308680
792 202738 69.117910 26.625370
792 203109 73.666950 12.274550
804 -1 67.444810 8.807520
804 203142 63.999480 33.727350
804 203101 81.786910 19.116760
804 203898 67.935810 7.684700
804 203996 88.515060 1.288010
804 1626173 83.675530 48.267820
804 101135 87.267370 10.107640
804 101161 82.298240 20.885480
804 202323 87.085350 35.365020
804 202738 69.002670 27.001110
804 203109 73.550080 12.527350
816 -1 67.972330 8.657800
816 203142 64.514400 34.068130
816 203101 81.685990 18.575090
816 203898 68.107480 7.739910
816 203996 88.518090 1.287910
816 1626173 83.500470 48.243920
816 101135 87.225630 10.066690
816 101161 82.095030 20.431240
816 202323 86.998690 35.236860
816 202738 68.985320 27.423780
816 203109 73.566660 12.620590
828 -1 68.461200 8.024320
828 203142 65.011750 34.249950
828 203101 81.557820 17.861830
828 203898 68.373880 7.744560
828 203996 88.499190 1.308340
828 1626173 83.377210 48.263180
828 101135 87.170820 9.871070
828 101161 81.868310 19.979040
828 202323 86.907490 35.103800
828 202738 69.077280 27.852200
828 203109 73.741760 12.720980
840 -1 68.470760 7.363800
840 203142 65.495580 34.357620
840 203101 81.519160 17.224220
840 203898 68.649780 7.634330
840 203996 88.455140 1.330300
840 1626173 83.289520 48.276600
840 101135 87.132340 9.592120
840 101161 81.620240 19.601480
840 202323 86.845110 35.068920
840 202738 69.231630 28.229250
840 203109 74.045570 12.719950
852 -1 68.934800 6.894370
852 203142 66.016650 34.431050
852 203101 81.610340 16.551640
852 203898 68.961370 7.464410
852 203996 88.304800 1.342860
852 1626173 83.217610 48.209420
852 101135 87.139010 9.346360
852 101161 81.502310 19.076150
852 202323 86.738100 34.934770
852 202738 69.412080 28.604890
852 203109 74.391630 12.666640
864 -1 72.227200 6.051030
864 203142 66.532810 34.350810
864 203101 81.762470 16.024800
864 203898 69.223310 7.334040
864 203996 88.167640 1.416570
864 1626173 83.168730 48.289640
864 101135 87.127730 8.964250
864 101161 81.550030 18.613840
864 202323 86.630390 34.797040
864 202738 69.641630 28.958700
864 203109 74.856810 12.645860
876 -1 76.544430 4.423310
876 203142 67.047610 34.308610
876 203101 81.878350 15.608810
876 203898 69.362470 7.300120
876 203996 87.856710 1.456090
876 1626173 83.161130 48.202580
876 101135 87.121780 8.599940
876 101161 81.656170 18.201180
876 202323 86.611660 34.829730
876 202738 69.944540 29.299110
876 203109 75.312170 12.619880
888 -1 80.762160 2.968210
888 203142 67.648910 34.286760
888 203101 82.070810 15.359430
888 203898 69.420560 7.331080
888 203996 87.438860 1.523330
888 1626173 83.162560 48.187060
888 101135 87.149010 8.271780
888 101161 81.877610 17.821810
888 202323 86.586340 34.855730
888 202738 70.312870 29.626520
888 203109 75.719230 12.585220
900 -1 84.695030 1.305520
900 203142 68.307470 34.288720
900 203101 82.261530 15.059060
900 203898 69.494520 7.425080
900 203996 86.934770 1.583960
900 1626173 83.219100 48.200700
900 101135 87.134930 7.937300
900 101161 82.206420 17.363140
900 202323 86.532110 34.758070
900 202738 70.748850 29.929390
900 203109 76.054620 12.632060
912 -1 85.168100 1.506700
912 203142 68.963950 34.261090
912 203101 82.450300 14.694180
912 203898 69.476280 7.637810
912 203996 86.309610 1.604730
912 1626173 83.343410 48.298260
912 101135 87.142980 7.574690
912 101161 82.563800 16.997140
912 202323 86.555360 34.815460
912 202738 71.228340 30.149680
912 203109 76.404360 12.698620
924 -1 85.110820 1.831480
924 203142 69.709900 34.345600
924 203101 82.683110 14.311010
924 203898 69.408350 7.988100
924 203996 85.678600 1.621010
924 1626173 83.522480 48.289690
924 101135 87.134330 7.398520
924 101161 82.859860 16.697230
924 202323 86.597090 34.765920
924 202738 71.766160 30.357540
924 203109 76.465960 12.648210
936 -1 85.052280 2.042550
936 203142 70.502560 34.308920
936 203101 82.927920 13.795380
936 203898 69.391850 8.422570
936 203996 85.190000 1.684190
936 1626173 83.662350 48.262050
936 101135 87.073790 7.282480
936 101161 83.248950 16.278790
936 202323 86.653120 34.703580
936 202738 72.302140 30.547000
936 203109 76.333460 12.537060
948 -1 85.104790 2.303940
948 203142 71.326950 34.236650
948 203101 83.278670 13.312170
948 203898 69.241250 8.785280
948 203996 84.821690 1.738610
948 1626173 83.805800 48.136860
948 101135 86.983680 7.302040
948 101161 83.687730 15.838210
948 202323 86.714550 34.612350
948 202738 72.824460 30.688070
948 203109 76.084450 12.463490
960 -1 85.077770 3.010690
960 203142 72.302860 33.918950
960 203101 83.577180 12.848340
960 203898 68.978090 9.221890
960 203996 84.544210 1.790310
960 1626173 83.915000 48.077560
960 101135 86.903940 7.408840
960 101161 84.040260 15.526940
960 202323 86.726500 34.511500
960 202738 73.346400 30.830910
960 203109 75.704970 12.394390
972 -1 85.041130 3.100860
972 203142 73.256230 33.573040
972 203101 83.753510 12.294870
972 203898 68.670430 9.680770
972 203996 84.474950 1.921290
972 1626173 83.950970 47.987530
972 101135 86.711710 7.530360
972 101161 84.151910 15.081790
972 202323 86.686450 34.212840
972 202738 73.851370 30.947750
972 203109 75.231960 12.284540
984 -1 84.844830 2.838470
984 203142 74.280470 33.265630
984 203101 83.820140 11.672350
984 203898 68.312010 10.148680
984 203996 84.321020 1.968290
984 1626173 83.975050 48.086740
984 101135 86.403710 7.544070
984 101161 84.266730 14.455490
984 202323 86.613330 34.102300
984 202738 74.332580 31.038100
984 203109 74.899150 12.258630