0 -1 85.619220 8.452100
0 1717 76.648320 22.006810
0 101109 84.967140 9.715490
0 2585 78.218250 29.944040
0 202083 51.429710 42.753060
0 202718 30.484500 3.948930
0 202323 93.896580 21.104090
0 201973 49.938850 16.882420
0 202340 50.194570 36.589000
0 203482 65.514630 23.927910
0 203935 31.189350 14.343200
12 -1 83.141230 8.011750
12 1717 75.319160 22.368140
12 101109 83.547770 9.272600
12 2585 76.899290 30.129690
12 202083 49.247480 43.022060
12 202718 28.630870 3.816590
12 202323 92.691540 21.481010
12 201973 48.325420 17.470530
12 202340 48.387510 36.669480
12 203482 63.863090 23.700550
12 203935 29.856990 14.242380
24 -1 80.423850 7.890270
24 1717 73.947850 22.816260
24 101109 82.006210 8.879660
24 2585 75.495970 30.305730
24 202083 47.046790 43.241000
24 202718 26.756910 3.721890
24 202323 91.326220 21.850220
24 201973 46.627530 18.139830
24 202340 46.581860 36.751550
24 203482 62.210520 23.495960
24 203935 28.564640 14.137870
36 -1 77.974870 8.145260
36 1717 72.538930 23.292490
36 101109 80.345430 8.546990
36 2585 74.018520 30.492600
36 202083 44.864480 43.464460
36 202718 24.885250 3.664820
36 202323 89.801160 22.205840
36 201973 44.962530 18.772440
36 202340 44.770390 36.830960
36 203482 60.568150 23.272610
36 203935 27.290010 14.033270
48 -1 75.861610 8.463370
48 1717 71.100490 23.803730
48 101109 78.573880 8.317200
48 2585 72.419250 30.649640
48 202083 42.751890 43.601990
48 202718 23.083650 3.607230
48 202323 88.199440 22.409650
48 201973 43.297140 19.303000
48 202340 42.987260 36.925480
48 203482 58.842150 23.088320
48 203935 26.034340 13.929800
60 -1 74.793840 8.916300
60 1717 69.670520 24.376340
60 101109 76.726230 8.066480
60 2585 70.761650 30.831220
60 202083 40.661740 43.658560
60 202718 21.379690 3.548870
60 202323 86.315820 22.632500
60 201973 41.655610 19.788370
60 202340 41.209620 37.000550
60 203482 57.067780 22.901470
60 203935 24.799640 13.824190
72 -1 73.876990 9.400760
72 1717 68.209580 24.994250
72 101109 74.785340 7.950820
72 2585 69.090200 31.013870
72 202083 38.602410 43.667140
72 202718 19.773350 3.433460
72 202323 84.347680 22.745930
72 201973 40.046970 20.226620
72 202340 39.427020 37.094810
72 203482 55.285940 22.762640
72 203935 23.575560 13.733790
84 -1 72.250350 9.586170
84 1717 66.735020 25.636520
84 101109 72.790260 7.834140
84 2585 67.360030 31.249950
84 202083 36.589350 43.619920
84 202718 18.290470 3.292970
84 202323 82.238520 22.739030
84 201973 38.510980 20.603770
84 202340 37.674560 37.182280
84 203482 53.430550 22.651840
84 203935 22.362090 13.659090
96 -1 70.211790 9.340660
96 1717 65.265040 26.292170
96 101109 70.788510 7.739390
96 2585 65.590900 31.448810
96 202083 34.572830 43.551020
96 202718 16.944030 3.154640
96 202323 80.105630 22.650940
96 201973 37.047500 21.070030
96 202340 35.963710 37.214940
96 203482 51.544140 22.596500
96 203935 21.179890 13.573000
108 -1 67.751810 8.795230
108 1717 63.796510 26.962520
108 101109 68.803020 7.659820
108 2585 63.772900 31.668010
108 202083 32.640360 43.448460
108 202718 15.658660 3.021340
108 202323 77.922070 22.519770
108 201973 35.625550 21.575010
108 202340 34.237910 37.195270
108 203482 49.721440 22.547800
108 203935 20.008160 13.501840
120 -1 65.390980 8.719290
120 1717 62.343550 27.614190
120 101109 66.806880 7.640500
120 2585 61.898070 31.861270
120 202083 30.820760 43.299440
120 202718 14.425690 2.935060
120 202323 75.847270 22.211830
120 201973 34.271450 22.155400
120 202340 32.548740 37.202190
120 203482 47.915140 22.529710
120 203935 18.864820 13.435790
132 -1 63.906770 8.904150
132 1717 60.928480 28.222330
132 101109 64.801280 7.603710
132 2585 59.996450 32.020170
132 202083 29.050060 43.107550
132 202718 13.239720 2.846390
132 202323 73.536140 21.966110
132 201973 32.967900 22.701980
132 202340 30.901160 37.187060
132 203482 46.080190 22.468900
132 203935 17.750990 13.340000
144 -1 62.811950 9.046040
144 1717 59.498420 28.790760
144 101109 62.749170 7.634090
144 2585 58.124900 32.167340
144 202083 27.335820 42.892490
144 202718 12.090570 2.764670
144 202323 71.203520 21.684430
144 201973 31.758090 23.269110
144 202340 29.281960 37.174370
144 203482 44.301640 22.381340
144 203935 16.654140 13.229800
156 -1 60.926500 9.036490
156 1717 58.025660 29.326120
156 101109 60.659290 7.624510
156 2585 56.257320 32.341680
156 202083 25.714190 42.688750
156 202718 11.012310 2.651080
156 202323 68.701830 21.293970
156 201973 30.579300 23.792610
156 202340 27.696220 37.151930
156 203482 42.522290 22.237650
156 203935 15.584210 13.103520
168 -1 58.100090 9.110340
168 1717 56.515410 29.785880
168 101109 58.555620 7.636200
168 2585 54.386500 32.483940
168 202083 24.127950 42.503360
168 202718 10.019970 2.521320
168 202323 66.213940 20.871200
168 201973 29.451420 24.336080
168 202340 26.216790 37.077230
168 203482 40.707620 22.057940
168 203935 14.574120 12.963670
180 -1 54.971230 9.073120
180 1717 55.007100 30.236990
180 101109 56.464280 7.669640
180 2585 52.430950 32.553940
180 202083 22.638050 42.326020
180 202718 9.094160 2.365160
180 202323 63.632750 20.442070
180 201973 28.333900 24.825340
180 202340 24.762200 36.935360
180 203482 38.951930 21.821890
180 203935 13.666500 12.828810
192 -1 51.562020 8.465930
192 1717 53.528160 30.662710
192 101109 54.348630 7.644540
192 2585 50.435190 32.606120
192 202083 21.305020 42.183280
192 202718 8.252180 2.261010
192 202323 61.084490 19.923700
192 201973 27.221810 25.285950
192 202340 23.360480 36.820790
192 203482 37.269320 21.595240
192 203935 12.765670 12.654980
204 -1 49.301120 7.830200
204 1717 52.071710 31.042410
204 101109 52.142780 7.576920
204 2585 48.383250 32.666930
204 202083 20.074400 42.037210
204 202718 7.511000 2.184370
204 202323 58.505460 19.374190
204 201973 26.125870 25.703880
204 202340 21.994640 36.669070
204 203482 35.580400 21.305150
204 203935 12.029470 12.540570
216 -1 47.592550 7.462550
216 1717 50.632430 31.404940
216 101109 49.840720 7.624220
216 2585 46.357090 32.668400
216 202083 18.930350 41.838000
216 202718 6.884670 2.118890
216 202323 55.937920 18.816750
216 201973 25.091790 26.099450
216 202340 20.652700 36.518460
216 203482 33.934670 20.987260
216 203935 11.354520 12.390930
228 -1 45.778060 6.874480
228 1717 49.187930 31.761230
228 101109 47.467970 7.719930
228 2585 44.358220 32.626510
228 202083 17.866760 41.655640
228 202718 6.379610 2.088930
228 202323 53.297070 18.215310
228 201973 24.138050 26.450040
228 202340 19.398740 36.384670
228 203482 32.358240 20.633700
228 203935 10.733300 12.206600
240 -1 43.620170 6.795520
240 1717 47.733370 32.060320
240 101109 45.145750 7.914660
240 2585 42.435620 32.611120
240 202083 16.844190 41.509590
240 202718 6.021580 2.067210
240 202323 50.712020 17.663640
240 201973 23.257360 26.754270
240 202340 18.245140 36.266250
240 203482 30.769870 20.292690
240 203935 10.105530 12.008010
252 -1 41.469640 7.365420
252 1717 46.229990 32.331220
252 101109 42.823390 8.170760
252 2585 40.551460 32.567800
252 202083 15.889850 41.381730
252 202718 5.804650 2.014060
252 202323 48.095970 17.167000
252 201973 22.460080 27.066050
252 202340 17.113640 36.043410
252 203482 29.189720 19.951170
252 203935 9.624890 11.853160
264 -1 38.547600 7.916090
264 1717 44.747590 32.571910
264 101109 40.562730 8.574440
264 2585 38.691060 32.414580
264 202083 15.047360 41.325710
264 202718 5.702920 1.958530
264 202323 45.482420 16.702870
264 201973 21.735580 27.382740
264 202340 16.054820 35.772190
264 203482 27.673090 19.612760
264 203935 9.148350 11.652840
276 -1 35.698090 8.218950
276 1717 43.330530 32.759420
276 101109 38.262390 9.009850
276 2585 36.836970 32.221920
276 202083 14.294420 41.390730
276 202718 5.668540 1.928610
276 202323 42.875550 16.284240
276 201973 21.059270 27.624800
276 202340 15.032820 35.515520
276 203482 26.212190 19.271400
276 203935 8.749250 11.493850
288 -1 33.984890 8.352680
288 1717 42.014640 32.898470
288 101109 36.112120 9.443060
288 2585 35.071610 32.053740
288 202083 13.672420 41.584350
288 202718 5.655340 1.892150
288 202323 40.377470 16.001360
288 201973 20.420770 27.806580
288 202340 14.025550 35.285980
288 203482 24.763660 18.955340
288 203935 8.405280 11.369310
300 -1 32.461660 8.630040
300 1717 40.715560 32.973530
300 101109 33.884820 9.845430
300 2585 33.383870 31.891330
300 202083 13.172450 41.892810
300 202718 5.649200 1.836400
300 202323 37.768110 15.837190
300 201973 19.839880 27.950430
300 202340 13.071260 35.069990
300 203482 23.402000 18.711990
300 203935 8.142910 11.262540
312 -1 30.764520 8.782740
312 1717 39.494600 32.986330
312 101109 31.797070 10.244810
312 2585 31.731890 31.701430
312 202083 12.754470 42.304530
312 202718 5.615200 1.820580
312 202323 35.208940 15.712810
312 201973 19.343950 28.040480
312 202340 12.266480 34.928060
312 203482 22.064960 18.544900
312 203935 7.939370 11.199480
324 -1 29.020590 9.118840
324 1717 38.359110 32.945200
324 101109 29.765110 10.607620
324 2585 30.170030 31.493730
324 202083 12.435150 42.800860
324 202718 5.678970 1.789580
324 202323 32.755580 15.611190
324 201973 18.950540 28.080540
324 202340 11.565970 34.836850
324 203482 20.667030 18.426520
324 203935 7.781860 11.155380
336 -1 26.958900 9.722280
336 1717 37.275960 32.834930
336 101109 27.916360 10.999910
336 2585 28.682430 31.328170
336 202083 12.199520 43.301050
336 202718 5.749580 1.723310
336 202323 30.314640 15.596330
336 201973 18.688380 28.057000
336 202340 10.958420 34.777080
336 203482 19.353680 18.417510
336 203935 7.691070 11.138330
348 -1 25.216960 10.199760
348 1717 36.290060 32.708630
348 101109 26.093790 11.346440
348 2585 27.249720 31.159640
348 202083 11.997590 43.762130
348 202718 5.702180 1.719900
348 202323 27.855100 15.627800
348 201973 18.675530 28.025390
348 202340 10.434430 34.765490
348 203482 18.119240 18.505000
348 203935 7.656230 11.130900
360 -1 23.226380 10.636620
360 1717 35.419980 32.552060
360 101109 24.464620 11.619390
360 2585 25.899250 30.944550
360 202083 11.803170 44.169420
360 202718 5.631420 1.730890
360 202323 25.468960 15.609880
360 201973 18.835940 27.947390
360 202340 10.022440 34.784070
360 203482 16.897440 18.557340
360 203935 7.665390 11.124470
372 -1 22.013200 10.401880
372 1717 34.732500 32.405130
372 101109 22.983220 11.727380
372 2585 24.675890 30.701990
372 202083 11.615560 44.535650
372 202718 5.588360 1.724940
372 202323 23.189820 15.550090
372 201973 19.088640 27.724600
372 202340 9.687310 34.832920
372 203482 15.725590 18.613930
372 203935 7.684680 11.083740
384 -1 21.360120 10.409960
384 1717 34.140840 32.234590
384 101109 21.843940 11.829820
384 2585 23.649720 30.470200
384 202083 11.429900 44.846820
384 202718 5.450740 1.727330
384 202323 21.118630 15.419990
384 201973 19.520990 27.602820
384 202340 9.446670 34.936570
384 203482 14.688620 18.740860
384 203935 7.711180 10.989520
396 -1 20.124270 11.121200
396 1717 33.611780 32.069200
396 101109 21.120260 11.835970
396 2585 22.765630 30.201310
396 202083 11.299060 45.165410
396 202718 5.308410 1.777360
396 202323 19.202900 15.234150
396 201973 20.107730 27.560220
396 202340 9.332800 35.064520
396 203482 13.641990 18.778880
396 203935 7.707520 10.860680
408 -1 20.796020 12.905600
408 1717 33.184560 31.891860
408 101109 20.788190 11.906800
408 2585 22.099640 29.858040
408 202083 11.228430 45.498930
408 202718 5.395080 1.762860
408 202323 17.312030 15.086830
408 201973 20.709590 27.462170
408 202340 9.279360 35.163590
408 203482 12.677080 18.847410
408 203935 7.689670 10.724640
420 -1 21.609860 14.527980
420 1717 32.845650 31.773610
420 101109 20.699650 11.917280
420 2585 21.668870 29.541880
420 202083 11.243050 45.830250
420 202718 5.497360 1.763530
420 202323 15.787360 15.037730
420 201973 21.315260 27.365630
420 202340 9.241230 35.233680
420 203482 11.778990 19.001280
420 203935 7.647680 10.586920
432 -1 23.897020 18.427940
432 1717 32.496310 31.703550
432 101109 20.762210 11.953040
432 2585 21.431580 29.245060
432 202083 11.339370 46.162260
432 202718 5.602320 1.748170
432 202323 14.486400 15.118990
432 201973 22.043810 27.419940
432 202340 9.211260 35.294700
432 203482 11.018020 19.219420
432 203935 7.610970 10.467400
444 -1 26.082950 22.216570
444 1717 32.142510 31.706630
444 101109 20.949720 11.891450
444 2585 21.342920 28.977630
444 202083 11.558920 46.487240
444 202718 5.678770 1.762500
444 202323 13.305130 15.433470
444 201973 22.698590 27.327290
444 202340 9.208010 35.352180
444 203482 10.365370 19.515040
444 203935 7.577970 10.384600
456 -1 28.153680 25.786560
456 1717 31.786360 31.796450
456 101109 21.115520 11.892350
456 2585 21.466100 28.829950
456 202083 11.874350 46.767510
456 202718 5.690550 1.776010
456 202323 12.555670 15.849020
456 201973 23.268050 27.139660
456 202340 9.269380 35.447460
456 203482 9.856220 19.942480
456 203935 7.613270 10.352400
468 -1 30.359590 29.537830
468 1717 31.354810 31.908780
468 101109 21.319050 11.797380
468 2585 21.733770 28.809290
468 202083 12.237120 46.979110
468 202718 5.644160 1.793920
468 202323 12.246290 16.244370
468 201973 23.707890 26.982480
468 202340 9.405310 35.623320
468 203482 9.438190 20.365300
468 203935 7.657970 10.346500
480 -1 29.852430 31.305300
480 1717 30.820020 32.099860
480 101109 21.655720 11.719490
480 2585 22.110470 28.787510
480 202083 12.641440 47.146890
480 202718 5.555590 1.811050
480 202323 12.112350 16.567880
480 201973 24.153870 26.923280
480 202340 9.608110 35.864340
480 203482 9.126120 20.828470
480 203935 7.737860 10.345270
492 -1 28.876080 33.180920
492 1717 30.089790 32.411760
492 101109 22.141510 11.667820
492 2585 22.649870 28.856870
492 202083 13.099040 47.256000
492 202718 5.467220 1.838000
492 202323 12.151290 16.847140
492 201973 24.569370 27.052360
492 202340 9.877810 36.165940
492 203482 8.915140 21.337190
492 203935 7.811350 10.344840
504 -1 27.902980 34.140740
504 1717 29.207710 32.798270
504 101109 22.703690 11.618540
504 2585 23.198870 28.994920
504 202083 13.511630 47.316620
504 202718 5.407290 1.842680
504 202323 12.363150 17.062660
504 201973 24.997070 27.366070
504 202340 10.208480 36.516970
504 203482 8.817940 21.870230
504 203935 7.865230 10.360500
516 -1 26.734160 34.987630
516 1717 28.166650 33.249910
516 101109 23.351740 11.492010
516 2585 23.660700 29.134330
516 202083 13.831790 47.370720
516 202718 5.400620 1.840470
516 202323 12.602760 17.250680
516 201973 25.178750 27.991270
516 202340 10.571690 36.852590
516 203482 8.923880 22.582120
516 203935 7.872000 10.365830
528 -1 25.918380 35.522690
528 1717 27.022360 33.721150
528 101109 24.025280 11.355790
528 2585 24.165710 29.362720
528 202083 14.076190 47.428810
528 202718 5.400150 1.829400
528 202323 12.878050 17.444780
528 201973 25.317780 28.692500
528 202340 10.965150 37.107970
528 203482 9.180540 23.427780
528 203935 7.855630 10.371520
540 -1 25.146680 35.847070
540 1717 25.809910 34.105480
540 101109 24.697670 11.219790
540 2585 24.751140 29.694380
540 202083 14.242280 47.491920
540 202718 5.528400 1.797380
540 202323 13.164340 17.705850
540 201973 25.513080 29.537750
540 202340 11.467050 37.177130
540 203482 9.616090 24.351030
540 203935 7.813850 10.390790
552 -1 24.464650 36.230820
552 1717 24.700830 34.242830
552 101109 25.337810 11.134540
552 2585 25.149560 29.728500
552 202083 14.291870 47.537450
552 202718 5.735630 1.759540
552 202323 13.429720 18.024100
552 201973 25.652760 30.212460
552 202340 12.012960 37.070160
552 203482 10.131500 25.289360
552 203935 7.763980 10.420510
564 -1 23.177780 35.581980
564 1717 23.638540 34.230720
564 101109 25.951750 11.102810
564 2585 25.422700 29.832410
564 202083 14.200890 47.574860
564 202718 6.036580 1.725550
564 202323 13.596780 18.353760
564 201973 25.727570 30.719240
564 202340 12.602420 36.812320
564 203482 10.731410 26.273110
564 203935 7.699450 10.455310
576 -1 22.003070 34.213390
576 1717 22.738590 34.089580
576 101109 26.560740 11.111020
576 2585 25.657910 29.984140
576 202083 13.939980 47.615250
576 202718 6.424420 1.707690
576 202323 13.641210 18.707170
576 201973 25.851140 30.835830
576 202340 13.058940 36.617170
576 203482 11.351320 27.216460
576 203935 7.610500 10.490010
588 -1 20.555860 33.444680
588 1717 22.030520 33.950750
588 101109 27.153050 11.199010
588 2585 25.609380 29.909920
588 202083 13.604720 47.650160
588 202718 6.858740 1.727710
588 202323 13.582180 19.084670
588 201973 25.896860 31.134520
588 202340 13.348650 36.573360
588 203482 12.030810 28.075450
588 203935 7.507590 10.502820
600 -1 20.031220 33.391230
600 1717 21.470690 33.797030
600 101109 27.734170 11.347840
600 2585 25.318590 29.733320
600 202083 13.242140 47.700920
600 202718 7.331480 1.797840
600 202323 13.436880 19.499250
600 201973 25.647810 31.190980
600 202340 13.406300 36.677060
600 203482 12.823160 28.810170
600 203935 7.378940 10.510470
612 -1 21.113020 33.273210
612 1717 21.023540 33.752790
612 101109 28.293000 11.521730
612 2585 24.973090 29.754420
612 202083 12.873170 47.794650
612 202718 7.849500 1.925630
612 202323 13.246650 19.966220
612 201973 25.098200 31.213110
612 202340 13.306180 36.978620
612 203482 13.749950 29.506950
612 203935 7.246090 10.525470
624 -1 20.669250 33.319120
624 1717 20.724990 33.773580
624 101109 28.843080 11.704880
624 2585 24.444500 29.687440
624 202083 12.569600 47.882640
624 202718 8.361690 2.081910
624 202323 13.032050 20.452340
624 201973 24.577660 31.198580
624 202340 13.010680 37.417830
624 203482 14.707240 30.001770
624 203935 7.122510 10.565350
636 -1 20.226490 33.313340
636 1717 20.508100 33.812440
636 101109 29.378420 11.906760
636 2585 23.715200 29.451680
636 202083 12.419010 47.939880
636 202718 8.925230 2.237520
636 202323 12.785010 20.951820
636 201973 24.048820 31.385450
636 202340 12.684690 37.757240
636 203482 15.706550 30.396490
636 203935 7.000850 10.675640
648 -1 18.971190 32.504940
648 1717 20.322770 33.955380
648 101109 29.927820 12.081050
648 2585 22.873860 29.122070
648 202083 12.381000 47.971480
648 202718 9.522780 2.389910
648 202323 12.496930 21.457290
648 201973 23.469270 31.257480
648 202340 12.294730 37.881600
648 203482 16.721490 30.817340
648 203935 6.921520 10.842420
660 -1 17.323860 31.642470
660 1717 20.315610 34.120360
660 101109 30.485720 12.249650
660 2585 21.935300 28.686360
660 202083 12.426620 47.957340
660 202718 10.163750 2.579360
660 202323 12.127410 21.902580
660 201973 22.895670 31.192500
660 202340 11.856740 37.904030
660 203482 17.683000 31.191330
660 203935 6.882740 11.039720
672 -1 15.659430 30.596500
672 1717 20.350650 34.291900
672 101109 31.094600 12.443980
672 2585 20.842650 28.246230
672 202083 12.581830 47.926910
672 202718 10.841620 2.778180
672 202323 11.726460 22.305380
672 201973 22.464940 31.062480
672 202340 11.378350 37.720730
672 203482 18.695090 31.514470
672 203935 6.844340 11.243130
684 -1 14.153620 29.784020
684 1717 20.565340 34.559680
684 101109 31.726170 12.622390
684 2585 19.617490 27.901650
684 202083 12.824530 47.901780
684 202718 11.619460 3.026650
684 202323 11.251510 22.657270
684 201973 21.822110 30.890330
684 202340 10.874360 37.348460
684 203482 19.674140 31.910270
684 203935 6.811100 11.434430
696 -1 12.666250 28.997980
696 1717 20.918210 34.914360
696 101109 32.380060 12.730550
696 2585 18.397740 27.630960
696 202083 13.126450 47.832610
696 202718 12.434350 3.341910
696 202323 10.769580 22.996450
696 201973 21.111070 30.531640
696 202340 10.334940 36.848230
696 203482 20.701690 32.276520
696 203935 6.804050 11.598510
708 -1 11.077990 28.071470
708 1717 21.367060 35.232920
708 101109 33.096460 12.828850
708 2585 17.125210 27.533190
708 202083 13.450340 47.725070
708 202718 13.316620 3.725160
708 202323 10.229690 23.159130
708 201973 20.363490 30.151210
708 202340 9.857010 36.280050
708 203482 21.753750 32.566920
708 203935 6.789860 11.751680
720 -1 9.631140 27.230930
720 1717 21.940910 35.718450
720 101109 33.825810 12.908630
720 2585 15.761670 27.614460
720 202083 13.795640 47.601760
720 202718 14.219590 4.084470
720 202323 9.734270 23.253830
720 201973 19.524860 29.651560
720 202340 9.438290 35.674710
720 203482 22.744180 32.926190
720 203935 6.784230 11.922140
732 -1 8.222800 26.310920
732 1717 22.794790 36.368300
732 101109 34.544380 12.978160
732 2585 14.359780 27.733850
732 202083 14.167280 47.370910
732 202718 15.178610 4.478370
732 202323 9.277780 23.370320
732 201973 18.559430 29.111950
732 202340 9.008500 35.072290
732 203482 23.613460 33.211350
732 203935 6.815120 12.128220
744 -1 6.618020 25.487590
744 1717 23.714660 37.015350
744 101109 35.256390 13.102930
744 2585 13.051360 27.777120
744 202083 14.547890 47.076710
744 202718 16.181360 4.881220
744 202323 8.906070 23.676850
744 201973 17.500470 28.525460
744 202340 8.613120 34.518710
744 203482 24.537190 33.496340
744 203935 6.897990 12.362490
756 -1 5.299750 24.758050
756 1717 24.728300 37.678560
756 101109 36.016090 13.270560
756 2585 11.767210 27.824820
756 202083 14.981470 46.760320
756 202718 17.234630 5.323000
756 202323 8.530870 23.942320
756 201973 16.420400 28.014660
756 202340 8.269130 33.976220
756 203482 25.396060 33.761170
756 203935 7.018080 12.600820
768 -1 4.519860 24.978460
768 1717 25.900240 38.363200
768 101109 36.701290 13.490350
768 2585 10.592340 27.943500
768 202083 15.459850 46.411210
768 202718 18.276720 5.803650
768 202323 8.236160 24.409820
768 201973 15.293450 27.600810
768 202340 7.908620 33.471930
768 203482 26.267080 33.980820
768 203935 7.162800 12.842280
780 -1 4.077110 25.449290
780 1717 27.050850 38.974220
780 101109 37.405620 13.751790
780 2585 9.563670 28.016670
780 202083 15.987870 46.035630
780 202718 19.378100 6.335100
780 202323 7.966480 24.925350
780 201973 14.242120 27.233740
780 202340 7.550890 33.034430
780 203482 27.160590 34.142760
780 203935 7.304130 13.058630
792 -1 3.736080 25.905130
792 1717 28.093980 39.497900
792 101109 38.095860 13.972150
792 2585 8.665130 28.085910
792 202083 16.532350 45.709310
792 202718 20.505720 6.823200
792 202323 7.729470 25.434690
792 201973 13.179680 26.887440
792 202340 7.261640 32.661610
792 203482 28.055240 34.335040
792 203935 7.406030 13.241920
804 -1 3.354110 26.171550
804 1717 29.151000 40.018950
804 101109 38.829170 14.158340
804 2585 8.009110 28.130280
804 202083 17.089270 45.386170
804 202718 21.623340 7.286220
804 202323 7.555180 25.723080
804 201973 12.302930 26.593630
804 202340 6.969080 32.341590
804 203482 28.948140 34.545530
804 203935 7.448950 13.386980
816 -1 3.217360 26.692360
816 1717 30.231950 40.499600
816 101109 39.514570 14.370460
816 2585 7.715410 28.021810
816 202083 17.632780 45.007470
816 202718 22.769130 7.742500
816 202323 7.278780 26.071570
816 201973 11.604220 26.210640
816 202340 6.700940 32.090840
816 203482 29.860450 34.771810
816 203935 7.435120 13.504310
828 -1 3.286670 27.295190
828 1717 31.293230 40.911950
828 101109 40.167890 14.581580
828 2585 7.673060 27.875290
828 202083 18.193520 44.620970
828 202718 23.981380 8.191850
828 202323 6.926190 26.456340
828 201973 11.150840 25.765470
828 202340 6.504730 31.896710
828 203482 30.691330 34.990680
828 203935 7.381660 13.596120
840 -1 3.484720 27.800410
840 1717 32.397740 41.289890
840 101109 40.785000 14.826870
840 2585 7.798780 27.765080
840 202083 18.745560 44.189540
840 202718 25.175850 8.671150
840 202323 6.589950 26.786100
840 201973 10.862660 25.247910
840 202340 6.357120 31.738180
840 203482 31.510710 35.262510
840 203935 7.313790 13.670630
852 -1 3.580810 28.592870
852 1717 33.561310 41.558470
852 101109 41.387250 15.113810
852 2585 8.124630 27.695010
852 202083 19.287820 43.760640
852 202718 26.361500 9.206200
852 202323 6.179650 27.061050
852 201973 10.868520 24.763230
852 202340 6.306630 31.602250
852 203482 32.352470 35.523830
852 203935 7.260280 13.729440
864 -1 3.907340 29.109970
864 1717 34.775060 41.759680
864 101109 41.945900 15.417700
864 2585 8.569940 27.578860
864 202083 19.864990 43.291070
864 202718 27.574000 9.775990
864 202323 5.712740 27.160280
864 201973 11.031870 24.352070
864 202340 6.364630 31.476560
864 203482 33.210950 35.771410
864 203935 7.234020 13.778010
876 -1 4.122380 29.737680
876 1717 36.013570 41.881160
876 101109 42.481890 15.722260
876 2585 9.041310 27.566520
876 202083 20.470780 42.819450
876 202718 28.732480 10.331340
876 202323 5.336170 27.134790
876 201973 11.328220 24.074350
876 202340 6.516610 31.358810
876 203482 34.038420 35.988330
876 203935 7.254070 13.795130
888 -1 4.347760 30.368690
888 1717 37.193590 41.924550
888 101109 43.070870 16.030680
888 2585 9.634530 27.513100
888 202083 21.085130 42.371130
888 202718 29.873990 10.861200
888 202323 4.982440 27.047250
888 201973 11.695750 23.856170
888 202340 6.730870 31.227160
888 203482 34.888400 36.228200
888 203935 7.310480 13.789430
900 -1 4.584980 31.081350
900 1717 38.327920 41.844400
900 101109 43.652110 16.310840
900 2585 10.334010 27.390450
900 202083 21.696090 41.959630
900 202718 31.047220 11.393130
900 202323 4.594600 27.019780
900 201973 12.199270 23.713110
900 202340 7.057860 30.972730
900 203482 35.794150 36.456140
900 203935 7.402620 13.775320
912 -1 4.881400 31.686990
912 1717 39.401910 41.737620
912 101109 44.230020 16.590260
912 2585 11.183250 27.260460
912 202083 22.297650 41.470290
912 202718 32.202520 11.926780
912 202323 4.198200 27.012390
912 201973 12.756990 23.598780
912 202340 7.404250 30.650480
912 203482 36.722030 36.732230
912 203935 7.539990 13.742320