0 -1 72.735620 5.537660
0 202357 40.947990 19.819630
0 203476 69.668620 24.709180
0 203498 44.214480 36.517770
0 204014 44.990860 12.252730
0 1626145 93.606150 28.739400
0 201150 77.169940 28.179540
0 202391 73.867510 40.215570
0 201587 51.296650 46.226460
0 203087 73.625550 7.496750
0 203469 68.301120 28.096030
12 -1 70.916620 4.853920
12 202357 39.748830 19.911980
12 203476 67.645670 24.820650
12 203498 42.469810 36.552330
12 204014 43.422510 12.463090
12 1626145 92.005450 28.736310
12 201150 75.232310 28.049140
12 202391 71.613130 40.531120
12 201587 49.295550 46.492840
12 203087 71.594030 6.952210
12 203469 65.774840 28.070490
24 -1 68.268900 4.577240
24 202357 38.535700 20.043380
24 203476 65.556030 25.001460
24 203498 40.721400 36.565120
24 204014 41.889780 12.591540
24 1626145 90.296270 28.719910
24 201150 73.254420 27.910580
24 202391 69.330810 40.828810
24 201587 47.283760 46.750500
24 203087 69.481190 6.452740
24 203469 63.235780 28.048710
36 -1 65.489920 4.392360
36 202357 37.345680 20.151820
36 203476 63.402560 25.082820
36 203498 38.971170 36.546950
36 204014 40.383160 12.600650
36 1626145 88.482400 28.715990
36 201150 71.274020 27.779040
36 202391 67.029230 41.137730
36 201587 45.255290 46.995060
36 203087 67.360580 6.018840
36 203469 60.642330 28.042970
48 -1 62.868810 3.833940
48 202357 36.205460 20.234990
48 203476 61.311850 25.059680
48 203498 37.255050 36.520500
48 204014 38.953460 12.496060
48 1626145 86.555550 28.701820
48 201150 69.312420 27.671000
48 202391 64.709590 41.429650
48 201587 43.301020 47.221500
48 203087 65.192700 5.529260
48 203469 58.073000 28.129790
60 -1 61.442220 3.740250
60 202357 35.075220 20.319180
60 203476 59.182690 25.047880
60 203498 35.528320 36.521720
60 204014 37.645560 12.292630
60 1626145 84.529870 28.715080
60 201150 67.343810 27.621330
60 202391 62.381580 41.639150
60 201587 41.452550 47.422410
60 203087 62.913390 5.071210
60 203469 55.443780 28.035350
72 -1 59.955440 3.239160
72 202357 33.946390 20.373870
72 203476 57.055800 25.098990
72 203498 33.827260 36.545270
72 204014 36.414040 12.004450
72 1626145 82.447170 28.738020
72 201150 65.370260 27.458160
72 202391 60.071590 41.898880
72 201587 39.549010 47.592560
72 203087 60.653510 4.741800
72 203469 52.777210 28.083140
84 -1 57.744940 3.296750
84 202357 32.809000 20.404350
84 203476 54.948410 25.108370
84 203498 32.110450 36.575310
84 204014 35.298760 11.664070
84 1626145 80.294170 28.780500
84 201150 63.397540 27.314350
84 202391 57.777730 42.163750
84 201587 37.711980 47.707480
84 203087 58.412780 4.504250
84 203469 50.111570 28.052940
96 -1 55.118030 3.492670
96 202357 31.651900 20.481960
96 203476 52.848160 25.182360
96 203498 30.405300 36.608670
96 204014 34.295480 11.332680
96 1626145 78.057640 28.854880
96 201150 61.382030 27.164710
96 202391 55.487760 42.368770
96 201587 35.909920 47.806710
96 203087 56.138520 4.296650
96 203469 47.527200 27.949760
108 -1 53.026910 3.649170
108 202357 30.480880 20.533020
108 203476 50.816140 25.262830
108 203498 28.710340 36.662360
108 204014 33.343350 10.967350
108 1626145 75.742810 28.954710
108 201150 59.377920 26.961180
108 202391 53.206200 42.557000
108 201587 34.117300 47.890570
108 203087 53.898100 4.247770
108 203469 45.006700 27.797940
120 -1 50.464270 3.992780
120 202357 29.343590 20.561820
120 203476 48.792070 25.335320
120 203498 27.067060 36.711400
120 204014 32.425540 10.694720
120 1626145 73.375280 29.055800
120 201150 57.441500 26.755700
120 202391 50.995570 42.737190
120 201587 32.345200 47.927350
120 203087 51.743760 4.254490
120 203469 42.476030 27.566120
132 -1 47.945270 3.678350
132 202357 28.229860 20.518480
132 203476 46.730540 25.417140
132 203498 25.500410 36.740180
132 204014 31.533910 10.462860
132 1626145 70.959760 29.164760
132 201150 55.517570 26.670150
132 202391 48.819820 42.838250
132 201587 30.633500 47.915480
132 203087 49.538080 4.139790
132 203469 39.984720 27.326770
144 -1 46.559990 4.135710
144 202357 27.122110 20.449120
144 203476 44.743880 25.429100
144 203498 23.964640 36.768060
144 204014 30.630350 10.195320
144 1626145 68.510360 29.273210
144 201150 53.567390 26.518990
144 202391 46.652460 42.922870
144 201587 28.965950 47.878430
144 203087 47.369400 4.038120
144 203469 37.532600 27.082050
156 -1 43.925070 3.651830
156 202357 26.058440 20.368790
156 203476 42.817290 25.383010
156 203498 22.458820 36.799010
156 204014 29.822460 10.149100
156 1626145 66.042330 29.401680
156 201150 51.661340 26.380460
156 202391 44.549780 42.940240
156 201587 27.298090 47.811230
156 203087 45.307750 4.025760
156 203469 35.175640 26.663650
168 -1 42.383780 4.061940
168 202357 25.027910 20.243750
168 203476 40.891740 25.294160
168 203498 21.081640 36.808170
168 204014 28.919350 10.023630
168 1626145 63.533070 29.489000
168 201150 49.773240 26.291000
168 202391 42.525910 42.924510
168 201587 25.751160 47.708920
168 203087 43.321880 3.985950
168 203469 32.974210 26.088210
180 -1 39.805020 3.467480
180 202357 23.990150 20.044880
180 203476 39.079810 25.196220
180 203498 19.722600 36.747120
180 204014 28.024540 9.837770
180 1626145 61.001700 29.577100
180 201150 47.899740 26.178510
180 202391 40.544430 42.920680
180 201587 24.200580 47.623340
180 203087 41.459590 3.928160
180 203469 30.990480 25.405270
192 -1 38.332150 3.828230
192 202357 22.964340 19.839860
192 203476 37.352830 25.027870
192 203498 18.417790 36.656770
192 204014 27.147200 9.636420
192 1626145 58.462380 29.660470
192 201150 46.094130 26.045100
192 202391 38.648050 42.900270
192 201587 22.700650 47.503680
192 203087 39.602680 3.928980
192 203469 29.198420 24.487210
204 -1 35.762390 3.003780
204 202357 22.097860 19.580700
204 203476 35.636740 24.868010
204 203498 17.244580 36.514660
204 204014 26.273020 9.485060
204 1626145 55.901690 29.770000
204 201150 44.391430 25.966310
204 202391 36.896020 42.819470
204 201587 21.366380 47.380540
204 203087 37.868270 3.978270
204 203469 27.668670 23.346600
216 -1 34.211720 3.580320
216 202357 21.361260 19.193970
216 203476 34.004910 24.667920
216 203498 16.180870 36.351830
216 204014 25.278250 9.149480
216 1626145 53.386940 29.808290
216 201150 42.712810 25.872050
216 202391 35.194450 42.756920
216 201587 20.115980 47.229730
216 203087 36.249130 4.022840
216 203469 26.433150 22.136180
228 -1 32.978830 3.860560
228 202357 20.844440 18.842510
228 203476 32.510840 24.435380
228 203498 15.133510 36.224600
228 204014 24.488020 9.068160
228 1626145 50.878290 29.873640
228 201150 41.078270 25.785830
228 202391 33.546210 42.707060
228 201587 18.849270 47.081570
228 203087 34.797940 4.148290
228 203469 25.435140 20.841140
240 -1 31.804640 4.137640
240 202357 20.573910 18.516160
240 203476 31.048720 24.158000
240 203498 14.207910 36.194900
240 204014 23.768490 8.977820
240 1626145 48.434870 29.936960
240 201150 39.512190 25.674760
240 202391 32.026660 42.730740
240 201587 17.733030 46.913600
240 203087 33.460540 4.445430
240 203469 24.722530 19.480630
252 -1 31.112900 4.734850
252 202357 20.580690 18.254640
252 203476 29.635440 23.805290
252 203498 13.381280 36.237500
252 204014 23.241440 9.229720
252 1626145 46.040550 29.990380
252 201150 38.039600 25.688040
252 202391 30.644220 42.806870
252 201587 16.648630 46.783220
252 203087 32.421730 4.898940
252 203469 24.223190 18.137550
264 -1 31.392680 5.165460
264 202357 20.672350 17.987170
264 203476 28.355110 23.440590
264 203498 12.655740 36.344550
264 204014 22.924660 9.556110
264 1626145 43.729920 30.038220
264 201150 36.642410 25.744750
264 202391 29.408320 42.974100
264 201587 15.573100 46.634940
264 203087 31.554290 5.406180
264 203469 23.853240 16.907570
276 -1 31.402390 6.291720
276 202357 20.832960 17.627100
276 203476 27.095420 23.146370
276 203498 12.022750 36.499840
276 204014 22.734150 10.113240
276 1626145 41.450480 30.125480
276 201150 35.339950 25.845170
276 202391 28.328100 43.208040
276 201587 14.665510 46.512570
276 203087 30.817410 5.983400
276 203469 23.664530 15.736420
288 -1 31.096760 7.120540
288 202357 20.987110 17.215100
288 203476 25.849540 22.911810
288 203498 11.431050 36.649720
288 204014 22.424390 10.689530
288 1626145 39.320070 30.213610
288 201150 34.161060 25.995660
288 202391 27.407540 43.475670
288 201587 13.926600 46.406010
288 203087 30.143560 6.636080
288 203469 23.578830 14.743010
300 -1 30.623200 8.116320
300 202357 21.166260 16.836480
300 203476 24.624870 22.710090
300 203498 10.950950 36.782420
300 204014 22.201050 11.404950
300 1626145 37.283200 30.346590
300 201150 33.131000 26.273700
300 202391 26.574790 43.714980
300 201587 13.232200 46.312940
300 203087 29.623340 7.391810
300 203469 23.562120 14.004770
312 -1 30.119020 9.018830
312 202357 21.414820 16.482830
312 203476 23.466750 22.662360
312 203498 10.557710 36.902630
312 204014 21.839420 11.768330
312 1626145 35.378040 30.496050
312 201150 32.308290 26.601330
312 202391 25.834420 43.937950
312 201587 12.649980 46.258640
312 203087 29.173480 8.197410
312 203469 23.547100 13.460350
324 -1 29.547390 10.191570
324 202357 21.703140 16.178660
324 203476 22.442760 22.685170
324 203498 10.192350 37.041460
324 204014 21.497080 12.118300
324 1626145 33.613040 30.645630
324 201150 31.668190 26.998620
324 202391 25.201830 44.141780
324 201587 12.142580 46.241260
324 203087 28.759980 8.987370
324 203469 23.521680 13.148020
336 -1 28.854350 11.619810
336 202357 21.998630 16.135650
336 203476 21.570690 22.786110
336 203498 9.851080 37.177940
336 204014 21.226810 12.339170
336 1626145 31.986370 30.847550
336 201150 31.288580 27.404620
336 202391 24.660750 44.347790
336 201587 11.656050 46.260270
336 203087 28.390650 9.732150
336 203469 23.401650 12.874680
348 -1 28.335620 12.514460
348 202357 22.341820 16.104290
348 203476 20.760300 22.969300
348 203498 9.577210 37.301220
348 204014 21.092200 12.560750
348 1626145 30.422450 31.072900
348 201150 31.119160 27.797130
348 202391 24.209630 44.561080
348 201587 11.180690 46.318990
348 203087 28.070060 10.500780
348 203469 22.929620 12.823530
360 -1 28.171820 12.965500
360 202357 22.958120 16.118190
360 203476 19.995180 23.245530
360 203498 9.280900 37.343830
360 204014 20.928150 12.682680
360 1626145 28.967570 31.252860
360 201150 31.068600 28.174970
360 202391 23.854380 44.773980
360 201587 10.769990 46.391950
360 203087 27.787960 11.153880
360 203469 22.315870 12.817210
372 -1 27.606720 12.915170
372 202357 23.285940 16.123660
372 203476 19.376860 23.622010
372 203498 8.955300 37.294780
372 204014 20.828680 12.924560
372 1626145 27.634050 31.482830
372 201150 31.037320 28.476140
372 202391 23.569160 44.990370
372 201587 10.449980 46.457560
372 203087 27.569410 11.723110
372 203469 21.719770 12.948910
384 -1 27.070300 11.737620
384 202357 23.595960 16.126610
384 203476 18.799120 24.010530
384 203498 8.623310 37.191920
384 204014 20.531070 13.212570
384 1626145 26.388500 31.770330
384 201150 31.054900 28.791280
384 202391 23.325980 45.208810
384 201587 10.205430 46.514560
384 203087 27.455300 12.292060
384 203469 20.986060 13.083110
396 -1 27.503870 11.075230
396 202357 23.888020 16.079470
396 203476 18.306600 24.382770
396 203498 8.326350 37.047880
396 204014 20.231120 13.339090
396 1626145 25.306120 32.101050
396 201150 31.059980 29.186780
396 202391 23.145660 45.422740
396 201587 10.074690 46.538290
396 203087 27.445880 12.917580
396 203469 20.284370 13.292800
408 -1 27.524280 11.143990
408 202357 24.156190 16.114560
408 203476 17.966980 24.786820
408 203498 8.096040 36.882550
408 204014 20.017200 13.497010
408 1626145 24.406520 32.495600
408 201150 31.048500 29.618030
408 202391 23.052410 45.646480
408 201587 10.076810 46.534950
408 203087 27.522360 13.431590
408 203469 20.017200 13.497010
420 -1 27.711590 11.542450
420 202357 24.097470 16.113460
420 203476 17.808010 25.194880
420 203498 7.922930 36.720970
420 204014 20.179360 13.556900
420 1626145 23.659270 32.950730
420 201150 31.044970 30.041810
420 202391 23.012010 45.873690
420 201587 10.164780 46.526410
420 203087 27.679260 13.882850
420 203469 20.179360 13.556900
432 -1 27.795510 12.812030
432 202357 24.354860 16.124100
432 203476 17.707130 25.504080
432 203498 7.776800 36.590340
432 204014 20.519570 13.659810
432 1626145 23.026040 33.431740
432 201150 31.057610 30.433270
432 202391 23.018420 46.112810
432 201587 10.312700 46.519850
432 203087 28.017360 14.094410
432 203469 20.519570 13.659810
444 -1 28.730970 13.727730
444 202357 24.633560 16.182210
444 203476 17.663510 25.822160
444 203498 7.669030 36.469800
444 204014 21.140720 13.818200
444 1626145 22.507030 33.865260
444 201150 31.069800 30.775040
444 202391 23.051120 46.347910
444 201587 10.487240 46.521420
444 203087 28.514760 14.052810
444 203469 21.140720 13.818200
456 -1 29.631000 14.372180
456 202357 24.842880 16.277120
456 203476 17.720520 26.165570
456 203498 7.597280 36.373970
456 204014 21.690660 13.958330
456 1626145 22.031380 34.312660
456 201150 31.055610 31.044390
456 202391 23.108400 46.596790
456 201587 10.629670 46.529160
456 203087 29.041490 13.928330
456 203469 21.690660 13.958330
468 -1 30.461690 15.002140
468 202357 25.042980 16.433950
468 203476 17.871420 26.528230
468 203498 7.544840 36.328630
468 204014 22.119320 13.972840
468 1626145 21.590280 34.736090
468 201150 31.044520 31.289390
468 202391 23.164570 46.825670
468 201587 10.706040 46.527060
468 203087 29.664890 13.920920
468 203469 22.119320 13.972840
480 -1 30.758670 15.496960
480 202357 25.278460 16.754740
480 203476 18.074920 26.759670
480 203498 7.535250 36.370410
480 204014 22.109940 14.125390
480 1626145 21.130200 35.206210
480 201150 31.046080 31.503240
480 202391 23.208500 47.019970
480 201587 10.729380 46.520540
480 203087 30.275800 13.920310
480 203469 22.233970 14.049880
492 -1 30.909410 15.694780
492 202357 25.401830 17.052850
492 203476 18.357570 26.918440
492 203498 7.578430 36.487640
492 204014 21.811820 14.204460
492 1626145 20.695950 35.609190
492 201150 31.051720 31.692820
492 202391 23.227740 47.180950
492 201587 10.664390 46.502770
492 203087 30.779140 14.033180
492 203469 22.179090 13.784120
504 -1 30.992570 16.048130
504 202357 25.461610 17.288770
504 203476 18.782060 27.145970
504 203498 7.670670 36.640870
504 204014 21.488130 14.122420
504 1626145 20.340690 36.017910
504 201150 31.065820 31.839710
504 202391 23.223990 47.324050
504 201587 10.574450 46.474450
504 203087 31.125640 14.234740
504 203469 21.996580 13.225830
516 -1 30.830640 15.925370
516 202357 25.614910 17.453230
516 203476 19.314350 27.364100
516 203498 7.809000 36.796910
516 204014 21.263250 14.110750
516 1626145 20.051030 36.396720
516 201150 31.074900 31.977820
516 202391 23.209410 47.447460
516 201587 10.477360 46.445920
516 203087 31.471130 14.419670
516 203469 22.009640 12.587680
528 -1 30.880220 15.539570
528 202357 25.677450 17.468760
528 203476 19.883260 27.503060
528 203498 7.967440 36.922190
528 204014 21.131510 13.991970
528 1626145 19.826590 36.649870
528 201150 31.029840 32.121860
528 202391 23.199320 47.553450
528 201587 10.378930 46.425070
528 203087 31.785610 14.379910
528 203469 22.017360 11.758040
540 -1 30.942260 14.724580
540 202357 25.723490 17.306540
540 203476 20.531890 27.821810
540 203498 8.122100 37.009420
540 204014 21.065300 13.666170
540 1626145 19.748520 36.822050
540 201150 30.934800 32.273230
540 202391 23.205520 47.654310
540 201587 10.315790 46.413780
540 203087 32.116350 14.257340
540 203469 21.842740 10.851890
552 -1 31.844580 14.325180
552 202357 25.814830 17.211870
552 203476 21.122520 28.175790
552 203498 8.259420 37.049340
552 204014 21.007660 13.167380
552 1626145 19.766990 37.021950
552 201150 30.783560 32.390320
552 202391 23.244870 47.729780
552 201587 10.291440 46.407100
552 203087 32.438250 14.090330
552 203469 21.523110 9.963450
564 -1 31.761900 13.215140
564 202357 26.015180 17.235850
564 203476 21.568890 28.381340
564 203498 8.378240 37.082890
564 204014 20.933670 12.929870
564 1626145 19.842910 37.212180
564 201150 30.600000 32.459840
564 202391 23.329260 47.762280
564 201587 10.269900 46.403760
564 203087 32.735160 13.889880
564 203469 21.052610 9.070510
576 -1 32.068410 12.340220
576 202357 26.238340 17.273040
576 203476 21.890450 28.574310
576 203498 8.469960 37.137520
576 204014 20.704490 12.636860
576 1626145 19.977800 37.321720
576 201150 30.415800 32.448420
576 202391 23.452600 47.743140
576 201587 10.254140 46.398140
576 203087 32.959060 13.626830
576 203469 20.264120 8.151850
588 -1 32.385670 11.725600
588 202357 26.499800 17.299180
588 203476 22.090010 28.734180
588 203498 8.541920 37.233750
588 204014 20.403590 12.481860
588 1626145 20.174110 37.506300
588 201150 30.233550 32.351770
588 202391 23.615390 47.674900
588 201587 10.280510 46.389890
588 203087 33.072120 13.342120
588 203469 19.380280 7.357480
600 -1 32.171100 12.044760
600 202357 26.749790 17.284430
600 203476 22.122450 28.728670
600 203498 8.607960 37.358730
600 204014 19.970830 12.392210
600 1626145 20.359470 37.644800
600 201150 29.997340 32.233990
600 202391 23.792020 47.559110
600 201587 10.287890 46.378480
600 203087 33.138880 13.101580
600 203469 18.420970 6.553920
612 -1 32.512400 11.489690
612 202357 26.919420 17.156510
612 203476 22.069050 28.679220
612 203498 8.699070 37.523990
612 204014 19.543010 12.402020
612 1626145 20.505070 37.723650
612 201150 29.686070 32.190420
612 202391 24.009100 47.386070
612 201587 10.308860 46.358550
612 203087 33.129400 12.925960
612 203469 17.430080 5.827630
624 -1 32.101310 11.752110
624 202357 27.027920 16.849030
624 203476 21.888520 28.582800
624 203498 8.808300 37.689860
624 204014 18.892330 12.160920
624 1626145 20.616870 37.778880
624 201150 29.304820 32.248520
624 202391 24.260990 47.200570
624 201587 10.342260 46.341410
624 203087 33.025870 12.810450
624 203469 16.333900 5.210380
636 -1 31.466680 12.084610
636 202357 27.061370 16.473260
636 203476 21.566720 28.337160
636 203498 8.907750 37.837340
636 204014 18.225280 11.976440
636 1626145 20.673590 37.785500
636 201150 28.868750 32.476770
636 202391 24.537540 47.008700
636 201587 10.382760 46.328460
636 203087 32.837150 12.712470
636 203469 15.336520 4.655380
648 -1 30.862900 12.166830
648 202357 27.020510 16.120720
648 203476 21.244020 28.101180
648 203498 9.000460 37.939050
648 204014 17.362950 11.625190
648 1626145 20.676860 37.745970
648 201150 28.426040 32.860530
648 202391 24.822590 46.801550
648 201587 10.416710 46.327370
648 203087 32.582140 12.647720
648 203469 14.324370 4.118220
660 -1 31.200370 11.137450
660 202357 26.869240 15.843340
660 203476 20.988370 27.952990
660 203498 9.067390 37.992040
660 204014 16.695640 11.538350
660 1626145 20.666720 37.676780
660 201150 27.939960 33.546380
660 202391 25.158240 46.587540
660 201587 10.447060 46.328770
660 203087 32.205320 12.550270
660 203469 13.335060 3.669310
672 -1 30.930560 11.062000
672 202357 26.619780 15.607350
672 203476 20.766430 27.829560
672 203498 9.084270 37.981470
672 204014 16.029490 11.432850
672 1626145 20.685650 37.567370
672 201150 27.573670 34.259280
672 202391 25.520240 46.372220
672 201587 10.490640 46.348530
672 203087 31.716290 12.427630
672 203469 12.362260 3.295880
684 -1 30.191910 10.958820
684 202357 26.264870 15.409840
684 203476 20.549630 27.743040
684 203498 9.070830 37.925320
684 204014 15.415130 11.383300
684 1626145 20.704310 37.391340
684 201150 27.359780 34.870900
684 202391 25.902390 46.140760
684 201587 10.540970 46.380320
684 203087 31.221010 12.324610
684 203469 11.530840 2.965810
696 -1 29.290780 11.910720
696 202357 25.874100 15.287720
696 203476 20.328970 27.671170
696 203498 9.033740 37.837710
696 204014 14.809140 11.326840
696 1626145 20.748040 37.157670
696 201150 27.197340 35.410390
696 202391 26.259500 45.902010
696 201587 10.623200 46.416590
696 203087 30.751480 12.253270
696 203469 10.659630 2.744830
708 -1 29.379040 12.287960
708 202357 25.510960 15.251720
708 203476 20.102740 27.715870
708 203498 8.984520 37.738190
708 204014 14.334270 11.479370
708 1626145 20.852870 36.860870
708 201150 26.969840 36.197020
708 202391 26.557570 45.663850
708 201587 10.703120 46.442450
708 203087 30.309900 12.229500
708 203469 9.903270 2.549980
720 -1 29.487890 12.433400
720 202357 25.198500 15.232400
720 203476 19.833160 27.708280
720 203498 8.952310 37.643070
720 204014 13.787750 11.461490
720 1626145 21.020080 36.527030
720 201150 26.830800 36.685740
720 202391 26.774910 45.422890
720 201587 10.809940 46.471630
720 203087 29.879030 12.241830
720 203469 9.301730 2.372510
732 -1 29.712220 13.286110
732 202357 24.957640 15.277160
732 203476 19.532860 27.689370
732 203498 8.950640 37.548150
732 204014 13.223020 11.483040
732 1626145 21.217840 36.176020
732 201150 26.777770 37.125940
732 202391 26.894930 45.200700
732 201587 10.912690 46.490940
732 203087 29.395070 12.235960
732 203469 8.806320 2.190620
744 -1 29.018150 11.981050
744 202357 24.520800 15.382340
744 203476 19.259030 27.643090
744 203498 8.979950 37.481770
744 204014 12.762850 11.568810
744 1626145 21.453520 35.831290
744 201150 26.689220 37.704860
744 202391 26.935550 45.013880
744 201587 11.005510 46.498910
744 203087 28.838560 12.157490
744 203469 8.379750 1.979160
756 -1 28.309570 10.635630
756 202357 23.973390 15.502840
756 203476 19.018650 27.581820
756 203498 9.042440 37.461130
756 204014 12.346300 11.731890
756 1626145 21.708660 35.498900
756 201150 26.624230 38.317940
756 202391 26.943390 44.859820
756 201587 11.040560 46.498860
756 203087 28.194840 12.008730
756 203469 7.998050 1.923680
768 -1 27.424740 10.274300
768 202357 23.274390 15.608650
768 203476 18.757190 27.321710
768 203498 9.123710 37.493300
768 204014 11.966320 11.789680
768 1626145 21.948590 35.175170
768 201150 26.628710 38.649240
768 202391 26.952220 44.747380
768 201587 11.052730 46.500030
768 203087 27.459350 11.838460
768 203469 7.669550 1.916000
780 -1 26.386560 10.067750
780 202357 22.500710 15.664210
780 203476 18.475430 26.987430
780 203498 9.225450 37.552010
780 204014 11.575150 11.798870
780 1626145 22.144660 34.833740
780 201150 26.590040 39.089740
780 202391 26.999100 44.658740
780 201587 11.024520 46.483730
780 203087 26.634290 11.663570
780 203469 7.396950 1.949180
792 -1 25.264470 10.240260
792 202357 21.661860 15.666870
792 203476 18.336300 26.738440
792 203498 9.327880 37.619700
792 204014 11.357100 11.810770
792 1626145 22.279250 34.474570
792 201150 26.305060 39.630020
792 202391 27.105630 44.589040
792 201587 10.976570 46.461040
792 203087 25.819290 11.532810
792 203469 7.209440 2.057590
804 -1 24.070410 10.084480
804 202357 20.552600 15.640570
804 203476 18.140760 26.353730
804 203498 9.436860 37.711270
804 204014 11.111540 11.836020
804 1626145 22.416830 33.992600
804 201150 25.812870 40.346410
804 202391 27.250060 44.479580
804 201587 10.892950 46.411040
804 203087 24.892100 11.521120
804 203469 7.137050 2.151010
816 -1 23.325340 11.408320
816 202357 20.460640 15.537360
816 203476 18.007030 26.120610
816 203498 9.433920 37.641820
816 204014 11.044910 11.662540
816 1626145 22.415730 33.649030
816 201150 25.345330 40.666560
816 202391 27.488690 44.330580
816 201587 10.884090 46.354950
816 203087 24.504310 11.606640
816 203469 7.296500 2.002220
828 -1 22.941400 12.790970
828 202357 20.228080 15.457870
828 203476 17.782250 25.834320
828 203498 9.402330 37.508110
828 204014 10.898200 11.452410
828 1626145 22.401500 33.239580
828 201150 24.757540 41.037660
828 202391 27.812210 44.138520
828 201587 10.862700 46.278910
828 203087 24.142120 11.654990
828 203469 7.466650 1.852240
840 -1 23.531360 12.870000
840 202357 20.121530 15.419820
840 203476 17.484450 25.610020
840 203498 9.318820 37.297870
840 204014 10.772800 11.277520
840 1626145 22.387460 32.824990
840 201150 24.135470 41.377750
840 202391 28.156790 43.925510
840 201587 10.817210 46.175040
840 203087 23.912590 11.749170
840 203469 7.626660 1.683490
852 -1 23.893770 12.457790
852 202357 20.220620 15.431260
852 203476 17.058540 25.372210
852 203498 9.193160 37.038490
852 204014 10.588100 10.994980
852 1626145 22.369600 32.430430
852 201150 23.552450 41.643350
852 202391 28.501940 43.684520
852 201587 10.744330 46.014390
852 203087 23.803310 11.871850
852 203469 7.759880 1.488480
864 -1 23.415510 12.638090
864 202357 20.592380 15.439790
864 203476 16.621020 25.207600
864 203498 9.043110 36.768390
864 204014 10.399040 10.716250
864 1626145 22.356200 32.074350
864 201150 22.959400 41.881380
864 202391 28.831680 43.423180
864 201587 10.641600 45.796800
864 203087 23.650800 11.982480
864 203469 7.809900 1.416830
876 -1 21.844370 13.763380
876 202357 20.911540 15.434170
876 203476 16.224700 25.238310
876 203498 8.891710 36.472180
876 204014 10.179660 10.430490
876 1626145 22.327910 31.766000
876 201150 22.398330 42.163850
876 202391 29.160620 43.144600
876 201587 10.511890 45.506460
876 203087 23.590730 12.106550
876 203469 7.828550 1.497620
888 -1 20.120440 14.914600
888 202357 21.410910 15.392640
888 203476 15.771580 25.371110
888 203498 8.705370 36.130180
888 204014 10.038960 10.165660
888 1626145 22.307900 31.456830
888 201150 21.916560 42.418980
888 202391 29.455740 42.807550
888 201587 10.391530 45.155110
888 203087 23.493790 12.297780
888 203469 7.937940 1.648400
900 -1 18.381770 16.193840
900 202357 21.867240 15.290800
900 203476 15.259630 25.552210
900 203498 8.511710 35.752680
900 204014 9.925420 9.994500
900 1626145 22.245740 31.139860
900 201150 21.521110 42.620030
900 202391 29.764200 42.428090
900 201587 10.283250 44.717000
900 203087 23.353450 12.473640
900 203469 8.216720 1.814330
912 -1 16.541100 17.441060
912 202357 22.235540 15.049250
912 203476 14.632010 25.825760
912 203498 8.287640 35.344610
912 204014 9.782320 10.020910
912 1626145 22.126520 30.793260
912 201150 21.262740 42.758790
912 202391 30.115000 42.028470
912 201587 10.212130 44.179440
912 203087 23.257850 12.609380
912 203469 8.728200 2.065090
924 -1 14.864510 18.605510
924 202357 22.473100 14.559140
924 203476 13.938600 26.062520
924 203498 8.014090 34.844580
924 204014 9.642690 10.105770
924 1626145 21.966550 30.403460
924 201150 21.184750 42.795990
924 202391 30.534470 41.608850
924 201587 10.195440 43.610320
924 203087 23.242930 12.766810
924 203469 9.387490 2.365610
936 -1 13.062990 19.690290
936 202357 22.851960 14.177940
936 203476 13.240490 26.364000
936 203498 7.700810 34.262140
936 204014 9.481170 10.216390
936 1626145 21.780520 29.983110
936 201150 21.362120 42.749610
936 202391 30.975700 41.209430
936 201587 10.233910 43.024860
936 203087 23.044000 12.922080
936 203469 10.157240 2.664390
948 -1 11.508250 20.904130
948 202357 23.278700 14.070170
948 203476 12.597930 26.609410
948 203498 7.392210 33.614400
948 204014 9.202800 10.504770
948 1626145 21.541330 29.532010
948 201150 21.684260 42.645920
948 202391 31.449380 40.838750
948 201587 10.287780 42.378440
948 203087 22.960830 12.980910
948 203469 11.037130 2.969510
960 -1 9.759480 21.905070
960 202357 23.685030 13.967500
960 203476 12.051550 26.745610
960 203498 7.091800 32.900320
960 204014 9.144860 10.807280
960 1626145 21.310810 29.068930
960 201150 22.085250 42.519000
960 202391 31.935530 40.468260
960 201587 10.393830 41.707990
960 203087 22.962700 12.993080
960 203469 11.991650 3.357540
972 -1 8.166800 23.072020
972 202357 24.076370 13.902230
972 203476 11.615060 26.683690
972 203498 6.842170 32.132040
972 204014 9.263490 11.032280
972 1626145 21.101090 28.611090
972 201150 22.554760 42.364420
972 202391 32.417600 40.090080
972 201587 10.541840 41.083210
972 203087 22.969650 12.978380
972 203469 13.018730 3.770950
984 -1 6.578130 24.222140
984 202357 24.511660 14.030400
984 203476 11.215540 26.561450
984 203498 6.669040 31.370480
984 204014 9.514060 11.218830
984 1626145 20.887420 28.162390
984 201150 23.066460 42.177530
984 202391 32.872230 39.708260
984 201587 10.750770 40.501000
984 203087 22.928150 12.909150
984 203469 14.188470 4.235810
996 -1 5.158630 25.195940
996 202357 24.761980 14.053060
996 203476 10.890140 26.269230
996 203498 6.538660 30.614250
996 204014 9.823580 11.447990
996 1626145 20.644340 27.710350
996 201150 23.549590 41.916460
996 202391 33.302460 39.299610
996 201587 11.021150 39.921930
996 203087 23.080260 12.824710
996 203469 15.500570 4.705120
1008 -1 4.859970 24.405670
1008 202357 24.976090 13.770620
1008 203476 10.565680 25.800010
1008 203498 6.480070 29.891060
1008 204014 10.355320 11.559240
1008 1626145 20.382210 27.282500
1008 201150 24.097650 41.607880
1008 202391 33.749030 38.880840
1008 201587 11.380010 39.373110
1008 203087 23.174960 12.860030
1008 203469 16.887120 5.193440
1020 -1 4.724480 23.610730
1020 202357 25.211870 13.528040
1020 203476 10.279670 25.240530
1020 203498 6.562640 29.248770
1020 204014 10.809650 11.693710
1020 1626145 20.059160 26.885680
1020 201150 24.774940 41.253210
1020 202391 34.241040 38.460750
1020 201587 11.821580 38.895020
1020 203087 23.305630 12.902100
1020 203469 18.329300 5.654390
1032 -1 4.523960 22.870300
1032 202357 25.473140 13.351180
1032 203476 10.080670 24.646240
1032 203498 6.823890 28.698780
1032 204014 11.295180 11.808360
1032 1626145 19.705460 26.495790
1032 201150 25.585390 40.858360
1032 202391 34.779860 38.041460
1032 201587 12.334220 38.486300
1032 203087 23.521340 13.000470
1032 203469 19.814290 6.084190
1044 -1 4.536050 22.053640
1044 202357 25.607570 13.021580
1044 203476 9.973040 24.039870
1044 203498 7.239930 28.245370
1044 204014 11.883000 11.926370
1044 1626145 19.287910 26.108200
1044 201150 26.486370 40.417510
1044 202391 35.345150 37.633180
1044 201587 12.899280 38.105030
1044 203087 24.054980 13.194200
1044 203469 21.339230 6.528250
1056 -1 4.582540 21.250740
1056 202357 25.768470 12.701760
1056 203476 9.965300 23.425960
1056 203498 7.796690 27.850570
1056 204014 12.643480 11.918960
1056 1626145 18.847130 25.741430
1056 201150 27.454010 39.942550
1056 202391 35.907510 37.225090
1056 201587 13.526700 37.754420
1056 203087 24.675790 13.327370
1056 203469 22.856120 6.951640
1068 -1 4.882500 20.343220
1068 202357 26.110660 12.480280
1068 203476 10.118540 22.877180
1068 203498 8.482350 27.556410
1068 204014 13.460030 11.826160
1068 1626145 18.405220 25.382030
1068 201150 28.456500 39.430730
1068 202391 36.470970 36.824180
1068 201587 14.235880 37.439380
1068 203087 25.350280 13.405350
1068 203469 24.397890 7.349950