0 -1 17.147000 2.137270
0 2743 19.934320 15.052990
0 201162 18.049380 27.200210
0 201196 6.486830 31.272300
0 202322 13.200980 7.281390
0 1626162 23.675220 23.318290
0 101107 25.708320 38.501290
0 201150 24.115260 10.808280
0 202391 3.188220 47.488120
0 201587 23.647880 29.237830
0 202689 15.731550 2.812720
12 -1 17.597030 1.980540
12 2743 19.121660 14.753850
12 201162 18.333120 27.342030
12 201196 6.482160 31.333060
12 202322 13.950740 7.240650
12 1626162 22.597740 24.101780
12 101107 25.928470 38.520820
12 201150 23.051430 10.478350
12 202391 3.098960 47.312450
12 201587 22.425250 30.219130
12 202689 16.595810 3.103880
24 -1 18.450180 2.511660
24 2743 18.379830 14.494320
24 201162 18.581220 27.593900
24 201196 6.474330 31.414330
24 202322 14.752360 7.330000
24 1626162 21.438030 24.803200
24 101107 26.167680 38.523350
24 201150 22.057310 10.181610
24 202391 3.071040 47.192850
24 201587 21.195890 31.146240
24 202689 17.562440 3.555480
36 -1 19.825050 3.288390
36 2743 17.638830 14.323390
36 201162 18.689250 27.863880
36 201196 6.466520 31.468460
36 202322 15.476770 7.662170
36 1626162 20.328090 25.372860
36 101107 26.404470 38.498610
36 201150 21.116910 10.002150
36 202391 3.131750 47.139200
36 201587 19.904510 31.940610
36 202689 18.565120 4.152490
48 -1 20.814050 4.405840
48 2743 17.027080 14.218670
48 201162 18.655370 28.027210
48 201196 6.464030 31.492540
48 202322 16.122930 8.287770
48 1626162 19.181590 25.835440
48 101107 26.601700 38.439560
48 201150 20.306790 9.896610
48 202391 3.275820 47.152100
48 201587 18.576740 32.611650
48 202689 19.633210 4.814260
60 -1 22.395300 4.983400
60 2743 16.702880 14.280380
60 201162 18.713460 28.079610
60 201196 6.485480 31.513790
60 202322 16.695290 9.153260
60 1626162 18.098250 26.200740
60 101107 26.721190 38.353080
60 201150 19.613910 9.838750
60 202391 3.468440 47.219080
60 201587 17.234450 33.194960
60 202689 20.675890 5.377010
72 -1 23.161600 5.381340
72 2743 16.460180 14.416110
72 201162 18.770100 28.084830
72 201196 6.553720 31.639710
72 202322 17.136620 10.179690
72 1626162 17.053580 26.505940
72 101107 26.783120 38.241410
72 201150 19.000210 9.919510
72 202391 3.670180 47.310310
72 201587 15.907560 33.686410
72 202689 21.513800 6.028520
84 -1 23.823240 6.058960
84 2743 16.214710 14.588820
84 201162 18.754450 27.885630
84 201196 6.679710 31.930560
84 202322 17.582660 11.129790
84 1626162 16.068750 26.797180
84 101107 26.812630 38.100900
84 201150 18.523660 10.147970
84 202391 3.872670 47.406010
84 201587 14.575930 34.080230
84 202689 22.227340 6.664480
96 -1 24.310080 7.040540
96 2743 16.032070 14.727150
96 201162 18.803420 27.633950
96 201196 6.847110 32.386220
96 202322 18.100300 11.826130
96 1626162 15.158500 27.127280
96 101107 26.845430 37.947480
96 201150 18.230290 10.426590
96 202391 4.066000 47.485650
96 201587 13.288010 34.425210
96 202689 22.784670 7.311800
108 -1 24.233160 8.623550
108 2743 15.845210 14.808000
108 201162 18.935480 27.384840
108 201196 6.973170 32.964030
108 202322 18.660450 12.355130
108 1626162 14.354590 27.474500
108 101107 26.898010 37.784250
108 201150 17.961170 10.673570
108 202391 4.264880 47.526620
108 201587 12.034830 34.660140
108 202689 23.223400 8.003370
120 -1 24.763920 9.698950
120 2743 15.502630 14.936790
120 201162 18.982770 27.268570
120 201196 7.059010 33.658180
120 202322 19.207690 12.940130
120 1626162 13.569830 27.825140
120 101107 27.018310 37.616650
120 201150 17.815610 10.991430
120 202391 4.539610 47.554190
120 201587 10.849810 34.810230
120 202689 23.623960 8.874030
132 -1 25.572810 10.028330
132 2743 15.196820 14.928750
132 201162 19.066380 27.243230
132 201196 7.074590 34.402360
132 202322 19.753950 13.483620
132 1626162 12.822200 28.183580
132 101107 27.169700 37.458850
132 201150 17.817570 11.260750
132 202391 4.920870 47.590280
132 201587 9.844430 34.996990
132 202689 24.004740 9.868100
144 -1 25.954270 10.795260
144 2743 15.004600 14.923490
144 201162 19.196590 27.363640
144 201196 7.067820 35.213460
144 202322 20.360570 14.141520
144 1626162 12.153210 28.528060
144 101107 27.340540 37.319670
144 201150 17.925610 11.430240
144 202391 5.397670 47.629170
144 201587 8.916770 35.146690
144 202689 24.363910 11.067580
156 -1 25.587880 12.307590
156 2743 14.878790 14.983430
156 201162 19.411490 27.677100
156 201196 7.059520 36.082750
156 202322 20.858630 14.964000
156 1626162 11.563040 28.983020
156 101107 27.490920 37.187090
156 201150 18.097010 11.654050
156 202391 5.971530 47.657080
156 201587 8.076860 35.372050
156 202689 24.763720 12.262520
168 -1 25.705460 15.278620
168 2743 14.847320 15.122650
168 201162 19.745810 28.069410
168 201196 7.119050 37.019060
168 202322 21.240620 15.762760
168 1626162 10.980870 29.328400
168 101107 27.600800 37.004800
168 201150 18.377580 11.941230
168 202391 6.650070 47.670150
168 201587 7.454480 35.719360
168 202689 25.161240 13.391980
180 -1 26.175810 20.483920
180 2743 14.888230 15.152580
180 201162 20.166020 28.601280
180 201196 7.266180 37.909290
180 202322 21.576420 16.401170
180 1626162 10.415910 29.633420
180 101107 27.663530 37.019040
180 201150 18.629590 12.235660
180 202391 7.423960 47.673960
180 201587 6.897550 35.988370
180 202689 25.536780 14.404410
192 -1 26.705950 25.487060
192 2743 15.009010 15.327740
192 201162 20.663890 29.200130
192 201196 7.639660 38.785310
192 202322 21.831510 16.925140
192 1626162 9.916340 29.910080
192 101107 27.670320 37.060790
192 201150 18.872580 12.538570
192 202391 8.285600 47.647560
192 201587 6.296830 36.189610
192 202689 25.969470 15.212020
204 -1 27.204190 30.431220
204 2743 15.175050 15.494920
204 201162 21.158070 29.910290
204 201196 8.203700 39.564670
204 202322 21.937150 17.302530
204 1626162 9.478270 30.136340
204 101107 27.609060 37.128920
204 201150 19.068760 12.906200
204 202391 9.277440 47.676160
204 201587 5.888890 36.511710
204 202689 26.497480 15.729330
216 -1 27.565510 34.672430
216 2743 15.358230 15.644760
216 201162 21.526810 30.687740
216 201196 8.868830 40.274150
216 202322 22.033540 17.512020
216 1626162 9.053610 30.211680
216 101107 27.483260 37.350300
216 201150 19.251140 13.231330
216 202391 10.371680 47.719950
216 201587 5.533300 36.709650
216 202689 27.114790 16.066370
228 -1 27.252440 36.386180
228 2743 15.525910 15.791020
228 201162 21.786720 31.520540
228 201196 9.699210 40.869500
228 202322 22.149020 17.614130
228 1626162 8.706350 30.430580
228 101107 27.292030 37.727800
228 201150 19.451700 13.530280
228 202391 11.525530 47.764420
228 201587 5.076910 36.761770
228 202689 27.754660 16.245960
240 -1 26.709720 37.489680
240 2743 15.658640 15.930590
240 201162 21.977470 32.293460
240 201196 10.750470 41.414570
240 202322 22.268560 17.646650
240 1626162 8.445960 30.782240
240 101107 27.039000 38.001040
240 201150 19.676810 13.793960
240 202391 12.684460 47.765570
240 201587 4.699660 36.982860
240 202689 28.354520 16.258600
252 -1 26.105850 38.538230
252 2743 15.743770 16.083030
252 201162 22.106430 33.060450
252 201196 11.892880 41.884930
252 202322 22.414270 17.621820
252 1626162 8.287110 31.416960
252 101107 26.730710 38.316920
252 201150 19.919200 14.030780
252 202391 13.789390 47.786070
252 201587 4.416930 37.237910
252 202689 28.887440 16.173350
264 -1 25.179610 40.187360
264 2743 15.784010 16.300380
264 201162 22.228240 33.724930
264 201196 12.988240 42.252370
264 202322 22.596310 17.528210
264 1626162 8.137060 32.122030
264 101107 26.382450 38.582620
264 201150 20.145850 14.256990
264 202391 14.842260 47.739940
264 201587 4.070470 37.372190
264 202689 29.385110 15.983580
276 -1 24.242530 41.899140
276 2743 15.765780 16.569480
276 201162 22.377160 34.292610
276 201196 14.113860 42.661410
276 202322 22.792710 17.385190
276 1626162 8.097890 32.938110
276 101107 25.940920 38.710830
276 201150 20.340990 14.430560
276 202391 15.832120 47.621760
276 201587 3.822160 37.539820
276 202689 29.874620 15.693770
288 -1 23.150010 43.527760
288 2743 15.731570 16.890690
288 201162 22.524820 34.862740
288 201196 15.222630 43.033070
288 202322 22.999240 17.194770
288 1626162 7.925740 33.727070
288 101107 25.503430 38.913250
288 201150 20.521270 14.531370
288 202391 16.678390 47.469920
288 201587 3.698690 37.790720
288 202689 30.314680 15.364980
300 -1 22.112780 45.194110
300 2743 15.698880 17.246330
300 201162 22.632890 35.460370
300 201196 16.224290 43.382860
300 202322 23.348820 16.907890
300 1626162 7.751300 34.490460
300 101107 24.899600 38.971680
300 201150 20.685000 14.554270
300 202391 17.349500 47.203360
300 201587 3.602030 37.990930
300 202689 30.759160 14.985700
312 -1 21.078000 46.689590
312 2743 15.688050 17.588190
312 201162 22.661090 36.036080
312 201196 17.000730 43.673750
312 202322 23.685660 16.632100
312 1626162 7.583760 35.056490
312 101107 24.268800 39.071440
312 201150 20.752780 14.540220
312 202391 17.867180 46.940030
312 201587 3.511760 38.081510
312 202689 31.130270 14.533740
324 -1 20.234450 46.694580
324 2743 15.688840 17.916250
324 201162 22.666380 36.613280
324 201196 17.659650 44.160780
324 202322 24.005390 16.355370
324 1626162 7.449590 35.563910
324 101107 23.721850 39.292320
324 201150 20.813750 14.427510
324 202391 18.231870 46.453380
324 201587 3.458670 38.070840
324 202689 31.348950 14.012690
336 -1 19.741290 46.239820
336 2743 15.707570 18.224840
336 201162 22.672340 37.161570
336 201196 18.171320 44.363260
336 202322 24.303570 16.071200
336 1626162 7.214070 35.945770
336 101107 23.294020 39.599490
336 201150 20.858460 14.167860
336 202391 18.439300 45.915530
336 201587 3.390080 37.934680
336 202689 31.399790 13.445360
348 -1 19.529810 46.040660
348 2743 15.675400 18.492920
348 201162 22.666770 37.660180
348 201196 18.570020 44.436500
348 202322 24.580080 15.796650
348 1626162 7.117070 36.316560
348 101107 22.924590 39.865990
348 201150 20.622340 13.905770
348 202391 18.591890 45.578050
348 201587 3.289130 37.529460
348 202689 31.392060 12.786040
360 -1 19.745900 45.860080
360 2743 15.612870 18.752660
360 201162 22.650550 38.105060
360 201196 18.763810 44.381330
360 202322 24.710400 15.529270
360 1626162 7.010350 36.549370
360 101107 22.709790 40.271990
360 201150 20.309050 13.558540
360 202391 18.532790 45.391160
360 201587 3.165280 36.908020
360 202689 31.270840 12.096320
372 -1 18.222470 45.286760
372 2743 15.482130 19.041900
372 201162 22.650350 38.498770
372 201196 18.761310 44.208120
372 202322 24.816870 15.135370
372 1626162 6.860100 36.592030
372 101107 22.573430 40.704930
372 201150 20.064010 13.112280
372 202391 18.161770 45.165850
372 201587 3.046830 36.218240
372 202689 31.079620 11.406460
384 -1 16.443640 44.320440
384 2743 15.279670 19.324220
384 201162 22.612420 38.759700
384 201196 18.577610 43.768040
384 202322 24.895450 14.682590
384 1626162 6.716810 36.526640
384 101107 22.426550 41.118060
384 201150 19.811290 12.626290
384 202391 17.611490 45.035650
384 201587 2.948810 35.389740
384 202689 30.818510 10.715340
396 -1 15.413550 43.611140
396 2743 15.030830 19.625060
396 201162 22.542120 38.929160
396 201196 18.254150 43.337720
396 202322 24.921000 14.211000
396 1626162 6.583230 36.336400
396 101107 22.306220 41.534160
396 201150 19.475610 12.168580
396 202391 16.937530 44.600750
396 201587 2.870140 34.460710
396 202689 30.498530 10.008550
408 -1 14.334790 43.041660
408 2743 14.742640 19.827550
408 201162 22.367260 38.903940
408 201196 17.685950 42.839360
408 202322 24.869640 13.737530
408 1626162 6.488750 35.971270
408 101107 22.185410 41.984660
408 201150 19.319720 11.643770
408 202391 16.001390 43.798390
408 201587 2.759060 33.358210
408 202689 30.116710 9.308890
420 -1 13.722960 42.705080
420 2743 14.390310 19.954380
420 201162 22.132760 38.746740
420 201196 16.975120 42.208420
420 202322 24.666640 13.348800
420 1626162 6.438240 35.402220
420 101107 22.134910 42.487610
420 201150 19.285060 11.070700
420 202391 15.002520 42.802950
420 201587 2.652980 32.139460
420 202689 29.704550 8.633890
432 -1 12.773670 41.617810
432 2743 14.024400 19.993370
432 201162 21.918480 38.561950
432 201196 16.236680 41.425840
432 202322 24.379930 13.055440
432 1626162 6.411920 34.771960
432 101107 22.092790 42.959470
432 201150 19.159870 10.527360
432 202391 14.201630 41.578000
432 201587 2.573970 30.706650
432 202689 29.179370 8.015040
444 -1 12.163820 39.693380
444 2743 13.603230 19.958310
444 201162 21.698330 38.378440
444 201196 15.459740 40.390920
444 202322 24.053780 12.814570
444 1626162 6.435960 34.128500
444 101107 22.064110 43.403790
444 201150 18.884970 10.124830
444 202391 13.355210 40.203410
444 201587 2.533770 29.168270
444 202689 28.730400 7.521880
456 -1 11.227360 37.947130
456 2743 13.130510 19.858210
456 201162 21.455560 38.153740
456 201196 14.638970 39.137450
456 202322 23.731560 12.603890
456 1626162 6.507200 33.404320
456 101107 22.065430 43.789140
456 201150 18.750450 9.757200
456 202391 12.478080 38.875240
456 201587 2.513120 27.572060
456 202689 28.458390 7.267900
468 -1 10.544980 37.091050
468 2743 12.565680 19.853680
468 201162 21.249120 37.954070
468 201196 13.806120 37.752070
468 202322 23.435270 12.433780
468 1626162 6.460950 32.672840
468 101107 22.121220 44.043660
468 201150 18.639460 9.450100
468 202391 11.576750 37.456270
468 201587 2.555600 26.067920
468 202689 28.363090 7.260940
480 -1 10.496560 35.389620
480 2743 12.012160 19.866950
480 201162 21.036650 37.737080
480 201196 13.045780 36.376730
480 202322 23.218830 12.290600
480 1626162 6.408640 31.925730
480 101107 22.209460 44.165230
480 201150 18.412470 9.342270
480 202391 10.749540 35.908790
480 201587 2.646280 24.623240
480 202689 28.380670 7.432790
492 -1 9.266530 31.655770
492 2743 11.429030 19.858420
492 201162 20.751030 37.448040
492 201196 12.358940 35.056610
492 202322 23.020830 12.225380
492 1626162 6.488000 31.177660
492 101107 22.341470 44.163890
492 201150 18.139320 9.377430
492 202391 9.984090 34.255540
492 201587 2.719590 23.272220
492 202689 28.679670 7.783900
504 -1 8.266630 27.942660
504 2743 10.916240 19.797900
504 201162 20.434280 37.146790
504 201196 11.817040 33.904780
504 202322 22.791700 12.251490
504 1626162 6.568300 30.422740
504 101107 22.507600 44.090720
504 201150 17.901190 9.531890
504 202391 9.362220 32.535420
504 201587 2.737260 22.096580
504 202689 29.107120 8.314690
516 -1 7.289400 24.252360
516 2743 10.337830 19.801670
516 201162 20.114540 36.865560
516 201196 11.372670 32.989630
516 202322 22.526060 12.332490
516 1626162 6.656900 29.614930
516 101107 22.718250 43.948440
516 201150 17.504160 9.916850
516 202391 8.601400 30.957180
516 201587 2.829640 20.987800
516 202689 29.535680 8.898900
528 -1 6.293360 20.669270
528 2743 9.854380 19.752320
528 201162 19.809420 36.643600
528 201196 11.028240 32.325200
528 202322 22.251680 12.426720
528 1626162 6.790010 28.781990
528 101107 22.937570 43.772610
528 201150 17.072360 10.495180
528 202391 8.035080 29.539470
528 201587 3.053980 19.913180
528 202689 29.952060 9.513470
540 -1 5.501610 17.709290
540 2743 9.324370 19.602140
540 201162 19.492480 36.457330
540 201196 10.783980 31.765120
540 202322 21.990670 12.488210
540 1626162 6.880330 28.000420
540 101107 23.142700 43.582330
540 201150 16.568910 11.193670
540 202391 7.573460 28.264510
540 201587 3.309690 18.825480
540 202689 30.419650 10.200310
552 -1 5.281890 15.613710
552 2743 8.768250 19.358710
552 201162 19.158260 36.277640
552 201196 10.546960 31.340160
552 202322 21.739240 12.502380
552 1626162 6.719790 27.231620
552 101107 23.352230 43.387170
552 201150 16.053800 11.979550
552 202391 7.223710 27.146540
552 201587 3.522720 17.791660
552 202689 30.852940 10.917520
564 -1 5.377790 14.861860
564 2743 8.200910 19.050860
564 201162 18.826250 36.072660
564 201196 10.300450 30.991920
564 202322 21.508010 12.494520
564 1626162 6.424790 26.394720
564 101107 23.501500 43.223940
564 201150 15.513920 12.756090
564 202391 7.185820 26.086840
564 201587 3.736690 16.745000
564 202689 31.211840 11.584300
576 -1 5.511200 14.573950
576 2743 7.614900 18.536630
576 201162 18.502140 35.812080
576 201196 10.106040 30.658260
576 202322 21.322910 12.415290
576 1626162 6.034490 25.708210
576 101107 23.665740 42.996700
576 201150 14.996490 13.669810
576 202391 7.350730 25.030940
576 201587 3.936190 15.695920
576 202689 31.501830 12.280880
588 -1 5.011460 13.114030
588 2743 7.141480 17.842510
588 201162 18.191960 35.489830
588 201196 9.992700 30.298110
588 202322 21.163630 12.316020
588 1626162 5.663300 24.999550
588 101107 23.842510 42.732580
588 201150 14.427410 14.618600
588 202391 7.472620 23.983560
588 201587 4.142210 14.769800
588 202689 31.707500 12.999800
600 -1 4.668640 13.524400
600 2743 6.673100 17.112480
600 201162 17.916030 35.104170
600 201196 9.780710 30.003320
600 202322 21.024700 12.244560
600 1626162 5.318010 24.320580
600 101107 24.036820 42.443890
600 201150 13.853150 15.488590
600 202391 7.598470 23.020180
600 201587 4.380490 13.981470
600 202689 31.896570 13.787150
612 -1 3.399730 14.072740
612 2743 6.377610 16.375970
612 201162 17.679270 34.681810
612 201196 9.544110 29.708390
612 202322 20.924500 12.239430
612 1626162 5.065240 23.664740
612 101107 24.246050 42.142460
612 201150 13.307640 16.488360
612 202391 7.720490 22.236610
612 201587 4.757190 13.368110
612 202689 32.085160 14.638960
624 -1 3.172390 13.922660
624 2743 6.189850 15.766440
624 201162 17.472550 34.234910
624 201196 9.319620 29.365310
624 202322 20.864740 12.267320
624 1626162 4.892350 23.038860
624 101107 24.521900 41.805830
624 201150 12.830750 17.551910
624 202391 7.550620 21.676000
624 201587 5.239230 12.653770
624 202689 32.263850 15.542190
636 -1 4.811940 11.966690
636 2743 6.222650 15.203580
636 201162 17.286570 33.777930
636 201196 9.083780 28.982090
636 202322 20.844660 12.390800
636 1626162 4.807780 22.407590
636 101107 24.771710 41.574910
636 201150 12.353370 18.497020
636 202391 7.430140 21.184210
636 201587 5.982040 11.859540
636 202689 32.456830 16.482330
648 -1 8.786050 11.464540
648 2743 6.253550 14.682190
648 201162 17.203070 33.319820
648 201196 8.736560 28.599700
648 202322 20.855920 12.669870
648 1626162 4.841100 21.876690
648 101107 25.006730 41.415410
648 201150 11.926670 19.389500
648 202391 7.384000 20.671540
648 201587 6.782550 11.055410
648 202689 32.661330 17.486640
660 -1 11.369000 12.087430
660 2743 6.456980 14.223960
660 201162 17.339900 32.854760
660 201196 8.465150 28.175360
660 202322 20.925350 13.154150
660 1626162 4.997930 21.338590
660 101107 25.233150 41.328610
660 201150 11.476190 20.383480
660 202391 7.411120 20.078410
660 201587 7.656360 10.159300
660 202689 32.751660 18.510440
672 -1 14.762830 15.322140
672 2743 6.705640 13.713920
672 201162 17.688500 32.397250
672 201196 8.285230 27.693960
672 202322 21.079470 13.699380
672 1626162 5.199650 20.898700
672 101107 25.398970 41.312060
672 201150 11.016030 21.240990
672 202391 7.308070 19.266490
672 201587 8.593260 9.009690
672 202689 32.691550 19.627850
684 -1 17.975800 18.208200
684 2743 6.966800 13.116700
684 201162 18.214360 31.949070
684 201196 8.047570 27.247100
684 202322 21.337690 14.431920
684 1626162 5.453860 20.458530
684 101107 25.443880 41.391560
684 201150 10.532420 21.993220
684 202391 7.126440 18.347990
684 201587 9.482810 7.979080
684 202689 32.465970 20.846100
696 -1 21.246780 20.966420
696 2743 7.251770 12.539160
696 201162 19.019270 31.516580
696 201196 7.736900 26.835810
696 202322 21.576570 15.344720
696 1626162 5.674790 20.051510
696 101107 25.322840 41.562510
696 201150 10.098140 22.651000
696 202391 7.031800 17.381060
696 201587 10.156910 7.047480
696 202689 31.966370 22.051030
708 -1 23.496150 22.873710
708 2743 7.614450 11.993310
708 201162 20.012080 31.101480
708 201196 7.519990 26.399520
708 202322 21.846740 16.383300
708 1626162 5.852620 19.649320
708 101107 25.050100 41.838290
708 201150 9.702000 23.182480
708 202391 6.933150 16.392990
708 201587 10.773080 6.096840
708 202689 31.163520 23.188650
720 -1 25.304820 24.462980
720 2743 7.941160 11.498200
720 201162 21.041890 30.817490
720 201196 7.529690 25.839740
720 202322 22.187360 17.474610
720 1626162 5.990980 19.352860
720 101107 24.617950 42.203530
720 201150 9.287730 23.547190
720 202391 6.846630 15.379400
720 201587 11.367210 5.189720
720 202689 30.147070 24.218910
732 -1 27.041850 26.004410
732 2743 8.242170 11.228440
732 201162 22.088220 30.531370
732 201196 7.555050 25.333450
732 202322 22.435680 18.740420
732 1626162 6.103450 18.999700
732 101107 24.077480 42.658550
732 201150 8.920330 23.822550
732 202391 6.781970 14.459430
732 201587 11.741140 4.382710
732 202689 28.866850 25.068420
744 -1 26.333860 26.274370
744 2743 8.582620 11.051520
744 201162 23.053290 30.223140
744 201196 7.515340 24.788160
744 202322 22.328740 19.945270
744 1626162 6.203790 18.729640
744 101107 23.487680 43.170090
744 201150 8.498110 23.886490
744 202391 6.808200 13.446370
744 201587 11.973140 3.584410
744 202689 27.389040 25.711200
756 -1 24.682170 25.876180
756 2743 8.936700 10.950960
756 201162 23.814730 29.983180
756 201196 7.659990 24.299960
756 202322 22.066810 21.129810
756 1626162 6.274980 18.472530
756 101107 22.845740 43.695740
756 201150 8.181980 23.855910
756 202391 6.770140 12.566140
756 201587 12.262780 2.868210
756 202689 25.807030 26.151510
768 -1 23.444110 25.971870
768 2743 9.209580 10.983970
768 201162 24.419420 29.850200
768 201196 7.813530 23.915220
768 202322 21.606390 22.239400
768 1626162 6.333610 18.228600
768 101107 22.103880 44.217390
768 201150 7.882380 23.808320
768 202391 6.752550 11.576180
768 201587 12.466290 2.226940
768 202689 24.162600 26.430860
780 -1 21.119250 26.569260
780 2743 9.471050 11.053670
780 201162 24.827610 29.768670
780 201196 7.806120 23.785960
780 202322 20.825120 23.216760
780 1626162 6.346270 17.999590
780 101107 21.315480 44.735300
780 201150 7.806120 23.785960
780 202391 6.705780 10.656510
780 201587 12.573210 1.712530
780 202689 22.418680 26.643200
792 -1 19.318340 27.106400
792 2743 9.680350 11.103230
792 201162 24.971740 29.897380
792 201196 7.739460 23.654470
792 202322 19.709280 24.050120
792 1626162 6.371760 17.804790
792 101107 20.415180 45.230660
792 201150 7.739460 23.654470
792 202391 6.737490 9.686440
792 201587 12.801870 1.335320
792 202689 20.591890 26.773400
804 -1 17.713200 27.584190
804 2743 9.920820 11.156780
804 201162 24.978610 30.303680
804 201196 7.808070 23.665760
804 202322 18.606450 24.868890
804 1626162 6.348840 17.652220
804 101107 19.416820 45.682260
804 201150 7.808070 23.665760
804 202391 6.791390 8.802600
804 201587 13.195260 1.123500
804 202689 18.737260 26.724720
816 -1 16.094740 27.858240
816 2743 10.097930 11.284330
816 201162 24.842780 30.886560
816 201196 7.500690 23.868260
816 202322 17.422930 25.449460
816 1626162 6.347530 17.555720
816 101107 18.402210 46.116170
816 201150 7.500690 23.868260
816 202391 6.857470 7.860250
816 201587 13.488520 1.058400
816 202689 16.942190 26.786510
828 -1 14.246720 27.355080
828 2743 10.247100 11.500740
828 201162 24.448410 31.622180
828 201196 6.992810 24.066700
828 202322 16.209730 25.851120
828 1626162 6.316320 17.524280
828 101107 17.408550 46.545410
828 201150 6.992810 24.066700
828 202391 6.961290 7.085900
828 201587 13.864810 1.097170
828 202689 15.303810 26.860260
840 -1 12.470800 27.364510
840 2743 10.393970 11.784420
840 201162 23.921590 32.433220
840 201196 6.368900 24.036610
840 202322 14.921650 26.136310
840 1626162 6.280550 17.540710
840 101107 16.440140 46.995090
840 201150 6.368900 24.036610
840 202391 7.140770 6.334360
840 201587 14.262710 1.182320
840 202689 13.803440 26.888390
852 -1 10.574750 26.518350
852 2743 10.512990 12.128480
852 201162 23.350170 33.301950
852 201196 5.770350 23.966730
852 202322 13.839270 26.335070
852 1626162 6.232920 17.610040
852 101107 15.638170 47.388130
852 201150 5.770350 23.966730
852 202391 7.367510 5.668240
852 201587 14.705110 1.300510
852 202689 12.455630 26.924770
864 -1 9.028880 25.725220
864 2743 10.530670 12.539650
864 201162 22.749830 34.163110
864 201196 5.117950 23.836780
864 202322 12.778260 26.419920
864 1626162 6.178900 17.776730
864 101107 14.984440 47.731520
864 201150 5.117950 23.836780
864 202391 7.640680 5.081980
864 201587 15.114370 1.400680
864 202689 11.248160 26.995750
876 -1 8.151470 25.471590
876 2743 10.574660 12.919010
876 201162 22.157620 35.039840
876 201196 4.773200 23.550350
876 202322 11.635220 26.356630
876 1626162 6.164990 18.073290
876 101107 14.489450 47.992740
876 201150 4.773200 23.550350
876 202391 7.991230 4.548600
876 201587 15.529200 1.458320
876 202689 10.389270 26.787860
888 -1 7.373940 25.318260
888 2743 10.656950 13.247060
888 201162 21.631150 35.902280
888 201196 4.614290 23.178880
888 202322 10.582050 26.266930
888 1626162 6.159790 18.543690
888 101107 14.232970 48.157270
888 201150 4.614290 23.178880
888 202391 8.428110 4.094010
888 201587 15.877660 1.636290
888 202689 9.630050 26.554960
900 -1 6.766670 25.264930
900 2743 10.715840 13.554290
900 201162 21.129790 36.759640
900 201196 4.512000 22.972120
900 202322 9.744120 26.041020
900 1626162 6.156370 19.072790
900 101107 14.199480 48.264810
900 201150 4.512000 22.972120
900 202391 8.903360 3.731070
900 201587 16.262270 1.865040
900 202689 9.019040 26.180520
912 -1 6.403290 24.798890
912 2743 10.796180 13.844080
912 201162 20.679080 37.585320
912 201196 4.861190 22.789750
912 202322 9.067440 25.937720
912 1626162 6.203100 20.284110
912 101107 14.323830 48.365340
912 201150 4.425060 22.849740
912 202391 9.444690 3.494270
912 201587 16.729400 2.162500
912 202689 8.310590 25.707160
924 -1 6.422780 24.346620
924 2743 10.891190 14.111170
924 201162 20.267050 38.384060
924 201196 5.156870 22.441090
924 202322 8.477050 25.863570
924 1626162 6.136120 21.868210
924 101107 14.635470 48.447900
924 201150 4.568270 23.044130
924 202391 10.049980 3.370750
924 201587 17.387790 2.499470
924 202689 7.675210 25.591390
936 -1 6.435070 24.061550
936 2743 10.977440 14.348880
936 201162 19.938810 39.165490
936 201196 5.215940 22.339020
936 202322 8.262400 25.917400
936 1626162 6.101640 23.558040
936 101107 15.176630 48.496480
936 201150 4.859080 23.518540
936 202391 10.803820 3.418940
936 201587 18.069190 2.980900
936 202689 7.048000 25.915270
948 -1 6.441810 23.905080
948 2743 11.052100 14.536590
948 201162 19.756440 39.899600
948 201196 5.153590 22.196830
948 202322 7.698480 26.170150
948 1626162 6.496270 24.720470
948 101107 15.891300 48.477190
948 201150 5.071350 23.910970
948 202391 11.678230 3.607380
948 201587 18.883050 3.410490
948 202689 6.484080 26.168010
960 -1 6.444680 23.838630
960 2743 11.220580 14.676800
960 201162 19.774530 40.613640
960 201196 5.003100 21.852960
960 202322 7.153010 26.415770
960 1626162 6.986970 25.289920
960 101107 16.755750 48.372160
960 201150 5.255100 24.063120
960 202391 12.691810 3.947200
960 201587 19.838510 3.881790
960 202689 5.938620 26.413640
972 -1 6.445320 23.823630
972 2743 11.472830 14.765920
972 201162 19.927910 41.283080
972 201196 4.463400 21.554230
972 202322 6.457680 26.429800
972 1626162 7.747010 25.064540
972 101107 17.630550 48.184240
972 201150 5.568680 24.281600
972 202391 13.832070 4.409230
972 201587 20.889520 4.377090
972 202689 5.630610 26.661350
984 -1 5.271510 24.272320
984 2743 11.835510 14.792450
984 201162 20.241870 41.908670
984 201196 4.125150 21.393220
984 202322 5.740120 26.387620
984 1626162 8.884800 24.332670
984 101107 18.707280 47.956420
984 201150 6.021910 24.208660
984 202391 15.096790 4.985300
984 201587 21.968190 4.907270
984 202689 5.327570 26.657660
996 -1 3.729020 24.644450
996 2743 12.336040 14.738660
996 201162 20.689380 42.490170
996 201196 4.132680 20.852400
996 202322 4.807930 26.425600
996 1626162 10.209130 23.400860
996 101107 19.777530 47.726970
996 201150 6.589780 23.778380
996 202391 16.365390 5.654870
996 201587 23.255440 5.401670
996 202689 4.626650 26.867860
1008 -1 3.729870 24.364830
1008 2743 13.007720 14.593600
1008 201162 21.210380 43.064840
1008 201196 4.374310 20.286580
1008 202322 4.097420 26.159250
1008 1626162 11.422090 22.811380
1008 101107 20.861000 47.532080
1008 201150 7.401870 23.582070
1008 202391 17.698310 6.402780
1008 201587 24.658030 5.945730
1008 202689 3.497520 27.654720
1020 -1 3.733630 24.187690
1020 2743 13.844090 14.390940
1020 201162 21.727280 43.615150
1020 201196 4.783840 19.809700
1020 202322 3.320760 25.998070
1020 1626162 12.862410 22.759620
1020 101107 22.068220 47.358980
1020 201150 8.476500 23.644180
1020 202391 19.077910 7.188670
1020 201587 26.179910 6.481080
1020 202689 2.560050 28.718200
1032 -1 3.742190 24.079760
1032 2743 14.821780 14.139730
1032 201162 22.265310 44.119160
1032 201196 5.259690 19.238550
1032 202322 2.577030 25.887330
1032 1626162 14.327340 22.822910
1032 101107 23.613970 47.243900
1032 201150 9.711250 23.612690
1032 202391 20.502780 7.990470
1032 201587 27.752460 7.047770
1032 202689 1.991830 29.939350
1044 -1 3.757400 24.007740
1044 2743 15.910080 13.847720
1044 201162 22.810190 44.600280
1044 201196 5.788730 18.598250
1044 202322 1.871920 25.769230
1044 1626162 15.878010 22.948710
1044 101107 25.135750 47.101280
1044 201150 10.926470 23.617600
1044 202391 21.989550 8.837250
1044 201587 29.415100 7.615720
1044 202689 1.832150 31.161260
1056 -1 3.781140 23.938360
1056 2743 17.125370 13.509130
1056 201162 23.343740 44.991140
1056 201196 6.399120 17.953570
1056 202322 1.273510 25.612490
1056 1626162 17.541150 23.083180
1056 101107 26.760630 46.933170
1056 201150 12.191290 23.678230
1056 202391 23.518370 9.660310
1056 201587 31.082480 8.285270
1056 202689 2.250790 31.894480
1068 -1 3.815260 23.838340
1068 2743 18.410570 13.170450
1068 201162 23.920500 45.354880
1068 201196 7.099060 17.314120
1068 202322 0.927210 25.552720
1068 1626162 19.233690 23.260900
1068 101107 28.484640 46.736940
1068 201150 13.667820 23.594180
1068 202391 25.045910 10.491450
1068 201587 32.787160 8.991350
1068 202689 3.431850 32.140750
1080 -1 3.861630 23.674370
1080 2743 19.769380 12.779060
1080 201162 24.534290 45.639340
1080 201196 7.929030 16.696590
1080 202322 0.628760 25.503340
1080 1626162 20.960840 23.486390
1080 101107 30.187890 46.485130
1080 201150 15.286050 23.425640
1080 202391 26.622670 11.272120
1080 201587 34.507580 9.739610
1080 202689 4.794800 32.203810