0 -1 46.248930 36.175180
0 2550 45.150450 34.638610
0 201149 34.301990 24.104250
0 201959 34.679440 34.239070
0 202734 56.194860 47.731660
0 203926 49.420430 1.639180
0 101107 58.683730 9.750690
0 201150 61.441410 22.697340
0 202391 63.258620 37.679500
0 203087 43.253590 27.804400
0 1626163 63.712830 28.574410
12 -1 48.267900 36.555590
12 2550 47.088960 34.876620
12 201149 36.093970 23.673780
12 201959 36.493210 34.187290
12 202734 58.171580 47.964010
12 203926 51.680760 1.431740
12 101107 60.295670 9.838110
12 201150 62.903050 22.679660
12 202391 64.785220 37.939050
12 203087 45.362800 28.468420
12 1626163 64.871900 28.620910
24 -1 50.183200 36.787830
24 2550 49.114240 35.141960
24 201149 37.922180 23.205870
24 201959 38.327310 34.091440
24 202734 60.122240 48.173890
24 203926 53.879880 1.198810
24 101107 61.881360 9.932210
24 201150 64.318250 22.613280
24 202391 66.299730 38.128940
24 203087 47.518500 29.137200
24 1626163 66.060480 28.730460
36 -1 52.504220 36.800070
36 2550 51.130910 35.371650
36 201149 39.702440 22.671640
36 201959 40.196330 33.957010
36 202734 62.014770 48.367300
36 203926 55.980940 1.114090
36 101107 63.438640 10.037920
36 201150 65.716240 22.493990
36 202391 67.853950 38.338870
36 203087 49.710970 29.809090
36 1626163 67.261140 28.893770
48 -1 54.625630 37.017520
48 2550 53.174330 35.543420
48 201149 41.485410 22.076690
48 201959 42.157380 33.761480
48 202734 63.869550 48.555380
48 203926 58.054630 1.146200
48 101107 64.951810 10.142610
48 201150 67.109300 22.368900
48 202391 69.336580 38.449020
48 203087 51.915730 30.472350
48 1626163 68.460350 29.031720
60 -1 55.747110 36.970980
60 2550 55.216950 35.700290
60 201149 43.281860 21.456900
60 201959 44.089240 33.531110
60 202734 65.682320 48.651050
60 203926 60.145850 1.100410
60 101107 66.413330 10.226830
60 201150 68.417790 22.152160
60 202391 70.730070 38.487730
60 203087 54.167320 31.086340
60 1626163 69.654170 29.156330
72 -1 57.158890 37.100040
72 2550 57.263280 35.876500
72 201149 45.029360 20.820340
72 201959 46.033470 33.261890
72 202734 67.448110 48.734040
72 203926 62.283300 1.116540
72 101107 67.838350 10.307450
72 201150 69.699580 21.945940
72 202391 72.130820 38.479230
72 203087 56.356220 31.612170
72 1626163 70.834390 29.248070
84 -1 58.798080 36.971900
84 2550 59.253800 35.938390
84 201149 46.729270 20.225690
84 201959 47.923140 32.972450
84 202734 69.193010 48.823670
84 203926 64.442920 1.147560
84 101107 69.195780 10.368560
84 201150 70.879150 21.747230
84 202391 73.476400 38.492220
84 203087 58.499620 32.087290
84 1626163 71.966630 29.317290
96 -1 61.071400 36.778890
96 2550 61.152580 35.772300
96 201149 48.451560 19.625360
96 201959 49.814770 32.679700
96 202734 70.882950 48.866330
96 203926 66.582280 1.152310
96 101107 70.483360 10.430100
96 201150 72.042440 21.624410
96 202391 74.751660 38.515740
96 203087 60.580620 32.445030
96 1626163 73.093400 29.386690
108 -1 63.268100 36.891280
108 2550 63.027500 35.622570
108 201149 50.156580 19.133690
108 201959 51.631290 32.410700
108 202734 72.555310 48.872400
108 203926 68.684030 1.181760
108 101107 71.760790 10.499810
108 201150 73.185710 21.532040
108 202391 76.012360 38.624810
108 203087 62.635420 32.753100
108 1626163 74.176550 29.489620
120 -1 64.684650 36.962130
120 2550 64.841050 35.553300
120 201149 51.801320 18.674390
120 201959 53.394080 32.132990
120 202734 74.168110 48.905160
120 203926 70.714730 1.201310
120 101107 72.947500 10.499310
120 201150 74.267750 21.436170
120 202391 77.218360 38.824740
120 203087 64.550060 33.085240
120 1626163 75.194010 29.588090
132 -1 66.089650 36.894960
132 2550 66.566950 35.464570
132 201149 53.427000 18.197150
132 201959 55.084250 31.810870
132 202734 75.706980 48.899170
132 203926 72.712950 1.216130
132 101107 74.025510 10.377000
132 201150 75.318420 21.337590
132 202391 78.335090 39.070420
132 203087 66.383120 33.456370
132 1626163 76.121950 29.665520
144 -1 68.099870 36.919230
144 2550 68.177750 35.372270
144 201149 54.970840 17.716500
144 201959 56.713430 31.494510
144 202734 77.207410 48.900980
144 203926 74.702740 1.325200
144 101107 75.083760 10.264690
144 201150 76.274410 21.219260
144 202391 79.428380 39.372440
144 203087 68.212770 33.645540
144 1626163 76.956180 29.699730
156 -1 70.082890 36.965310
156 2550 69.861790 35.499100
156 201149 56.364310 17.365170
156 201959 58.198900 31.197860
156 202734 78.638290 48.888240
156 203926 76.533970 1.412060
156 101107 76.124240 10.186410
156 201150 77.232620 21.135010
156 202391 80.495410 39.672190
156 203087 70.007950 33.792240
156 1626163 77.676740 29.699720
168 -1 71.376080 37.281110
168 2550 71.252010 35.797180
168 201149 57.662380 17.025860
168 201959 59.625170 30.922300
168 202734 79.939150 48.831350
168 203926 78.236200 1.450990
168 101107 77.067310 10.094890
168 201150 78.092190 21.011810
168 202391 81.490550 39.940820
168 203087 71.799750 33.914920
168 1626163 78.302750 29.670350
180 -1 72.434950 37.887560
180 2550 72.378240 36.150770
180 201149 58.913330 16.747150
180 201959 60.987320 30.667710
180 202734 81.132620 48.737750
180 203926 79.891830 1.543390
180 101107 78.016250 10.059610
180 201150 78.889230 20.911340
180 202391 82.429810 40.165210
180 203087 73.556080 33.911150
180 1626163 78.825680 29.609110
192 -1 73.219810 38.171590
192 2550 73.191920 36.616350
192 201149 60.125670 16.514690
192 201959 62.283720 30.455170
192 202734 82.270500 48.593450
192 203926 81.594450 1.713040
192 101107 78.983270 10.128990
192 201150 79.603890 20.764260
192 202391 83.304430 40.361770
192 203087 75.189720 33.842000
192 1626163 79.220600 29.601740
204 -1 73.913160 38.338580
204 2550 73.778680 37.190910
204 201149 61.205050 16.238100
204 201959 63.516760 30.269360
204 202734 83.295660 48.444220
204 203926 83.052740 1.846640
204 101107 79.882230 10.139910
204 201150 80.306820 20.697170
204 202391 84.141390 40.585710
204 203087 76.478930 33.877110
204 1626163 79.441420 29.537910
216 -1 74.631820 38.393200
216 2550 73.943090 37.747540
216 201149 62.255750 15.917580
216 201959 64.701740 30.132790
216 202734 84.236080 48.354420
216 203926 84.443650 2.084640
216 101107 80.688390 10.080240
216 201150 80.856540 20.611430
216 202391 84.868580 40.785600
216 203087 77.631280 33.960810
216 1626163 79.458220 29.411680
228 -1 74.567510 38.016250
228 2550 73.969520 38.069590
228 201149 63.166260 15.560470
228 201959 65.804390 30.057160
228 202734 85.092000 48.319010
228 203926 85.691750 2.368860
228 101107 81.430880 10.017350
228 201150 81.316590 20.532190
228 202391 85.495340 40.966980
228 203087 78.451390 34.072980
228 1626163 79.331070 29.287790
240 -1 74.232280 37.228260
240 2550 73.839190 38.308690
240 201149 63.913420 15.164520
240 201959 66.805560 30.042750
240 202734 85.823950 48.327280
240 203926 86.621100 2.520080
240 101107 82.094100 9.934830
240 201150 81.686950 20.466480
240 202391 86.007150 41.110140
240 203087 79.039740 34.235020
240 1626163 79.108740 29.208430
252 -1 73.306810 32.839300
252 2550 73.610010 38.451860
252 201149 64.541840 14.821680
252 201959 67.705870 30.029910
252 202734 86.371580 48.366700
252 203926 87.130330 2.545630
252 101107 82.684010 9.827230
252 201150 81.892890 20.360640
252 202391 86.423180 41.173370
252 203087 79.420410 34.375210
252 1626163 78.833430 29.128850
264 -1 72.322940 28.371230
264 2550 73.297970 38.582200
264 201149 65.114430 14.512140
264 201959 68.544030 30.013970
264 202734 86.791030 48.366940
264 203926 87.489180 2.640740
264 101107 83.250510 9.730660
264 201150 81.952840 20.188690
264 202391 86.728040 41.139830
264 203087 79.768790 34.484460
264 1626163 78.574050 29.147700
276 -1 71.488320 23.975870
276 2550 73.023250 38.717880
276 201149 65.665250 14.199950
276 201959 69.331220 29.986220
276 202734 87.037880 48.365780
276 203926 87.415510 2.571080
276 101107 83.715650 9.555820
276 201150 81.896340 19.988770
276 202391 86.946070 41.046960
276 203087 79.898400 34.519590
276 1626163 78.362540 29.207980
288 -1 70.675680 19.542640
288 2550 72.732390 38.842060
288 201149 66.355090 13.826890
288 201959 70.037770 29.930550
288 202734 87.147320 48.393480
288 203926 87.097990 2.493030
288 101107 84.096800 9.443470
288 201150 81.747420 19.796020
288 202391 87.110880 40.881680
288 203087 79.942660 34.522140
288 1626163 78.168020 29.236660
300 -1 69.897530 15.210260
300 2550 72.449790 38.836900
300 201149 67.250050 13.463360
300 201959 70.677390 29.780980
300 202734 87.166370 48.412830
300 203926 86.676490 2.581960
300 101107 84.394330 9.380870
300 201150 81.544270 19.542580
300 202391 87.260140 40.647010
300 203087 79.910410 34.529510
300 1626163 77.999770 29.186580
312 -1 70.262070 12.964050
312 2550 72.155290 38.744420
312 201149 68.196840 13.002350
312 201959 71.264220 29.632030
312 202734 87.114860 48.459130
312 203926 86.208740 2.719100
312 101107 84.549500 9.335020
312 201150 81.311480 19.434060
312 202391 87.388310 40.366070
312 203087 79.819270 34.552910
312 1626163 77.994910 29.083470
324 -1 70.800970 11.709440
324 2550 71.833770 38.619710
324 201149 69.335320 12.591390
324 201959 71.806410 29.492730
324 202734 86.955740 48.529050
324 203926 85.820570 2.925680
324 101107 84.477590 9.201850
324 201150 81.101970 19.338260
324 202391 87.478670 40.057350
324 203087 79.693530 34.597000
324 1626163 77.956390 28.870630
336 -1 72.232650 10.667820
336 2550 71.402990 38.497700
336 201149 70.624270 12.204040
336 201959 72.276580 29.324040
336 202734 86.735300 48.569740
336 203926 85.891070 3.410170
336 101107 84.414620 9.132850
336 201150 80.927530 19.261620
336 202391 87.529000 39.749290
336 203087 79.548260 34.644550
336 1626163 77.945850 28.592740
348 -1 73.068350 10.114220
348 2550 70.895440 38.440570
348 201149 71.895470 11.863420
348 201959 72.700470 29.132180
348 202734 86.474720 48.573370
348 203926 86.142730 4.093780
348 101107 84.383980 8.943640
348 201150 80.813590 19.168010
348 202391 87.528920 39.460560
348 203087 79.399480 34.648470
348 1626163 77.922390 28.281350
360 -1 73.949500 9.698960
360 2550 70.355020 38.451550
360 201149 72.938620 11.449770
360 201959 73.076230 28.986520
360 202734 86.166610 48.556950
360 203926 86.626830 4.859440
360 101107 84.484680 8.737670
360 201150 80.730630 19.130870
360 202391 87.480260 39.200220
360 203087 79.236900 34.576160
360 1626163 77.930970 28.007010
372 -1 75.023600 9.879950
372 2550 69.754980 38.490810
372 201149 74.051090 11.089260
372 201959 73.418170 28.869910
372 202734 85.830870 48.490060
372 203926 87.351100 5.846680
372 101107 84.808370 8.654330
372 201150 80.764160 18.755450
372 202391 87.397910 38.943510
372 203087 79.074300 34.456230
372 1626163 77.830800 27.741350
384 -1 77.565180 10.429430
384 2550 69.133190 38.502980
384 201149 75.081370 10.766650
384 201959 73.696760 28.726960
384 202734 85.498630 48.403820
384 203926 88.187650 7.006090
384 101107 85.312610 8.788440
384 201150 80.815770 18.386930
384 202391 87.318870 38.683840
384 203087 78.889630 34.296400
384 1626163 77.800640 27.538520
396 -1 82.039810 11.988920
396 2550 68.520930 38.483830
396 201149 75.822450 10.448810
396 201959 73.905010 28.528040
396 202734 85.177040 48.316310
396 203926 88.881140 8.209250
396 101107 85.945730 9.137890
396 201150 80.947240 18.027050
396 202391 87.268950 38.403010
396 203087 78.679690 34.116580
396 1626163 77.817640 27.408940
408 -1 85.832710 13.245580
408 2550 67.934910 38.375140
408 201149 76.261510 10.143270
408 201959 74.080500 28.283940
408 202734 84.862910 48.213940
408 203926 89.534640 9.487570
408 101107 86.518930 9.830530
408 201150 81.210570 17.731250
408 202391 87.243230 38.089800
408 203087 78.438570 33.933430
408 1626163 77.962020 27.319440
420 -1 88.145070 14.160110
420 2550 67.355460 38.200430
420 201149 76.549620 9.950060
420 201959 74.223560 28.035830
420 202734 84.530200 48.098870
420 203926 90.256230 11.083340
420 101107 86.950540 10.735450
420 201150 81.740370 17.605690
420 202391 87.251110 37.675980
420 203087 78.180780 33.775060
420 1626163 78.224130 27.255390
432 -1 90.383680 15.023580
432 2550 66.787030 38.003630
432 201149 76.545790 9.804640
432 201959 74.357640 27.777420
432 202734 84.246980 48.004520
432 203926 90.853040 12.737640
432 101107 87.252770 11.826040
432 201150 82.318700 17.854450
432 202391 87.268720 37.239600
432 203087 77.915390 33.637120
432 1626163 78.632440 27.145460
444 -1 90.691200 16.112450
444 2550 66.188490 37.780290
444 201149 76.290050 9.701220
444 201959 74.538460 27.552460
444 202734 84.096900 47.934390
444 203926 91.152680 14.386310
444 101107 87.545050 13.002450
444 201150 83.072870 18.259070
444 202391 87.267660 36.805240
444 203087 77.685780 33.530540
444 1626163 79.240920 27.016240
456 -1 90.887560 17.259070
456 2550 65.601060 37.521710
456 201149 75.993260 9.648520
456 201959 74.792190 27.359780
456 202734 84.063720 47.892890
456 203926 91.319920 16.135590
456 101107 87.708610 14.253090
456 201150 83.991700 18.741730
456 202391 87.223530 36.438410
456 203087 77.501980 33.471280
456 1626163 79.959060 26.815110
468 -1 90.994770 18.569970
468 2550 64.989790 37.226860
468 201149 75.725100 9.650730
468 201959 75.106090 27.158290
468 202734 84.090720 47.909060
468 203926 91.251570 17.843760
468 101107 87.924730 15.412070
468 201150 84.981600 19.482720
468 202391 87.131710 36.147550
468 203087 77.381610 33.469280
468 1626163 80.793780 26.557500
480 -1 91.034830 20.151720
480 2550 64.363170 36.942970
480 201149 75.455830 9.652970
480 201959 75.504930 26.928190
480 202734 84.263710 47.959110
480 203926 90.840340 19.264230
480 101107 88.132590 16.583910
480 201150 85.868030 20.138080
480 202391 87.022620 36.024660
480 203087 77.346120 33.511920
480 1626163 81.708080 26.230870
492 -1 90.239900 22.359130
492 2550 63.764920 36.649650
492 201149 75.193780 9.623370
492 201959 75.966660 26.675130
492 202734 84.461660 48.002720
492 203926 90.237870 20.772540
492 101107 88.336790 17.705570
492 201150 86.619640 20.835770
492 202391 86.954310 35.992260
492 203087 77.378620 33.589300
492 1626163 82.704350 25.985790
504 -1 89.300770 24.601110
504 2550 63.237810 36.328010
504 201149 74.952590 9.538870
504 201959 76.460380 26.374410
504 202734 84.539980 48.051480
504 203926 89.654680 22.069670
504 101107 88.519980 18.843250
504 201150 87.296460 21.698010
504 202391 86.957850 36.008660
504 203087 77.447240 33.681490
504 1626163 83.504720 25.700470
516 -1 89.423480 27.299800
516 2550 62.856180 36.052410
516 201149 74.718430 9.396210
516 201959 77.012680 26.086290
516 202734 84.547170 48.099760
516 203926 88.977620 23.327290
516 101107 88.587130 19.934650
516 201150 87.480180 22.822170
516 202391 87.034500 36.022350
516 203087 77.530310 33.778100
516 1626163 84.708860 25.559990
528 -1 88.942330 26.632260
528 2550 62.403810 35.743040
528 201149 74.477870 9.250120
528 201959 77.586840 25.848310
528 202734 84.527640 48.101640
528 203926 88.321870 24.793630
528 101107 88.644700 20.947140
528 201150 87.325100 23.510660
528 202391 87.177160 36.040250
528 203087 77.605740 33.850780
528 1626163 85.880830 25.632520
540 -1 89.168900 26.314410
540 2550 61.895830 35.370940
540 201149 74.233440 9.141750
540 201959 78.178630 25.643740
540 202734 84.360700 48.078030
540 203926 87.726470 26.238750
540 101107 88.395110 21.878700
540 201150 87.702790 24.064940
540 202391 87.321410 36.018610
540 203087 77.657090 33.896770
540 1626163 86.710650 25.845960
552 -1 89.405100 26.042810
552 2550 61.337220 34.976960
552 201149 73.952550 9.079070
552 201959 78.781790 25.460990
552 202734 84.030490 48.048790
552 203926 87.116730 27.487780
552 101107 88.399440 22.436870
552 201150 88.150160 24.879820
552 202391 87.426830 35.968880
552 203087 77.689350 33.917660
552 1626163 87.201980 25.830980
564 -1 89.248150 25.801520
564 2550 60.751740 34.574390
564 201149 73.622790 9.051180
564 201959 79.347110 25.308580
564 202734 83.606260 47.986860
564 203926 86.465110 28.891930
564 101107 88.391150 22.805400
564 201150 88.593750 25.383860
564 202391 87.485060 35.879190
564 203087 77.690390 33.920270
564 1626163 87.762410 25.871790
576 -1 88.925710 25.340880
576 2550 59.997900 34.100180
576 201149 73.218550 9.056420
576 201959 79.847570 25.124630
576 202734 83.107880 47.894820
576 203926 85.917520 30.203900
576 101107 88.268060 22.984100
576 201150 89.423770 25.773240
576 202391 87.511900 35.712540
576 203087 77.662100 33.903770
576 1626163 87.996720 25.936230
588 -1 88.631690 25.019250
588 2550 59.326370 33.675340
588 201149 72.736290 9.066310
588 201959 80.266250 24.903900
588 202734 82.516100 47.815780
588 203926 85.483350 31.244190
588 101107 88.124890 22.960870
588 201150 90.528820 26.589650
588 202391 87.525010 35.429700
588 203087 77.589730 33.853910
588 1626163 88.207210 25.871190
600 -1 88.330820 24.897710
600 2550 58.728420 33.306550
600 201149 72.171990 9.086790
600 201959 80.552270 24.654770
600 202734 81.863320 47.730280
600 203926 85.028410 32.298410
600 101107 88.284550 22.806620
600 201150 91.163160 27.710380
600 202391 87.522710 35.114680
600 203087 77.466290 33.752800
600 1626163 88.576940 25.749720
612 -1 88.190810 24.907720
612 2550 58.178430 32.903900
612 201149 71.561640 9.117910
612 201959 80.677170 24.380010
612 202734 81.162970 47.644930
612 203926 84.592080 33.314970
612 101107 88.163540 22.944760
612 201150 91.736830 28.465180
612 202391 87.501580 34.746880
612 203087 77.258650 33.600940
612 1626163 89.167420 25.716770
624 -1 88.229950 24.541990
624 2550 57.621700 32.487220
624 201149 70.859690 9.162680
624 201959 80.663940 24.118660
624 202734 80.383500 47.526970
624 203926 84.134360 34.225170
624 101107 88.080720 23.100070
624 201150 92.267260 29.388260
624 202391 87.447620 34.342530
624 203087 76.964650 33.430160
624 1626163 89.686670 25.795160
636 -1 88.190810 24.152110
636 2550 57.059760 32.041870
636 201149 70.024470 9.212890
636 201959 80.517640 23.945930
636 202734 79.454500 47.375090
636 203926 83.536560 35.042140
636 101107 88.279260 23.329340
636 201150 92.662220 30.233010
636 202391 87.339360 33.982670
636 203087 76.537790 33.278000
636 1626163 90.022840 25.762740
648 -1 88.144210 23.947100
648 2550 56.481390 31.586690
648 201149 68.993040 9.321410
648 201959 80.241930 23.830190
648 202734 78.401440 47.128660
648 203926 82.680230 35.711060
648 101107 88.608470 23.660490
648 201150 92.949170 30.952780
648 202391 87.198410 33.675380
648 203087 76.058170 33.157960
648 1626163 90.261140 25.763320
660 -1 88.426210 23.742660
660 2550 55.893960 31.134800
660 201149 67.838720 9.536010
660 201959 79.851460 23.753510
660 202734 77.321370 46.824490
660 203926 81.648120 36.197030
660 101107 89.072540 24.337410
660 201150 93.146890 31.679010
660 202391 87.073550 33.367940
660 203087 75.498540 33.079810
660 1626163 90.393610 25.549370
672 -1 89.421130 23.668830
672 2550 55.264120 30.734640
672 201149 66.540810 9.743270
672 201959 79.356560 23.716130
672 202734 76.212050 46.455890
672 203926 80.479740 36.531380
672 101107 89.576090 24.907980
672 201150 93.361540 32.509450
672 202391 86.988900 33.102200
672 203087 74.848040 33.073020
672 1626163 90.461580 25.288340
684 -1 89.625170 23.314520
684 2550 54.568660 30.400660
684 201149 65.309210 10.095940
684 201959 78.790040 23.697220
684 202734 75.084570 46.063910
684 203926 79.031600 36.768850
684 101107 90.165940 25.387970
684 201150 93.469150 33.411560
684 202391 86.970190 32.873400
684 203087 74.064500 33.123330
684 1626163 90.863950 24.873750
696 -1 92.145790 22.410130
696 2550 53.833350 30.151100
696 201149 64.031360 10.444410
696 201959 78.141290 23.652280
696 202734 73.976780 45.635020
696 203926 77.389630 36.882810
696 101107 90.822310 25.708940
696 201150 93.524480 34.387690
696 202391 87.009300 32.608350
696 203087 73.195170 33.228330
696 1626163 91.291160 24.379370