0 -1 24.110730 4.145030
0 2199 14.225410 19.933960
0 101179 33.954910 3.881800
0 202720 58.115820 30.845810
0 202688 12.816800 32.788350
0 203933 13.507910 2.986190
0 101107 13.968070 27.279960
0 202391 56.001360 16.613650
0 202689 37.977770 39.578430
0 203584 61.284720 31.686030
0 203469 37.324680 24.007140
12 -1 28.689710 4.400470
12 2199 15.589320 19.699940
12 101179 35.212510 3.909200
12 202720 59.490510 30.631330
12 202688 13.840050 33.474710
12 203933 15.337400 2.937840
12 101107 15.630150 27.391020
12 202391 57.005400 16.412120
12 202689 39.399360 39.009410
12 203584 63.017170 31.536470
12 203469 39.324910 23.834600
24 -1 33.290540 4.669970
24 2199 17.041910 19.346280
24 101179 36.430160 4.006820
24 202720 60.856970 30.438240
24 202688 14.958590 34.153660
24 203933 17.320540 2.885950
24 101107 17.330950 27.503200
24 202391 58.048380 16.183460
24 202689 40.861560 38.432800
24 203584 64.708500 31.365410
24 203469 41.326260 23.681490
36 -1 36.345300 5.145100
36 2199 18.577070 19.171480
36 101179 37.594750 4.234330
36 202720 62.308910 30.238720
36 202688 16.186000 34.788110
36 203933 19.404450 2.762890
36 101107 19.195640 27.618090
36 202391 59.095780 16.006660
36 202689 42.355820 37.864180
36 203584 66.369870 31.171500
36 203469 43.363690 23.581400
48 -1 37.662950 5.718250
48 2199 20.150040 19.049530
48 101179 38.766460 4.509780
48 202720 63.834290 29.925420
48 202688 17.474000 35.360910
48 203933 21.616720 2.737770
48 101107 21.111140 27.732130
48 202391 60.165880 15.765400
48 202689 43.892940 37.338030
48 203584 67.990140 30.901120
48 203469 45.441170 23.531490
60 -1 39.058880 6.284110
60 2199 21.760910 18.930860
60 101179 39.922700 4.870410
60 202720 65.405130 29.470070
60 202688 18.816900 35.920510
60 203933 23.949230 2.681810
60 101107 23.069330 27.866340
60 202391 61.212320 15.558940
60 202689 45.435280 36.874870
60 203584 69.565860 30.523880
60 203469 47.603880 23.517020
72 -1 40.391640 6.686120
72 2199 23.397500 18.891560
72 101179 41.024510 5.299040
72 202720 66.982610 28.947590
72 202688 20.254940 36.445330
72 203933 26.377520 2.618080
72 101107 25.099500 28.032280
72 202391 62.246410 15.379660
72 202689 46.964410 36.434480
72 203584 71.056820 30.019170
72 203469 49.721950 23.458470
84 -1 41.064010 6.353910
84 2199 25.082290 18.894880
84 101179 42.191020 5.743300
84 202720 68.635860 28.333560
84 202688 21.741000 36.927210
84 203933 28.810780 2.594570
84 101107 27.150610 28.163710
84 202391 63.244690 15.297310
84 202689 48.473770 36.018160
84 203584 72.452060 29.395470
84 203469 51.881280 23.415360
96 -1 42.055400 6.832740
96 2199 26.817980 18.919200
96 101179 43.424890 6.214500
96 202720 70.155280 27.688610
96 202688 23.253460 37.368910
96 203933 31.358750 2.607870
96 101107 29.216990 28.302720
96 202391 64.211610 15.213210
96 202689 49.973030 35.687940
96 203584 73.744590 28.659430
96 203469 54.053920 23.399210
108 -1 43.065560 7.781630
108 2199 28.615500 18.969620
108 101179 44.592360 6.864370
108 202720 71.651570 26.952990
108 202688 24.823580 37.795230
108 203933 33.907990 2.529620
108 101107 31.338880 28.458610
108 202391 65.127190 15.191940
108 202689 51.437170 35.424840
108 203584 74.943990 27.916350
108 203469 56.191940 23.543750
120 -1 44.502960 8.638420
120 2199 30.410900 19.097130
120 101179 45.728650 7.500440
120 202720 73.125010 26.068700
120 202688 26.368320 38.150350
120 203933 36.472560 2.451740
120 101107 33.475220 28.621050
120 202391 65.977220 15.197480
120 202689 52.889370 35.215680
120 203584 76.083480 27.123630
120 203469 58.369210 23.535060
132 -1 46.252850 9.464270
132 2199 32.242800 19.239160
132 101179 46.879300 8.150570
132 202720 74.498370 25.086580
132 202688 27.907070 38.485040
132 203933 39.018410 2.378990
132 101107 35.548180 28.744310
132 202391 66.784060 15.210880
132 202689 54.313400 35.043620
132 203584 77.149790 26.290430
132 203469 60.557680 23.562520
144 -1 48.366880 10.684380
144 2199 34.048240 19.408980
144 101179 47.968170 8.874430
144 202720 75.719840 24.021060
144 202688 29.455140 38.788600
144 203933 41.584360 2.311330
144 101107 37.643040 28.892890
144 202391 67.521990 15.250270
144 202689 55.694660 34.898860
144 203584 78.140020 25.430890
144 203469 62.686300 23.608880
156 -1 49.314620 11.307010
156 2199 35.828490 19.566600
156 101179 49.045430 9.489420
156 202720 77.013540 22.771400
156 202688 31.006070 39.065340
156 203933 44.154180 2.256400
156 101107 39.767980 29.045560
156 202391 68.210810 15.326590
156 202689 57.038560 34.714280
156 203584 79.059830 24.557950
156 203469 64.759710 23.621150
168 -1 50.066150 11.714580
168 2199 37.579130 19.737920
168 101179 50.131760 9.978730
168 202720 78.173930 21.473470
168 202688 32.573800 39.296820
168 203933 46.678270 2.182380
168 101107 41.834060 29.216880
168 202391 68.807840 15.491540
168 202689 58.351340 34.558470
168 203584 79.875740 23.657470
168 203469 66.858660 23.443850
180 -1 51.079090 12.162240
180 2199 39.371080 19.922780
180 101179 51.182770 10.497600
180 202720 79.181120 20.275250
180 202688 34.160160 39.517320
180 203933 49.167440 2.113320
180 101107 43.888160 29.416650
180 202391 69.343820 15.666080
180 202689 59.663000 34.432610
180 203584 80.529660 22.910750
180 203469 68.796230 23.392970
192 -1 52.505650 12.710000
192 2199 41.135770 20.137690
192 101179 52.207360 10.993400
192 202720 80.135270 19.155640
192 202688 35.687080 39.684170
192 203933 51.654400 2.072820
192 101107 45.939630 29.633210
192 202391 69.754700 15.880170
192 202689 60.929310 34.367590
192 203584 81.053110 22.375420
192 203469 70.613100 23.399680
204 -1 53.734610 13.060450
204 2199 42.905280 20.377660
204 101179 53.194340 11.333080
204 202720 81.051090 18.111520
204 202688 37.198550 39.846870
204 203933 54.081530 2.044720
204 101107 47.925490 29.810080
204 202391 70.074660 16.078940
204 202689 62.099230 34.336210
204 203584 81.520020 21.838310
204 203469 72.295850 23.407650
216 -1 55.081670 12.813060
216 2199 44.680090 20.673360
216 101179 54.170360 11.683620
216 202720 81.773380 17.336020
216 202688 38.687230 40.015140
216 203933 56.426920 2.063840
216 101107 49.877940 29.914960
216 202391 70.277750 16.178450
216 202689 63.194190 34.338870
216 203584 81.832710 21.318230
216 203469 73.777410 23.406560
228 -1 55.929240 12.478700
228 2199 46.446700 20.976400
228 101179 55.186280 11.924340
228 202720 82.406240 16.828600
228 202688 40.176010 40.177890
228 203933 58.723040 2.137130
228 101107 51.827210 29.962730
228 202391 70.496180 16.085080
228 202689 64.218900 34.318070
228 203584 81.985750 20.783450
228 203469 74.988340 23.437710
240 -1 57.132110 12.562790
240 2199 48.165460 21.283630
240 101179 56.060180 12.043460
240 202720 82.982820 16.470620
240 202688 41.660050 40.402790
240 203933 60.927700 2.231060
240 101107 53.758540 29.904090
240 202391 70.813550 15.740350
240 202689 65.165490 34.281290
240 203584 82.080290 20.067710
240 203469 76.018890 23.490930
252 -1 59.177830 11.807070
252 2199 49.908710 21.584250
252 101179 56.743380 12.112020
252 202720 83.440620 16.217020
252 202688 43.170910 40.674750
252 203933 62.973810 2.315560
252 101107 55.651500 29.763170
252 202391 71.225940 15.147550
252 202689 66.083850 34.239870
252 203584 82.081790 19.135050
252 203469 76.904830 23.509770
264 -1 62.260290 9.420610
264 2199 51.644790 21.911390
264 101179 57.304320 12.244360
264 202720 83.743650 16.068050
264 202688 44.659240 40.950700
264 203933 64.892400 2.429790
264 101107 57.499960 29.542800
264 202391 71.703520 14.345400
264 202689 66.991350 34.239360
264 203584 81.941210 18.262700
264 203469 77.660560 23.481720
276 -1 65.293840 6.913520
276 2199 53.341500 22.275730
276 101179 57.728830 12.394300
276 202720 83.906490 15.974190
276 202688 46.094020 41.246110
276 203933 66.713010 2.517240
276 101107 59.252530 29.292140
276 202391 72.348040 13.283400
276 202689 67.875260 34.247710
276 203584 81.759730 17.395500
276 203469 78.355750 23.456300
288 -1 68.391490 4.705420
288 2199 55.023060 22.693460
288 101179 57.982500 12.620800
288 202720 83.963180 15.799410
288 202688 47.461210 41.563760
288 203933 68.395150 2.624140
288 101107 60.944930 28.914820
288 202391 73.045070 12.163500
288 202689 68.716940 34.286230
288 203584 81.586730 16.597780
288 203469 79.036350 23.381150
300 -1 70.540180 3.641150
300 2199 56.695640 23.095700
300 101179 58.273850 12.903010
300 202720 83.849200 15.613450
300 202688 48.812370 41.803810
300 203933 69.841280 2.765370
300 101107 62.622290 28.401710
300 202391 73.709930 11.050620
300 202689 69.514940 34.332330
300 203584 81.307110 15.912800
300 203469 79.725400 23.261590
312 -1 72.353510 3.478540
312 2199 58.315040 23.523160
312 101179 58.663700 13.152290
312 202720 83.781860 15.348290
312 202688 50.136930 42.046260
312 203933 71.127350 2.838840
312 101107 64.221140 27.881640
312 202391 74.348980 9.934110
312 202689 70.290360 34.348060
312 203584 80.929040 15.350910
312 203469 80.397220 23.106110
324 -1 72.289010 4.122700
324 2199 59.965240 23.880840
324 101179 59.175180 13.379960
324 202720 83.704460 15.084730
324 202688 51.453000 42.295300
324 203933 72.207470 2.875810
324 101107 65.774770 27.319040
324 202391 75.001840 8.862090
324 202689 71.063510 34.281500
324 203584 80.442560 14.903370
324 203469 81.030780 22.930350
336 -1 70.896010 5.653050
336 2199 61.606250 24.311000
336 101179 59.786670 13.583500
336 202720 83.719360 14.736940
336 202688 52.748940 42.529890
336 203933 73.043680 2.898610
336 101107 67.180520 26.702460
336 202391 75.625070 7.980500
336 202689 71.773840 34.211290
336 203584 79.795210 14.608050
336 203469 81.635680 22.713520
348 -1 68.752660 7.705620
348 2199 63.230730 24.757070
348 101179 60.429200 13.730330
348 202720 83.768740 14.385010
348 202688 53.982300 42.748070
348 203933 73.621710 2.912130
348 101107 68.439660 25.929570
348 202391 76.179620 7.235160
348 202689 72.432560 34.160260
348 203584 78.924540 14.516980
348 203469 82.190410 22.492070
360 -1 66.643560 9.719850
360 2199 64.841980 25.231190
360 101179 61.092950 13.834310
360 202720 83.914370 14.006020
360 202688 55.162110 42.945820
360 203933 74.142350 2.842140
360 101107 69.347450 25.161990
360 202391 76.657770 6.692660
360 202689 73.061830 34.132350
360 203584 77.930770 14.538260
360 203469 82.658680 22.284330
372 -1 64.545390 11.566370
372 2199 66.428970 25.665510
372 101179 61.729620 13.971260
372 202720 84.019540 13.666820
372 202688 56.321920 43.097060
372 203933 74.563030 2.807380
372 101107 69.957140 24.208740
372 202391 77.107510 6.357810
372 202689 73.587650 34.159900
372 203584 76.834710 14.650720
372 203469 83.034570 22.079190
384 -1 63.006630 13.158790
384 2199 67.980820 26.143020
384 101179 62.321800 14.140320
384 202720 84.181930 13.299320
384 202688 57.422320 43.253320
384 203933 74.926760 2.744580
384 101107 70.255870 23.208780
384 202391 77.508320 6.163510
384 202689 74.020310 34.261580
384 203584 75.539980 14.875130
384 203469 83.325290 21.884010
396 -1 63.475080 13.769540
396 2199 69.575470 26.536980
396 101179 62.839160 14.414680
396 202720 84.382000 12.997110
396 202688 58.507200 43.408760
396 203933 75.217680 2.684900
396 101107 70.343910 22.130230
396 202391 77.811770 6.079540
396 202689 74.382870 34.401950
396 203584 74.206590 15.162650
396 203469 83.451430 21.846730
408 -1 64.095030 14.624480
408 2199 71.238300 26.852500
408 101179 63.247670 14.758900
408 202720 84.607730 12.752960
408 202688 59.552080 43.522890
408 203933 75.487840 2.579160
408 101107 70.157170 21.204930
408 202391 78.053620 6.070850
408 202689 74.683160 34.500000
408 203584 72.947020 15.390550
408 203469 83.484430 21.872790
420 -1 64.456450 16.018020
420 2199 72.940000 27.104030
420 101179 63.556920 15.122820
420 202720 84.922000 12.605590
420 202688 60.508680 43.625250
420 203933 75.658240 2.517410
420 101107 69.939000 20.345440
420 202391 78.281760 6.121940
420 202689 74.903700 34.543970
420 203584 71.773550 15.677650
420 203469 83.463480 21.976930
432 -1 64.073830 16.483910
432 2199 74.685280 27.299490
432 101179 63.784870 15.419650
432 202720 85.300170 12.573900
432 202688 61.383180 43.698950
432 203933 75.764100 2.493190
432 101107 69.736420 19.804640
432 202391 78.476470 6.201790
432 202689 75.141370 34.459570
432 203584 70.799730 15.948540
432 203469 83.541040 21.986650
444 -1 63.746320 16.950380
444 2199 76.375700 27.434550
444 101179 63.927880 15.667670
444 202720 85.725950 12.641180
444 202688 62.187700 43.728000
444 203933 75.821020 2.490720
444 101107 69.767940 19.345340
444 202391 78.666270 6.306140
444 202689 75.376460 34.333170
444 203584 70.052660 16.127480
444 203469 83.687340 21.947500
456 -1 65.497130 16.689810
456 2199 78.005350 27.479210
456 101179 63.948560 15.896480
456 202720 86.127020 12.751210
456 202688 62.889300 43.730670
456 203933 75.831070 2.500310
456 101107 69.989060 19.132460
456 202391 78.854000 6.477990
456 202689 75.597760 34.213140
456 203584 69.510110 16.219610
456 203469 83.952520 21.685130
468 -1 70.105860 16.152620
468 2199 79.512090 27.479020
468 101179 63.989900 15.964730
468 202720 86.582800 12.927400
468 202688 63.539040 43.752230
468 203933 75.796070 2.521510
468 101107 70.434410 19.132130
468 202391 79.049040 6.697820
468 202689 75.769330 34.144490
468 203584 69.086540 16.271340
468 203469 84.279780 21.394180
480 -1 74.614710 15.706070
480 2199 80.886830 27.491690
480 101179 64.000920 15.940680
480 202720 87.008290 13.142070
480 202688 64.119560 43.777900
480 203933 75.744480 2.529440
480 101107 71.051640 19.313850
480 202391 79.238240 6.913750
480 202689 75.910510 34.147450
480 203584 68.764200 16.245700
480 203469 84.692450 21.032210
492 -1 79.087680 15.384050
492 2199 82.065320 27.553150
492 101179 64.063960 16.353950
492 202720 87.383270 13.351620
492 202688 64.614980 43.806040
492 203933 75.631190 2.535560
492 101107 71.880390 19.439270
492 202391 79.409640 7.138310
492 202689 76.019150 34.227210
492 203584 68.421720 16.253400
492 203469 85.078940 20.747790
504 -1 83.572820 15.005810
504 2199 83.041460 27.630940
504 101179 64.053250 16.814810
504 202720 87.712800 13.576920
504 202688 65.036700 43.779420
504 203933 75.486840 2.558300
504 101107 72.730360 19.736290
504 202391 79.569150 7.406280
504 202689 76.250360 34.329870
504 203584 68.100120 16.277700
504 203469 85.451850 20.475290
516 -1 86.783260 14.677700
516 2199 83.857240 27.638140
516 101179 63.970360 17.165310
516 202720 88.022180 13.870520
516 202688 65.400570 43.720210
516 203933 75.297700 2.613110
516 101107 73.633180 20.054930
516 202391 79.729290 7.676280
516 202689 76.645860 34.322140
516 203584 67.718870 16.372320
516 203469 85.872490 20.242110
528 -1 87.598840 14.924020
528 2199 84.549770 27.556920
528 101179 63.829950 17.560010
528 202720 88.303140 14.195630
528 202688 65.698080 43.662100
528 203933 75.070790 2.676810
528 101107 74.596580 20.299350
528 202391 79.878360 7.946170
528 202689 77.221880 34.137710
528 203584 67.358930 16.512700
528 203469 86.331920 19.960830
540 -1 87.623690 16.555210
540 2199 85.158350 27.443690
540 101179 63.583100 18.069220
540 202720 88.507770 14.454160
540 202688 66.013550 43.612110
540 203933 74.792710 2.746250
540 101107 75.628520 20.542030
540 202391 79.999900 8.238660
540 202689 78.035970 33.710410
540 203584 67.032440 16.745230
540 203469 86.821100 19.619620
552 -1 87.501310 18.467890
552 2199 85.729660 27.202330
552 101179 63.184040 18.214390
552 202720 88.609430 14.678420
552 202688 66.291340 43.582130
552 203933 74.489270 2.801080
552 101107 76.793380 20.882370
552 202391 80.096030 8.542210
552 202689 79.037310 33.122050
552 203584 66.762260 17.053510
552 203469 87.284670 19.254710
564 -1 87.362880 20.513530
564 2199 86.284860 26.919320
564 101179 62.729710 18.430100
564 202720 88.651620 14.849950
564 202688 66.536430 43.585460
564 203933 74.179630 2.850320
564 101107 77.923280 21.124130
564 202391 80.166330 8.845350
564 202689 80.141570 32.412630
564 203584 66.549660 17.445460
564 203469 87.767300 18.878960
576 -1 87.460530 22.539630
576 2199 86.756050 26.673670
576 101179 62.287580 18.774930
576 202720 88.613870 14.897420
576 202688 66.740060 43.588730
576 203933 73.877760 2.887940
576 101107 79.092780 21.385670
576 202391 80.199730 9.136440
576 202689 81.373940 31.652390
576 203584 66.458940 17.899480
576 203469 88.189060 18.543890
588 -1 87.086810 24.506320
588 2199 87.157760 26.448180
588 101179 61.828410 19.262060
588 202720 88.412260 14.810440
588 202688 66.877890 43.563160
588 203933 73.536090 2.910460
588 101107 80.315280 21.669450
588 202391 80.237610 9.454290
588 202689 82.664780 30.928050
588 203584 66.420800 18.427070
588 203469 88.548530 18.237660
600 -1 87.260120 25.578850
600 2199 87.491260 26.166040
600 101179 61.368250 19.741510
600 202720 88.093450 14.694160
600 202688 66.909330 43.487040
600 203933 73.185970 2.948250
600 101107 81.501370 22.035750
600 202391 80.201340 9.747960
600 202689 83.896960 30.295600
600 203584 66.439220 18.967730
600 203469 88.786400 17.931660
612 -1 88.094810 25.037480
612 2199 87.786090 25.883210
612 101179 60.888150 20.152370
612 202720 87.734550 14.516040
612 202688 66.882600 43.334450
612 203933 72.840030 3.022000
612 101107 82.519600 22.244540
612 202391 80.167760 10.070660
612 202689 85.081160 29.749750
612 203584 66.549890 19.479110
612 203469 88.946200 17.661000
624 -1 89.138700 24.730130
624 2199 88.050160 25.559190
624 101179 60.401210 20.437520
624 202720 87.283530 14.286920
624 202688 66.801750 43.114770
624 203933 72.418790 3.142930
624 101107 83.455730 22.477360
624 202391 80.080860 10.368290
624 202689 86.148430 29.294030
624 203584 66.743890 19.925170
624 203469 89.030040 17.478320
636 -1 88.860930 24.405580
636 2199 88.345350 25.251980
636 101179 59.839420 20.651350
636 202720 86.765620 14.026510
636 202688 66.650070 42.860980
636 203933 71.898670 3.305440
636 101107 84.290220 22.666850
636 202391 79.917160 10.657040
636 202689 87.058580 28.950860
636 203584 66.967650 20.349880
636 203469 89.047560 17.273950
648 -1 88.535700 24.086560
648 2199 88.584390 25.016480
648 101179 59.231140 20.863130
648 202720 86.163540 13.805470
648 202688 66.403270 42.561820
648 203933 71.337640 3.513510
648 101107 84.966230 22.854240
648 202391 79.657250 10.838010
648 202689 87.885860 28.659140
648 203584 67.137490 20.735920
648 203469 89.001200 17.080890
660 -1 88.382150 23.823410
660 2199 88.718470 24.864670
660 101179 58.546690 20.986050
660 202720 85.456480 13.589290
660 202688 66.069370 42.258830
660 203933 70.683070 3.757210
660 101107 85.591900 22.876980
660 202391 79.409840 11.026260
660 202689 88.655470 28.459930
660 203584 67.259010 21.075110
660 203469 88.907770 16.988700
672 -1 88.076170 23.326430
672 2199 88.704930 24.840510
672 101179 57.799020 21.139360
672 202720 84.597170 13.418350
672 202688 65.656120 41.947020
672 203933 69.906600 4.050250
672 101107 86.171030 22.894930
672 202391 79.090190 11.161160
672 202689 89.339410 28.320210
672 203584 67.365210 21.416980
672 203469 88.692390 16.941070
684 -1 88.298580 24.441700
684 2199 88.588290 24.890300
684 101179 56.990670 21.333770
684 202720 83.564710 13.335420
684 202688 65.124100 41.627890
684 203933 69.043480 4.375220
684 101107 86.842430 22.845260
684 202391 78.739990 11.289630
684 202689 89.925500 28.194690
684 203584 67.349020 21.833770
684 203469 88.267940 16.863450
696 -1 87.661060 23.697300
696 2199 88.317350 24.996610
696 101179 56.137650 21.554700
696 202720 82.332260 13.321680
696 202688 64.529780 41.292300
696 203933 68.107950 4.711570
696 101107 87.410220 22.698730
696 202391 78.371010 11.380640
696 202689 90.414290 28.091370
696 203584 67.236370 22.264580
696 203469 87.632750 16.859130