0 -1 28.299520 10.370250 BALL
0 2449 50.831740 29.010140 PLAYER
0 200768 72.486750 13.402640 PLAYER
0 202335 64.607270 17.385410 PLAYER
0 201942 51.314950 11.880690 PLAYER
0 202709 58.819310 32.975920 PLAYER
0 2200 16.027260 22.877730 PLAYER
0 201166 35.878300 43.989680 PLAYER
0 202734 69.980270 5.446800 PLAYER
0 202710 26.752080 10.137250 PLAYER
0 202703 58.764300 14.286440 PLAYER
12 -1 29.754680 10.295390 BALL
12 2449 51.790890 28.625200 PLAYER
12 200768 73.354150 13.009130 PLAYER
12 202335 65.404080 17.528630 PLAYER
12 201942 52.041170 11.998720 PLAYER
12 202709 59.619740 33.060800 PLAYER
12 2200 17.386440 22.989120 PLAYER
12 201166 36.793180 44.219480 PLAYER
12 202734 71.240190 5.159180 PLAYER
12 202710 28.024640 9.938290 PLAYER
12 202703 60.108990 14.172320 PLAYER
24 -1 30.401820 10.309830 BALL
24 2449 52.703620 28.233370 PLAYER
24 200768 74.185120 12.651980 PLAYER
24 202335 66.179250 17.584280 PLAYER
24 201942 52.786830 12.086940 PLAYER
24 202709 60.408870 33.250350 PLAYER
24 2200 18.898390 23.328910 PLAYER
24 201166 37.735660 44.446210 PLAYER
24 202734 72.468860 4.932720 PLAYER
24 202710 29.258650 9.821880 PLAYER
24 202703 61.489680 14.045690 PLAYER
36 -1 31.151310 10.371570 BALL
36 2449 53.593540 27.907430 PLAYER
36 200768 74.956610 12.288620 PLAYER
36 202335 66.915510 17.487430 PLAYER
36 201942 53.516810 12.110540 PLAYER
36 202709 61.169430 33.454180 PLAYER
36 2200 20.415150 23.494030 PLAYER
36 201166 38.732020 44.661860 PLAYER
36 202734 73.673290 4.753860 PLAYER
36 202710 30.622730 9.830590 PLAYER
36 202703 62.873570 13.921410 PLAYER
48 -1 32.332290 10.346640 BALL
48 2449 54.476430 27.650480 PLAYER
48 200768 75.672530 11.977460 PLAYER
48 202335 67.578650 17.422270 PLAYER
48 201942 54.218840 12.085130 PLAYER
48 202709 61.966880 33.648950 PLAYER
48 2200 21.942800 23.714010 PLAYER
48 201166 39.759170 44.901710 PLAYER
48 202734 74.831960 4.592660 PLAYER
48 202710 31.863640 9.684660 PLAYER
48 202703 64.365040 13.783150 PLAYER
60 -1 33.746540 10.067070 BALL
60 2449 55.356850 27.455880 PLAYER
60 200768 76.380230 11.662830 PLAYER
60 202335 68.182760 17.337080 PLAYER
60 201942 54.916660 12.076420 PLAYER
60 202709 62.786050 33.902270 PLAYER
60 2200 23.552820 24.072500 PLAYER
60 201166 40.818860 45.156150 PLAYER
60 202734 75.991300 4.457190 PLAYER
60 202710 33.064930 9.565490 PLAYER
60 202703 65.917100 13.649600 PLAYER
72 -1 35.369760 9.398780 BALL
72 2449 56.206790 27.327370 PLAYER
72 200768 77.034970 11.378690 PLAYER
72 202335 68.792190 17.111830 PLAYER
72 201942 55.612700 12.100530 PLAYER
72 202709 63.603920 34.036910 PLAYER
72 2200 25.109050 24.280080 PLAYER
72 201166 41.875120 45.395200 PLAYER
72 202734 77.119160 4.382630 PLAYER
72 202710 34.111210 9.302050 PLAYER
72 202703 67.349090 13.660160 PLAYER
84 -1 36.982490 9.910410 BALL
84 2449 56.977810 27.308640 PLAYER
84 200768 77.674410 11.129470 PLAYER
84 202335 69.488710 16.941930 PLAYER
84 201942 56.272380 12.145050 PLAYER
84 202709 64.326000 34.237730 PLAYER
84 2200 26.595390 24.393980 PLAYER
84 201166 42.943560 45.613050 PLAYER
84 202734 78.208760 4.257200 PLAYER
84 202710 35.185600 9.057020 PLAYER
84 202703 68.805880 13.662090 PLAYER
96 -1 37.895090 9.592300 BALL
96 2449 57.718930 27.218920 PLAYER
96 200768 78.336270 10.929930 PLAYER
96 202335 70.250830 16.956800 PLAYER
96 201942 56.912960 12.199710 PLAYER
96 202709 65.006490 34.434830 PLAYER
96 2200 28.014520 24.432090 PLAYER
96 201166 44.001810 45.822450 PLAYER
96 202734 79.277460 4.206190 PLAYER
96 202710 36.235050 8.856350 PLAYER
96 202703 70.195950 13.716880 PLAYER
108 -1 38.304830 9.941480 BALL
108 2449 58.432470 27.182420 PLAYER
108 200768 78.991910 10.755730 PLAYER
108 202335 71.138330 16.942910 PLAYER
108 201942 57.575620 12.236410 PLAYER
108 202709 65.662290 34.604420 PLAYER
108 2200 29.528440 24.578750 PLAYER
108 201166 45.082390 46.024560 PLAYER
108 202734 80.332710 4.191450 PLAYER
108 202710 37.320220 8.732940 PLAYER
108 202703 71.464140 13.831110 PLAYER
120 -1 39.368320 9.893520 BALL
120 2449 59.197610 27.301140 PLAYER
120 200768 79.616960 10.609660 PLAYER
120 202335 71.955940 17.018930 PLAYER
120 201942 58.248320 12.230210 PLAYER
120 202709 66.235340 34.784420 PLAYER
120 2200 30.989950 24.575140 PLAYER
120 201166 46.162990 46.200750 PLAYER
120 202734 81.351970 4.285370 PLAYER
120 202710 38.472950 8.688080 PLAYER
120 202703 72.492950 14.036840 PLAYER
132 -1 40.552510 9.517860 BALL
132 2449 59.882750 27.258040 PLAYER
132 200768 80.256530 10.455450 PLAYER
132 202335 72.720080 17.150750 PLAYER
132 201942 58.891200 12.215470 PLAYER
132 202709 66.807640 34.983280 PLAYER
132 2200 32.494420 24.707540 PLAYER
132 201166 47.238860 46.383730 PLAYER
132 202734 82.315670 4.212940 PLAYER
132 202710 39.590250 8.648530 PLAYER
132 202703 73.497050 14.054400 PLAYER
144 -1 41.764090 9.512390 BALL
144 2449 60.561590 27.188970 PLAYER
144 200768 80.917760 10.269630 PLAYER
144 202335 73.383670 17.230740 PLAYER
144 201942 59.516190 12.205980 PLAYER
144 202709 67.381440 35.150790 PLAYER
144 2200 33.994540 24.751520 PLAYER
144 201166 48.320510 46.576530 PLAYER
144 202734 83.232080 4.129690 PLAYER
144 202710 40.618990 8.568360 PLAYER
144 202703 74.239310 14.093920 PLAYER
156 -1 43.205070 9.423120 BALL
156 2449 61.203700 27.130520 PLAYER
156 200768 81.554650 10.074640 PLAYER
156 202335 74.049230 17.206370 PLAYER
156 201942 60.142480 12.214900 PLAYER
156 202709 68.001470 35.480750 PLAYER
156 2200 35.529130 24.940850 PLAYER
156 201166 49.385730 46.745690 PLAYER
156 202734 84.067070 3.938460 PLAYER
156 202710 41.660140 8.469360 PLAYER
156 202703 74.833070 13.990270 PLAYER
168 -1 44.319430 9.494900 BALL
168 2449 61.861600 26.967790 PLAYER
168 200768 82.162090 9.910800 PLAYER
168 202335 74.561050 17.187530 PLAYER
168 201942 60.741070 12.268040 PLAYER
168 202709 68.574090 35.723520 PLAYER
168 2200 37.008870 25.016100 PLAYER
168 201166 50.436860 46.881940 PLAYER
168 202734 84.852440 3.761720 PLAYER
168 202710 42.706340 8.457460 PLAYER
168 202703 75.209130 13.795700 PLAYER
180 -1 44.757290 9.731500 BALL
180 2449 62.399850 26.717640 PLAYER
180 200768 82.747080 9.770940 PLAYER
180 202335 75.083110 17.080620 PLAYER
180 201942 61.312350 12.346920 PLAYER
180 202709 69.184030 35.919050 PLAYER
180 2200 38.531420 25.121750 PLAYER
180 201166 51.501760 47.012090 PLAYER
180 202734 85.553160 3.455540 PLAYER
180 202710 43.701070 8.418050 PLAYER
180 202703 75.490280 13.431990 PLAYER
192 -1 45.448150 9.832110 BALL
192 2449 62.949630 26.629130 PLAYER
192 200768 83.297100 9.716660 PLAYER
192 202335 75.508950 16.969360 PLAYER
192 201942 61.876520 12.418750 PLAYER
192 202709 69.752930 36.159990 PLAYER
192 2200 40.089140 25.217730 PLAYER
192 201166 52.554140 47.140520 PLAYER
192 202734 86.261790 3.410830 PLAYER
192 202710 44.751250 8.490320 PLAYER
192 202703 75.604760 13.083320 PLAYER
204 -1 46.465140 9.902850 BALL
204 2449 63.505070 26.505550 PLAYER
204 200768 83.837680 9.731260 PLAYER
204 202335 75.861940 16.850070 PLAYER
204 201942 62.439110 12.457490 PLAYER
204 202709 70.315870 36.355720 PLAYER
204 2200 41.621090 25.361880 PLAYER
204 201166 53.596530 47.260010 PLAYER
204 202734 86.923130 3.377430 PLAYER
204 202710 45.789260 8.563230 PLAYER
204 202703 75.572930 12.697160 PLAYER
216 -1 47.698120 9.693190 BALL
216 2449 64.073360 26.493160 PLAYER
216 200768 84.373250 9.763000 PLAYER
216 202335 75.975860 16.816540 PLAYER
216 201942 63.020610 12.376470 PLAYER
216 202709 70.848050 36.400850 PLAYER
216 2200 43.178660 25.531530 PLAYER
216 201166 54.639280 47.374260 PLAYER
216 202734 87.518340 3.441170 PLAYER
216 202710 46.754120 8.623980 PLAYER
216 202703 75.397340 12.409470 PLAYER
228 -1 48.922990 9.703550 BALL
228 2449 64.589540 26.579450 PLAYER
228 200768 84.864920 9.798350 PLAYER
228 202335 76.000590 16.669930 PLAYER
228 201942 63.584450 12.258730 PLAYER
228 202709 71.358920 36.600260 PLAYER
228 2200 44.720890 25.652850 PLAYER
228 201166 55.668530 47.465480 PLAYER
228 202734 87.953020 3.552880 PLAYER
228 202710 47.667040 8.617060 PLAYER
228 202703 75.147330 12.125410 PLAYER
240 -1 49.810690 9.822530 BALL
240 2449 65.148270 26.595720 PLAYER
240 200768 85.285330 9.864840 PLAYER
240 202335 75.955300 16.414660 PLAYER
240 201942 64.055920 12.285420 PLAYER
240 202709 71.852070 36.787720 PLAYER
240 2200 46.204540 25.757730 PLAYER
240 201166 56.664470 47.548810 PLAYER
240 202734 88.322570 3.684330 PLAYER
240 202710 48.590880 8.649800 PLAYER
240 202703 74.849610 11.949280 PLAYER
252 -1 50.206280 9.911310 BALL
252 2449 65.699730 26.517220 PLAYER
252 200768 85.642130 9.905860 PLAYER
252 202335 75.818190 16.080530 PLAYER
252 201942 64.493750 12.323910 PLAYER
252 202709 72.316760 36.973720 PLAYER
252 2200 47.653550 25.842340 PLAYER
252 201166 57.680470 47.592440 PLAYER
252 202734 88.623940 3.880040 PLAYER
252 202710 49.452050 8.689150 PLAYER
252 202703 74.501630 11.809850 PLAYER
264 -1 50.433620 10.042660 BALL
264 2449 66.220620 26.474820 PLAYER
264 200768 85.914600 9.933920 PLAYER
264 202335 75.536240 15.738620 PLAYER
264 201942 64.866230 12.446950 PLAYER
264 202709 72.790980 37.068610 PLAYER
264 2200 49.131750 25.885130 PLAYER
264 201166 58.649210 47.661580 PLAYER
264 202734 88.872480 4.309030 PLAYER
264 202710 50.295130 8.779530 PLAYER
264 202703 74.202660 11.720260 PLAYER
276 -1 51.063290 10.018250 BALL
276 2449 66.634120 26.475230 PLAYER
276 200768 86.119180 10.019080 PLAYER
276 202335 75.208510 15.273170 PLAYER
276 201942 65.166710 12.680090 PLAYER
276 202709 73.300390 37.236020 PLAYER
276 2200 50.553800 25.901950 PLAYER
276 201166 59.564560 47.725340 PLAYER
276 202734 89.199180 4.941510 PLAYER
276 202710 51.169290 8.911700 PLAYER
276 202703 73.893710 11.674190 PLAYER
288 -1 52.288800 9.910150 BALL
288 2449 67.153580 26.322160 PLAYER
288 200768 86.298630 10.117970 PLAYER
288 202335 74.785640 14.854100 PLAYER
288 201942 65.366330 12.978560 PLAYER
288 202709 73.901470 37.143010 PLAYER
288 2200 51.940770 25.972080 PLAYER
288 201166 60.446150 47.826770 PLAYER
288 202734 89.524540 5.840600 PLAYER
288 202710 52.036120 9.069490 PLAYER
288 202703 73.510690 11.695620 PLAYER
300 -1 53.198950 9.884280 BALL
300 2449 67.675480 26.128920 PLAYER
300 200768 86.502700 10.278070 PLAYER
300 202335 74.345260 14.366900 PLAYER
300 201942 65.579310 13.100800 PLAYER
300 202709 74.513970 37.003540 PLAYER
300 2200 53.335630 26.074850 PLAYER
300 201166 61.273900 47.921410 PLAYER
300 202734 89.866470 6.967870 PLAYER
300 202710 52.841800 9.196190 PLAYER
300 202703 72.986720 11.728000 PLAYER
312 -1 54.874950 9.662140 BALL
312 2449 68.102880 26.131040 PLAYER
312 200768 86.735090 10.617760 PLAYER
312 202335 73.876740 13.844820 PLAYER
312 201942 65.728990 13.153470 PLAYER
312 202709 75.130530 36.847790 PLAYER
312 2200 54.634930 26.149180 PLAYER
312 201166 62.027600 47.977170 PLAYER
312 202734 90.184370 8.216850 PLAYER
312 202710 53.589170 9.211770 PLAYER
312 202703 72.443390 11.769280 PLAYER
324 -1 55.489530 9.870270 BALL
324 2449 68.527050 26.148960 PLAYER
324 200768 86.970220 11.116000 PLAYER
324 202335 73.437900 13.302220 PLAYER
324 201942 65.779340 13.173150 PLAYER
324 202709 75.750480 36.665000 PLAYER
324 2200 55.875560 26.163770 PLAYER
324 201166 62.753360 48.008260 PLAYER
324 202734 90.494720 9.570920 PLAYER
324 202710 54.312590 9.152440 PLAYER
324 202703 71.848530 11.826800 PLAYER
336 -1 56.061200 10.040110 BALL
336 2449 69.000070 26.124880 PLAYER
336 200768 87.198100 11.690360 PLAYER
336 202335 72.998660 12.787900 PLAYER
336 201942 65.697250 13.199600 PLAYER
336 202709 76.372800 36.263020 PLAYER
336 2200 57.057900 26.193590 PLAYER
336 201166 63.487150 48.034140 PLAYER
336 202734 90.750610 11.015330 PLAYER
336 202710 54.976310 9.077830 PLAYER
336 202703 71.236850 11.846330 PLAYER
348 -1 56.235230 9.990380 BALL
348 2449 69.330720 26.208470 PLAYER
348 200768 87.405810 12.346930 PLAYER
348 202335 72.646740 12.118250 PLAYER
348 201942 65.517350 13.218870 PLAYER
348 202709 76.950370 35.976550 PLAYER
348 2200 58.261690 26.067780 PLAYER
348 201166 64.176260 48.048440 PLAYER
348 202734 90.996210 12.417360 PLAYER
348 202710 55.589930 9.005800 PLAYER
348 202703 70.639140 11.899030 PLAYER
360 -1 57.101270 9.775010 BALL
360 2449 69.519080 26.437520 PLAYER
360 200768 87.583660 13.020850 PLAYER
360 202335 72.278060 11.479400 PLAYER
360 201942 65.192730 13.302220 PLAYER
360 202709 77.497180 35.677430 PLAYER
360 2200 59.358570 25.995350 PLAYER
360 201166 64.888330 48.030970 PLAYER
360 202734 91.197650 14.023160 PLAYER
360 202710 56.198300 8.968980 PLAYER
360 202703 70.164490 11.800370 PLAYER
372 -1 56.843470 9.797580 BALL
372 2449 69.760450 26.601570 PLAYER
372 200768 87.699150 13.619730 PLAYER
372 202335 71.915820 10.916760 PLAYER
372 201942 64.885790 13.337510 PLAYER
372 202709 78.004910 35.348470 PLAYER
372 2200 60.448060 26.023760 PLAYER
372 201166 65.579450 48.054990 PLAYER
372 202734 91.343060 15.692940 PLAYER
372 202710 56.806720 8.952750 PLAYER
372 202703 69.689020 11.754450 PLAYER
384 -1 58.285630 8.684910 BALL
384 2449 69.979300 26.803310 PLAYER
384 200768 87.780770 14.208860 PLAYER
384 202335 71.600140 10.336620 PLAYER
384 201942 64.622010 13.236830 PLAYER
384 202709 78.486760 35.014930 PLAYER
384 2200 61.466820 26.122810 PLAYER
384 201166 66.210550 48.100750 PLAYER
384 202734 91.424310 17.386930 PLAYER
384 202710 57.399110 8.895060 PLAYER
384 202703 69.115310 11.786480 PLAYER
396 -1 58.829130 9.158400 BALL
396 2449 70.221380 26.973790 PLAYER
396 200768 87.848960 14.833600 PLAYER
396 202335 71.312950 9.740590 PLAYER
396 201942 64.280330 13.139650 PLAYER
396 202709 78.942140 34.690700 PLAYER
396 2200 62.378250 26.234630 PLAYER
396 201166 66.767660 48.144300 PLAYER
396 202734 91.398440 19.076100 PLAYER
396 202710 57.951460 8.768890 PLAYER
396 202703 68.580170 11.885480 PLAYER
408 -1 59.351620 9.243490 BALL
408 2449 70.598180 26.999180 PLAYER
408 200768 87.887590 15.501640 PLAYER
408 202335 70.995500 9.240270 PLAYER
408 201942 63.983260 12.964170 PLAYER
408 202709 79.377030 34.349190 PLAYER
408 2200 63.130900 26.532290 PLAYER
408 201166 67.295600 48.151890 PLAYER
408 202734 91.370190 20.805900 PLAYER
408 202710 58.454740 8.526420 PLAYER
408 202703 68.043200 12.010440 PLAYER
420 -1 59.848390 8.532040 BALL
420 2449 71.031360 27.051430 PLAYER
420 200768 87.888690 16.208770 PLAYER
420 202335 70.726040 8.755740 PLAYER
420 201942 63.817410 12.619440 PLAYER
420 202709 79.813030 34.008920 PLAYER
420 2200 63.844750 26.767680 PLAYER
420 201166 67.778430 48.128980 PLAYER
420 202734 91.291160 22.401900 PLAYER
420 202710 58.934190 8.146580 PLAYER
420 202703 67.371000 12.265900 PLAYER
432 -1 60.232300 7.097910 BALL
432 2449 71.501520 27.122470 PLAYER
432 200768 87.859090 16.948730 PLAYER
432 202335 70.504520 8.264580 PLAYER
432 201942 63.590030 12.291670 PLAYER
432 202709 80.221060 33.715520 PLAYER
432 2200 64.476250 26.981890 PLAYER
432 201166 68.203100 48.116300 PLAYER
432 202734 91.213110 24.058450 PLAYER
432 202710 59.381200 7.626300 PLAYER
432 202703 66.762580 12.571430 PLAYER
444 -1 60.609880 5.726190 BALL
444 2449 71.998110 27.065450 PLAYER
444 200768 87.798190 17.637210 PLAYER
444 202335 70.300810 7.870450 PLAYER
444 201942 63.426210 11.919340 PLAYER
444 202709 80.506910 33.558590 PLAYER
444 2200 65.056520 27.210750 PLAYER
444 201166 68.627370 48.043620 PLAYER
444 202734 91.114000 25.669330 PLAYER
444 202710 59.777880 7.137110 PLAYER
444 202703 66.190800 13.030110 PLAYER
456 -1 60.849170 4.852820 BALL
456 2449 72.433120 27.011910 PLAYER
456 200768 87.695330 18.259740 PLAYER
456 202335 70.172660 7.516120 PLAYER
456 201942 63.443210 11.420640 PLAYER
456 202709 80.648640 33.582840 PLAYER
456 2200 65.704400 27.436780 PLAYER
456 201166 69.057170 47.947330 PLAYER
456 202734 90.908390 27.247630 PLAYER
456 202710 60.236140 6.501280 PLAYER
456 202703 65.501060 13.627020 PLAYER
468 -1 61.164580 4.142370 BALL
468 2449 72.564860 27.269070 PLAYER
468 200768 87.589780 18.831030 PLAYER
468 202335 70.103520 7.196770 PLAYER
468 201942 63.573470 10.806530 PLAYER
468 202709 80.716500 33.696850 PLAYER
468 2200 66.350970 27.690580 PLAYER
468 201166 69.448400 47.862730 PLAYER
468 202734 90.662030 28.772420 PLAYER
468 202710 60.757820 5.847470 PLAYER
468 202703 64.724910 14.406030 PLAYER
480 -1 61.816800 3.379570 BALL
480 2449 72.849360 27.309140 PLAYER
480 200768 87.477010 19.355240 PLAYER
480 202335 70.128900 6.726080 PLAYER
480 201942 63.700910 10.171070 PLAYER
480 202709 80.745450 33.819760 PLAYER
480 2200 66.996190 27.962550 PLAYER
480 201166 69.769540 47.849970 PLAYER
480 202734 90.463210 30.364230 PLAYER
480 202710 61.341150 5.270960 PLAYER
480 202703 63.957900 15.387220 PLAYER
492 -1 62.318200 3.059810 BALL
492 2449 73.279590 27.191340 PLAYER
492 200768 87.395750 19.846770 PLAYER
492 202335 70.156280 6.287730 PLAYER
492 201942 64.028660 9.459710 PLAYER
492 202709 80.764030 33.953860 PLAYER
492 2200 67.669310 28.265880 PLAYER
492 201166 70.114010 47.775850 PLAYER
492 202734 90.321240 31.888760 PLAYER
492 202710 62.071380 4.838260 PLAYER
492 202703 63.228740 16.473140 PLAYER
504 -1 63.604510 2.619390 BALL
504 2449 73.626150 27.174420 PLAYER
504 200768 87.322070 20.351550 PLAYER
504 202335 70.239690 5.660730 PLAYER
504 201942 64.464240 8.721940 PLAYER
504 202709 80.832630 34.042160 PLAYER
504 2200 68.338760 28.600020 PLAYER
504 201166 70.423390 47.688090 PLAYER
504 202734 90.124320 33.234940 PLAYER
504 202710 62.914360 4.511460 PLAYER
504 202703 62.663320 17.499610 PLAYER
516 -1 65.111750 2.691260 BALL
516 2449 74.030870 27.102200 PLAYER
516 200768 87.236960 20.881680 PLAYER
516 202335 70.271380 5.109800 PLAYER
516 201942 65.072270 7.971100 PLAYER
516 202709 81.065500 33.892850 PLAYER
516 2200 68.973640 28.961710 PLAYER
516 201166 70.665190 47.610950 PLAYER
516 202734 90.012090 34.477480 PLAYER
516 202710 63.859540 4.311260 PLAYER
516 202703 62.183940 18.608830 PLAYER
528 -1 66.336510 2.351790 BALL
528 2449 74.595330 26.975190 PLAYER
528 200768 87.125380 21.422830 PLAYER
528 202335 70.280180 4.784920 PLAYER
528 201942 65.715670 7.269570 PLAYER
528 202709 81.271250 33.755970 PLAYER
528 2200 69.596530 29.406370 PLAYER
528 201166 70.862620 47.524110 PLAYER
528 202734 89.913190 35.658400 PLAYER
528 202710 64.761380 4.019370 PLAYER
528 202703 61.836950 19.755180 PLAYER
540 -1 66.719330 1.669150 BALL
540 2449 75.057080 27.170360 PLAYER
540 200768 86.983250 21.958790 PLAYER
540 202335 70.243110 4.949660 PLAYER
540 201942 66.494540 6.597620 PLAYER
540 202709 81.393090 33.674930 PLAYER
540 2200 70.328170 29.936760 PLAYER
540 201166 71.008120 47.455950 PLAYER
540 202734 89.791940 36.611730 PLAYER
540 202710 65.578300 3.585840 PLAYER
540 202703 61.665700 20.911750 PLAYER
552 -1 66.642940 1.287680 BALL
552 2449 75.414780 27.540590 PLAYER
552 200768 86.809130 22.460580 PLAYER
552 202335 70.196850 5.451490 PLAYER
552 201942 67.193450 5.998320 PLAYER
552 202709 81.414280 33.588450 PLAYER
552 2200 71.111960 30.631860 PLAYER
552 201166 71.086360 47.440550 PLAYER
552 202734 89.683160 37.217650 PLAYER
552 202710 66.325860 3.185940 PLAYER
552 202703 61.546260 22.009710 PLAYER
564 -1 67.049280 1.176390 BALL
564 2449 75.893910 27.962890 PLAYER
564 200768 86.620590 22.937410 PLAYER
564 202335 70.062580 6.418620 PLAYER
564 201942 67.793890 5.530040 PLAYER
564 202709 81.307740 33.490990 PLAYER
564 2200 71.968600 31.193840 PLAYER
564 201166 71.157550 47.448340 PLAYER
564 202734 89.682340 37.682420 PLAYER
564 202710 67.126620 2.823440 PLAYER
564 202703 61.203470 23.416360 PLAYER
576 -1 68.379190 1.170820 BALL
576 2449 76.379050 28.467500 PLAYER
576 200768 86.440430 23.399500 PLAYER
576 202335 69.939920 7.654850 PLAYER
576 201942 68.318920 5.151570 PLAYER
576 202709 80.958350 33.557100 PLAYER
576 2200 72.801840 31.636730 PLAYER
576 201166 71.261850 47.455170 PLAYER
576 202734 89.764240 37.898000 PLAYER
576 202710 67.698070 2.554380 PLAYER
576 202703 60.887970 24.762060 PLAYER
588 -1 69.502450 0.975850 BALL
588 2449 76.917480 28.909730 PLAYER
588 200768 86.276820 23.859450 PLAYER
588 202335 69.796790 8.988750 PLAYER
588 201942 68.867240 4.779480 PLAYER
588 202709 80.514170 33.617170 PLAYER
588 2200 73.697910 31.768710 PLAYER
588 201166 71.377390 47.485010 PLAYER
588 202734 89.894310 37.855750 PLAYER
588 202710 68.489360 2.688540 PLAYER
588 202703 60.784480 25.942430 PLAYER
600 -1 69.969540 0.732960 BALL
600 2449 77.444910 29.154860 PLAYER
600 200768 86.135050 24.235470 PLAYER
600 202335 69.713130 10.259100 PLAYER
600 201942 69.530860 4.606530 PLAYER
600 202709 80.058950 33.555840 PLAYER
600 2200 74.419160 31.944280 PLAYER
600 201166 71.529540 47.483380 PLAYER
600 202734 90.049450 37.761790 PLAYER
600 202710 69.605340 2.894990 PLAYER
600 202703 60.675630 27.103300 PLAYER
612 -1 71.431200 1.258880 BALL
612 2449 77.997470 29.273870 PLAYER
612 200768 86.040660 24.457040 PLAYER
612 202335 69.559770 11.630540 PLAYER
612 201942 70.395810 4.560870 PLAYER
612 202709 79.548720 33.653560 PLAYER
612 2200 75.218040 31.776250 PLAYER
612 201166 71.672270 47.483530 PLAYER
612 202734 90.153650 37.757710 PLAYER
612 202710 70.701310 3.113050 PLAYER
612 202703 60.495860 28.389740 PLAYER
624 -1 73.433570 1.795550 BALL
624 2449 78.607300 29.385720 PLAYER
624 200768 86.014960 24.511780 PLAYER
624 202335 69.518530 12.939120 PLAYER
624 201942 71.559370 4.635780 PLAYER
624 202709 79.219680 33.576060 PLAYER
624 2200 76.023660 31.657490 PLAYER
624 201166 71.790550 47.488170 PLAYER
624 202734 90.237030 37.864780 PLAYER
624 202710 71.809070 3.255780 PLAYER
624 202703 60.547970 29.362920 PLAYER
636 -1 75.356690 1.881950 BALL
636 2449 79.206510 29.478120 PLAYER
636 200768 86.069620 24.379190 PLAYER
636 202335 69.539880 14.179630 PLAYER
636 201942 72.844540 4.934020 PLAYER
636 202709 79.056150 33.444410 PLAYER
636 2200 76.837910 31.541100 PLAYER
636 201166 71.858360 47.507050 PLAYER
636 202734 90.276710 38.185720 PLAYER
636 202710 73.411220 3.574390 PLAYER
636 202703 60.765920 30.126900 PLAYER
648 -1 76.554520 2.168690 BALL
648 2449 79.845810 29.467850 PLAYER
648 200768 86.162870 24.061660 PLAYER
648 202335 69.627770 15.482410 PLAYER
648 201942 74.181290 5.354630 PLAYER
648 202709 79.074380 33.519480 PLAYER
648 2200 77.443470 31.964720 PLAYER
648 201166 71.896510 47.517770 PLAYER
648 202734 90.356430 38.672520 PLAYER
648 202710 75.020030 3.956030 PLAYER
648 202703 60.798160 31.042530 PLAYER
660 -1 77.913430 3.262490 BALL
660 2449 80.604460 29.330620 PLAYER
660 200768 86.338690 23.602480 PLAYER
660 202335 69.516330 16.992870 PLAYER
660 201942 75.540490 5.850590 PLAYER
660 202709 79.259400 33.705250 PLAYER
660 2200 78.033440 32.322990 PLAYER
660 201166 71.894660 47.522160 PLAYER
660 202734 90.368160 39.278590 PLAYER
660 202710 76.454600 4.759740 PLAYER
660 202703 60.845470 31.958950 PLAYER
672 -1 79.342310 5.289660 BALL
672 2449 81.384350 29.130470 PLAYER
672 200768 86.567300 23.074650 PLAYER
672 202335 69.591600 18.325630 PLAYER
672 201942 76.845590 6.480930 PLAYER
672 202709 79.695990 33.654460 PLAYER
672 2200 78.437130 32.870880 PLAYER
672 201166 71.871480 47.499140 PLAYER
672 202734 90.356420 39.937020 PLAYER
672 202710 78.022150 5.694570 PLAYER
672 202703 60.901080 32.396940 PLAYER
684 -1 80.298260 7.327880 BALL
684 2449 82.138670 28.740160 PLAYER
684 200768 86.747680 22.529420 PLAYER
684 202335 69.676230 19.679450 PLAYER
684 201942 78.106230 7.188490 PLAYER
684 202709 80.138010 33.814900 PLAYER
684 2200 78.656900 33.515660 PLAYER
684 201166 71.831520 47.447200 PLAYER
684 202734 90.326330 40.704080 PLAYER
684 202710 79.584610 6.894480 PLAYER
684 202703 60.990190 32.744730 PLAYER
696 -1 80.731850 8.982900 BALL
696 2449 82.869400 28.214950 PLAYER
696 200768 86.831800 22.006520 PLAYER
696 202335 69.771850 21.032060 PLAYER
696 201942 79.413530 7.921140 PLAYER
696 202709 80.593930 34.015590 PLAYER
696 2200 78.777360 34.299950 PLAYER
696 201166 71.753280 47.367150 PLAYER
696 202734 90.253290 41.471430 PLAYER
696 202710 80.586680 8.375240 PLAYER
696 202703 60.977150 33.234140 PLAYER
708 -1 81.088530 10.585520 BALL
708 2449 83.413260 27.747010 PLAYER
708 200768 86.856330 21.510680 PLAYER
708 202335 69.899730 22.258120 PLAYER
708 201942 80.862060 8.864880 PLAYER
708 202709 81.046440 33.982320 PLAYER
708 2200 78.977900 34.836250 PLAYER
708 201166 71.633900 47.247490 PLAYER
708 202734 90.088780 42.338930 PLAYER
708 202710 81.302060 10.013100 PLAYER
708 202703 60.994030 33.414130 PLAYER
720 -1 81.369350 12.173630 BALL
720 2449 83.825470 27.262040 PLAYER
720 200768 86.742330 21.156170 PLAYER
720 202335 70.157290 23.293830 PLAYER
720 201942 82.357350 9.953070 PLAYER
720 202709 81.543140 33.859540 PLAYER
720 2200 79.223830 35.074150 PLAYER
720 201166 71.457180 47.100590 PLAYER
720 202734 90.031560 43.178010 PLAYER
720 202710 81.860040 11.748240 PLAYER
720 202703 61.049380 33.216160 PLAYER
732 -1 81.575410 13.785130 BALL
732 2449 84.143650 26.710320 PLAYER
732 200768 86.440920 20.884000 PLAYER
732 202335 70.344180 24.251820 PLAYER
732 201942 83.864960 11.034460 PLAYER
732 202709 82.052140 33.778620 PLAYER
732 2200 79.254370 34.992000 PLAYER
732 201166 71.224480 46.938370 PLAYER
732 202734 90.063030 43.980220 PLAYER
732 202710 82.143270 13.612660 PLAYER
732 202703 61.104030 33.205680 PLAYER
744 -1 81.707770 15.457910 BALL
744 2449 84.310730 26.228580 PLAYER
744 200768 86.010250 20.702260 PLAYER
744 202335 70.500480 25.077280 PLAYER
744 201942 85.254830 11.972880 PLAYER
744 202709 82.595620 33.850480 PLAYER
744 2200 79.270850 34.747500 PLAYER
744 201166 70.968950 46.764200 PLAYER
744 202734 90.076350 44.671970 PLAYER
744 202710 82.180580 15.499370 PLAYER
744 202703 61.053360 33.111600 PLAYER
756 -1 81.767510 17.229860 BALL
756 2449 84.468700 25.732410 PLAYER
756 200768 85.546060 20.605720 PLAYER
756 202335 70.659600 25.768180 PLAYER
756 201942 86.544890 12.819420 PLAYER
756 202709 83.107010 33.969580 PLAYER
756 2200 79.409200 34.412670 PLAYER
756 201166 70.715390 46.581090 PLAYER
756 202734 90.157580 45.282410 PLAYER
756 202710 82.354580 17.065030 PLAYER
756 202703 61.081360 32.786080 PLAYER
768 -1 81.515920 18.807150 BALL
768 2449 84.708750 25.267970 PLAYER
768 200768 85.052630 20.697260 PLAYER
768 202335 70.793790 26.401110 PLAYER
768 201942 87.717130 13.520920 PLAYER
768 202709 83.610470 34.137710 PLAYER
768 2200 79.380220 33.821220 PLAYER
768 201166 70.482770 46.376050 PLAYER
768 202734 90.100990 45.893910 PLAYER
768 202710 82.497450 18.317440 PLAYER
768 202703 61.152260 32.451680 PLAYER
780 -1 81.638600 18.811530 BALL
780 2449 84.944130 24.964720 PLAYER
780 200768 84.615100 20.842020 PLAYER
780 202335 70.912240 26.952900 PLAYER
780 201942 88.826580 14.034750 PLAYER
780 202709 84.040450 34.382870 PLAYER
780 2200 79.249450 33.319200 PLAYER
780 201166 70.301040 46.145240 PLAYER
780 202734 89.961700 46.384330 PLAYER
780 202710 82.606980 19.516370 PLAYER
780 202703 61.192740 32.256060 PLAYER
792 -1 81.958570 19.293070 BALL
792 2449 85.167410 24.916380 PLAYER
792 200768 84.263160 21.130340 PLAYER
792 202335 71.041850 27.330430 PLAYER
792 201942 89.848570 14.503210 PLAYER
792 202709 84.380990 34.697560 PLAYER
792 2200 79.233520 32.997570 PLAYER
792 201166 70.143340 45.906440 PLAYER
792 202734 89.689550 46.779930 PLAYER
792 202710 82.692930 20.669100 PLAYER
792 202703 61.280050 31.978790 PLAYER
804 -1 81.925550 19.672260 BALL
804 2449 85.429550 25.018180 PLAYER
804 200768 84.092390 21.507370 PLAYER
804 202335 71.149580 27.597370 PLAYER
804 201942 90.713580 15.200190 PLAYER
804 202709 84.520070 34.954870 PLAYER
804 2200 79.222970 32.717110 PLAYER
804 201166 69.978940 45.653290 PLAYER
804 202734 89.285990 47.148110 PLAYER
804 202710 82.840040 21.554110 PLAYER
804 202703 61.457610 31.581110 PLAYER
816 -1 81.382110 21.112720 BALL
816 2449 85.690810 25.379000 PLAYER
816 200768 83.992920 21.934390 PLAYER
816 202335 71.175660 27.911040 PLAYER
816 201942 91.391080 15.914650 PLAYER
816 202709 84.421550 35.367770 PLAYER
816 2200 79.088360 32.393390 PLAYER
816 201166 69.803200 45.386020 PLAYER
816 202734 88.796010 47.465030 PLAYER
816 202710 82.926300 22.432470 PLAYER
816 202703 61.592120 31.159670 PLAYER
828 -1 80.502110 24.374170 BALL
828 2449 85.935460 25.848150 PLAYER
828 200768 84.024250 22.359080 PLAYER
828 202335 71.173000 28.179560 PLAYER
828 201942 91.958700 16.589430 PLAYER
828 202709 84.073550 35.854510 PLAYER
828 2200 78.962740 32.219300 PLAYER
828 201166 69.610890 45.144590 PLAYER
828 202734 88.454290 47.577970 PLAYER
828 202710 82.990930 23.120300 PLAYER
828 202703 61.734790 30.640760 PLAYER
840 -1 79.451070 27.897960 BALL
840 2449 86.137630 26.412310 PLAYER
840 200768 84.149480 22.752690 PLAYER
840 202335 71.161020 28.366430 PLAYER
840 201942 92.203220 17.334920 PLAYER
840 202709 83.515830 36.321200 PLAYER
840 2200 78.916690 31.964080 PLAYER
840 201166 69.410260 44.951220 PLAYER
840 202734 88.131940 47.676050 PLAYER
840 202710 83.080740 23.649680 PLAYER
840 202703 61.899910 29.946770 PLAYER
852 -1 78.655570 30.607840 BALL
852 2449 86.293740 26.997250 PLAYER
852 200768 84.402210 23.112500 PLAYER
852 202335 71.114480 28.572430 PLAYER
852 201942 92.226250 18.106500 PLAYER
852 202709 82.672520 36.783970 PLAYER
852 2200 78.822370 31.748030 PLAYER
852 201166 69.259190 44.773450 PLAYER
852 202734 87.851130 47.746780 PLAYER
852 202710 83.273370 24.150490 PLAYER
852 202703 62.030070 29.275760 PLAYER
864 -1 78.050850 32.308600 BALL
864 2449 86.399030 27.543840 PLAYER
864 200768 84.674140 23.515320 PLAYER
864 202335 71.054730 28.784390 PLAYER
864 201942 92.110330 18.754650 PLAYER
864 202709 81.693170 37.223640 PLAYER
864 2200 78.624490 31.600210 PLAYER
864 201166 69.164690 44.645360 PLAYER
864 202734 87.772670 47.761250 PLAYER
864 202710 83.435010 24.620550 PLAYER
864 202703 62.167600 28.368570 PLAYER
876 -1 77.813680 31.618770 BALL
876 2449 86.442750 28.058120 PLAYER
876 200768 85.005200 23.921300 PLAYER
876 202335 71.069920 28.764910 PLAYER
876 201942 91.923660 19.549870 PLAYER
876 202709 80.754560 37.533860 PLAYER
876 2200 78.405630 31.493260 PLAYER
876 201166 69.134560 44.566990 PLAYER
876 202734 87.779190 47.725690 PLAYER
876 202710 83.591240 24.976340 PLAYER
876 202703 62.202660 27.578500 PLAYER
888 -1 77.606710 31.778830 BALL
888 2449 86.413440 28.472610 PLAYER
888 200768 85.341770 24.246370 PLAYER
888 202335 71.177480 28.536800 PLAYER
888 201942 91.521190 20.271910 PLAYER
888 202709 79.938750 37.719500 PLAYER
888 2200 78.288180 31.388450 PLAYER
888 201166 69.142370 44.512640 PLAYER
888 202734 87.769790 47.667900 PLAYER
888 202710 83.806170 25.444060 PLAYER
888 202703 62.142230 26.883380 PLAYER
900 -1 77.426480 32.208670 BALL
900 2449 86.333680 28.744110 PLAYER
900 200768 85.684440 24.519040 PLAYER
900 202335 71.243610 28.249060 PLAYER
900 201942 91.070940 20.817630 PLAYER
900 202709 79.333740 37.809390 PLAYER
900 2200 78.106560 31.334470 PLAYER
900 201166 69.152450 44.458520 PLAYER
900 202734 87.694330 47.608190 PLAYER
900 202710 84.105250 25.817350 PLAYER
900 202703 62.011040 26.316410 PLAYER
912 -1 77.471620 31.989480 BALL
912 2449 86.211380 28.882570 PLAYER
912 200768 85.960140 24.732390 PLAYER
912 202335 71.380310 27.797840 PLAYER
912 201942 90.542730 21.320530 PLAYER
912 202709 79.032180 37.755800 PLAYER
912 2200 77.946360 31.345310 PLAYER
912 201166 69.118980 44.398170 PLAYER
912 202734 87.566210 47.568250 PLAYER
912 202710 84.391370 25.926500 PLAYER
912 202703 61.800080 25.774330 PLAYER
924 -1 78.782940 31.269000 BALL
924 2449 86.060180 28.993820 PLAYER
924 200768 86.185290 24.862820 PLAYER
924 202335 71.545950 27.128700 PLAYER
924 201942 90.008960 21.743940 PLAYER
924 202709 78.911690 37.609610 PLAYER
924 2200 77.834040 31.324110 PLAYER
924 201166 69.009810 44.316290 PLAYER
924 202734 87.326540 47.519970 PLAYER
924 202710 84.809340 25.994240 PLAYER
924 202703 61.524560 25.435360 PLAYER
936 -1 80.277490 30.459670 BALL
936 2449 85.903150 29.063930 PLAYER
936 200768 86.360610 24.902860 PLAYER
936 202335 71.696510 26.344650 PLAYER
936 201942 89.438330 21.848630 PLAYER
936 202709 79.033470 37.307850 PLAYER
936 2200 77.767040 31.347280 PLAYER
936 201166 68.815130 44.226270 PLAYER
936 202734 86.973770 47.492470 PLAYER
936 202710 85.249870 25.954250 PLAYER
936 202703 61.264020 24.967110 PLAYER
948 -1 81.873630 29.447920 BALL
948 2449 85.813810 29.087880 PLAYER
948 200768 86.452270 24.895840 PLAYER
948 202335 71.794260 25.502230 PLAYER
948 201942 88.906570 21.968090 PLAYER
948 202709 79.376760 36.872550 PLAYER
948 2200 77.596650 31.379350 PLAYER
948 201166 68.567330 44.124570 PLAYER
948 202734 86.554180 47.473750 PLAYER
948 202710 85.645380 25.741290 PLAYER
948 202703 60.993170 24.449640 PLAYER
960 -1 83.264010 28.768530 BALL
960 2449 85.752490 29.054160 PLAYER
960 200768 86.390040 24.903410 PLAYER
960 202335 71.928300 24.638790 PLAYER
960 201942 88.416940 22.067170 PLAYER
960 202709 79.804210 36.403050 PLAYER
960 2200 77.231850 31.622020 PLAYER
960 201166 68.302850 43.997290 PLAYER
960 202734 86.084810 47.413140 PLAYER
960 202710 85.634890 25.299000 PLAYER
960 202703 60.664810 24.110100 PLAYER
972 -1 84.750220 27.945080 BALL
972 2449 85.737750 28.996920 PLAYER
972 200768 86.229090 24.905380 PLAYER
972 202335 72.018970 23.895690 PLAYER
972 201942 88.020260 22.081590 PLAYER
972 202709 80.359540 35.931140 PLAYER
972 2200 76.789970 31.844440 PLAYER
972 201166 68.027920 43.858500 PLAYER
972 202734 85.536150 47.305890 PLAYER
972 202710 85.520220 24.899450 PLAYER
972 202703 60.375030 23.700320 PLAYER
984 -1 86.210710 27.095180 BALL
984 2449 85.756870 28.858110 PLAYER
984 200768 85.965560 24.826430 PLAYER
984 202335 71.860080 23.272370 PLAYER
984 201942 87.710100 22.036520 PLAYER
984 202709 81.126330 35.410660 PLAYER
984 2200 76.285780 32.105080 PLAYER
984 201166 67.767470 43.677640 PLAYER
984 202734 84.916470 47.187970 PLAYER
984 202710 85.274300 24.370140 PLAYER
984 202703 60.004450 23.452620 PLAYER
996 -1 87.691870 26.424370 BALL
996 2449 85.760480 28.619590 PLAYER
996 200768 85.606520 24.662370 PLAYER
996 202335 71.552190 22.743790 PLAYER
996 201942 87.471650 22.014140 PLAYER
996 202709 81.927650 34.854690 PLAYER
996 2200 75.638450 32.420700 PLAYER
996 201166 67.516010 43.450600 PLAYER
996 202734 84.244430 47.011060 PLAYER
996 202710 84.979770 24.001440 PLAYER
996 202703 59.663060 23.002980 PLAYER
1008 -1 89.012500 25.520570 BALL
1008 2449 85.701670 28.357920 PLAYER
1008 200768 85.212990 24.469500 PLAYER
1008 202335 71.056210 22.408740 PLAYER
1008 201942 87.332450 21.982690 PLAYER
1008 202709 82.663490 34.368290 PLAYER
1008 2200 75.015230 32.660020 PLAYER
1008 201166 67.249280 43.193590 PLAYER
1008 202734 83.540690 46.765530 PLAYER
1008 202710 84.642060 23.821700 PLAYER
1008 202703 59.306270 22.598730 PLAYER
1020 -1 88.856660 24.952790 BALL
1020 2449 85.629320 28.131250 PLAYER
1020 200768 84.762950 24.293460 PLAYER
1020 202335 70.586140 21.947650 PLAYER
1020 201942 87.259930 21.925670 PLAYER
1020 202709 83.434920 33.877610 PLAYER
1020 2200 74.480160 32.791530 PLAYER
1020 201166 66.943200 42.905580 PLAYER
1020 202734 82.947240 46.339180 PLAYER
1020 202710 84.389000 23.677930 PLAYER
1020 202703 58.966170 22.081750 PLAYER
1032 -1 86.662760 26.749980 BALL
1032 2449 85.567760 27.944280 PLAYER
1032 200768 84.317700 24.121690 PLAYER
1032 202335 69.963550 21.467760 PLAYER
1032 201942 87.270650 21.803850 PLAYER
1032 202709 84.166830 33.367920 PLAYER
1032 2200 73.884010 32.940590 PLAYER
1032 201166 66.597290 42.605470 PLAYER
1032 202734 82.311470 45.885230 PLAYER
1032 202710 83.959590 23.321480 PLAYER
1032 202703 58.599920 21.624790 PLAYER
1044 -1 84.747840 29.294940 BALL
1044 2449 85.538280 27.793040 PLAYER
1044 200768 83.970050 24.013150 PLAYER
1044 202335 69.395620 21.055340 PLAYER
1044 201942 87.326030 21.652900 PLAYER
1044 202709 84.824000 32.851780 PLAYER
1044 2200 73.180780 33.121060 PLAYER
1044 201166 66.196810 42.323370 PLAYER
1044 202734 81.642970 45.418580 PLAYER
1044 202710 83.370630 22.999120 PLAYER
1044 202703 58.243370 21.084090 PLAYER
1056 -1 85.449620 30.171380 BALL
1056 2449 85.632740 27.671450 PLAYER
1056 200768 83.663720 23.999340 PLAYER
1056 202335 68.888510 20.670080 PLAYER
1056 201942 87.426270 21.475660 PLAYER
1056 202709 85.461730 32.365790 PLAYER
1056 2200 72.343950 33.331240 PLAYER
1056 201166 65.768480 42.043550 PLAYER
1056 202734 80.992120 44.862340 PLAYER
1056 202710 82.641320 22.477210 PLAYER
1056 202703 57.824660 20.787570 PLAYER
1068 -1 85.926510 29.951540 BALL
1068 2449 85.862630 27.597340 PLAYER
1068 200768 83.358040 23.992790 PLAYER
1068 202335 68.448990 20.219570 PLAYER
1068 201942 87.535540 21.295650 PLAYER
1068 202709 86.085090 31.976130 PLAYER
1068 2200 71.443190 33.573260 PLAYER
1068 201166 65.313060 41.772440 PLAYER
1068 202734 80.286830 44.279040 PLAYER
1068 202710 81.763070 21.878260 PLAYER
1068 202703 57.383220 20.497280 PLAYER
1080 -1 86.638340 30.810160 BALL
1080 2449 86.189490 27.546920 PLAYER
1080 200768 83.129870 23.950300 PLAYER
1080 202335 67.905500 19.708400 PLAYER
1080 201942 87.622890 21.086350 PLAYER
1080 202709 86.617610 31.659380 PLAYER
1080 2200 70.361650 33.991660 PLAYER
1080 201166 64.815010 41.506910 PLAYER
1080 202734 79.446150 43.762060 PLAYER
1080 202710 80.890640 21.331070 PLAYER
1080 202703 56.884940 20.204820 PLAYER
1092 -1 86.149820 31.374680 BALL
1092 2449 86.577720 27.506470 PLAYER
1092 200768 82.864120 23.935980 PLAYER
1092 202335 67.367160 19.170730 PLAYER
1092 201942 87.628610 20.858640 PLAYER
1092 202709 87.095840 31.438670 PLAYER
1092 2200 69.204540 34.342610 PLAYER
1092 201166 64.330490 41.169560 PLAYER
1092 202734 78.618160 43.187990 PLAYER
1092 202710 80.030410 20.930930 PLAYER
1092 202703 56.325040 19.964030 PLAYER
1104 -1 86.685250 31.249730 BALL
1104 2449 87.056260 27.489160 PLAYER
1104 200768 82.479240 24.024480 PLAYER
1104 202335 66.857280 18.563530 PLAYER
1104 201942 87.560770 20.615360 PLAYER
1104 202709 87.480360 31.297980 PLAYER
1104 2200 68.010360 34.607730 PLAYER
1104 201166 63.823220 40.819640 PLAYER
1104 202734 77.806540 42.538280 PLAYER
1104 202710 79.096050 20.555370 PLAYER
1104 202703 55.731950 19.763410 PLAYER
1116 -1 87.252340 31.295120 BALL
1116 2449 87.604400 27.462130 PLAYER
1116 200768 82.063450 24.151020 PLAYER
1116 202335 66.246450 17.955510 PLAYER
1116 201942 87.398390 20.332380 PLAYER
1116 202709 87.745710 31.285410 PLAYER
1116 2200 66.776230 34.816950 PLAYER
1116 201166 63.287640 40.430090 PLAYER
1116 202734 76.956630 41.870760 PLAYER
1116 202710 78.087860 20.251400 PLAYER
1116 202703 55.115730 19.582180 PLAYER
1128 -1 89.726150 27.393270 BALL
1128 2449 88.260750 27.497270 PLAYER
1128 200768 81.658470 24.363410 PLAYER
1128 202335 65.534750 17.331810 PLAYER
1128 201942 87.169100 19.956660 PLAYER
1128 202709 87.974850 31.245220 PLAYER
1128 2200 65.450260 35.001000 PLAYER
1128 201166 62.798590 39.878200 PLAYER
1128 202734 76.221980 41.095850 PLAYER
1128 202710 77.003080 19.987710 PLAYER
1128 202703 54.478480 19.391560 PLAYER
1140 -1 90.491350 28.354720 BALL
1140 2449 89.015900 27.744640 PLAYER
1140 200768 81.244440 24.652970 PLAYER
1140 202335 64.763320 17.113920 PLAYER
1140 201942 86.875990 19.571200 PLAYER
1140 202709 88.145210 31.158600 PLAYER
1140 2200 64.153150 35.018530 PLAYER
1140 201166 62.290300 39.378890 PLAYER
1140 202734 75.572640 40.263630 PLAYER
1140 202710 75.875200 19.787460 PLAYER
1140 202703 53.820400 19.168370 PLAYER
1152 -1 91.068780 27.289510 BALL
1152 2449 89.727890 27.949710 PLAYER
1152 200768 80.831350 24.839750 PLAYER
1152 202335 63.972720 17.002830 PLAYER
1152 201942 86.522320 19.258160 PLAYER
1152 202709 88.239920 31.090040 PLAYER
1152 2200 62.831140 34.907700 PLAYER
1152 201166 61.712900 39.017090 PLAYER
1152 202734 74.991010 39.437350 PLAYER
1152 202710 74.764690 19.605210 PLAYER
1152 202703 53.136650 18.943740 PLAYER
1164 -1 92.389090 26.754600 BALL
1164 2449 90.329550 27.961630 PLAYER
1164 200768 80.414410 24.969840 PLAYER
1164 202335 63.180780 16.805440 PLAYER
1164 201942 86.155410 18.876530 PLAYER
1164 202709 88.302110 31.027830 PLAYER
1164 2200 61.535180 34.687290 PLAYER
1164 201166 61.176620 38.642320 PLAYER
1164 202734 74.491510 38.529370 PLAYER
1164 202710 73.550690 19.456490 PLAYER
1164 202703 52.419080 18.727000 PLAYER
1176 -1 93.106140 27.912600 BALL
1176 2449 90.906190 27.933010 PLAYER
1176 200768 79.975470 25.112380 PLAYER
1176 202335 62.389170 16.716850 PLAYER
1176 201942 85.746880 18.513070 PLAYER
1176 202709 88.348510 31.109270 PLAYER
1176 2200 60.343860 34.272610 PLAYER
1176 201166 60.687130 38.262040 PLAYER
1176 202734 73.922620 37.739980 PLAYER
1176 202710 72.345060 19.357400 PLAYER
1176 202703 51.662750 18.516670 PLAYER
1188 -1 93.604410 27.997880 BALL
1188 2449 91.393630 27.867480 PLAYER
1188 200768 79.442440 25.224790 PLAYER
1188 202335 61.647670 16.699560 PLAYER
1188 201942 85.276350 18.217830 PLAYER
1188 202709 88.314350 31.251440 PLAYER
1188 2200 59.104960 33.751600 PLAYER
1188 201166 60.169020 37.981530 PLAYER
1188 202734 73.333560 37.027070 PLAYER
1188 202710 71.211710 19.181810 PLAYER
1188 202703 50.862100 18.332370 PLAYER