0 -1 73.666110 5.250210 BALL
0 2207 87.935750 32.937020 PLAYER
0 201961 69.144770 46.702990 PLAYER
0 201572 59.024150 23.599670 PLAYER
0 202388 75.787730 5.504860 PLAYER
0 202711 60.353680 16.678550 PLAYER
0 2592 87.403530 28.826400 PLAYER
0 2590 71.157060 16.955510 PLAYER
0 2747 71.476250 39.224980 PLAYER
0 202697 78.749760 11.027960 PLAYER
0 202684 70.716650 23.656260 PLAYER
12 -1 73.752940 5.260690 BALL
12 2207 88.215470 32.941070 PLAYER
12 201961 70.177340 46.779020 PLAYER
12 201572 60.427140 23.349930 PLAYER
12 202388 76.062150 5.268640 PLAYER
12 202711 60.636350 17.721810 PLAYER
12 2592 87.646280 29.007540 PLAYER
12 2590 71.422630 17.311080 PLAYER
12 2747 72.328810 38.881030 PLAYER
12 202697 78.978210 10.779080 PLAYER
12 202684 71.772590 23.560810 PLAYER
24 -1 74.004320 5.336510 BALL
24 2207 88.483860 33.012710 PLAYER
24 201961 71.181960 46.827340 PLAYER
24 201572 61.865140 23.158520 PLAYER
24 202388 76.208560 5.111240 PLAYER
24 202711 60.784980 18.868490 PLAYER
24 2592 87.827950 29.157710 PLAYER
24 2590 71.581930 17.670820 PLAYER
24 2747 73.073370 38.543190 PLAYER
24 202697 79.251650 10.661750 PLAYER
24 202684 72.662100 23.394870 PLAYER
36 -1 74.278170 5.557190 BALL
36 2207 88.744590 33.115130 PLAYER
36 201961 72.127810 46.853480 PLAYER
36 201572 63.237930 22.954820 PLAYER
36 202388 76.264600 5.071920 PLAYER
36 202711 60.866930 20.093250 PLAYER
36 2592 87.963820 29.320360 PLAYER
36 2590 71.600150 18.077090 PLAYER
36 2747 73.717300 38.265700 PLAYER
36 202697 79.385830 10.568020 PLAYER
36 202684 73.454320 23.181410 PLAYER
48 -1 74.568890 5.772770 BALL
48 2207 89.004050 33.240690 PLAYER
48 201961 73.020170 46.920530 PLAYER
48 201572 64.452950 22.682350 PLAYER
48 202388 76.190960 5.017870 PLAYER
48 202711 60.934960 21.274590 PLAYER
48 2592 88.076990 29.358310 PLAYER
48 2590 71.577490 18.564910 PLAYER
48 2747 74.227160 37.897080 PLAYER
48 202697 79.444050 10.508390 PLAYER
48 202684 74.373510 23.007440 PLAYER
60 -1 74.497090 5.606550 BALL
60 2207 89.294880 33.469030 PLAYER
60 201961 73.853850 47.041710 PLAYER
60 201572 65.661180 22.421240 PLAYER
60 202388 76.064930 4.929500 PLAYER
60 202711 60.996800 22.465450 PLAYER
60 2592 88.157190 29.413670 PLAYER
60 2590 71.572400 19.075780 PLAYER
60 2747 74.667580 37.469530 PLAYER
60 202697 79.618840 10.537630 PLAYER
60 202684 75.215130 22.861350 PLAYER
72 -1 74.345970 5.017170 BALL
72 2207 89.513680 33.715620 PLAYER
72 201961 74.647300 47.160300 PLAYER
72 201572 66.822750 22.013730 PLAYER
72 202388 75.905290 4.882700 PLAYER
72 202711 61.070520 23.692820 PLAYER
72 2592 88.233050 29.558390 PLAYER
72 2590 71.478820 19.630040 PLAYER
72 2747 75.047450 37.038810 PLAYER
72 202697 79.668210 10.544320 PLAYER
72 202684 75.972730 22.445110 PLAYER
84 -1 74.205810 4.455360 BALL
84 2207 89.722730 34.031500 PLAYER
84 201961 75.402200 47.234390 PLAYER
84 201572 67.800130 21.510540 PLAYER
84 202388 75.801990 4.890300 PLAYER
84 202711 61.224950 24.927570 PLAYER
84 2592 88.345460 29.787330 PLAYER
84 2590 71.417510 20.382070 PLAYER
84 2747 75.430780 36.630770 PLAYER
84 202697 79.649950 10.522500 PLAYER
84 202684 76.687750 22.049090 PLAYER
96 -1 74.288350 4.622200 BALL
96 2207 89.888250 34.442770 PLAYER
96 201961 76.108190 47.343550 PLAYER
96 201572 68.628970 20.918720 PLAYER
96 202388 75.696130 4.936560 PLAYER
96 202711 61.388760 26.181160 PLAYER
96 2592 88.493240 30.004790 PLAYER
96 2590 71.463200 21.147650 PLAYER
96 2747 75.828710 36.202420 PLAYER
96 202697 79.376260 10.300050 PLAYER
96 202684 77.195940 21.579490 PLAYER
108 -1 74.105820 5.046800 BALL
108 2207 90.016020 34.919040 PLAYER
108 201961 76.780890 47.422920 PLAYER
108 201572 69.430120 20.323140 PLAYER
108 202388 75.744720 5.035040 PLAYER
108 202711 61.570900 27.415640 PLAYER
108 2592 88.648890 30.257200 PLAYER
108 2590 71.558940 21.955390 PLAYER
108 2747 76.239500 35.824090 PLAYER
108 202697 79.100610 10.039560 PLAYER
108 202684 77.500660 21.000620 PLAYER
120 -1 75.468660 5.417800 BALL
120 2207 90.097380 35.363060 PLAYER
120 201961 77.414510 47.466270 PLAYER
120 201572 70.131370 19.671860 PLAYER
120 202388 75.815840 5.183770 PLAYER
120 202711 61.717100 28.616090 PLAYER
120 2592 88.816920 30.481680 PLAYER
120 2590 71.679410 22.688540 PLAYER
120 2747 76.649960 35.545590 PLAYER
120 202697 78.826830 9.790980 PLAYER
120 202684 77.923110 20.383990 PLAYER
132 -1 75.005800 6.388870 BALL
132 2207 90.239540 35.838590 PLAYER
132 201961 78.009530 47.533940 PLAYER
132 201572 70.719050 18.992270 PLAYER
132 202388 75.837920 5.311080 PLAYER
132 202711 61.860900 29.724080 PLAYER
132 2592 88.990860 30.646160 PLAYER
132 2590 71.824930 23.543930 PLAYER
132 2747 77.065420 35.276670 PLAYER
132 202697 78.583500 9.611470 PLAYER
132 202684 78.310660 19.919420 PLAYER
144 -1 74.357810 6.060690 BALL
144 2207 90.372620 36.236230 PLAYER
144 201961 78.557520 47.637230 PLAYER
144 201572 71.359700 18.267140 PLAYER
144 202388 75.777900 5.452130 PLAYER
144 202711 61.986270 30.734600 PLAYER
144 2592 89.179360 30.750410 PLAYER
144 2590 72.243000 24.376110 PLAYER
144 2747 77.460550 35.010920 PLAYER
144 202697 78.389850 9.527870 PLAYER
144 202684 78.673660 19.411660 PLAYER
156 -1 73.839900 6.001460 BALL
156 2207 90.496130 36.528990 PLAYER
156 201961 79.083170 47.692720 PLAYER
156 201572 72.148530 17.641690 PLAYER
156 202388 75.654160 5.633670 PLAYER
156 202711 62.150920 31.651990 PLAYER
156 2592 89.380630 30.835290 PLAYER
156 2590 72.571470 25.110100 PLAYER
156 2747 77.841590 34.736070 PLAYER
156 202697 78.352830 9.653900 PLAYER
156 202684 79.219480 18.955650 PLAYER
168 -1 73.719820 6.063380 BALL
168 2207 90.576890 36.787340 PLAYER
168 201961 79.594840 47.755380 PLAYER
168 201572 72.702280 16.827950 PLAYER
168 202388 75.295320 5.981300 PLAYER
168 202711 62.382680 32.626640 PLAYER
168 2592 89.615900 30.998520 PLAYER
168 2590 72.779690 25.624430 PLAYER
168 2747 78.208140 34.483010 PLAYER
168 202697 78.336930 9.850610 PLAYER
168 202684 79.759320 18.590890 PLAYER
180 -1 73.310670 6.236540 BALL
180 2207 90.602350 37.008290 PLAYER
180 201961 80.070840 47.845740 PLAYER
180 201572 73.256200 16.093730 PLAYER
180 202388 74.817690 6.521520 PLAYER
180 202711 62.675400 33.595260 PLAYER
180 2592 89.858200 31.212860 PLAYER
180 2590 73.028330 26.217670 PLAYER
180 2747 78.547900 34.243930 PLAYER
180 202697 78.254150 10.140630 PLAYER
180 202684 80.150140 18.276630 PLAYER
192 -1 72.843460 7.355340 BALL
192 2207 90.573410 37.145480 PLAYER
192 201961 80.532750 47.937100 PLAYER
192 201572 73.758680 15.445980 PLAYER
192 202388 74.354130 7.297420 PLAYER
192 202711 62.941410 34.502890 PLAYER
192 2592 90.080400 31.500180 PLAYER
192 2590 73.244860 26.504210 PLAYER
192 2747 78.864300 34.079310 PLAYER
192 202697 78.185610 10.633920 PLAYER
192 202684 80.543490 18.003420 PLAYER
204 -1 72.597380 8.876690 BALL
204 2207 90.470000 37.229740 PLAYER
204 201961 80.975820 48.015850 PLAYER
204 201572 74.032260 14.750730 PLAYER
204 202388 73.940700 8.240300 PLAYER
204 202711 63.230080 35.360780 PLAYER
204 2592 90.238180 31.825780 PLAYER
204 2590 73.248250 26.660750 PLAYER
204 2747 79.159660 33.950030 PLAYER
204 202697 78.122740 11.178410 PLAYER
204 202684 80.988690 17.826610 PLAYER
216 -1 72.076630 10.619270 BALL
216 2207 90.314390 37.273080 PLAYER
216 201961 81.381320 48.086460 PLAYER
216 201572 74.330240 14.110820 PLAYER
216 202388 73.575860 9.292080 PLAYER
216 202711 63.521030 36.160130 PLAYER
216 2592 90.321890 32.116940 PLAYER
216 2590 73.324850 26.819630 PLAYER
216 2747 79.454110 33.866300 PLAYER
216 202697 78.065330 11.796570 PLAYER
216 202684 81.300440 17.746860 PLAYER
228 -1 71.695080 11.522320 BALL
228 2207 90.150860 37.208100 PLAYER
228 201961 81.742540 48.143810 PLAYER
228 201572 74.825320 13.743020 PLAYER
228 202388 73.226630 10.292810 PLAYER
228 202711 63.825290 36.878580 PLAYER
228 2592 90.341900 32.311820 PLAYER
228 2590 73.503030 27.087310 PLAYER
228 2747 79.762460 33.818270 PLAYER
228 202697 78.010070 12.620790 PLAYER
228 202684 81.534630 17.776560 PLAYER
240 -1 71.428690 12.330730 BALL
240 2207 89.956090 37.057450 PLAYER
240 201961 82.076320 48.168130 PLAYER
240 201572 75.211410 13.461780 PLAYER
240 202388 72.983500 11.180360 PLAYER
240 202711 64.175640 37.522940 PLAYER
240 2592 90.321280 32.419470 PLAYER
240 2590 73.605610 27.250110 PLAYER
240 2747 80.077620 33.792460 PLAYER
240 202697 77.960380 13.544820 PLAYER
240 202684 81.754010 17.917900 PLAYER
252 -1 72.087650 13.311040 BALL
252 2207 89.736860 36.876370 PLAYER
252 201961 82.389830 48.168140 PLAYER
252 201572 75.630120 13.218450 PLAYER
252 202388 72.841600 11.906110 PLAYER
252 202711 64.608550 38.151850 PLAYER
252 2592 90.276640 32.419060 PLAYER
252 2590 73.684340 27.421140 PLAYER
252 2747 80.392630 33.790220 PLAYER
252 202697 77.798950 14.307520 PLAYER
252 202684 82.012540 18.159320 PLAYER
264 -1 73.116070 13.890690 BALL
264 2207 89.485650 36.636210 PLAYER
264 201961 82.691610 48.155340 PLAYER
264 201572 76.130280 13.100240 PLAYER
264 202388 72.640290 12.464270 PLAYER
264 202711 65.108110 38.793500 PLAYER
264 2592 90.220870 32.339940 PLAYER
264 2590 73.736870 27.515700 PLAYER
264 2747 80.684180 33.814980 PLAYER
264 202697 77.443510 14.901360 PLAYER
264 202684 82.116520 18.331870 PLAYER
276 -1 73.920350 13.961480 BALL
276 2207 89.216670 36.368530 PLAYER
276 201961 83.014720 48.154070 PLAYER
276 201572 76.457120 12.938800 PLAYER
276 202388 72.435470 12.844500 PLAYER
276 202711 65.665820 39.432210 PLAYER
276 2592 90.122840 32.233340 PLAYER
276 2590 73.798060 27.565540 PLAYER
276 2747 80.925550 33.890100 PLAYER
276 202697 76.887140 15.336980 PLAYER
276 202684 82.263260 18.467740 PLAYER
288 -1 73.520660 13.541310 BALL
288 2207 88.908920 36.049450 PLAYER
288 201961 83.330730 48.157600 PLAYER
288 201572 76.680540 12.677200 PLAYER
288 202388 72.312300 13.124560 PLAYER
288 202711 66.188360 39.961460 PLAYER
288 2592 89.987940 32.301960 PLAYER
288 2590 73.855550 27.613900 PLAYER
288 2747 81.086350 34.001480 PLAYER
288 202697 76.388060 15.651130 PLAYER
288 202684 82.399470 18.524540 PLAYER
300 -1 72.590270 13.011120 BALL
300 2207 88.580850 35.682580 PLAYER
300 201961 83.613750 48.160880 PLAYER
300 201572 76.834850 12.211470 PLAYER
300 202388 72.192310 13.290560 PLAYER
300 202711 66.675970 40.398910 PLAYER
300 2592 89.766460 32.449240 PLAYER
300 2590 73.924820 27.665610 PLAYER
300 2747 81.207890 34.112160 PLAYER
300 202697 75.743840 15.827360 PLAYER
300 202684 82.485630 18.461570 PLAYER
312 -1 72.312400 13.141750 BALL
312 2207 88.242380 35.356600 PLAYER
312 201961 83.847080 48.164890 PLAYER
312 201572 76.944780 11.716140 PLAYER
312 202388 72.050770 13.335100 PLAYER
312 202711 67.099450 40.725450 PLAYER
312 2592 89.443350 32.625700 PLAYER
312 2590 74.031370 27.707520 PLAYER
312 2747 81.333040 34.210490 PLAYER
312 202697 75.052060 15.925500 PLAYER
312 202684 82.513880 18.366590 PLAYER
324 -1 73.550470 12.518370 BALL
324 2207 87.916320 35.062110 PLAYER
324 201961 84.007130 48.170960 PLAYER
324 201572 77.000190 11.189410 PLAYER
324 202388 71.959480 13.348970 PLAYER
324 202711 67.411830 40.896840 PLAYER
324 2592 88.977550 32.720310 PLAYER
324 2590 74.173530 27.711570 PLAYER
324 2747 81.495730 34.305600 PLAYER
324 202697 74.421400 16.052690 PLAYER
324 202684 82.556820 18.304870 PLAYER
336 -1 74.745020 11.647950 BALL
336 2207 87.576040 34.760270 PLAYER
336 201961 84.081840 48.167230 PLAYER
336 201572 76.987200 10.615530 PLAYER
336 202388 71.937860 13.424060 PLAYER
336 202711 67.641480 40.927430 PLAYER
336 2592 88.545860 32.825490 PLAYER
336 2590 74.342620 27.673360 PLAYER
336 2747 81.710060 34.364640 PLAYER
336 202697 73.817550 16.145160 PLAYER
336 202684 82.548350 18.230830 PLAYER
348 -1 75.986570 10.862050 BALL
348 2207 87.248060 34.523160 PLAYER
348 201961 84.082590 48.142780 PLAYER
348 201572 77.013370 10.104520 PLAYER
348 202388 71.832200 13.466010 PLAYER
348 202711 67.775910 40.870450 PLAYER
348 2592 88.032920 32.735730 PLAYER
348 2590 74.540500 27.576300 PLAYER
348 2747 81.981760 34.375190 PLAYER
348 202697 73.104020 16.069670 PLAYER
348 202684 82.519780 18.035740 PLAYER
360 -1 75.941500 10.936940 BALL
360 2207 86.904490 34.366000 PLAYER
360 201961 84.044580 48.112880 PLAYER
360 201572 77.100270 9.714180 PLAYER
360 202388 71.654910 13.571380 PLAYER
360 202711 67.765350 40.741730 PLAYER
360 2592 87.494850 32.596940 PLAYER
360 2590 74.736570 27.437020 PLAYER
360 2747 82.279250 34.352080 PLAYER
360 202697 72.553710 15.942940 PLAYER
360 202684 82.539800 17.639050 PLAYER
372 -1 76.117560 10.309670 BALL
372 2207 86.558160 34.196020 PLAYER
372 201961 83.942330 48.075150 PLAYER
372 201572 77.286930 9.450710 PLAYER
372 202388 71.350690 13.758100 PLAYER
372 202711 67.740840 40.587310 PLAYER
372 2592 87.019940 32.447780 PLAYER
372 2590 74.924810 27.290520 PLAYER
372 2747 82.535890 34.323050 PLAYER
372 202697 72.154210 15.819180 PLAYER
372 202684 82.394400 17.021790 PLAYER
384 -1 76.001950 9.379860 BALL
384 2207 86.273720 34.075150 PLAYER
384 201961 83.807580 48.038590 PLAYER
384 201572 77.428270 9.212250 PLAYER
384 202388 70.980010 13.943790 PLAYER
384 202711 67.698050 40.446750 PLAYER
384 2592 86.685840 32.381410 PLAYER
384 2590 75.095900 27.180790 PLAYER
384 2747 82.718560 34.303370 PLAYER
384 202697 71.887700 15.735680 PLAYER
384 202684 82.200950 16.388170 PLAYER
396 -1 75.609160 8.612940 BALL
396 2207 86.067030 34.007300 PLAYER
396 201961 83.646020 48.005050 PLAYER
396 201572 77.554130 9.092820 PLAYER
396 202388 70.553340 14.061420 PLAYER
396 202711 67.620390 40.336300 PLAYER
396 2592 86.358210 32.302830 PLAYER
396 2590 75.263830 27.098680 PLAYER
396 2747 82.817840 34.285400 PLAYER
396 202697 71.780760 15.692200 PLAYER
396 202684 81.976170 15.644150 PLAYER
408 -1 75.457320 7.728430 BALL
408 2207 85.923460 33.951210 PLAYER
408 201961 83.488690 47.980240 PLAYER
408 201572 77.576330 9.009810 PLAYER
408 202388 70.238910 13.886860 PLAYER
408 202711 67.551480 40.252220 PLAYER
408 2592 86.121630 32.204030 PLAYER
408 2590 75.401580 27.057920 PLAYER
408 2747 82.790880 34.333350 PLAYER
408 202697 71.761870 15.740370 PLAYER
408 202684 81.665720 14.864120 PLAYER
420 -1 75.341040 7.443100 BALL
420 2207 85.876270 33.901990 PLAYER
420 201961 83.334500 47.950740 PLAYER
420 201572 77.551680 8.977380 PLAYER
420 202388 70.063480 13.526130 PLAYER
420 202711 67.504930 40.189500 PLAYER
420 2592 86.001500 32.066500 PLAYER
420 2590 75.463640 27.072430 PLAYER
420 2747 82.658050 34.419650 PLAYER
420 202697 71.759390 15.671740 PLAYER
420 202684 81.217720 14.200390 PLAYER
432 -1 75.180560 7.131580 BALL
432 2207 85.906220 33.880230 PLAYER
432 201961 83.226450 47.919220 PLAYER
432 201572 77.509490 9.072720 PLAYER
432 202388 70.126720 12.908790 PLAYER
432 202711 67.385580 40.106960 PLAYER
432 2592 85.939140 31.916320 PLAYER
432 2590 75.410730 27.120440 PLAYER
432 2747 82.502200 34.533960 PLAYER
432 202697 71.824270 15.496030 PLAYER
432 202684 80.738900 13.643100 PLAYER
444 -1 75.239590 6.919540 BALL
444 2207 85.996820 33.834080 PLAYER
444 201961 83.166230 47.880750 PLAYER
444 201572 77.594400 9.339020 PLAYER
444 202388 70.501020 12.011960 PLAYER
444 202711 67.221220 39.997640 PLAYER
444 2592 85.931980 31.735750 PLAYER
444 2590 75.207540 27.239710 PLAYER
444 2747 82.362110 34.649910 PLAYER
444 202697 71.972620 15.096690 PLAYER
444 202684 80.305980 13.197720 PLAYER
456 -1 75.206500 6.532480 BALL
456 2207 86.130290 33.760510 PLAYER
456 201961 83.148280 47.835150 PLAYER
456 201572 77.675970 9.565490 PLAYER
456 202388 71.105420 10.906860 PLAYER
456 202711 67.005300 39.847840 PLAYER
456 2592 85.999500 31.523290 PLAYER
456 2590 74.696530 27.410040 PLAYER
456 2747 82.254730 34.768050 PLAYER
456 202697 72.239780 14.531330 PLAYER
456 202684 79.908270 12.911690 PLAYER
468 -1 75.627860 6.725910 BALL
468 2207 86.306480 33.717610 PLAYER
468 201961 83.166560 47.798600 PLAYER
468 201572 77.815560 9.793210 PLAYER
468 202388 71.825070 10.029660 PLAYER
468 202711 66.766820 39.669880 PLAYER
468 2592 86.147710 31.335050 PLAYER
468 2590 74.246490 27.591990 PLAYER
468 2747 82.247460 34.852630 PLAYER
468 202697 72.587720 13.814060 PLAYER
468 202684 79.667830 12.903050 PLAYER
480 -1 75.659720 6.658450 BALL
480 2207 86.474070 33.708030 PLAYER
480 201961 83.198550 47.762100 PLAYER
480 201572 77.923730 9.976480 PLAYER
480 202388 72.742260 9.148130 PLAYER
480 202711 66.586070 39.498790 PLAYER
480 2592 86.341410 31.177800 PLAYER
480 2590 73.742500 27.750850 PLAYER
480 2747 82.352360 34.920930 PLAYER
480 202697 73.080950 12.923620 PLAYER
480 202684 79.425180 12.975600 PLAYER
492 -1 75.846550 6.495970 BALL
492 2207 86.681220 33.708630 PLAYER
492 201961 83.236730 47.731860 PLAYER
492 201572 77.930320 10.008720 PLAYER
492 202388 73.706920 8.372290 PLAYER
492 202711 66.430180 39.343880 PLAYER
492 2592 86.562850 31.054080 PLAYER
492 2590 73.245920 27.882440 PLAYER
492 2747 82.523760 34.986610 PLAYER
492 202697 73.634510 11.884210 PLAYER
492 202684 79.270300 13.142750 PLAYER
504 -1 75.932670 6.411930 BALL
504 2207 86.781510 33.807370 PLAYER
504 201961 83.263960 47.714500 PLAYER
504 201572 77.823960 9.957220 PLAYER
504 202388 74.717260 7.733250 PLAYER
504 202711 66.293720 39.200790 PLAYER
504 2592 86.778630 30.969340 PLAYER
504 2590 72.839870 27.929520 PLAYER
504 2747 82.729140 35.054160 PLAYER
504 202697 74.248560 10.820460 PLAYER
504 202684 79.179380 13.293640 PLAYER
516 -1 76.759210 6.260570 BALL
516 2207 86.900930 33.985290 PLAYER
516 201961 83.285920 47.723780 PLAYER
516 201572 77.876210 9.881780 PLAYER
516 202388 75.878040 7.241120 PLAYER
516 202711 66.171270 39.055750 PLAYER
516 2592 86.989090 30.905180 PLAYER
516 2590 72.720620 27.901920 PLAYER
516 2747 82.939200 35.126960 PLAYER
516 202697 75.096330 9.820750 PLAYER
516 202684 79.217100 13.380580 PLAYER
528 -1 78.370030 5.471890 BALL
528 2207 86.989130 34.173350 PLAYER
528 201961 83.269480 47.744390 PLAYER
528 201572 77.912150 9.892810 PLAYER
528 202388 77.215500 6.846320 PLAYER
528 202711 66.045800 38.897470 PLAYER
528 2592 87.204510 30.784030 PLAYER
528 2590 72.581260 27.812030 PLAYER
528 2747 83.129200 35.204770 PLAYER
528 202697 76.055320 8.917670 PLAYER
528 202684 79.405530 13.467710 PLAYER
540 -1 80.581370 5.957670 BALL
540 2207 87.155010 34.352280 PLAYER
540 201961 83.231960 47.798200 PLAYER
540 201572 78.084910 9.956170 PLAYER
540 202388 78.632130 6.687650 PLAYER
540 202711 65.846830 38.710210 PLAYER
540 2592 87.399980 30.445840 PLAYER
540 2590 72.605790 27.652850 PLAYER
540 2747 83.265780 35.290970 PLAYER
540 202697 77.071690 8.328790 PLAYER
540 202684 79.952080 13.720540 PLAYER
552 -1 81.936820 6.480550 BALL
552 2207 87.268140 34.510290 PLAYER
552 201961 83.203500 47.874130 PLAYER
552 201572 78.178850 10.064620 PLAYER
552 202388 80.187340 6.707290 PLAYER
552 202711 65.634400 38.528360 PLAYER
552 2592 87.614880 30.064330 PLAYER
552 2590 72.744090 27.439680 PLAYER
552 2747 83.332100 35.332810 PLAYER
552 202697 78.225620 8.029130 PLAYER
552 202684 80.673250 14.048230 PLAYER
564 -1 83.344300 6.182240 BALL
564 2207 87.443150 34.575130 PLAYER
564 201961 83.196350 47.952350 PLAYER
564 201572 78.020540 10.030670 PLAYER
564 202388 81.781640 6.938300 PLAYER
564 202711 65.489510 38.396040 PLAYER
564 2592 87.855490 29.836910 PLAYER
564 2590 72.959050 27.170400 PLAYER
564 2747 83.373650 35.352990 PLAYER
564 202697 79.506150 8.043020 PLAYER
564 202684 81.624930 14.428720 PLAYER
576 -1 84.341850 6.492800 BALL
576 2207 87.561920 34.594910 PLAYER
576 201961 83.229610 48.012200 PLAYER
576 201572 77.673030 10.059200 PLAYER
576 202388 83.271280 7.383530 PLAYER
576 202711 65.397420 38.306840 PLAYER
576 2592 88.080900 29.493820 PLAYER
576 2590 73.202630 26.837460 PLAYER
576 2747 83.415930 35.347130 PLAYER
576 202697 80.736190 8.287130 PLAYER
576 202684 82.654850 14.964030 PLAYER
588 -1 85.620760 7.326200 BALL
588 2207 87.650780 34.560340 PLAYER
588 201961 83.357890 48.065420 PLAYER
588 201572 77.195950 10.026920 PLAYER
588 202388 84.640870 8.021800 PLAYER
588 202711 65.374870 38.300580 PLAYER
588 2592 88.298110 29.195750 PLAYER
588 2590 73.443760 26.425030 PLAYER
588 2747 83.549100 35.265770 PLAYER
588 202697 82.005310 8.680950 PLAYER
588 202684 83.679150 15.528010 PLAYER
600 -1 87.164210 8.565310 BALL
600 2207 87.496580 34.354520 PLAYER
600 201961 83.556700 48.088880 PLAYER
600 201572 76.519450 9.982710 PLAYER
600 202388 85.877840 8.834390 PLAYER
600 202711 65.466130 38.384130 PLAYER
600 2592 88.528980 29.101480 PLAYER
600 2590 73.661820 25.965740 PLAYER
600 2747 83.783720 35.113640 PLAYER
600 202697 83.310260 9.272170 PLAYER
600 202684 84.495850 16.016590 PLAYER
612 -1 88.349990 10.316560 BALL
612 2207 87.261210 34.128410 PLAYER
612 201961 83.770390 48.098910 PLAYER
612 201572 75.804680 9.899420 PLAYER
612 202388 86.989920 9.801900 PLAYER
612 202711 65.659760 38.535450 PLAYER
612 2592 88.772520 29.103660 PLAYER
612 2590 73.857560 25.469770 PLAYER
612 2747 84.104160 34.931150 PLAYER
612 202697 84.510160 10.037870 PLAYER
612 202684 85.159860 16.457810 PLAYER
624 -1 89.433910 10.272920 BALL
624 2207 86.981450 33.853610 PLAYER
624 201961 83.955290 48.106820 PLAYER
624 201572 75.291690 9.915710 PLAYER
624 202388 87.957720 10.943190 PLAYER
624 202711 65.843060 38.688380 PLAYER
624 2592 88.944980 28.899740 PLAYER
624 2590 74.016550 24.916890 PLAYER
624 2747 84.443630 34.821920 PLAYER
624 202697 85.594680 10.940610 PLAYER
624 202684 85.770890 16.966490 PLAYER
636 -1 90.621250 11.424500 BALL
636 2207 86.700930 33.609500 PLAYER
636 201961 84.067540 48.118950 PLAYER
636 201572 74.754060 9.921510 PLAYER
636 202388 88.883340 12.142630 PLAYER
636 202711 66.019060 38.850590 PLAYER
636 2592 89.002520 29.026860 PLAYER
636 2590 74.187660 24.351920 PLAYER
636 2747 84.761680 34.732310 PLAYER
636 202697 86.534500 11.941170 PLAYER
636 202684 86.317670 17.520540 PLAYER
648 -1 91.511910 12.844450 BALL
648 2207 86.412770 33.371750 PLAYER
648 201961 84.096190 48.113260 PLAYER
648 201572 74.319220 9.948670 PLAYER
648 202388 89.686360 13.395400 PLAYER
648 202711 66.226160 38.927450 PLAYER
648 2592 89.088500 29.253310 PLAYER
648 2590 74.328650 23.842420 PLAYER
648 2747 84.910220 34.725810 PLAYER
648 202697 87.357230 12.974600 PLAYER
648 202684 86.592860 17.982840 PLAYER
660 -1 91.691910 13.872700 BALL
660 2207 86.310100 33.228700 PLAYER
660 201961 84.092670 48.113150 PLAYER
660 201572 73.948420 10.008020 PLAYER
660 202388 90.406940 14.753460 PLAYER
660 202711 66.417200 38.905180 PLAYER
660 2592 89.081680 29.541530 PLAYER
660 2590 74.391860 23.401690 PLAYER
660 2747 84.883540 34.803890 PLAYER
660 202697 88.134200 14.055530 PLAYER
660 202684 86.978980 18.584240 PLAYER
672 -1 92.097530 15.389970 BALL
672 2207 86.215980 33.097070 PLAYER
672 201961 84.166330 48.088390 PLAYER
672 201572 73.675920 10.090480 PLAYER
672 202388 91.000250 16.176800 PLAYER
672 202711 66.531340 38.795670 PLAYER
672 2592 88.915500 29.856500 PLAYER
672 2590 74.450030 23.051730 PLAYER
672 2747 84.749740 34.955350 PLAYER
672 202697 88.834880 15.282970 PLAYER
672 202684 87.403710 19.190430 PLAYER
684 -1 92.663910 17.159800 BALL
684 2207 86.126920 33.000470 PLAYER
684 201961 84.478310 48.083120 PLAYER
684 201572 73.464280 10.213820 PLAYER
684 202388 91.370730 17.692650 PLAYER
684 202711 66.594560 38.607990 PLAYER
684 2592 88.606830 30.287200 PLAYER
684 2590 74.504170 22.839840 PLAYER
684 2747 84.570550 35.104240 PLAYER
684 202697 89.536210 16.482610 PLAYER
684 202684 87.708490 19.877450 PLAYER
696 -1 93.071970 19.550860 BALL
696 2207 86.068350 32.831760 PLAYER
696 201961 84.929040 48.110590 PLAYER
696 201572 73.311790 10.356630 PLAYER
696 202388 91.590490 19.463900 PLAYER
696 202711 66.620130 38.373850 PLAYER
696 2592 88.359230 30.446620 PLAYER
696 2590 74.479190 22.862870 PLAYER
696 2747 84.463950 35.381920 PLAYER
696 202697 90.263890 17.681310 PLAYER
696 202684 87.916690 20.586050 PLAYER
708 -1 92.777060 22.532110 BALL
708 2207 85.991390 32.660520 PLAYER
708 201961 85.558460 48.149190 PLAYER
708 201572 73.179850 10.485040 PLAYER
708 202388 91.754800 21.241140 PLAYER
708 202711 66.578160 38.218620 PLAYER
708 2592 87.890150 30.606390 PLAYER
708 2590 74.407010 23.032300 PLAYER
708 2747 84.550370 35.822480 PLAYER
708 202697 91.037660 18.955820 PLAYER
708 202684 88.193980 21.256430 PLAYER
720 -1 91.993400 24.738210 BALL
720 2207 85.784550 32.502840 PLAYER
720 201961 86.357710 48.154760 PLAYER
720 201572 73.087660 10.570850 PLAYER
720 202388 91.776520 22.972240 PLAYER
720 202711 66.547360 38.255090 PLAYER
720 2592 87.363430 30.763350 PLAYER
720 2590 74.360090 23.334650 PLAYER
720 2747 84.890180 36.459440 PLAYER
720 202697 91.705600 20.329880 PLAYER
720 202684 88.322570 21.738360 PLAYER
732 -1 92.427010 28.263760 BALL
732 2207 85.623950 32.278370 PLAYER
732 201961 87.247350 48.166940 PLAYER
732 201572 73.015750 10.625630 PLAYER
732 202388 91.689080 24.761620 PLAYER
732 202711 66.541910 38.347020 PLAYER
732 2592 86.710830 30.972840 PLAYER
732 2590 74.310790 23.786310 PLAYER
732 2747 85.396430 37.270410 PLAYER
732 202697 92.297860 21.658080 PLAYER
732 202684 88.404200 22.138930 PLAYER
744 -1 92.417090 33.369200 BALL
744 2207 85.380460 32.120640 PLAYER
744 201961 88.062790 48.178200 PLAYER
744 201572 72.987130 10.672160 PLAYER
744 202388 91.623450 26.589580 PLAYER
744 202711 66.595760 38.547970 PLAYER
744 2592 86.330370 31.063360 PLAYER
744 2590 74.271150 24.364080 PLAYER
744 2747 86.022890 38.229020 PLAYER
744 202697 92.756660 23.123420 PLAYER
744 202684 88.289750 22.229440 PLAYER
756 -1 92.228350 38.307440 BALL
756 2207 85.049020 31.897400 PLAYER
756 201961 88.906580 48.172850 PLAYER
756 201572 72.997850 10.698080 PLAYER
756 202388 91.433510 28.265200 PLAYER
756 202711 66.697360 38.833400 PLAYER
756 2592 85.880500 31.331290 PLAYER
756 2590 74.212910 24.889940 PLAYER
756 2747 86.784920 39.256650 PLAYER
756 202697 93.062270 24.666850 PLAYER
756 202684 88.122300 22.125930 PLAYER
768 -1 92.078560 43.133480 BALL
768 2207 84.677600 31.662400 PLAYER
768 201961 89.760620 48.195890 PLAYER
768 201572 73.030060 10.708870 PLAYER
768 202388 91.052560 29.963670 PLAYER
768 202711 66.838760 39.157000 PLAYER
768 2592 85.568500 31.533070 PLAYER
768 2590 74.196160 25.385110 PLAYER
768 2747 87.585140 40.266450 PLAYER
768 202697 93.184950 26.240990 PLAYER
768 202684 87.913240 21.948630 PLAYER
780 -1 92.004060 47.365260 BALL
780 2207 84.314140 31.425900 PLAYER
780 201961 90.415820 48.243120 PLAYER
780 201572 73.094850 10.706210 PLAYER
780 202388 90.583390 31.667590 PLAYER
780 202711 66.956970 39.440940 PLAYER
780 2592 85.289340 31.700360 PLAYER
780 2590 74.232320 25.861740 PLAYER
780 2747 88.320700 41.264890 PLAYER
780 202697 93.132750 27.758460 PLAYER
780 202684 87.639230 21.684170 PLAYER
792 -1 92.576880 48.307910 BALL
792 2207 83.906570 31.192210 PLAYER
792 201961 90.888370 48.232840 PLAYER
792 201572 73.187020 10.686800 PLAYER
792 202388 90.017940 33.332820 PLAYER
792 202711 67.074720 39.778830 PLAYER
792 2592 85.176770 31.780530 PLAYER
792 2590 74.251840 26.289900 PLAYER
792 2747 88.844720 42.268030 PLAYER
792 202697 92.942630 29.253510 PLAYER
792 202684 87.327070 21.334620 PLAYER
804 -1 92.390490 48.616270 BALL
804 2207 83.578880 30.872450 PLAYER
804 201961 91.200940 48.258430 PLAYER
804 201572 73.305050 10.651130 PLAYER
804 202388 89.301930 34.889010 PLAYER
804 202711 67.173750 40.097530 PLAYER
804 2592 84.903300 31.924900 PLAYER
804 2590 74.217750 26.762370 PLAYER
804 2747 89.227130 43.200690 PLAYER
804 202697 92.583230 30.658630 PLAYER
804 202684 87.073280 20.961820 PLAYER
816 -1 91.382650 47.831870 BALL
816 2207 83.258820 30.571670 PLAYER
816 201961 91.403360 48.262580 PLAYER
816 201572 73.445190 10.639400 PLAYER
816 202388 88.414620 36.383060 PLAYER
816 202711 67.232890 40.414440 PLAYER
816 2592 84.678880 31.940290 PLAYER
816 2590 74.137170 27.315530 PLAYER
816 2747 89.387990 44.107130 PLAYER
816 202697 92.069490 32.052380 PLAYER
816 202684 86.794250 20.513640 PLAYER
828 -1 87.213320 46.516770 BALL
828 2207 82.994390 30.248910 PLAYER
828 201961 91.476580 48.259310 PLAYER
828 201572 73.612840 10.629770 PLAYER
828 202388 87.454820 37.797350 PLAYER
828 202711 67.227540 40.651450 PLAYER
828 2592 84.426880 31.903640 PLAYER
828 2590 74.020660 28.064440 PLAYER
828 2747 89.397150 44.907830 PLAYER
828 202697 91.350030 33.408430 PLAYER
828 202684 86.522730 20.065950 PLAYER
840 -1 82.325570 44.843700 BALL
840 2207 82.814390 29.839150 PLAYER
840 201961 91.595680 48.234530 PLAYER
840 201572 73.774540 10.606180 PLAYER
840 202388 86.418540 39.093840 PLAYER
840 202711 67.160850 40.766640 PLAYER
840 2592 84.215560 31.739340 PLAYER
840 2590 73.813990 28.991910 PLAYER
840 2747 89.317590 45.524130 PLAYER
840 202697 90.577570 34.709340 PLAYER
840 202684 86.270910 19.650390 PLAYER
852 -1 77.335020 43.237750 BALL
852 2207 82.663420 29.393940 PLAYER
852 201961 91.719400 48.284150 PLAYER
852 201572 73.907850 10.501640 PLAYER
852 202388 85.306930 40.279870 PLAYER
852 202711 67.062620 40.754220 PLAYER
852 2592 84.007560 31.431370 PLAYER
852 2590 73.506550 30.058230 PLAYER
852 2747 89.364200 45.928780 PLAYER
852 202697 89.666740 35.846060 PLAYER
852 202684 86.022420 19.259940 PLAYER
864 -1 72.783970 41.730050 BALL
864 2207 82.558960 28.836600 PLAYER
864 201961 91.863460 48.251640 PLAYER
864 201572 74.087190 10.404700 PLAYER
864 202388 84.158580 41.376310 PLAYER
864 202711 66.989150 40.625940 PLAYER
864 2592 83.737910 30.883270 PLAYER
864 2590 73.116020 31.150100 PLAYER
864 2747 89.495930 46.227130 PLAYER
864 202697 88.631520 36.845340 PLAYER
864 202684 85.753860 18.861740 PLAYER
876 -1 68.721560 40.284070 BALL
876 2207 82.536040 28.279480 PLAYER
876 201961 92.010840 48.268230 PLAYER
876 201572 74.213910 10.191760 PLAYER
876 202388 83.032920 42.371340 PLAYER
876 202711 66.920130 40.402660 PLAYER
876 2592 83.548390 30.322390 PLAYER
876 2590 72.663790 32.265750 PLAYER
876 2747 89.672880 46.363510 PLAYER
876 202697 87.436680 37.659190 PLAYER
876 202684 85.440490 18.428910 PLAYER
888 -1 68.399940 39.838820 BALL
888 2207 82.601120 27.650340 PLAYER
888 201961 92.105140 48.258980 PLAYER
888 201572 74.264990 9.935230 PLAYER
888 202388 81.924840 43.233140 PLAYER
888 202711 66.874920 40.134900 PLAYER
888 2592 83.353100 29.790110 PLAYER
888 2590 72.043270 33.270390 PLAYER
888 2747 89.882890 46.446840 PLAYER
888 202697 86.203310 38.301430 PLAYER
888 202684 85.068060 17.994130 PLAYER
900 -1 67.654480 38.932840 BALL
900 2207 82.768000 26.986940 PLAYER
900 201961 92.130020 48.256670 PLAYER
900 201572 74.320910 9.668180 PLAYER
900 202388 80.805720 43.984730 PLAYER
900 202711 66.982660 39.870480 PLAYER
900 2592 83.178930 29.261530 PLAYER
900 2590 71.443040 34.131690 PLAYER
900 2747 90.076180 46.478200 PLAYER
900 202697 84.898670 38.817070 PLAYER
900 202684 84.492800 17.480280 PLAYER
912 -1 67.085720 38.616010 BALL
912 2207 83.061680 26.330970 PLAYER
912 201961 92.167280 48.258810 PLAYER
912 201572 74.352370 9.452620 PLAYER
912 202388 79.692270 44.608860 PLAYER
912 202711 67.312670 39.735940 PLAYER
912 2592 83.032630 28.733130 PLAYER
912 2590 71.008300 34.836620 PLAYER
912 2747 90.225050 46.488710 PLAYER
912 202697 83.625440 39.255090 PLAYER
912 202684 83.946250 17.048950 PLAYER
924 -1 68.112600 40.162220 BALL
924 2207 83.426450 25.754200 PLAYER
924 201961 92.175950 48.331070 PLAYER
924 201572 74.302810 9.197320 PLAYER
924 202388 78.612530 45.092890 PLAYER
924 202711 67.723760 39.607990 PLAYER
924 2592 82.974390 28.396160 PLAYER
924 2590 70.823090 35.308070 PLAYER
924 2747 90.338060 46.429580 PLAYER
924 202697 82.391490 39.595510 PLAYER
924 202684 83.467590 16.739560 PLAYER
936 -1 69.888150 40.483380 BALL
936 2207 83.897610 25.214180 PLAYER
936 201961 92.124540 48.397660 PLAYER
936 201572 74.302960 8.965640 PLAYER
936 202388 77.520500 45.459530 PLAYER
936 202711 68.423500 39.554210 PLAYER
936 2592 82.958210 28.000780 PLAYER
936 2590 70.911320 35.585090 PLAYER
936 2747 90.414580 46.266500 PLAYER
936 202697 81.239880 39.844030 PLAYER
936 202684 83.035640 16.464430 PLAYER
948 -1 70.838460 40.447880 BALL
948 2207 84.449550 24.686820 PLAYER
948 201961 92.113540 48.433440 PLAYER
948 201572 74.346620 8.738390 PLAYER
948 202388 76.451520 45.726560 PLAYER
948 202711 69.362760 39.527690 PLAYER
948 2592 83.056870 27.650190 PLAYER
948 2590 71.377930 35.727660 PLAYER
948 2747 90.474690 46.031440 PLAYER
948 202697 80.166710 39.835610 PLAYER
948 202684 82.659930 16.186070 PLAYER
960 -1 71.262300 41.174540 BALL
960 2207 84.979170 24.083870 PLAYER
960 201961 92.103910 48.522450 PLAYER
960 201572 74.384490 8.556830 PLAYER
960 202388 75.421160 45.934880 PLAYER
960 202711 70.404170 39.536890 PLAYER
960 2592 83.259460 27.405500 PLAYER
960 2590 72.021050 35.714740 PLAYER
960 2747 90.541690 45.744880 PLAYER
960 202697 79.132480 39.771830 PLAYER
960 202684 82.501800 16.003130 PLAYER
972 -1 71.404480 41.276050 BALL
972 2207 85.519400 23.424890 PLAYER
972 201961 92.073240 48.580150 PLAYER
972 201572 74.463440 8.410700 PLAYER
972 202388 74.366210 45.956800 PLAYER
972 202711 71.434710 39.351380 PLAYER
972 2592 83.516950 27.268260 PLAYER
972 2590 72.789860 35.607650 PLAYER
972 2747 90.628970 45.419310 PLAYER
972 202697 78.053550 39.774050 PLAYER
972 202684 82.386190 15.826990 PLAYER
984 -1 71.913940 41.071210 BALL
984 2207 86.014910 22.734520 PLAYER
984 201961 92.057900 48.573240 PLAYER
984 201572 74.559850 8.297500 PLAYER
984 202388 73.344210 45.853110 PLAYER
984 202711 72.459680 39.275310 PLAYER
984 2592 83.845320 27.302630 PLAYER
984 2590 73.589490 35.420360 PLAYER
984 2747 90.712140 45.049280 PLAYER
984 202697 77.059810 39.967690 PLAYER
984 202684 82.315720 15.671530 PLAYER
996 -1 71.785730 42.262440 BALL
996 2207 86.480080 21.990290 PLAYER
996 201961 92.077370 48.554380 PLAYER
996 201572 74.622160 8.240740 PLAYER
996 202388 72.436230 45.645000 PLAYER
996 202711 73.331800 39.343190 PLAYER
996 2592 84.124060 27.356790 PLAYER
996 2590 74.334380 35.169610 PLAYER
996 2747 90.773560 44.689040 PLAYER
996 202697 76.091820 40.345870 PLAYER
996 202684 82.324360 15.626270 PLAYER
1008 -1 71.136140 43.298720 BALL
1008 2207 86.871710 21.178660 PLAYER
1008 201961 92.074140 48.576570 PLAYER
1008 201572 74.680270 8.215150 PLAYER
1008 202388 71.537360 45.329460 PLAYER
1008 202711 74.172400 39.497700 PLAYER
1008 2592 84.336570 27.216780 PLAYER
1008 2590 74.947930 34.850650 PLAYER
1008 2747 90.790400 44.316850 PLAYER
1008 202697 75.393220 40.972800 PLAYER
1008 202684 82.372930 15.652600 PLAYER
1020 -1 70.787410 43.888010 BALL
1020 2207 87.241060 20.424600 PLAYER
1020 201961 92.099960 48.564380 PLAYER
1020 201572 74.721770 8.182680 PLAYER
1020 202388 70.691890 44.852160 PLAYER
1020 202711 75.067910 39.776650 PLAYER
1020 2592 84.471140 27.025250 PLAYER
1020 2590 75.477250 34.556550 PLAYER
1020 2747 90.749180 43.967080 PLAYER
1020 202697 75.367900 41.304220 PLAYER
1020 202684 82.445910 15.758170 PLAYER
1032 -1 70.261960 43.733420 BALL
1032 2207 87.547840 19.717380 PLAYER
1032 201961 92.101710 48.568910 PLAYER
1032 201572 74.746240 8.170910 PLAYER
1032 202388 69.974220 44.288360 PLAYER
1032 202711 75.870160 40.158000 PLAYER
1032 2592 84.574920 26.763190 PLAYER
1032 2590 75.857890 34.306060 PLAYER
1032 2747 90.641430 43.640230 PLAYER
1032 202697 75.728920 41.454640 PLAYER
1032 202684 82.517540 15.866540 PLAYER
1044 -1 69.065370 43.111350 BALL
1044 2207 87.845060 18.981000 PLAYER
1044 201961 92.063540 48.586670 PLAYER
1044 201572 74.736090 8.153750 PLAYER
1044 202388 69.367830 43.531270 PLAYER
1044 202711 76.649240 40.459390 PLAYER
1044 2592 84.683560 26.424950 PLAYER
1044 2590 76.037950 34.126000 PLAYER
1044 2747 90.492740 43.352150 PLAYER
1044 202697 76.315530 41.358720 PLAYER
1044 202684 82.530490 15.956560 PLAYER
1056 -1 68.134550 41.827140 BALL
1056 2207 88.094010 18.236530 PLAYER
1056 201961 91.974770 48.553660 PLAYER
1056 201572 74.673480 8.144270 PLAYER
1056 202388 68.887120 42.607140 PLAYER
1056 202711 77.516710 40.663770 PLAYER
1056 2592 84.832610 26.333520 PLAYER
1056 2590 76.089570 33.976780 PLAYER
1056 2747 90.332580 43.089300 PLAYER
1056 202697 77.286840 41.150190 PLAYER
1056 202684 82.449190 16.007760 PLAYER
1068 -1 68.074370 40.262290 BALL
1068 2207 88.277060 17.383820 PLAYER
1068 201961 91.809820 48.482330 PLAYER
1068 201572 74.547140 8.153620 PLAYER
1068 202388 68.656570 41.633320 PLAYER
1068 202711 78.374710 40.935560 PLAYER
1068 2592 85.022820 26.413000 PLAYER
1068 2590 76.016300 33.823340 PLAYER
1068 2747 90.161470 42.829100 PLAYER
1068 202697 78.355600 40.989070 PLAYER
1068 202684 82.302230 16.042720 PLAYER
1080 -1 68.403760 38.950680 BALL
1080 2207 88.508930 16.597570 PLAYER
1080 201961 91.558620 48.397640 PLAYER
1080 201572 74.347470 8.160990 PLAYER
1080 202388 68.645410 40.579050 PLAYER
1080 202711 79.055480 41.212320 PLAYER
1080 2592 85.254210 26.482770 PLAYER
1080 2590 75.808700 33.672120 PLAYER
1080 2747 89.987690 42.548740 PLAYER
1080 202697 78.974730 41.226320 PLAYER
1080 202684 82.086690 16.008110 PLAYER
1092 -1 68.539360 37.395440 BALL
1092 2207 88.692610 15.786100 PLAYER
1092 201961 91.226250 48.314320 PLAYER
1092 201572 74.134080 8.270150 PLAYER
1092 202388 68.796760 39.463220 PLAYER
1092 202711 79.675250 41.611450 PLAYER
1092 2592 85.479620 26.519770 PLAYER
1092 2590 75.407260 33.400420 PLAYER
1092 2747 89.821510 42.222160 PLAYER
1092 202697 78.913680 41.814820 PLAYER
1092 202684 81.825750 15.940710 PLAYER
1104 -1 68.549130 36.575960 BALL
1104 2207 88.785010 14.952260 PLAYER
1104 201961 90.860080 48.236230 PLAYER
1104 201572 73.892250 8.292410 PLAYER
1104 202388 69.062200 38.397470 PLAYER
1104 202711 80.250500 42.166770 PLAYER
1104 2592 85.671760 26.570040 PLAYER
1104 2590 74.979080 33.240990 PLAYER
1104 2747 89.649190 41.877620 PLAYER
1104 202697 78.412800 42.581360 PLAYER
1104 202684 81.566110 15.861380 PLAYER
1116 -1 68.713490 35.912530 BALL
1116 2207 88.873790 14.053390 PLAYER
1116 201961 90.493060 48.162820 PLAYER
1116 201572 73.685170 8.215740 PLAYER
1116 202388 69.454390 37.459890 PLAYER
1116 202711 80.678650 42.806510 PLAYER
1116 2592 85.796410 26.411500 PLAYER
1116 2590 74.489340 33.096800 PLAYER
1116 2747 89.449230 41.525210 PLAYER
1116 202697 77.818860 43.158760 PLAYER
1116 202684 81.359410 15.809010 PLAYER
1128 -1 69.494870 34.754440 BALL
1128 2207 88.960260 13.231050 PLAYER
1128 201961 90.165150 48.113470 PLAYER
1128 201572 73.567600 8.134300 PLAYER
1128 202388 69.941270 36.592040 PLAYER
1128 202711 80.924460 43.403100 PLAYER
1128 2592 85.883800 26.251870 PLAYER
1128 2590 74.044640 33.016810 PLAYER
1128 2747 89.207970 41.207720 PLAYER
1128 202697 77.100120 43.622710 PLAYER
1128 202684 81.229300 15.797980 PLAYER
1140 -1 70.201340 34.678240 BALL
1140 2207 88.973100 12.380100 PLAYER
1140 201961 89.913220 48.081140 PLAYER
1140 201572 73.493610 8.028480 PLAYER
1140 202388 70.505750 35.766900 PLAYER
1140 202711 81.137450 44.096900 PLAYER
1140 2592 85.930400 26.123550 PLAYER
1140 2590 73.746650 32.976130 PLAYER
1140 2747 88.929360 40.927020 PLAYER
1140 202697 76.444760 43.903510 PLAYER
1140 202684 81.195660 15.857950 PLAYER
1152 -1 69.977770 35.057360 BALL
1152 2207 89.035410 11.525880 PLAYER
1152 201961 89.746200 48.059830 PLAYER
1152 201572 73.425200 7.814100 PLAYER
1152 202388 71.075330 35.058140 PLAYER
1152 202711 81.304810 44.767760 PLAYER
1152 2592 85.978360 25.926220 PLAYER
1152 2590 73.708320 33.022470 PLAYER
1152 2747 88.624340 40.682780 PLAYER
1152 202697 76.429470 43.856740 PLAYER
1152 202684 81.230430 15.979010 PLAYER
1164 -1 70.761090 36.448250 BALL
1164 2207 89.179230 10.639540 PLAYER
1164 201961 89.640160 48.041090 PLAYER
1164 201572 73.403960 7.715710 PLAYER
1164 202388 71.543010 34.405360 PLAYER
1164 202711 81.461650 45.412700 PLAYER
1164 2592 86.019070 25.577500 PLAYER
1164 2590 73.825680 32.956290 PLAYER
1164 2747 88.308470 40.432880 PLAYER
1164 202697 76.850210 43.588170 PLAYER
1164 202684 81.331390 16.126680 PLAYER
1176 -1 69.902950 34.994560 BALL
1176 2207 89.247130 9.762090 PLAYER
1176 201961 89.560290 48.039220 PLAYER
1176 201572 73.398940 7.714340 PLAYER
1176 202388 71.867250 33.691080 PLAYER
1176 202711 81.546490 45.933780 PLAYER
1176 2592 86.055280 25.239430 PLAYER
1176 2590 74.130700 32.929440 PLAYER
1176 2747 88.009680 40.180030 PLAYER
1176 202697 77.162160 43.314160 PLAYER
1176 202684 81.455210 16.287800 PLAYER
1188 -1 69.977370 32.513270 BALL
1188 2207 89.205660 8.882030 PLAYER
1188 201961 89.466540 48.036100 PLAYER
1188 201572 73.349740 7.685410 PLAYER
1188 202388 72.057770 32.781400 PLAYER
1188 202711 81.589130 46.425960 PLAYER
1188 2592 86.083760 24.828530 PLAYER
1188 2590 74.471540 32.789130 PLAYER
1188 2747 87.743220 39.884430 PLAYER
1188 202697 77.436090 42.911880 PLAYER
1188 202684 81.570920 16.440440 PLAYER
1200 -1 70.455710 30.591950 BALL
1200 2207 89.140570 8.010930 PLAYER
1200 201961 89.341110 48.031530 PLAYER
1200 201572 73.346630 7.744350 PLAYER
1200 202388 72.147290 31.856560 PLAYER
1200 202711 81.447580 46.665140 PLAYER
1200 2592 86.134510 24.282900 PLAYER
1200 2590 74.795970 32.503780 PLAYER
1200 2747 87.540580 39.546690 PLAYER
1200 202697 77.706680 42.409120 PLAYER
1200 202684 81.608180 16.553770 PLAYER
1212 -1 70.740120 29.255320 BALL
1212 2207 89.005140 7.149480 PLAYER
1212 201961 89.165700 48.034830 PLAYER
1212 201572 73.405190 8.018440 PLAYER
1212 202388 72.297550 30.896620 PLAYER
1212 202711 81.080460 46.802530 PLAYER
1212 2592 86.216730 23.715760 PLAYER
1212 2590 75.045990 32.081780 PLAYER
1212 2747 87.370420 39.186330 PLAYER
1212 202697 77.956670 41.815940 PLAYER
1212 202684 81.604700 16.662230 PLAYER
1224 -1 71.421830 28.233280 BALL
1224 2207 88.773980 6.346220 PLAYER
1224 201961 88.947120 48.049640 PLAYER
1224 201572 73.491990 8.333340 PLAYER
1224 202388 72.712910 29.880810 PLAYER
1224 202711 80.576830 46.889820 PLAYER
1224 2592 86.309420 23.086520 PLAYER
1224 2590 75.271390 31.493330 PLAYER
1224 2747 87.223600 38.836650 PLAYER
1224 202697 78.206360 41.192000 PLAYER
1224 202684 81.503680 16.692140 PLAYER
1236 -1 72.353460 26.597260 BALL
1236 2207 88.521790 5.622500 PLAYER
1236 201961 88.708870 48.060830 PLAYER
1236 201572 73.553720 8.583820 PLAYER
1236 202388 73.276060 28.769070 PLAYER
1236 202711 80.026840 46.902180 PLAYER
1236 2592 86.278720 22.238140 PLAYER
1236 2590 75.554570 30.698240 PLAYER
1236 2747 87.096050 38.492190 PLAYER
1236 202697 78.494360 40.510300 PLAYER
1236 202684 81.293730 16.607070 PLAYER
1248 -1 72.680910 25.846880 BALL
1248 2207 88.316280 4.975070 PLAYER
1248 201961 88.481830 48.081630 PLAYER
1248 201572 73.619410 8.787340 PLAYER
1248 202388 74.080430 27.800180 PLAYER
1248 202711 79.351860 46.887730 PLAYER
1248 2592 86.221660 21.334600 PLAYER
1248 2590 76.050600 29.879040 PLAYER
1248 2747 86.977210 38.187560 PLAYER
1248 202697 78.731820 39.801350 PLAYER
1248 202684 81.069880 16.505140 PLAYER
1260 -1 73.533620 25.171700 BALL
1260 2207 88.071200 4.321630 PLAYER
1260 201961 88.302740 48.107420 PLAYER
1260 201572 73.664340 8.863850 PLAYER
1260 202388 75.132580 26.851700 PLAYER
1260 202711 78.599020 46.819620 PLAYER
1260 2592 86.107560 20.509880 PLAYER
1260 2590 76.641320 29.030850 PLAYER
1260 2747 86.842340 37.927240 PLAYER
1260 202697 78.909080 39.107240 PLAYER
1260 202684 80.953550 16.454520 PLAYER
1272 -1 74.709270 24.534610 BALL
1272 2207 87.810680 3.688100 PLAYER
1272 201961 88.192100 48.122320 PLAYER
1272 201572 73.663190 8.730180 PLAYER
1272 202388 76.438050 25.900140 PLAYER
1272 202711 77.900960 46.705750 PLAYER
1272 2592 86.037320 19.942990 PLAYER
1272 2590 77.426430 28.200340 PLAYER
1272 2747 86.694400 37.665820 PLAYER
1272 202697 79.050930 38.447590 PLAYER
1272 202684 80.836540 16.388110 PLAYER
1284 -1 77.206640 23.343030 BALL
1284 2207 87.592160 3.148250 PLAYER
1284 201961 88.131630 48.125600 PLAYER
1284 201572 73.638460 8.524810 PLAYER
1284 202388 77.793410 25.007550 PLAYER
1284 202711 77.134660 46.486540 PLAYER
1284 2592 85.941490 19.515790 PLAYER
1284 2590 78.285830 27.397270 PLAYER
1284 2747 86.562080 37.404880 PLAYER
1284 202697 79.122940 37.772320 PLAYER
1284 202684 80.827850 16.471900 PLAYER
1296 -1 80.723580 23.161150 BALL
1296 2207 87.343110 2.656300 PLAYER
1296 201961 88.110780 48.135110 PLAYER
1296 201572 73.648240 8.376010 PLAYER
1296 202388 79.400030 24.363680 PLAYER
1296 202711 76.243680 46.207340 PLAYER
1296 2592 86.030860 19.528480 PLAYER
1296 2590 79.125010 26.603750 PLAYER
1296 2747 86.450040 37.142260 PLAYER
1296 202697 79.218330 37.168670 PLAYER
1296 202684 80.999660 16.687240 PLAYER
1308 -1 82.606690 23.794760 BALL
1308 2207 87.127600 2.318110 PLAYER
1308 201961 88.124210 48.136590 PLAYER
1308 201572 73.667960 8.287860 PLAYER
1308 202388 81.045110 23.740090 PLAYER
1308 202711 75.322200 45.805420 PLAYER
1308 2592 86.123050 19.767390 PLAYER
1308 2590 79.923890 25.865850 PLAYER
1308 2747 86.389830 36.838360 PLAYER
1308 202697 79.373020 36.597100 PLAYER
1308 202684 81.235290 16.996470 PLAYER
1320 -1 83.741250 23.663370 BALL
1320 2207 86.941420 2.114300 PLAYER
1320 201961 88.150960 48.135340 PLAYER
1320 201572 73.698660 8.267220 PLAYER
1320 202388 82.626580 23.298630 PLAYER
1320 202711 74.423770 45.323020 PLAYER
1320 2592 86.231380 20.173310 PLAYER
1320 2590 80.727960 25.170040 PLAYER
1320 2747 86.399130 36.494180 PLAYER
1320 202697 79.534510 36.005990 PLAYER
1320 202684 81.526020 17.406820 PLAYER
1332 -1 85.245340 23.298530 BALL
1332 2207 86.771050 2.016730 PLAYER
1332 201961 88.172010 48.120540 PLAYER
1332 201572 73.722110 8.247150 PLAYER
1332 202388 84.091510 23.069010 PLAYER
1332 202711 73.524430 44.760710 PLAYER
1332 2592 86.323610 20.577540 PLAYER
1332 2590 81.518940 24.462470 PLAYER
1332 2747 86.485600 36.134900 PLAYER
1332 202697 79.688490 35.425180 PLAYER
1332 202684 81.943290 17.837110 PLAYER
1344 -1 86.679210 22.712060 BALL
1344 2207 86.629490 1.940080 PLAYER
1344 201961 88.203580 48.084440 PLAYER
1344 201572 73.748410 8.236890 PLAYER
1344 202388 85.472080 22.982950 PLAYER
1344 202711 72.630130 44.152070 PLAYER
1344 2592 86.632570 21.210770 PLAYER
1344 2590 82.262290 23.772190 PLAYER
1344 2747 86.600540 35.734170 PLAYER
1344 202697 79.798350 34.871960 PLAYER
1344 202684 82.283960 18.354050 PLAYER
1356 -1 87.970420 22.837640 BALL
1356 2207 86.546130 1.915940 PLAYER
1356 201961 88.237050 48.042120 PLAYER
1356 201572 73.768810 8.230900 PLAYER
1356 202388 86.742350 22.889080 PLAYER
1356 202711 71.755950 43.499170 PLAYER
1356 2592 86.766060 21.700160 PLAYER
1356 2590 82.987470 23.209680 PLAYER
1356 2747 86.723830 35.273300 PLAYER
1356 202697 79.828850 34.339750 PLAYER
1356 202684 82.521900 19.067440 PLAYER
1368 -1 88.450310 23.461480 BALL
1368 2207 86.502300 1.867290 PLAYER
1368 201961 88.257910 48.001320 PLAYER
1368 201572 73.780640 8.211670 PLAYER
1368 202388 87.880880 22.875410 PLAYER
1368 202711 70.918190 42.823080 PLAYER
1368 2592 86.993070 22.040820 PLAYER
1368 2590 83.493440 22.818740 PLAYER
1368 2747 86.830430 34.788370 PLAYER
1368 202697 79.789080 33.815810 PLAYER
1368 202684 82.869810 19.752050 PLAYER
1380 -1 88.893880 23.851410 BALL
1380 2207 86.487400 1.798210 PLAYER
1380 201961 88.236960 47.943960 PLAYER
1380 201572 73.782800 8.208510 PLAYER
1380 202388 89.088320 22.823220 PLAYER
1380 202711 70.070410 42.109960 PLAYER
1380 2592 87.310700 22.430160 PLAYER
1380 2590 83.906240 22.508980 PLAYER
1380 2747 86.891440 34.299610 PLAYER
1380 202697 79.712480 33.352260 PLAYER
1380 202684 83.254900 20.397190 PLAYER
1392 -1 89.309890 24.491200 BALL
1392 2207 86.504740 1.738820 PLAYER
1392 201961 88.154850 47.854430 PLAYER
1392 201572 73.772790 8.209930 PLAYER
1392 202388 90.236600 22.702980 PLAYER
1392 202711 69.252600 41.387240 PLAYER
1392 2592 87.697180 22.810410 PLAYER
1392 2590 84.493310 22.006340 PLAYER
1392 2747 86.909890 33.824140 PLAYER
1392 202697 79.607680 32.907550 PLAYER
1392 202684 83.548430 21.384280 PLAYER
1404 -1 89.525060 24.878790 BALL
1404 2207 86.507690 1.697010 PLAYER
1404 201961 87.980440 47.759320 PLAYER
1404 201572 73.740170 8.252620 PLAYER
1404 202388 91.396820 22.544150 PLAYER
1404 202711 68.420940 40.633490 PLAYER
1404 2592 87.949800 23.070730 PLAYER
1404 2590 85.085470 21.558680 PLAYER
1404 2747 86.903350 33.383370 PLAYER
1404 202697 79.528810 32.498270 PLAYER
1404 202684 84.042970 22.329130 PLAYER
1416 -1 89.349070 25.228870 BALL
1416 2207 86.491770 1.652980 PLAYER
1416 201961 87.661860 47.652760 PLAYER
1416 201572 73.624470 8.356250 PLAYER
1416 202388 92.436070 22.336540 PLAYER
1416 202711 67.611760 39.887630 PLAYER
1416 2592 88.376740 23.367180 PLAYER
1416 2590 85.698970 21.094930 PLAYER
1416 2747 86.901930 32.998990 PLAYER
1416 202697 79.468860 32.114110 PLAYER
1416 202684 84.698200 23.200000 PLAYER
1428 -1 88.758080 25.410730 BALL
1428 2207 86.411830 1.645570 PLAYER
1428 201961 87.204560 47.532020 PLAYER
1428 201572 73.410240 8.498550 PLAYER
1428 202388 93.475150 22.051490 PLAYER
1428 202711 66.782970 39.087620 PLAYER
1428 2592 88.817660 23.716920 PLAYER
1428 2590 86.398650 20.481120 PLAYER
1428 2747 86.920000 32.689800 PLAYER
1428 202697 79.395260 31.756650 PLAYER
1428 202684 85.297280 24.141610 PLAYER