0 -1 73.748390 38.791490
0 1717 29.049840 35.186680
0 2734 38.302260 12.363320
0 101114 52.213230 31.644190
0 200826 39.033140 20.479790
0 201580 24.833260 24.238950
0 2210 30.213020 46.063120
0 202697 43.123690 5.207490
0 203521 47.438520 19.727120
0 202681 73.269810 36.752490
0 202389 79.500000 21.607660
12 -1 72.759720 39.230220
12 1717 28.025270 35.687080
12 2734 36.781340 11.895710
12 101114 51.234680 32.018470
12 200826 38.279120 20.236530
12 201580 23.642480 24.365930
12 2210 28.684640 46.073520
12 202697 41.501550 5.076600
12 203521 46.529170 18.907080
12 202681 72.757480 37.189510
12 202389 77.941300 21.662110
24 -1 71.834140 39.592260
24 1717 26.989370 36.214820
24 2734 35.280470 11.396730
24 101114 50.286960 32.383760
24 200826 37.518880 20.003550
24 201580 22.526040 24.451210
24 2210 27.108390 46.106740
24 202697 39.899590 4.909920
24 203521 45.665910 18.111170
24 202681 72.231380 37.709990
24 202389 76.345970 21.688200
36 -1 70.914110 40.146520
36 1717 25.968530 36.738920
36 2734 33.790190 10.917200
36 101114 49.386590 32.770710
36 200826 36.744840 19.760180
36 201580 21.477170 24.517920
36 2210 25.691290 46.142280
36 202697 38.334610 4.737900
36 203521 44.863250 17.321920
36 202681 71.743870 38.396400
36 202389 74.741020 21.694650
48 -1 70.020170 40.441830
48 1717 25.000950 37.234470
48 2734 32.322640 10.442620
48 101114 48.513830 33.151330
48 200826 35.985940 19.505360
48 201580 20.551120 24.676070
48 2210 24.385900 46.140500
48 202697 36.754800 4.598970
48 203521 44.108380 16.580450
48 202681 71.209910 39.065150
48 202389 73.079870 21.737480
60 -1 69.199830 40.586290
60 1717 24.058990 37.763770
60 2734 30.954260 10.003990
60 101114 47.665670 33.496300
60 200826 35.239500 19.242790
60 201580 19.666160 24.737080
60 2210 23.239860 46.130030
60 202697 35.248340 4.473210
60 203521 43.425350 15.853880
60 202681 70.635570 39.739560
60 202389 71.434470 21.772310
72 -1 68.357060 40.614690
72 1717 23.146560 38.274320
72 2734 29.651790 9.552930
72 101114 46.855480 33.842090
72 200826 34.529710 18.991750
72 201580 18.961700 24.801440
72 2210 22.340750 46.071680
72 202697 33.783930 4.319910
72 203521 42.751570 15.100280
72 202681 69.941360 40.246160
72 202389 69.814350 21.762950
84 -1 67.651860 40.648000
84 1717 22.268530 38.759560
84 2734 28.417800 9.129830
84 101114 46.078720 34.204720
84 200826 33.870380 18.771660
84 201580 18.339080 24.893870
84 2210 21.555100 45.836740
84 202697 32.322870 4.154120
84 203521 42.077930 14.373400
84 202681 69.225180 40.604950
84 202389 68.197040 21.782950
96 -1 66.909390 40.423370
96 1717 21.392210 39.189290
96 2734 27.236820 8.759370
96 101114 45.319390 34.515170
96 200826 33.239940 18.569840
96 201580 17.822190 24.949090
96 2210 21.001750 45.457300
96 202697 30.895500 3.995890
96 203521 41.444750 13.674250
96 202681 68.528000 40.874450
96 202389 66.556830 21.774020
108 -1 66.636630 40.502460
108 1717 20.571960 39.620150
108 2734 26.097570 8.492110
108 101114 44.603880 34.826140
108 200826 32.644710 18.410630
108 201580 17.419520 24.998410
108 2210 20.692920 45.022670
108 202697 29.516870 3.801370
108 203521 40.830520 12.949540
108 202681 67.830610 41.149810
108 202389 64.931350 21.758280
120 -1 66.309360 40.558730
120 1717 19.848630 39.951050
120 2734 24.972860 8.344310
120 101114 43.943070 35.187590
120 200826 32.088060 18.279220
120 201580 17.103750 25.176230
120 2210 20.627440 44.553030
120 202697 28.119790 3.633990
120 203521 40.228100 12.262460
120 202681 67.042430 41.425810
120 202389 63.300810 21.744750
132 -1 66.006410 40.662310
132 1717 19.250900 40.250670
132 2734 23.850950 8.320420
132 101114 43.309000 35.558570
132 200826 31.559840 18.134390
132 201580 16.828990 25.445580
132 2210 20.683510 44.042100
132 202697 26.715710 3.438310
132 203521 39.637470 11.595000
132 202681 66.222420 41.694270
132 202389 61.641190 21.740260
144 -1 65.188680 40.938210
144 1717 18.863110 40.471350
144 2734 22.763000 8.415870
144 101114 42.680140 35.926490
144 200826 31.060100 17.961350
144 201580 16.626900 25.721970
144 2210 20.996220 43.585350
144 202697 25.428040 3.248540
144 203521 39.087840 10.925060
144 202681 65.374200 41.981520
144 202389 59.998930 21.685800
156 -1 64.020000 41.281670
156 1717 18.728940 40.659420
156 2734 21.708600 8.559850
156 101114 42.077870 36.291400
156 200826 30.578280 17.804530
156 201580 16.491810 25.992710
156 2210 21.404080 43.126000
156 202697 24.187420 3.055480
156 203521 38.540150 10.251590
156 202681 64.511790 42.253670
156 202389 58.342260 21.635400
168 -1 62.603710 41.742730
168 1717 18.784900 40.765010
168 2734 20.648010 8.709650
168 101114 41.500570 36.618820
168 200826 30.146370 17.598270
168 201580 16.429470 26.203600
168 2210 21.924530 42.675110
168 202697 22.954160 2.894820
168 203521 38.079270 9.616640
168 202681 63.642750 42.525830
168 202389 56.644340 21.592350
180 -1 61.233320 42.188240
180 1717 19.059160 40.841660
180 2734 19.589040 8.813850
180 101114 40.924560 36.898500
180 200826 29.758530 17.384870
180 201580 16.433620 26.317470
180 2210 22.546100 42.285220
180 202697 21.766240 2.733960
180 203521 37.693150 8.999810
180 202681 62.765050 42.749770
180 202389 54.947710 21.571750
192 -1 60.059240 42.972590
192 1717 19.503200 40.846190
192 2734 18.561270 8.874980
192 101114 40.346060 37.154410
192 200826 29.412190 17.193100
192 201580 16.511550 26.363980
192 2210 23.304060 41.948560
192 202697 20.676560 2.656410
192 203521 37.363650 8.421370
192 202681 61.876640 42.949860
192 202389 53.235010 21.580700
204 -1 59.104870 43.381680
204 1717 20.067780 40.833100
204 2734 17.532740 8.886110
204 101114 39.794750 37.381100
204 200826 29.079430 17.028560
204 201580 16.653130 26.358380
204 2210 24.089070 41.698810
204 202697 19.565830 2.628760
204 203521 37.055200 7.887470
204 202681 60.910840 43.094200
204 202389 51.495980 21.626110
216 -1 58.641700 44.121240
216 1717 20.748930 40.820000
216 2734 16.536000 8.890400
216 101114 39.242940 37.651210
216 200826 28.774040 16.876680
216 201580 16.834560 26.333720
216 2210 24.836130 41.534630
216 202697 18.486640 2.585340
216 203521 36.718910 7.379150
216 202681 59.889650 43.300210
216 202389 49.804630 21.673080
228 -1 57.909670 44.564480
228 1717 21.549940 40.810440
228 2734 15.598070 8.898600
228 101114 38.694430 37.949140
228 200826 28.462330 16.774280
228 201580 17.039160 26.342450
228 2210 25.563340 41.369080
228 202697 17.509360 2.515470
228 203521 36.295800 6.874010
228 202681 58.793130 43.485810
228 202389 48.152790 21.619900
240 -1 57.143860 44.893470
240 1717 22.373650 40.835820
240 2734 14.704260 8.934080
240 101114 38.137610 38.246860
240 200826 28.133240 16.673900
240 201580 17.268600 26.372740
240 2210 26.222770 41.229730
240 202697 16.573060 2.435780
240 203521 35.814030 6.408000
240 202681 57.692370 43.571400
240 202389 46.464600 21.542530
252 -1 55.898730 44.991230
252 1717 23.233170 40.924020
252 2734 13.853570 9.001210
252 101114 37.606480 38.481390
252 200826 27.776470 16.554330
252 201580 17.500490 26.433670
252 2210 26.825820 41.143700
252 202697 15.661020 2.348690
252 203521 35.306180 5.998880
252 202681 56.605740 43.622700
252 202389 44.778420 21.469060
264 -1 54.273430 45.043520
264 1717 24.146880 41.039950
264 2734 13.060800 9.082850
264 101114 37.075050 38.653590
264 200826 27.445930 16.432370
264 201580 17.739200 26.521710
264 2210 27.375440 41.046870
264 202697 14.835590 2.279440
264 203521 34.755100 5.652890
264 202681 55.513270 43.678470
264 202389 43.140570 21.419080
276 -1 52.582760 44.586020
276 1717 25.021940 41.188140
276 2734 12.310830 9.123350
276 101114 36.561600 38.737400
276 200826 27.160690 16.319110
276 201580 17.952290 26.626210
276 2210 27.881910 40.972710
276 202697 14.077670 2.254700
276 203521 34.226350 5.377460
276 202681 54.393780 43.606450
276 202389 41.485540 21.438920
288 -1 51.112790 44.324640
288 1717 25.815630 41.451520
288 2734 11.592090 9.144570
288 101114 36.054450 38.780600
288 200826 26.925810 16.212590
288 201580 18.163880 26.566670
288 2210 28.313960 40.926310
288 202697 13.337360 2.272010
288 203521 33.694030 5.150240
288 202681 53.181910 43.488670
288 202389 39.848970 21.572490
300 -1 50.311390 43.853780
300 1717 26.527930 41.728020
300 2734 10.911650 9.146540
300 101114 35.590590 38.801200
300 200826 26.741960 16.138270
300 201580 18.333250 26.574430
300 2210 28.737650 40.843260
300 202697 12.674800 2.292820
300 203521 33.169530 4.952690
300 202681 51.900960 43.426250
300 202389 38.286080 21.769470
312 -1 49.524600 43.229750
312 1717 27.154430 42.029490
312 2734 10.271800 9.084610
312 101114 35.109320 38.829110
312 200826 26.583990 16.158420
312 201580 18.466970 26.661300
312 2210 29.157830 40.697210
312 202697 12.106820 2.287840
312 203521 32.656430 4.749460
312 202681 50.548600 43.410610
312 202389 36.788660 22.040270
324 -1 48.468670 42.983770
324 1717 27.637690 42.323200
324 2734 9.681250 8.999670
324 101114 34.593920 38.866480
324 200826 26.379670 16.284780
324 201580 18.567660 26.570850
324 2210 29.603410 40.517110
324 202697 11.552430 2.276650
324 203521 32.157020 4.530990
324 202681 49.176290 43.391080
324 202389 35.298790 22.352720
336 -1 47.378820 43.147720
336 1717 28.054440 42.617140
336 2734 9.141180 8.960180
336 101114 34.013730 38.964400
336 200826 26.092770 16.502690
336 201580 18.644220 26.523670
336 2210 30.074640 40.162820
336 202697 10.998020 2.266490
336 203521 31.665240 4.300360
336 202681 47.762110 43.419970
336 202389 33.942210 22.702460
348 -1 46.419410 42.959060
348 1717 28.415510 42.865610
348 2734 8.645570 8.949180
348 101114 33.266430 38.991360
348 200826 25.769150 16.802700
348 201580 18.673900 26.717530
348 2210 30.523450 39.796060
348 202697 10.512100 2.245700
348 203521 31.203960 4.090180
348 202681 46.350720 43.486610
348 202389 32.675930 23.135750
360 -1 44.465260 43.190290
360 1717 28.781090 43.178380
360 2734 8.209990 8.960600
360 101114 32.597570 38.826850
360 200826 25.421210 17.111680
360 201580 18.684720 26.863460
360 2210 30.821220 39.509550
360 202697 10.077600 2.264500
360 203521 30.755430 3.884290
360 202681 44.974160 43.599220
360 202389 31.498270 23.644940
372 -1 42.458260 43.601310
372 1717 29.114800 43.479310
372 2734 7.864300 9.028550
372 101114 32.007820 38.578610
372 200826 25.078840 17.389690
372 201580 18.673640 26.936400
372 2210 30.956720 39.138540
372 202697 9.649770 2.329210
372 203521 30.289810 3.725820
372 202681 43.549670 43.775010
372 202389 30.437710 24.217480
384 -1 40.535120 44.267570
384 1717 29.428200 43.787970
384 2734 7.624550 9.172430
384 101114 31.456030 38.179850
384 200826 24.746650 17.648990
384 201580 18.578370 27.377320
384 2210 30.908800 38.813750
384 202697 9.289920 2.405520
384 203521 29.808050 3.591780
384 202681 42.124310 43.968230
384 202389 29.524520 24.778480
396 -1 39.202090 45.680980
396 1717 29.724430 44.096420
396 2734 7.443620 9.304620
396 101114 30.923380 37.671370
396 200826 24.402190 17.925800
396 201580 18.430070 27.863670
396 2210 30.711310 38.646200
396 202697 9.000400 2.485970
396 203521 29.319120 3.511650
396 202681 40.716010 44.209420
396 202389 28.691480 25.339760
408 -1 38.371010 46.202380
408 1717 29.942850 44.285030
408 2734 7.318680 9.454100
408 101114 30.516390 37.167200
408 200826 24.020880 18.202560
408 201580 18.260660 28.307870
408 2210 30.385090 38.468050
408 202697 8.715030 2.584690
408 203521 28.819850 3.463810
408 202681 39.378700 44.544130
408 202389 27.985420 25.907140
420 -1 37.844150 47.154040
420 1717 30.039740 44.314930
420 2734 7.243160 9.622660
420 101114 29.925270 36.863050
420 200826 23.630420 18.491070
420 201580 18.143880 28.549490
420 2210 30.027300 38.165130
420 202697 8.437560 2.652270
420 203521 28.334350 3.431820
420 202681 38.033140 44.995640
420 202389 27.419830 26.461500
432 -1 37.171610 47.498970
432 1717 30.158000 44.375490
432 2734 7.199050 9.838410
432 101114 29.176440 36.562040
432 200826 23.227110 18.752260
432 201580 18.020570 28.836920
432 2210 29.647790 37.912190
432 202697 8.161870 2.691440
432 203521 27.858350 3.412770
432 202681 36.659410 45.355620
432 202389 27.003340 26.995510
444 -1 36.469640 47.909320
444 1717 30.221520 44.342040
444 2734 7.140120 10.060660
444 101114 28.329460 36.524510
444 200826 22.848980 18.933450
444 201580 17.928820 28.985470
444 2210 29.252010 37.647040
444 202697 7.882840 2.672540
444 203521 27.411510 3.402170
444 202681 35.350270 45.755460
444 202389 26.710450 27.589890
456 -1 35.265320 48.172920
456 1717 30.192630 44.156280
456 2734 7.090970 10.301240
456 101114 27.497560 36.667360
456 200826 22.542210 19.044340
456 201580 17.861000 29.122640
456 2210 28.931580 37.381180
456 202697 7.604220 2.600540
456 203521 26.982530 3.387580
456 202681 34.123870 46.147710
456 202389 26.500980 28.211140
468 -1 33.686630 48.202290
468 1717 30.137380 43.928100
468 2734 7.053860 10.515410
468 101114 26.585260 36.997280
468 200826 22.276720 19.099550
468 201580 17.801070 29.244880
468 2210 28.660740 37.062200
468 202697 7.362950 2.491310
468 203521 26.572450 3.374530
468 202681 32.998230 46.487390
468 202389 26.328980 28.854000
480 -1 31.660160 48.210170
480 1717 30.065820 43.672900
480 2734 7.016820 10.759110
480 101114 25.681080 37.456430
480 200826 22.003970 19.168690
480 201580 17.621560 29.703810
480 2210 28.478890 36.719170
480 202697 7.177920 2.369770
480 203521 26.163560 3.398050
480 202681 31.899930 46.680670
480 202389 26.295900 29.450960
492 -1 29.970000 48.239890
492 1717 29.885920 43.228890
492 2734 6.957400 11.067340
492 101114 24.811540 38.164210
492 200826 21.729830 19.264820
492 201580 17.339890 30.242330
492 2210 28.427060 36.354860
492 202697 7.071570 2.245950
492 203521 25.767470 3.443700
492 202681 30.965830 46.872300
492 202389 26.240210 30.004300
504 -1 29.195010 48.414670
504 1717 29.660880 42.670620
504 2734 6.906280 11.412350
504 101114 24.063000 38.983190
504 200826 21.441610 19.389560
504 201580 17.024770 30.714980
504 2210 28.520870 35.741420
504 202697 7.045350 2.139760
504 203521 25.399810 3.523540
504 202681 30.092870 46.966050
504 202389 26.156190 30.503260
516 -1 28.535450 48.518470
516 1717 29.393870 42.033590
516 2734 6.891790 11.837300
516 101114 23.394180 39.856960
516 200826 21.154110 19.474660
516 201580 16.701240 31.136690
516 2210 28.658610 34.992070
516 202697 7.093940 2.059000
516 203521 25.044110 3.594780
516 202681 29.324460 47.038750
516 202389 26.055480 31.006950
528 -1 27.826360 48.160730
528 1717 29.141090 41.341340
528 2734 6.907440 12.342500
528 101114 22.935370 40.690590
528 200826 20.897260 19.473140
528 201580 16.380920 31.536970
528 2210 28.911940 34.164260
528 202697 7.186900 2.000560
528 203521 24.700730 3.687690
528 202681 28.649660 47.015170
528 202389 25.911200 31.529490
540 -1 27.268280 47.484870
540 1717 28.878960 40.536090
540 2734 6.952250 12.900000
540 101114 22.688350 41.402780
540 200826 20.696480 19.398250
540 201580 16.134820 31.779050
540 2210 29.251230 33.206670
540 202697 7.289810 1.959710
540 203521 24.366700 3.764570
540 202681 28.125530 46.965270
540 202389 25.527670 32.144220
552 -1 26.803920 46.489640
552 1717 28.598730 39.589260
552 2734 7.018720 13.448210
552 101114 22.672890 41.940640
552 200826 20.529780 19.284820
552 201580 16.046040 31.840040
552 2210 29.564970 32.189980
552 202697 7.392040 1.931840
552 203521 24.071080 3.805830
552 202681 27.755360 46.820930
552 202389 25.167430 32.769310
564 -1 26.961290 45.638130
564 1717 28.331880 38.668550
564 2734 7.092930 14.007540
564 101114 22.854460 42.244930
564 200826 20.393530 19.163770
564 201580 16.035780 31.918690
564 2210 29.844830 31.202810
564 202697 7.479210 1.914700
564 203521 23.760370 3.802470
564 202681 27.554110 46.491950
564 202389 24.769520 33.511350
576 -1 27.794240 44.667570
576 1717 28.115050 37.759710
576 2734 7.159050 14.573340
576 101114 23.203280 42.355150
576 200826 20.286310 19.080870
576 201580 16.112060 31.835130
576 2210 30.119040 30.219160
576 202697 7.540700 1.906120
576 203521 23.474180 3.803790
576 202681 27.465200 45.952060
576 202389 24.434240 34.259320
588 -1 28.459780 44.035310
588 1717 27.879590 36.823520
588 2734 7.210820 15.143950
588 101114 23.682150 42.312900
588 200826 20.179850 19.062700
588 201580 16.167840 31.989010
588 2210 30.357900 29.214160
588 202697 7.573600 1.900210
588 203521 23.209560 3.759440
588 202681 27.365860 45.228160
588 202389 24.250150 35.014670
600 -1 29.040290 43.639850
600 1717 27.612140 35.785980
600 2734 7.248680 15.648730
600 101114 24.251300 42.153490
600 200826 20.064390 19.072100
600 201580 16.196990 32.266970
600 2210 30.563380 28.282450
600 202697 7.572570 1.894640
600 203521 22.989900 3.691370
600 202681 27.325070 44.461790
600 202389 24.113970 35.740630
612 -1 29.394160 43.436620
612 1717 27.419110 34.767940
612 2734 7.322290 16.071930
612 101114 24.779290 42.000570
612 200826 19.958750 19.071440
612 201580 16.176830 32.667220
612 2210 30.758180 27.308850
612 202697 7.544430 1.895560
612 203521 22.812990 3.619530
612 202681 27.186530 43.879490
612 202389 24.057140 36.500190
624 -1 29.231320 44.144980
624 1717 27.200820 33.679520
624 2734 7.419960 16.412180
624 101114 25.123070 41.858860
624 200826 19.861360 18.991800
624 201580 16.203720 33.049660
624 2210 30.928470 26.403280
624 202697 7.498300 1.907170
624 203521 22.718010 3.551550
624 202681 26.898480 43.512220
624 202389 24.089920 37.220370
636 -1 28.324250 44.566420
636 1717 26.934650 32.536810
636 2734 7.527990 16.695400
636 101114 25.330160 41.773110
636 200826 19.770290 18.837060
636 201580 16.210630 33.665360
636 2210 31.061370 25.522680
636 202697 7.445390 1.922530
636 203521 22.666850 3.461660
636 202681 26.493030 43.466150
636 202389 24.048260 37.974020
648 -1 26.826590 44.876780
648 1717 26.654030 31.403010
648 2734 7.631210 16.964380
648 101114 25.319730 41.780280
648 200826 19.679880 18.649190
648 201580 16.243370 34.171900
648 2210 31.227800 24.782150
648 202697 7.390970 1.932180
648 203521 22.666800 3.390000
648 202681 26.063950 43.661330
648 202389 23.902880 38.687960
660 -1 25.938830 44.277830
660 1717 26.382430 30.435850
660 2734 7.717390 17.252080
660 101114 25.075000 41.867850
660 200826 19.578290 18.490580
660 201580 16.214250 34.676210
660 2210 31.272980 24.005350
660 202697 7.353260 1.936670
660 203521 22.683000 3.332400
660 202681 25.570050 43.914250
660 202389 23.832160 39.357600
672 -1 25.299150 44.098750
672 1717 26.026300 29.580240
672 2734 7.769710 17.550880
672 101114 24.825910 41.956490
672 200826 19.458390 18.388040
672 201580 16.056030 35.240310
672 2210 31.319590 23.364040
672 202697 7.326810 1.939040
672 203521 22.688470 3.292900
672 202681 25.312710 44.129880
672 202389 23.672850 39.978340
684 -1 25.102270 44.305140
684 1717 25.621370 28.817350
684 2734 7.785590 17.849010
684 101114 24.726300 42.064160
684 200826 19.310040 18.371320
684 201580 15.871510 35.750720
684 2210 31.372430 22.830310
684 202697 7.313470 1.934330
684 203521 22.666800 3.256500
684 202681 25.263220 44.286760
684 202389 23.497960 40.556260
696 -1 26.101140 44.548690
696 1717 25.193770 28.166050
696 2734 7.780980 18.111500
696 101114 24.736200 42.076800
696 200826 19.132520 18.415140
696 201580 15.547900 36.434110
696 2210 31.469650 22.487820
696 202697 7.304480 1.924840
696 203521 22.611450 3.233990
696 202681 25.439810 44.203380
696 202389 23.398790 41.097360
708 -1 27.204760 44.656080
708 1717 24.773570 27.604050
708 2734 7.772050 18.283130
708 101114 24.946540 41.947420
708 200826 18.957780 18.462020
708 201580 15.223290 37.100380
708 2210 31.510120 22.232910
708 202697 7.305590 1.923190
708 203521 22.534230 3.218890
708 202681 25.779060 44.025490
708 202389 23.323420 41.581440
720 -1 27.926670 43.233560
720 1717 24.351110 27.085330
720 2734 7.773880 18.371560
720 101114 25.339290 41.761060
720 200826 18.806650 18.434770
720 201580 15.036730 37.767900
720 2210 31.572500 22.074880
720 202697 7.307930 1.926700
720 203521 22.436640 3.210690
720 202681 26.260120 43.764390
720 202389 23.297650 42.012380
732 -1 29.062900 43.187930
732 1717 23.961070 26.587530
732 2734 7.777470 18.394820
732 101114 25.840390 41.506520
732 200826 18.681810 18.334050
732 201580 15.113190 38.410470
732 2210 31.636680 21.993340
732 202697 7.312930 1.926580
732 203521 22.323660 3.194620
732 202681 26.830640 43.271830
732 202389 23.291120 42.395290
744 -1 30.049780 42.917620
744 1717 23.503970 26.110400
744 2734 7.792210 18.368350
744 101114 26.326170 41.156920
744 200826 18.589360 18.210820
744 201580 15.321640 39.140510
744 2210 31.705570 21.903930
744 202697 7.317070 1.931260
744 203521 22.224170 3.192050
744 202681 27.480190 42.549260
744 202389 23.330090 42.659130
756 -1 30.340120 41.287110
756 1717 23.195370 25.742660
756 2734 7.807030 18.307270
756 101114 26.730220 40.656380
756 200826 18.497030 18.089840
756 201580 15.794400 39.695990
756 2210 31.596020 21.611380
756 202697 7.324560 1.935400
756 203521 22.161020 3.197270
756 202681 28.045790 41.821950
756 202389 23.380660 42.761840
768 -1 28.973320 39.195280
768 1717 22.959190 25.409780
768 2734 7.823110 18.232870
768 101114 27.061890 40.019010
768 200826 18.389390 17.967770
768 201580 16.418070 40.214130
768 2210 31.419360 21.192150
768 202697 7.326890 1.938630
768 203521 22.123150 3.203660
768 202681 28.650210 40.916960
768 202389 23.464670 42.573620
780 -1 29.669430 39.095290
780 1717 22.797890 25.099540
780 2734 7.833050 18.161500
780 101114 27.287820 39.217510
780 200826 18.293540 17.857700
780 201580 17.158030 40.614660
780 2210 31.306710 20.773390
780 202697 7.329270 1.940590
780 203521 22.115820 3.204020
780 202681 29.132170 39.882420
780 202389 23.644960 42.382120
792 -1 31.601210 38.442690
792 1717 22.632010 24.815570
792 2734 7.837950 18.114410
792 101114 27.401700 38.235180
792 200826 18.198870 17.707560
792 201580 17.968850 40.859550
792 2210 31.197950 20.282300
792 202697 7.328040 1.943530
792 203521 22.133240 3.202480
792 202681 29.321760 38.901590
792 202389 23.891890 42.078080
804 -1 31.705580 37.193450
804 1717 22.638490 24.569220
804 2734 7.826590 18.090680
804 101114 27.452830 37.159630
804 200826 18.103040 17.486100
804 201580 18.771410 41.002630
804 2210 31.051720 19.784410
804 202697 7.326270 1.949420
804 203521 22.163800 3.196000
804 202681 29.406350 38.235600
804 202389 24.101510 41.677680
816 -1 30.769390 37.308350
816 1717 22.601700 24.246400
816 2734 7.810230 18.085600
816 101114 27.415730 36.173420
816 200826 18.033900 17.201120
816 201580 19.548270 40.997070
816 2210 30.950930 19.304590
816 202697 7.324520 1.954370
816 203521 22.192270 3.180220
816 202681 29.470260 37.810670
816 202389 24.289340 41.196690
828 -1 29.147040 38.158080
828 1717 22.557200 23.878060
828 2734 7.790540 18.109630
828 101114 27.306550 35.569810
828 200826 17.966050 16.895060
828 201580 20.311010 40.870010
828 2210 30.848520 18.836860
828 202697 7.323170 1.962960
828 203521 22.210830 3.163110
828 202681 29.403260 37.690800
828 202389 24.447340 40.840040
840 -1 28.852770 39.093140
840 1717 22.494040 23.498700
840 2734 7.778900 18.165730
840 101114 27.183200 35.097160
840 200826 17.854660 16.625380
840 201580 21.007470 40.492670
840 2210 30.710970 18.373810
840 202697 7.324210 1.969170
840 203521 22.223620 3.140990
840 202681 29.349860 37.926980
840 202389 24.488820 40.365330
852 -1 28.754210 39.544330
852 1717 22.442830 23.124210
852 2734 7.788600 18.284270
852 101114 26.985180 34.905990
852 200826 17.705220 16.451460
852 201580 21.556420 40.217480
852 2210 30.531690 17.910510
852 202697 7.325980 1.978040
852 203521 22.245130 3.126050
852 202681 29.273980 38.422560
852 202389 24.530560 39.879830
864 -1 28.635860 40.253570
864 1717 22.348180 22.771510
864 2734 7.818860 18.513560
864 101114 26.808620 34.966450
864 200826 17.513610 16.342530
864 201580 21.981250 40.147180
864 2210 30.336340 17.474400
864 202697 7.327800 1.984890
864 203521 22.263030 3.117070
864 202681 29.034580 39.114620
864 202389 24.525300 39.376690
876 -1 28.474020 41.201220
876 1717 22.201320 22.463020
876 2734 7.843250 18.883150
876 101114 26.668980 35.242130
876 200826 17.277190 16.261020
876 201580 22.286240 40.216600
876 2210 30.195350 17.154870
876 202697 7.330830 1.996930
876 203521 22.279490 3.115330
876 202681 28.615500 39.801040
876 202389 24.579720 38.893800
888 -1 28.244980 42.367610
888 1717 22.017740 22.196310
888 2734 7.859250 19.357360
888 101114 26.667470 35.563370
888 200826 17.039810 16.186100
888 201580 22.435800 40.453670
888 2210 30.098870 16.939880
888 202697 7.332580 2.011840
888 203521 22.287130 3.104280
888 202681 28.022960 40.627430
888 202389 24.608470 38.545970
900 -1 27.767630 43.393530
900 1717 21.832540 22.021540
900 2734 7.882900 19.918230
900 101114 26.748270 36.111360
900 200826 16.815180 16.063920
900 201580 22.412310 40.979520
900 2210 30.011500 16.829490
900 202697 7.332980 2.026890
900 203521 22.288850 3.099480
900 202681 27.280320 41.562110
900 202389 24.765740 37.916700
912 -1 27.476440 44.310160
912 1717 21.650700 21.949020
912 2734 7.894060 20.537300
912 101114 26.808000 36.789880
912 200826 16.603250 15.901110
912 201580 22.217340 41.531500
912 2210 29.959600 16.838190
912 202697 7.331720 2.043630
912 203521 22.286900 3.089790
912 202681 26.304830 42.641300
912 202389 24.727040 37.294090
924 -1 26.491310 45.496230
924 1717 21.495470 21.850930
924 2734 7.869780 21.211660
924 101114 26.676590 37.569380
924 200826 16.329840 15.767230
924 201580 21.865930 42.106210
924 2210 30.047550 17.052500
924 202697 7.329570 2.058470
924 203521 22.285860 3.076900
924 202681 25.094400 43.532990
924 202389 24.676220 36.688880
936 -1 24.024450 46.495060
936 1717 21.378090 21.755540
936 2734 7.831050 21.898120
936 101114 26.428680 38.444240
936 200826 15.977900 15.798240
936 201580 21.357660 42.710570
936 2210 30.115900 17.314820
936 202697 7.327630 2.067750
936 203521 22.282280 3.072110
936 202681 23.703180 44.440710
936 202389 24.388570 35.995390
948 -1 20.919570 46.764490
948 1717 21.306170 21.783190
948 2734 7.788940 22.542880
948 101114 25.898720 39.278510
948 200826 15.532890 15.961520
948 201580 20.647170 43.233650
948 2210 30.229120 17.716300
948 202697 7.330710 2.065290
948 203521 22.285010 3.086480
948 202681 22.163740 45.201190
948 202389 24.023090 35.091810
960 -1 17.968420 47.106040
960 1717 21.233340 21.868900
960 2734 7.734800 23.160460
960 101114 25.051800 40.116250
960 200826 15.010400 16.221720
960 201580 19.719660 43.747120
960 2210 30.394450 18.317720
960 202697 7.335890 2.059340
960 203521 22.294060 3.105250
960 202681 20.435510 45.749390
960 202389 23.343610 34.356460
972 -1 16.047690 47.290270
972 1717 21.087110 22.059480
972 2734 7.671350 23.738000
972 101114 24.002580 40.786010
972 200826 14.402950 16.572850
972 201580 18.758260 44.172590
972 2210 30.530010 18.934250
972 202697 7.338950 2.042070
972 203521 22.294340 3.145090
972 202681 18.686050 46.040300
972 202389 22.599160 33.686430
984 -1 14.521260 47.408000
984 1717 20.825240 22.469360
984 2734 7.593130 24.230570
984 101114 22.814070 41.260270
984 200826 13.763530 16.981950
984 201580 17.611240 44.418820
984 2210 30.567030 19.529600
984 202697 7.345860 2.022170
984 203521 22.295190 3.219740
984 202681 16.980870 46.217100
984 202389 21.689900 32.834830
996 -1 13.021420 47.669570
996 1717 20.504810 23.043400
996 2734 7.480750 24.646450
996 101114 21.489830 41.522180
996 200826 13.114490 17.306780
996 201580 16.306570 44.429490
996 2210 30.617720 20.284200
996 202697 7.343270 1.997350
996 203521 22.314320 3.332110
996 202681 15.313010 46.092020
996 202389 20.708160 32.079570
1008 -1 11.209880 46.334320
1008 1717 20.133000 23.588710
1008 2734 7.310640 25.049020
1008 101114 20.041060 41.572930
1008 200826 12.476990 17.586180
1008 201580 15.017120 44.284470
1008 2210 30.601270 21.117300
1008 202697 7.299450 1.982750
1008 203521 22.354740 3.488740
1008 202681 13.634580 45.721730
1008 202389 19.557650 31.636260
1020 -1 9.973130 44.424560
1020 1717 19.755910 24.119570
1020 2734 7.104090 25.399860
1020 101114 18.589890 41.330610
1020 200826 11.859610 17.882940
1020 201580 13.766500 43.911220
1020 2210 30.552000 21.967550
1020 202697 7.190140 1.983060
1020 203521 22.436470 3.728700
1020 202681 11.884470 45.191630
1020 202389 18.380440 31.228220
1032 -1 9.779480 43.626900
1032 1717 19.451220 24.527920
1032 2734 6.886500 25.684090
1032 101114 17.105060 40.886550
1032 200826 11.257420 18.171060
1032 201580 12.229020 43.429280
1032 2210 30.551600 22.927060
1032 202697 7.021460 1.998140
1032 203521 22.602480 4.051320
1032 202681 10.251340 44.370800
1032 202389 17.202270 30.638020
1044 -1 8.090540 41.887120
1044 1717 19.149380 25.024170
1044 2734 6.683800 25.880730
1044 101114 15.696800 40.258510
1044 200826 10.731200 18.377750
1044 201580 10.776940 42.750690
1044 2210 30.514290 23.916720
1044 202697 6.806550 2.012330
1044 203521 22.845570 4.448260
1044 202681 8.729030 43.292740
1044 202389 16.045090 30.294270
1056 -1 5.873590 40.701870
1056 1717 18.780050 25.560110
1056 2734 6.482050 25.965440
1056 101114 14.329320 39.458920
1056 200826 10.331150 18.525240
1056 201580 9.602490 41.776990
1056 2210 30.432750 24.855200
1056 202697 6.590710 2.025080
1056 203521 23.126720 4.911450
1056 202681 7.336610 42.037630
1056 202389 14.873620 30.079250
1068 -1 4.418900 39.927650
1068 1717 18.337270 26.118820
1068 2734 6.288200 25.943230
1068 101114 13.062520 38.439470
1068 200826 10.016110 18.636360
1068 201580 8.499570 40.577830
1068 2210 30.321820 25.730550
1068 202697 6.432350 2.027620
1068 203521 23.423620 5.395720
1068 202681 6.093650 40.629100
1068 202389 13.791320 29.605270
1080 -1 3.329110 39.126940
1080 1717 17.807470 26.652020
1080 2734 6.059040 25.825620
1080 101114 11.842030 37.293670
1080 200826 9.752770 18.656580
1080 201580 7.470810 39.290600
1080 2210 30.190620 26.513800
1080 202697 6.351300 2.020940
1080 203521 23.724670 5.931010
1080 202681 5.235460 39.049750
1080 202389 12.754020 29.197480
1092 -1 2.747400 37.940680
1092 1717 17.191140 27.063950
1092 2734 5.771400 25.581730
1092 101114 10.808830 36.089290
1092 200826 9.587010 18.584230
1092 201580 6.796800 37.777970
1092 2210 30.042450 27.230380
1092 202697 6.328740 2.006730
1092 203521 24.017680 6.497220
1092 202681 4.462650 37.385800
1092 202389 11.735630 28.876160
1104 -1 2.035020 35.325730
1104 1717 16.656870 27.419700
1104 2734 5.353690 24.945480
1104 101114 9.892660 34.831720
1104 200826 9.515080 18.475230
1104 201580 6.345290 36.024300
1104 2210 29.944640 27.872370
1104 202697 6.312050 2.003440
1104 203521 24.279740 7.036530
1104 202681 3.809090 35.700000
1104 202389 10.766810 28.575650
1116 -1 2.270700 32.303920
1116 1717 16.206270 27.549880
1116 2734 4.850150 24.123450
1116 101114 9.098760 33.556100
1116 200826 9.606830 18.360700
1116 201580 5.816220 34.411400
1116 2210 29.919480 28.453060
1116 202697 6.249870 2.000580
1116 203521 24.539920 7.518030
1116 202681 3.679170 34.110710
1116 202389 9.913340 28.245530
1128 -1 4.707220 29.162300
1128 1717 15.872810 27.613160
1128 2734 4.409710 23.103660
1128 101114 8.442820 32.284290
1128 200826 9.731050 18.298720
1128 201580 5.357890 32.888660
1128 2210 29.962290 28.973270
1128 202697 6.138900 1.995150
1128 203521 24.788870 7.924300
1128 202681 3.779200 32.632940
1128 202389 9.124360 28.103130
1140 -1 7.720400 25.863020
1140 1717 15.704990 27.607060
1140 2734 4.034050 21.877260
1140 101114 7.851410 31.172640
1140 200826 10.161340 18.110520
1140 201580 4.968020 31.273040
1140 2210 30.034020 29.436260
1140 202697 6.022960 1.989620
1140 203521 24.968110 8.189810
1140 202681 3.901600 31.051920
1140 202389 8.413340 28.036080
1152 -1 10.738360 22.565970
1152 1717 15.725170 27.678870
1152 2734 3.862700 20.459400
1152 101114 7.359780 30.284750
1152 200826 10.964330 17.820610
1152 201580 4.740360 29.656080
1152 2210 30.121680 29.863570
1152 202697 5.924940 1.984450
1152 203521 25.020600 8.315880
1152 202681 4.173320 29.502890
1152 202389 7.896160 27.989600
1164 -1 13.689140 19.424110
1164 1717 15.867750 27.531910
1164 2734 3.943010 19.188370
1164 101114 6.865680 29.643870
1164 200826 12.009740 17.420730
1164 201580 4.698880 28.321390
1164 2210 30.182460 30.264880
1164 202697 5.870720 1.972470
1164 203521 24.947950 8.383840
1164 202681 4.478840 28.176820
1164 202389 7.459550 27.899410
1176 -1 16.696340 16.237910
1176 1717 16.144080 27.457370
1176 2734 4.243990 17.886220
1176 101114 6.458460 29.277240
1176 200826 13.218890 16.933750
1176 201580 4.782920 27.168440
1176 2210 30.159740 30.704130
1176 202697 5.873500 1.969430
1176 203521 24.750460 8.369820
1176 202681 4.438130 26.983810
1176 202389 7.072840 27.813890
1188 -1 19.656590 13.000090
1188 1717 16.438080 27.308870
1188 2734 4.710740 16.611880
1188 101114 5.965980 29.191000
1188 200826 14.670100 16.243970
1188 201580 5.010250 25.935090
1188 2210 30.085710 31.143160
1188 202697 5.904340 1.971740
1188 203521 24.419670 8.318230
1188 202681 4.217070 26.198310
1188 202389 6.739460 27.682040
1200 -1 22.532160 10.059750
1200 1717 16.764330 27.227230
1200 2734 5.327000 15.396360
1200 101114 5.595750 29.196930
1200 200826 16.047970 15.504680
1200 201580 5.391480 24.854680
1200 2210 30.020140 31.544890
1200 202697 5.924260 1.971130
1200 203521 23.867480 8.241800
1200 202681 4.198260 25.520640
1200 202389 6.449760 27.605250
1212 -1 22.711580 8.424150
1212 1717 17.076270 27.189830
1212 2734 5.969760 14.308860
1212 101114 5.255570 29.241700
1212 200826 17.221150 14.758280
1212 201580 5.738910 24.045910
1212 2210 29.964270 31.915740
1212 202697 5.928130 1.970850
1212 203521 23.066390 8.131970
1212 202681 4.199350 25.134600
1212 202389 6.091470 27.646350
1224 -1 21.748670 7.925500
1224 1717 17.350780 27.192590
1224 2734 6.659370 13.364300
1224 101114 4.836550 29.107940
1224 200826 18.222740 14.107250
1224 201580 5.930050 23.271630
1224 2210 29.930960 32.262700
1224 202697 5.924810 1.971720
1224 203521 22.159010 8.177600
1224 202681 4.211910 24.919560
1224 202389 5.756490 27.752050
1236 -1 20.174370 8.273330
1236 1717 17.557760 27.159640
1236 2734 7.434810 12.629200
1236 101114 4.354970 28.698020
1236 200826 18.850720 13.494100
1236 201580 6.113320 22.435380
1236 2210 29.929390 32.508300
1236 202697 5.914400 1.964720
1236 203521 21.027960 8.420660
1236 202681 4.245580 25.042720
1236 202389 5.510060 28.033160
1248 -1 18.513110 7.593820
1248 1717 17.747560 27.171480
1248 2734 8.237670 12.039390
1248 101114 3.995860 28.167810
1248 200826 19.160750 12.964610
1248 201580 6.186660 21.687710
1248 2210 29.923710 32.663270
1248 202697 5.904110 1.956960
1248 203521 19.718340 8.919210
1248 202681 4.246600 24.538270
1248 202389 5.336210 28.378870
1260 -1 17.645770 7.780290
1260 1717 17.846530 27.129600
1260 2734 9.095390 11.711280
1260 101114 3.679230 27.446720
1260 200826 19.136600 12.554970
1260 201580 6.351240 21.158400
1260 2210 29.848250 32.819190
1260 202697 5.896500 1.952520
1260 203521 18.322080 9.659610
1260 202681 3.846100 23.579540
1260 202389 5.182060 28.754010
1272 -1 16.244120 8.896960
1272 1717 17.821980 27.036010
1272 2734 9.893670 11.600950
1272 101114 3.302120 26.650320
1272 200826 18.792690 12.307940
1272 201580 6.572450 20.630550
1272 2210 29.699510 32.950140
1272 202697 5.888290 1.947310
1272 203521 17.067920 10.689540
1272 202681 3.210140 21.903360
1272 202389 5.102900 29.245020
1284 -1 14.790180 11.216340
1284 1717 17.677390 26.923430
1284 2734 10.531260 11.585610
1284 101114 2.971070 25.861990
1284 200826 18.199450 12.205920
1284 201580 6.860200 20.215140
1284 2210 29.526940 33.023060
1284 202697 5.879720 1.939690
1284 203521 15.727700 11.861200
1284 202681 2.448080 19.644890
1284 202389 5.133610 29.791060
1296 -1 14.568950 13.675950
1296 1717 17.362100 26.827360
1296 2734 10.994060 11.648450
1296 101114 2.692810 24.959940
1296 200826 17.493180 12.277170
1296 201580 7.243150 19.907340
1296 2210 29.409670 33.069370
1296 202697 5.875250 1.940450
1296 203521 14.545760 13.053710
1296 202681 1.642400 17.029730
1296 202389 5.139510 30.234550
1308 -1 14.202270 15.150970
1308 1717 16.998220 26.694380
1308 2734 11.250210 11.811940
1308 101114 2.582110 24.151750
1308 200826 16.661830 12.525430
1308 201580 7.785910 19.761070
1308 2210 29.350640 33.060650
1308 202697 5.873910 1.947750
1308 203521 13.463530 14.223980
1308 202681 1.060320 14.728840
1308 202389 5.135830 30.635970
1320 -1 13.062200 16.859880
1320 1717 16.532570 26.549670
1320 2734 11.283480 11.863210
1320 101114 2.508780 23.352550
1320 200826 15.786290 12.970400
1320 201580 8.227830 19.680300
1320 2210 29.327440 32.984610
1320 202697 5.878570 1.963320
1320 203521 12.533310 15.455760
1320 202681 0.758780 13.096150
1320 202389 5.145720 30.984370
1332 -1 11.173310 20.369300
1332 1717 15.910710 26.462390
1332 2734 11.097320 11.839680
1332 101114 2.527380 22.492340
1332 200826 14.886110 13.517390
1332 201580 8.550780 19.674200
1332 2210 29.363580 32.891120
1332 202697 5.937570 2.002440
1332 203521 11.636610 16.708860
1332 202681 0.711730 12.140750
1332 202389 5.109740 31.191840
1344 -1 9.307440 23.933190
1344 1717 15.119660 26.481280
1344 2734 10.842610 11.800620
1344 101114 2.690040 21.636130
1344 200826 14.088370 14.105900
1344 201580 8.725900 19.847150
1344 2210 29.422020 32.817200
1344 202697 6.082390 2.080310
1344 203521 10.941520 17.680720
1344 202681 0.863060 11.645110
1344 202389 5.093740 31.229160
1356 -1 7.414250 27.422970
1356 1717 14.320460 26.505320
1356 2734 10.554140 11.703110
1356 101114 2.903650 20.951070
1356 200826 13.388300 14.696030
1356 201580 8.744650 20.119800
1356 2210 29.458860 32.765820
1356 202697 6.348350 2.187940
1356 203521 10.344600 18.460150
1356 202681 1.084550 11.238640
1356 202389 5.026030 31.082700
1368 -1 5.810880 29.258030
1368 1717 13.334020 26.588550
1368 2734 10.280500 11.545710
1368 101114 2.979290 20.114890
1368 200826 12.837480 15.258470
1368 201580 8.549530 20.611960
1368 2210 29.491270 32.775190
1368 202697 6.737830 2.342320
1368 203521 9.877500 19.052620
1368 202681 1.278590 10.928130
1368 202389 4.981930 30.781960
1380 -1 5.172110 29.022840
1380 1717 12.157190 26.770910
1380 2734 10.039000 11.426330
1380 101114 3.013600 19.387320
1380 200826 12.407090 15.805050
1380 201580 8.221810 21.254780
1380 2210 29.543780 32.812030
1380 202697 7.222320 2.585040
1380 203521 9.634740 19.311850
1380 202681 1.388650 10.722920
1380 202389 4.928330 30.309900
1392 -1 4.514470 28.084190
1392 1717 11.041340 26.964110
1392 2734 9.920360 11.334990
1392 101114 3.002700 18.732840
1392 200826 12.176200 16.344550
1392 201580 7.759710 22.043380
1392 2210 29.594080 32.822880
1392 202697 7.874070 2.888680
1392 203521 9.589760 19.290990
1392 202681 1.498160 10.644410
1392 202389 4.888550 29.568790
1404 -1 4.584080 27.284870
1404 1717 9.913630 27.104090
1404 2734 9.890570 11.277520
1404 101114 2.993140 18.215760
1404 200826 12.088490 16.876150
1404 201580 7.298770 22.878020
1404 2210 29.653650 32.764630
1404 202697 8.609300 3.227020
1404 203521 9.624880 19.157250
1404 202681 1.616950 10.730300
1404 202389 4.764890 28.812880
1416 -1 4.737650 27.357940
1416 1717 8.772000 27.360580
1416 2734 10.086880 11.211660
1416 101114 2.963560 17.843970
1416 200826 12.090400 17.467390
1416 201580 6.852960 23.770310
1416 2210 29.721100 32.638030
1416 202697 9.448870 3.617940
1416 203521 9.779560 18.959550
1416 202681 1.747310 10.945950
1416 202389 4.749220 28.144810
1428 -1 4.787210 26.644110
1428 1717 7.762220 27.673720
1428 2734 10.404160 11.139080
1428 101114 2.939180 17.641930
1428 200826 12.119100 18.025110
1428 201580 6.435650 24.495460
1428 2210 29.800700 32.442130
1428 202697 10.372700 4.054640
1428 203521 10.049720 18.707970
1428 202681 1.928950 11.286050
1428 202389 4.627390 27.605510
1440 -1 5.114640 25.074840
1440 1717 7.006960 27.974270
1440 2734 10.831510 11.034270
1440 101114 2.885390 17.541160
1440 200826 12.192150 18.485430
1440 201580 6.128040 25.066450
1440 2210 29.901160 32.189330
1440 202697 11.398560 4.493630
1440 203521 10.353220 18.423430
1440 202681 2.194070 11.725680
1440 202389 4.501330 27.273440
1452 -1 5.348520 24.086790
1452 1717 6.310830 28.367630
1452 2734 11.374230 10.898310
1452 101114 2.803200 17.505400
1452 200826 12.272180 18.893880
1452 201580 5.972910 25.418070
1452 2210 30.001130 31.929820
1452 202697 12.464290 4.980060
1452 203521 10.664550 18.138630
1452 202681 2.542570 12.196800
1452 202389 4.307810 27.011640
1464 -1 5.286090 23.736620
1464 1717 5.872160 28.804100
1464 2734 12.069400 10.708980
1464 101114 2.689030 17.528650
1464 200826 12.308170 19.227300
1464 201580 5.842110 25.518590
1464 2210 30.121160 31.756490
1464 202697 13.600250 5.516460
1464 203521 11.035870 17.904710
1464 202681 2.951610 12.681510
1464 202389 4.108730 26.917350
1476 -1 5.234480 23.148810
1476 1717 5.618430 29.213440
1476 2734 12.717470 10.517250
1476 101114 2.571490 17.589210
1476 200826 12.440220 19.495290
1476 201580 5.707080 25.580680
1476 2210 30.354360 31.617100
1476 202697 14.733360 6.051780
1476 203521 11.491580 17.727010
1476 202681 3.438760 13.163410
1476 202389 3.884880 26.410720
1488 -1 5.228600 22.799510
1488 1717 5.463520 29.635190
1488 2734 13.378710 10.329870
1488 101114 2.458280 17.670520
1488 200826 12.600960 19.763920
1488 201580 5.533170 26.067310
1488 2210 30.664510 31.534150
1488 202697 15.899580 6.569680
1488 203521 12.032130 17.564000
1488 202681 3.975700 13.646740
1488 202389 3.882940 25.618740
1500 -1 5.228700 22.397030
1500 1717 5.331790 30.038520
1500 2734 14.066900 10.164070
1500 101114 2.378700 17.783600
1500 200826 12.852930 20.124750
1500 201580 5.253790 26.541580
1500 2210 31.067640 31.498400
1500 202697 17.151030 7.089870
1500 203521 12.635240 17.503130
1500 202681 4.586200 14.114770
1500 202389 3.983550 24.749800
1512 -1 5.257110 21.936670
1512 1717 5.296940 30.323660
1512 2734 14.743850 9.982250
1512 101114 2.317770 17.925150
1512 200826 13.175050 20.531670
1512 201580 4.889210 27.105480
1512 2210 31.564860 31.476390
1512 202697 18.433080 7.586530
1512 203521 13.252960 17.407250
1512 202681 5.225720 14.605080
1512 202389 4.171530 24.117960
1524 -1 5.105310 21.999910
1524 1717 5.334320 30.546260
1524 2734 15.305130 9.824560
1524 101114 2.272560 18.071240
1524 200826 13.524210 20.970120
1524 201580 4.448840 27.765590
1524 2210 32.134580 31.413400
1524 202697 19.736090 8.077890
1524 203521 13.872510 17.355520
1524 202681 5.991690 15.130480
1524 202389 4.419880 23.385670
1536 -1 4.753530 22.161450
1536 1717 5.468340 30.680600
1536 2734 15.764960 9.688140
1536 101114 2.263020 18.212770
1536 200826 13.926120 21.447280
1536 201580 3.974730 28.386930
1536 2210 32.707220 31.360570
1536 202697 21.108270 8.612390
1536 203521 14.479960 17.432900
1536 202681 6.826490 15.662740
1536 202389 4.870830 23.159590