0 -1 9.386360 17.277810
0 101114 47.315760 27.629870
0 101109 39.117760 11.474640
0 2585 17.829250 25.221460
0 202083 33.794270 36.672510
0 203939 37.654410 33.062290
0 2544 19.688440 11.051280
0 2747 9.127660 15.699770
0 201567 9.425550 25.087160
0 203521 12.618420 32.180100
0 202684 17.153930 32.363050
12 -1 9.740200 17.030320
12 101114 48.542740 27.434380
12 101109 40.557630 11.927260
12 2585 19.297530 25.340500
12 202083 35.206820 35.436260
12 203939 39.798670 32.860810
12 2544 20.680130 9.728780
12 2747 9.923060 15.128520
12 201567 9.986770 25.035790
12 203521 13.024740 32.955420
12 202684 18.538800 32.386030
24 -1 10.780210 16.432070
24 101114 49.748320 27.260720
24 101109 41.969990 12.327550
24 2585 20.851990 25.468620
24 202083 36.665780 34.108950
24 203939 41.928000 32.692710
24 2544 21.782500 8.520500
24 2747 10.935090 14.478670
24 201567 10.600880 24.965030
24 203521 13.683020 33.749060
24 202684 20.032680 32.402360
36 -1 13.878700 15.130500
36 101114 50.924320 27.150660
36 101109 43.385300 12.703130
36 2585 22.483320 25.624560
36 202083 38.152640 32.679860
36 203939 44.038500 32.505010
36 2544 22.980740 7.521920
36 2747 12.022700 13.791940
36 201567 11.309850 24.885970
36 203521 14.553110 34.554430
36 202684 21.562700 32.386130
48 -1 17.590190 12.873560
48 101114 52.045840 27.132250
48 101109 44.783260 13.055580
48 2585 24.210020 25.778250
48 202083 39.677180 31.192790
48 203939 46.133410 32.327480
48 2544 24.272210 6.682890
48 2747 13.185240 13.083640
48 201567 12.087000 24.835540
48 203521 15.565160 35.363040
48 202684 23.147270 32.351670
60 -1 21.363360 10.726870
60 101114 53.147670 27.192610
60 101109 46.178920 13.378850
60 2585 26.001590 25.925400
60 202083 41.194800 29.689480
60 203939 48.226410 32.153680
60 2544 25.621600 6.009500
60 2747 14.476980 12.430080
60 201567 12.935130 24.826160
60 203521 16.721030 36.138210
60 202684 24.854060 32.292640
72 -1 25.038220 8.599680
72 101114 54.192810 27.287160
72 101109 47.556200 13.682500
72 2585 27.861860 26.070060
72 202083 42.736600 28.214390
72 203939 50.285440 31.995020
72 2544 27.055230 5.503890
72 2747 15.867880 11.877880
72 201567 13.867950 24.849180
72 203521 18.009980 36.926180
72 202684 26.558790 32.215150
84 -1 28.407230 6.502480
84 101114 55.276430 27.451940
84 101109 48.932100 13.960990
84 2585 29.781380 26.210650
84 202083 44.243780 26.690470
84 203939 52.301010 31.834890
84 2544 28.593400 5.133980
84 2747 17.266260 11.444240
84 201567 14.825020 24.828730
84 203521 19.395470 37.702860
84 202684 28.313150 32.074310
96 -1 30.274400 5.424080
96 101114 56.280770 27.677320
96 101109 50.266690 14.244120
96 2585 31.735290 26.324970
96 202083 45.744920 25.179230
96 203939 54.291670 31.689810
96 2544 30.194180 4.860530
96 2747 18.775310 11.173250
96 201567 15.933000 24.878440
96 203521 20.881460 38.484520
96 202684 30.134430 31.860890
108 -1 33.110280 4.221900
108 101114 57.208820 27.969530
108 101109 51.589990 14.516730
108 2585 33.694760 26.468650
108 202083 47.278250 23.702430
108 203939 56.219610 31.508170
108 2544 31.875540 4.688280
108 2747 20.380010 11.129150
108 201567 17.105520 24.914550
108 203521 22.513000 39.192940
108 202684 31.987670 31.602280
120 -1 35.334590 4.160740
120 101114 58.097760 28.244310
120 101109 52.869540 14.788020
120 2585 35.671200 26.622970
120 202083 48.840870 22.274660
120 203939 58.065550 31.336710
120 2544 33.628600 4.643240
120 2747 21.988620 11.171570
120 201567 18.395330 24.936650
120 203521 24.219590 39.896150
120 202684 33.829120 31.302340
132 -1 37.688440 4.607250
132 101114 58.999250 28.536630
132 101109 54.083570 15.060560
132 2585 37.670670 26.682490
132 202083 50.366800 20.876140
132 203939 59.880230 31.131420
132 2544 35.439300 4.680790
132 2747 23.596130 11.308480
132 201567 19.756700 24.976440
132 203521 26.001740 40.596280
132 202684 35.684780 30.963820
144 -1 40.169360 5.389690
144 101114 59.777130 28.852180
144 101109 55.251940 15.390540
144 2585 39.701060 26.611550
144 202083 51.813930 19.656770
144 203939 61.663380 30.923280
144 2544 37.288500 4.842490
144 2747 25.260360 11.590900
144 201567 21.251750 25.089540
144 203521 27.828500 41.279590
144 202684 37.456920 30.559610
156 -1 41.835150 5.954550
156 101114 60.562310 29.183960
156 101109 56.361300 15.749800
156 2585 41.718160 26.608320
156 202083 53.212470 18.490690
156 203939 63.330560 30.722210
156 2544 39.149290 4.969220
156 2747 26.893790 11.983400
156 201567 22.756920 25.189690
156 203521 29.708240 41.914600
156 202684 39.285290 30.092230
168 -1 42.937290 6.331410
168 101114 61.356600 29.499350
168 101109 57.430280 16.168870
168 2585 43.685450 26.534290
168 202083 54.626140 17.359540
168 203939 64.940190 30.496370
168 2544 41.047740 5.097920
168 2747 28.467300 12.444830
168 201567 24.325690 25.298790
168 203521 31.640580 42.543860
168 202684 41.074430 29.631920
180 -1 43.998680 6.521030
180 101114 62.120790 29.859970
180 101109 58.455210 16.657800
180 2585 45.664510 26.463950
180 202083 56.013490 16.382700
180 203939 66.465500 30.171760
180 2544 42.988320 5.213160
180 2747 30.042600 12.976190
180 201567 25.911810 25.422900
180 203521 33.616120 43.159960
180 202684 42.920170 29.181350
192 -1 45.503200 6.832550
192 101114 62.828940 30.259030
192 101109 59.464870 17.182600
192 2585 47.670060 26.451800
192 202083 57.377340 15.528800
192 203939 67.905660 29.831600
192 2544 44.927620 5.306200
192 2747 31.586550 13.576080
192 201567 27.586110 25.512130
192 203521 35.661400 43.757260
192 202684 44.700590 28.713820
204 -1 47.190770 6.796330
204 101114 63.573660 30.636020
204 101109 60.434510 17.714060
204 2585 49.647070 26.566220
204 202083 58.768120 14.803760
204 203939 69.282010 29.465570
204 2544 46.921690 5.302030
204 2747 33.082950 14.162620
204 201567 29.307850 25.596920
204 203521 37.703820 44.315450
204 202684 46.547610 28.298500
216 -1 49.238310 6.524010
216 101114 64.329010 30.974510
216 101109 61.385320 18.243580
216 2585 51.627230 26.639750
216 202083 60.129770 14.309110
216 203939 70.585470 29.067750
216 2544 48.928740 5.242450
216 2747 34.576950 14.800910
216 201567 31.048550 25.679510
216 203521 39.771580 44.817770
216 202684 48.307080 27.893780
228 -1 51.574590 6.313820
228 101114 65.123540 31.278510
228 101109 62.300170 18.772640
228 2585 53.612730 26.787030
228 202083 61.483660 13.992830
228 203939 71.845240 28.592230
228 2544 50.848380 5.145540
228 2747 36.061130 15.494760
228 201567 32.805300 25.789020
228 203521 41.895700 45.300520
228 202684 50.070380 27.468810
240 -1 53.923500 6.396860
240 101114 65.926620 31.546210
240 101109 63.192840 19.319930
240 2585 55.509610 26.926820
240 202083 62.815530 13.686640
240 203939 73.083370 28.020960
240 2544 52.750060 4.881480
240 2747 37.519600 16.204370
240 201567 34.578200 25.926330
240 203521 44.019440 45.809270
240 202684 51.763690 27.085920
252 -1 55.183900 6.560270
252 101114 66.723620 31.787490
252 101109 64.037930 19.891090
252 2585 57.287780 27.094660
252 202083 64.166240 13.429520
252 203939 74.243200 27.594100
252 2544 54.663190 4.648190
252 2747 38.959350 16.903290
252 201567 36.351120 26.086690
252 203521 46.107910 46.225220
252 202684 53.484180 26.797870
264 -1 56.439580 6.619350
264 101114 67.484380 32.004720
264 101109 64.863380 20.476370
264 2585 59.004170 27.276710
264 202083 65.514890 13.182690
264 203939 75.394610 27.181650
264 2544 56.456950 4.536000
264 2747 40.318360 17.597660
264 201567 38.164020 26.235870
264 203521 48.212720 46.562880
264 202684 55.198220 26.551730
276 -1 58.178520 6.550700
276 101114 68.219740 32.231960
276 101109 65.665660 21.067720
276 2585 60.715870 27.420400
276 202083 66.809730 12.922850
276 203939 76.476720 26.821200
276 2544 58.201910 4.508240
276 2747 41.632230 18.263590
276 201567 39.928010 26.409450
276 203521 50.230910 46.898380
276 202684 56.815470 26.439390
288 -1 60.080840 6.367840
288 101114 68.938570 32.485290
288 101109 66.444020 21.693190
288 2585 62.469950 27.518000
288 202083 67.977120 12.639560
288 203939 77.495440 26.610840
288 2544 59.965490 4.406760
288 2747 42.961340 18.925020
288 201567 41.743740 26.663900
288 203521 52.252110 47.219030
288 202684 58.439540 26.391800
300 -1 61.975770 6.053140
300 101114 69.627680 32.728790
300 101109 67.155340 22.276650
300 2585 64.143270 27.592730
300 202083 69.060530 12.370640
300 203939 78.456050 26.585260
300 2544 61.629020 4.421630
300 2747 44.227850 19.548240
300 201567 43.558250 26.885590
300 203521 54.267120 47.529180
300 202684 59.939070 26.231390
312 -1 63.473490 6.256550
312 101114 70.339340 32.903330
312 101109 67.892290 22.849250
312 2585 65.833970 27.614460
312 202083 70.097630 12.140950
312 203939 79.395250 26.448240
312 2544 63.250440 4.353220
312 2747 45.455040 20.205960
312 201567 45.296850 27.122570
312 203521 56.280510 47.795720
312 202684 61.450860 26.051080
324 -1 64.275480 6.065020
324 101114 71.086970 33.051450
324 101109 68.577140 23.353440
324 2585 67.526850 27.499300
324 202083 71.089720 11.935300
324 203939 80.176090 26.469400
324 2544 64.809880 4.247470
324 2747 46.667950 20.813400
324 201567 47.018660 27.403670
324 203521 58.282040 48.051820
324 202684 62.939770 25.995560
336 -1 65.134560 6.147850
336 101114 71.849960 33.195970
336 101109 69.212250 23.801560
336 2585 69.092060 27.255550
336 202083 72.050460 11.759660
336 203939 80.899960 26.577720
336 2544 66.316730 4.151470
336 2747 47.861500 21.361540
336 201567 48.786960 27.663480
336 203521 60.314040 48.245690
336 202684 64.426680 25.941300
348 -1 66.451580 6.281460
348 101114 72.577350 33.338990
348 101109 69.819970 24.174660
348 2585 70.508140 26.919820
348 202083 72.932140 11.617890
348 203939 81.498420 26.746410
348 2544 67.685410 4.231240
348 2747 48.998520 21.848300
348 201567 50.501050 27.887280
348 203521 62.226270 48.398500
348 202684 65.755850 25.944210
360 -1 68.037270 6.465260
360 101114 73.285440 33.468300
360 101109 70.426120 24.533030
360 2585 71.773420 26.536650
360 202083 73.746190 11.503170
360 203939 82.008320 26.808070
360 2544 69.018240 4.423380
360 2747 50.092990 22.303390
360 201567 52.196490 28.190040
360 203521 64.121570 48.447670
360 202684 67.129020 25.960100
372 -1 69.907520 6.638850
372 101114 73.963610 33.665350
372 101109 70.925530 24.852300
372 2585 72.875910 26.150020
372 202083 74.541880 11.428260
372 203939 82.317990 26.969430
372 2544 70.273480 4.710270
372 2747 51.147630 22.686660
372 201567 53.924250 28.567480
372 203521 65.952850 48.580770
372 202684 68.287200 25.890730
384 -1 72.112090 6.768300
384 101114 74.608740 33.908870
384 101109 71.345350 25.173130
384 2585 73.742430 25.797600
384 202083 75.339480 11.387490
384 203939 82.528290 27.038580
384 2544 71.490490 5.065480
384 2747 52.163300 23.100170
384 201567 55.615070 28.958620
384 203521 67.729950 48.673620
384 202684 69.171560 25.888470
396 -1 74.299760 6.564470
396 101114 75.228110 34.110610
396 101109 71.458380 25.515350
396 2585 74.490960 25.489080
396 202083 76.132740 11.371710
396 203939 82.565740 27.177870
396 2544 72.608680 5.544120
396 2747 53.124200 23.564010
396 201567 57.255500 29.382800
396 203521 69.470730 48.750060
396 202684 69.888690 25.901170
408 -1 75.616460 6.167490
408 101114 75.921180 34.235360
408 101109 71.550160 25.752500
408 2585 75.149000 25.171360
408 202083 76.964840 11.428100
408 203939 82.506640 27.193630
408 2544 73.690110 6.049030
408 2747 53.994660 23.977480
408 201567 58.922830 29.888380
408 203521 71.152740 48.819050
408 202684 70.544080 26.064070
420 -1 76.959840 5.904360
420 101114 76.663410 34.306420
420 101109 71.570090 25.922690
420 2585 75.759140 24.849500
420 202083 77.849910 11.594610
420 203939 82.345960 27.377230
420 2544 74.728420 6.447350
420 2747 54.819610 24.355180
420 201567 60.582460 30.409140
420 203521 72.775920 48.817000
420 202684 70.993680 26.486010
432 -1 77.492690 6.042820
432 101114 77.389150 34.297270
432 101109 71.596220 25.944840
432 2585 76.235360 24.550000
432 202083 78.659450 11.808160
432 203939 82.237340 27.542350
432 2544 75.678680 6.868340
432 2747 55.596580 24.671450
432 201567 62.191600 30.952270
432 203521 74.364510 48.770590
432 202684 71.330090 26.982240
444 -1 77.881600 6.384470
444 101114 78.107280 34.198730
444 101109 71.477470 25.940540
444 2585 76.850230 24.189330
444 202083 79.361970 12.024220
444 203939 82.157980 27.752740
444 2544 76.485330 7.287930
444 2747 56.343660 24.898090
444 201567 63.771580 31.542030
444 203521 75.893420 48.790370
444 202684 71.726560 27.534380
456 -1 78.119870 6.818640
456 101114 78.829600 34.069440
456 101109 71.430860 25.860640
456 2585 77.466500 23.873500
456 202083 79.994320 12.262640
456 203939 82.171820 27.903500
456 2544 77.172010 7.683020
456 2747 57.031010 25.074290
456 201567 65.316330 32.141800
456 203521 77.351740 48.822710
456 202684 72.116200 28.158210
468 -1 78.200780 7.234690
468 101114 79.489540 33.965870
468 101109 71.180990 25.794730
468 2585 78.024390 23.651320
468 202083 80.488960 12.523500
468 203939 82.196860 28.138040
468 2544 77.590710 7.951270
468 2747 57.642800 25.233050
468 201567 66.737360 32.669260
468 203521 78.754940 48.784790
468 202684 72.507270 28.740060
480 -1 77.127540 8.237380
480 101114 80.145530 33.927520
480 101109 70.787240 25.737540
480 2585 78.576740 23.511180
480 202083 80.837140 12.802730
480 203939 82.294380 28.560040
480 2544 77.753200 8.228980
480 2747 58.185490 25.389470
480 201567 68.065800 33.153030
480 203521 80.061660 48.751040
480 202684 72.966450 29.244010
492 -1 76.893560 8.248720
492 101114 80.817000 33.912750
492 101109 70.276450 25.728430
492 2585 79.178010 23.415840
492 202083 81.016980 13.041080
492 203939 82.409110 28.973440
492 2544 77.886730 8.517720
492 2747 58.630870 25.557470
492 201567 69.354020 33.640100
492 203521 81.212710 48.659400
492 202684 73.644640 29.946520
504 -1 77.035240 8.302850
504 101114 81.462420 33.944040
504 101109 69.774920 25.668780
504 2585 79.666430 23.480580
504 202083 81.113140 13.292640
504 203939 82.525660 29.375940
504 2544 78.082610 8.793730
504 2747 58.979570 25.739180
504 201567 70.512760 34.113760
504 203521 82.269040 48.550250
504 202684 74.339740 30.488180
516 -1 77.676970 8.445850
516 101114 82.080070 34.022170
516 101109 69.356430 25.612570
516 2585 80.186180 23.603200
516 202083 81.180570 13.550540
516 203939 82.662170 29.721160
516 2544 78.331680 9.041910
516 2747 59.262100 25.868680
516 201567 71.540590 34.618910
516 203521 83.235460 48.471210
516 202684 75.185300 31.002280
528 -1 78.387030 8.712210
528 101114 82.616360 34.187270
528 101109 69.033370 25.560120
528 2585 80.714220 23.694420
528 202083 81.297950 13.840290
528 203939 82.810860 30.089600
528 2544 78.814650 9.491770
528 2747 59.490370 25.950740
528 201567 72.421470 35.139680
528 203521 84.074320 48.399450
528 202684 76.094140 31.424230
540 -1 78.912820 9.474190
540 101114 83.054020 34.405690
540 101109 68.825540 25.447430
540 2585 81.247450 23.706910
540 202083 81.437330 14.134010
540 203939 82.856780 30.272480
540 2544 79.497850 10.266130
540 2747 59.659570 25.966900
540 201567 73.084920 35.726080
540 203521 84.826820 48.362240
540 202684 77.106170 31.912840
552 -1 79.252040 10.295080
552 101114 83.400980 34.693650
552 101109 68.736220 25.301710
552 2585 81.878510 23.914110
552 202083 81.652210 14.472120
552 203939 82.815770 30.429460
552 2544 80.141370 11.240210
552 2747 59.790370 25.906110
552 201567 73.516530 36.302210
552 203521 85.538220 48.314140
552 202684 78.095800 32.350680
564 -1 79.553340 10.764440
564 101114 83.708330 35.017810
564 101109 68.878070 25.139410
564 2585 82.478410 24.213210
564 202083 81.850780 14.838030
564 203939 82.665440 30.606870
564 2544 80.704000 12.179330
564 2747 59.891390 25.767320
564 201567 73.771440 36.886270
564 203521 86.094910 48.233100
564 202684 79.081560 32.779660
576 -1 80.096080 11.064580
576 101114 83.930200 35.341590
576 101109 69.206760 24.961040
576 2585 83.035450 24.591700
576 202083 82.071810 15.209140
576 203939 82.380810 30.821820
576 2544 81.231410 13.107180
576 2747 59.950450 25.520700
576 201567 73.819530 37.412420
576 203521 86.542290 48.144940
576 202684 79.973950 33.124100
588 -1 80.806770 11.235770
588 101114 84.191640 35.596010
588 101109 69.719160 24.722890
588 2585 83.533920 25.022130
588 202083 82.247280 15.559920
588 203939 81.961070 31.104100
588 2544 81.644870 13.906200
588 2747 59.993070 25.183210
588 201567 73.772680 37.930140
588 203521 86.928090 48.086410
588 202684 80.864610 33.480920
600 -1 81.511730 11.524260
600 101114 84.386020 35.749520
600 101109 70.411950 24.453870
600 2585 84.064620 25.621460
600 202083 82.413890 15.894510
600 203939 81.517030 31.383850
600 2544 81.940360 14.462670
600 2747 60.034610 24.795780
600 201567 73.672510 38.429840
600 203521 87.269730 48.014830
600 202684 81.658390 33.783870
612 -1 82.117220 12.152790
612 101114 84.507610 35.870320
612 101109 70.920910 24.098580
612 2585 84.489800 26.131670
612 202083 82.600620 16.288830
612 203939 81.056940 31.789970
612 2544 82.138080 14.863020
612 2747 60.094190 24.365540
612 201567 73.509790 38.849970
612 203521 87.559430 48.011540
612 202684 82.368970 33.975350
624 -1 82.053640 12.483370
624 101114 84.582790 35.936720
624 101109 71.318050 23.710610
624 2585 84.898700 26.650170
624 202083 82.870700 16.700670
624 203939 80.608190 32.243300
624 2544 82.350350 15.269300
624 2747 60.187010 23.927250
624 201567 73.315460 39.217310
624 203521 87.861880 48.047500
624 202684 82.925420 34.116910
636 -1 81.681690 13.275560
636 101114 84.629430 35.926180
636 101109 71.720120 23.196380
636 2585 85.276990 27.146610
636 202083 83.090130 17.018660
636 203939 80.233450 32.626150
636 2544 82.521620 15.718730
636 2747 60.345830 23.468680
636 201567 73.199800 39.537210
636 203521 88.139730 48.091130
636 202684 83.479700 34.533040
648 -1 81.200150 14.027920
648 101114 84.671800 35.893480
648 101109 72.181910 22.664780
648 2585 85.681060 27.679710
648 202083 83.347900 17.333640
648 203939 79.973570 32.947430
648 2544 82.722820 16.107810
648 2747 60.536650 22.904490
648 201567 73.050850 39.812360
648 203521 88.359550 48.162130
648 202684 84.066940 34.821480
660 -1 81.310490 14.196660
660 101114 84.674170 35.847320
660 101109 72.637100 22.074000
660 2585 86.101590 28.339320
660 202083 83.617920 17.651520
660 203939 79.787860 33.207450
660 2544 82.906510 16.467790
660 2747 60.771930 22.197090
660 201567 72.884540 39.986750
660 203521 88.471880 48.246290
660 202684 84.691360 34.883570
672 -1 81.854230 14.227680
672 101114 84.819770 35.834280
672 101109 73.315380 21.583110
672 2585 86.523540 29.154660
672 202083 83.869800 17.912470
672 203939 79.763680 33.145690
672 2544 83.106780 16.760400
672 2747 61.058930 21.354980
672 201567 72.759630 40.165880
672 203521 88.509020 48.300070
672 202684 85.349620 34.948490
684 -1 82.632540 14.476090
684 101114 84.994790 35.803340
684 101109 74.092830 21.126030
684 2585 86.915830 29.842720
684 202083 84.052510 18.176690
684 203939 79.787570 32.919470
684 2544 83.307620 17.052910
684 2747 61.407150 20.390100
684 201567 72.652750 40.334390
684 203521 88.441110 48.291520
684 202684 86.184270 34.896000
696 -1 82.429730 14.727390
696 101114 85.172550 35.864230
696 101109 74.793180 20.735270
696 2585 87.285100 30.432120
696 202083 84.252580 18.567650
696 203939 79.767220 32.765430
696 2544 83.467710 17.315940
696 2747 61.807870 19.339630
696 201567 72.517630 40.507080
696 203521 88.318420 48.246920
696 202684 86.908580 34.648880
708 -1 81.850800 15.560200
708 101114 85.275220 35.957730
708 101109 75.335970 20.322170
708 2585 87.665240 31.024460
708 202083 84.394940 18.950020
708 203939 79.863030 32.416890
708 2544 83.537480 17.708950
708 2747 62.273400 18.259870
708 201567 72.368310 40.668310
708 203521 88.161840 48.193750
708 202684 87.495380 34.461720
720 -1 81.409980 16.401290
720 101114 85.430640 36.109630
720 101109 75.850550 20.003680
720 2585 87.960310 31.348640
720 202083 84.306370 19.118030
720 203939 80.066120 31.932350
720 2544 83.618870 18.123370
720 2747 62.796410 17.172640
720 201567 72.188560 40.787040
720 203521 88.051000 48.134470
720 202684 87.935290 34.299600
732 -1 81.610660 16.943100
732 101114 85.466090 36.203130
732 101109 76.508440 19.751150
732 2585 88.176510 31.325140
732 202083 84.260750 19.259300
732 203939 80.183070 31.606860
732 2544 83.759860 18.519550
732 2747 63.331320 16.100480
732 201567 71.944000 40.830550
732 203521 87.958100 48.082490
732 202684 88.219060 34.156300
744 -1 82.382780 17.325880
744 101114 85.463180 36.348460
744 101109 77.145190 19.331450
744 2585 88.359900 31.253930
744 202083 84.289590 19.556810
744 203939 80.357410 31.235800
744 2544 83.675760 18.780770
744 2747 63.864790 15.039140
744 201567 71.629910 40.779800
744 203521 87.931640 48.056460
744 202684 88.285810 34.028840
756 -1 82.657850 18.203230
756 101114 85.462390 36.528080
756 101109 77.796750 18.758470
756 2585 88.528130 31.165790
756 202083 84.294050 19.831780
756 203939 80.659130 30.710450
756 2544 83.701590 18.989480
756 2747 64.403230 14.032070
756 201567 71.260740 40.643990
756 203521 87.938820 48.070930
756 202684 88.334470 33.858780
768 -1 82.530730 18.859660
768 101114 85.315350 36.748630
768 101109 78.339940 18.165850
768 2585 88.627320 30.979030
768 202083 84.316090 20.084910
768 203939 80.910650 30.211630
768 2544 83.716520 19.064990
768 2747 64.971160 13.119800
768 201567 70.839610 40.420290
768 203521 87.977100 48.067520
768 202684 88.301030 33.528830
780 -1 82.883760 18.983850
780 101114 85.146960 36.975810
780 101109 78.736210 17.527170
780 2585 88.690090 30.781000
780 202083 84.517340 20.398350
780 203939 81.004230 29.758190
780 2544 83.755220 19.027760
780 2747 65.552570 12.292920
780 201567 70.442070 40.165450
780 203521 88.012520 48.087180
780 202684 88.237040 33.380060
792 -1 83.024750 18.422610
792 101114 85.021930 37.211260
792 101109 78.917870 16.795250
792 2585 88.734100 30.624930
792 202083 84.557620 20.518090
792 203939 80.990310 29.257840
792 2544 83.795500 19.147500
792 2747 66.082820 11.589380
792 201567 70.028230 39.839510
792 203521 88.046940 48.122230
792 202684 88.135770 33.255790
804 -1 83.234780 18.501910
804 101114 85.057170 37.453930
804 101109 79.022610 16.108990
804 2585 88.750830 30.469410
804 202083 84.525990 20.557820
804 203939 80.839280 28.839720
804 2544 83.993880 19.331670
804 2747 66.519660 11.023340
804 201567 69.604880 39.454130
804 203521 88.085620 48.167440
804 202684 88.042250 33.108610
816 -1 83.175760 19.075140
816 101114 85.049690 37.663700
816 101109 79.047980 15.552210
816 2585 88.725600 30.352950
816 202083 84.461910 20.781370
816 203939 80.574730 28.466150
816 2544 84.104630 19.492740
816 2747 66.843620 10.586480
816 201567 69.160340 39.040980
816 203521 88.109970 48.179980
816 202684 87.721970 32.949270
828 -1 83.015580 19.650330
828 101114 85.150240 37.812220
828 101109 79.124810 15.033390
828 2585 88.677820 30.278720
828 202083 84.385940 20.981670
828 203939 80.136280 28.222560
828 2544 84.253110 19.712290
828 2747 67.031350 10.284010
828 201567 68.742110 38.640900
828 203521 88.118160 48.194040
828 202684 87.418440 32.834550
840 -1 82.779520 20.217700
840 101114 85.242330 37.953320
840 101109 79.223400 14.536390
840 2585 88.619120 30.227270
840 202083 84.280110 21.332120
840 203939 79.547130 28.100640
840 2544 84.351210 20.071870
840 2747 67.079400 10.138700
840 201567 68.351860 38.271960
840 203521 88.105470 48.180940
840 202684 87.112710 32.502380
852 -1 82.492880 20.767500
852 101114 85.217780 38.087690
852 101109 79.347830 14.087590
852 2585 88.625690 30.008000
852 202083 84.292360 21.848360
852 203939 78.966640 28.030970
852 2544 84.345090 20.151310
852 2747 67.072150 10.075690
852 201567 68.009580 37.971970
852 203521 88.105530 48.160760
852 202684 86.891920 31.989820
864 -1 82.180950 21.289980
864 101114 84.911720 38.203960
864 101109 79.539680 13.826930
864 2585 88.574920 29.717070
864 202083 84.366830 22.214000
864 203939 78.614790 27.920290
864 2544 84.292890 20.374790
864 2747 67.043060 10.062360
864 201567 67.748550 37.755820
864 203521 88.124850 48.158740
864 202684 86.739060 31.428890
876 -1 81.869010 21.775360
876 101114 84.653780 38.272840
876 101109 79.770910 13.780410
876 2585 88.431470 29.386890
876 202083 84.433950 22.358070
876 203939 78.274040 27.853930
876 2544 84.167670 20.602510
876 2747 67.004090 10.067600
876 201567 67.606340 37.609560
876 203521 88.143910 48.152460
876 202684 86.887690 30.636640
888 -1 81.582370 22.213890
888 101114 84.451120 38.306380
888 101109 80.170200 13.811420
888 2585 88.215020 29.045270
888 202083 84.431550 22.440680
888 203939 78.036820 27.822350
888 2544 83.966190 20.859050
888 2747 66.968110 10.075020
888 201567 67.515140 37.495270
888 203521 88.140210 48.133180
888 202684 87.046260 29.892760
900 -1 81.346310 22.595810
900 101114 84.296390 38.284680
900 101109 80.717850 13.910470
900 2585 88.042630 28.645300
900 202083 84.387440 22.256130
900 203939 77.981650 27.760020
900 2544 83.439660 21.255380
900 2747 66.946870 10.074530
900 201567 67.442070 37.425010
900 203521 88.112320 48.109900
900 202684 87.259370 29.226610
912 -1 81.186130 22.911370
912 101114 84.238370 38.222270
912 101109 81.324270 14.069760
912 2585 87.844230 28.347700
912 202083 84.280100 22.262980
912 203939 77.995620 27.690250
912 2544 82.962080 21.802970
912 2747 66.934660 10.070600
912 201567 67.389430 37.398020
912 203521 88.031910 48.090150
912 202684 87.449090 28.625480
924 -1 81.127120 23.150780
924 101114 84.304310 38.107670
924 101109 81.993590 14.235430
924 2585 87.749620 28.093970
924 202083 84.064140 22.304630
924 203939 77.967040 27.728440
924 2544 82.484900 22.256890
924 2747 66.926290 10.060260
924 201567 67.362280 37.394060
924 203521 87.842570 48.036840
924 202684 87.551830 28.113150
936 -1 81.594970 22.967470
936 101114 84.379070 37.944440
936 101109 82.766270 14.379730
936 2585 87.872190 27.537210
936 202083 83.855430 22.424390
936 203939 77.990490 27.772140
936 2544 82.041240 22.788890
936 2747 66.919090 10.051620
936 201567 67.302880 37.391250
936 203521 87.580350 47.969580
936 202684 87.565450 27.814460
948 -1 81.335960 23.047780
948 101114 84.423600 37.741140
948 101109 83.454500 14.621010
948 2585 88.096560 26.896650
948 202083 83.609250 22.710560
948 203939 78.217130 27.854050
948 2544 81.622650 23.398840
948 2747 66.907370 10.043270
948 201567 67.246640 37.372240
948 203521 87.312600 47.950040
948 202684 87.631520 27.544090
960 -1 80.859000 24.107160
960 101114 84.458520 37.557810
960 101109 84.051690 14.951470
960 2585 88.391040 26.306140
960 202083 83.355950 23.275040
960 203939 78.568670 27.989040
960 2544 81.479870 23.906500
960 2747 66.882200 10.040580
960 201567 67.118090 37.329070
960 203521 86.960760 47.907980
960 202684 87.646370 27.326530
972 -1 78.618780 26.047540
972 101114 84.499780 37.490810
972 101109 84.569330 15.311480
972 2585 88.608550 25.994010
972 202083 83.062590 23.641420
972 203939 79.065930 28.156050
972 2544 81.291480 24.460660
972 2747 66.848490 10.029990
972 201567 66.961400 37.243460
972 203521 86.480840 47.860240
972 202684 87.543720 27.133980
984 -1 75.416200 28.906300
984 101114 84.533850 37.542770
984 101109 84.975840 15.659560
984 2585 88.851580 25.816370
984 202083 82.785020 24.110620
984 203939 79.675750 28.337810
984 2544 80.949800 25.107670
984 2747 66.803810 10.026980
984 201567 66.793600 37.169240
984 203521 85.956740 47.854960
984 202684 87.406290 26.895120
996 -1 72.433540 31.657600
996 101114 84.567020 37.752460
996 101109 85.152880 15.946540
996 2585 89.048050 26.094210
996 202083 82.479610 24.548700
996 203939 80.438600 28.592310
996 2544 80.614800 25.746450
996 2747 66.745580 10.035320
996 201567 66.650630 37.108920
996 203521 85.390770 47.890620
996 202684 87.176040 26.545910
1008 -1 69.475710 34.296640
1008 101114 84.572680 38.078400
1008 101109 85.067840 16.144210
1008 2585 89.295290 26.589480
1008 202083 82.242340 24.919730
1008 203939 81.088960 28.795990
1008 2544 80.267620 26.268070
1008 2747 66.684600 10.052410
1008 201567 66.540280 37.012210
1008 203521 84.774980 47.905560
1008 202684 86.824110 26.105390
1020 -1 67.778970 35.722120
1020 101114 84.543870 38.448130
1020 101109 84.748100 16.198350
1020 2585 89.375100 26.914260
1020 202083 82.018800 25.251160
1020 203939 81.515500 29.130190
1020 2544 79.848720 26.705920
1020 2747 66.637560 10.068490
1020 201567 66.520020 36.791970
1020 203521 84.178130 47.966450
1020 202684 86.360870 25.404320
1032 -1 67.521170 35.682610
1032 101114 84.499350 38.719950
1032 101109 84.206590 16.158740
1032 2585 89.465250 27.158940
1032 202083 81.744660 25.565670
1032 203939 81.637160 29.559370
1032 2544 79.312900 27.114020
1032 2747 66.578230 10.098950
1032 201567 66.497500 36.559770
1032 203521 83.662540 48.028250
1032 202684 85.957560 24.648420
1044 -1 67.521580 35.383340
1044 101114 84.418130 38.853430
1044 101109 83.419420 16.029030
1044 2585 89.454590 27.236330
1044 202083 81.442390 25.769300
1044 203939 81.384890 30.060820
1044 2544 78.892150 27.454740
1044 2747 66.492710 10.116080
1044 201567 66.540390 36.247450
1044 203521 83.138220 48.053320
1044 202684 85.840350 23.837220
1056 -1 67.364120 35.223730
1056 101114 84.292030 38.804670
1056 101109 82.542020 15.840270
1056 2585 89.328570 27.090060
1056 202083 81.229770 25.894960
1056 203939 80.788130 30.670610
1056 2544 78.390030 27.763910
1056 2747 66.352300 10.151360
1056 201567 66.575340 35.975380
1056 203521 82.655730 48.058050
1056 202684 85.735210 22.901970
1068 -1 67.777870 34.519990
1068 101114 84.163390 38.662100
1068 101109 81.695770 15.652000
1068 2585 89.103940 26.687490
1068 202083 80.998110 25.999920
1068 203939 79.924970 31.384220
1068 2544 77.844770 28.116180
1068 2747 66.147110 10.209750
1068 201567 66.562820 35.766020
1068 203521 82.116300 48.028150
1068 202684 85.620160 21.954690
1080 -1 67.524750 34.817750
1080 101114 84.047930 38.450280
1080 101109 80.846550 15.528460
1080 2585 88.817960 26.482820
1080 202083 80.792670 26.135010
1080 203939 78.937090 32.068770
1080 2544 77.254850 28.427510
1080 2747 65.888180 10.299880
1080 201567 66.545890 35.684730
1080 203521 81.575100 47.931770
1080 202684 85.619680 21.282510
1092 -1 66.757320 35.418040
1092 101114 83.921160 38.148140
1092 101109 80.047420 15.489340
1092 2585 88.512520 25.999170
1092 202083 80.667540 26.314090
1092 203939 77.945920 32.718750
1092 2544 76.646110 28.603960
1092 2747 65.597380 10.469560
1092 201567 66.591780 35.622380
1092 203521 80.941300 47.666980
1092 202684 85.676080 20.521520
1104 -1 66.952290 35.440730
1104 101114 83.798170 37.777450
1104 101109 79.332560 15.532730
1104 2585 88.147630 25.383050
1104 202083 80.529340 26.490790
1104 203939 76.913450 33.293510
1104 2544 75.969900 28.700860
1104 2747 65.306630 10.742570
1104 201567 66.611180 35.604910
1104 203521 80.289310 47.240990
1104 202684 85.577740 19.740360
1116 -1 68.447800 34.739690
1116 101114 83.712610 37.370120
1116 101109 78.728690 15.646620
1116 2585 87.787540 24.686080
1116 202083 80.289180 26.710030
1116 203939 75.808710 33.792300
1116 2544 75.292570 28.716090
1116 2747 65.024780 11.078050
1116 201567 66.663880 35.522880
1116 203521 79.644000 46.622280
1116 202684 85.594320 19.051140
1128 -1 70.566190 33.697900
1128 101114 83.636470 36.907270
1128 101109 78.205010 15.796030
1128 2585 87.452840 23.971840
1128 202083 79.980190 26.935170
1128 203939 74.592670 34.263010
1128 2544 74.590430 28.587570
1128 2747 64.753970 11.441120
1128 201567 66.812880 35.380440
1128 203521 79.096920 45.846950
1128 202684 85.728950 18.408170
1140 -1 72.777000 32.426290
1140 101114 83.565720 36.397870
1140 101109 77.816010 15.961880
1140 2585 87.257090 23.127470
1140 202083 79.640000 27.057040
1140 203939 73.372750 34.671260
1140 2544 73.965280 28.411380
1140 2747 64.473590 11.811300
1140 201567 66.940670 35.248040
1140 203521 78.603340 44.889390
1140 202684 85.903220 17.763250
1152 -1 74.867800 31.351050
1152 101114 83.501540 35.862210
1152 101109 77.578270 16.089500
1152 2585 87.103270 22.306400
1152 202083 79.260080 27.156610
1152 203939 72.142180 35.098110
1152 2544 73.306750 28.200410
1152 2747 64.165860 12.177520
1152 201567 67.017190 35.198580
1152 203521 78.184550 43.882230
1152 202684 86.158140 17.471350
1164 -1 77.018590 30.381240
1164 101114 83.476680 35.322170
1164 101109 77.495470 16.184110
1164 2585 87.106480 21.559690
1164 202083 78.873570 27.178680
1164 203939 70.897780 35.581540
1164 2544 72.628310 27.976520
1164 2747 63.807600 12.538040
1164 201567 66.951860 35.291470
1164 203521 77.847890 42.753870
1164 202684 86.461260 17.394900
1176 -1 79.136540 29.188400
1176 101114 83.457580 34.769620
1176 101109 77.495170 16.256000
1176 2585 87.240120 20.927610
1176 202083 78.492740 27.101760
1176 203939 69.704120 36.031660
1176 2544 71.934110 27.815380
1176 2747 63.410280 12.826010
1176 201567 66.715750 35.442140
1176 203521 77.512930 41.551650
1176 202684 86.624020 17.447370
1188 -1 81.234550 28.164660
1188 101114 83.438370 34.185860
1188 101109 77.550310 16.324820
1188 2585 87.467930 20.487080
1188 202083 78.157070 26.911950
1188 203939 68.652640 36.464720
1188 2544 71.221180 27.731910
1188 2747 62.955200 13.096300
1188 201567 66.327890 35.756950
1188 203521 77.176290 40.283910
1188 202684 86.640810 17.555710
1200 -1 83.391850 27.185280
1200 101114 83.479730 33.595230
1200 101109 77.634300 16.369680
1200 2585 87.773680 20.197980
1200 202083 77.834770 26.670360
1200 203939 67.593450 36.842830
1200 2544 70.387330 27.586350
1200 2747 62.465780 13.356430
1200 201567 65.896990 36.160930
1200 203521 76.856400 39.026960
1200 202684 86.588850 17.668200
1212 -1 85.462020 26.219380
1212 101114 83.503620 33.032020
1212 101109 77.702240 16.388000
1212 2585 88.131630 20.017110
1212 202083 77.529700 26.379870
1212 203939 66.696600 37.256230
1212 2544 69.590440 27.522270
1212 2747 61.960900 13.550110
1212 201567 65.274100 36.575110
1212 203521 76.589880 37.717010
1212 202684 86.418700 17.702290
1224 -1 87.416130 25.292650
1224 101114 83.432970 32.489570
1224 101109 77.733590 16.396950
1224 2585 88.375710 20.008720
1224 202083 77.225780 26.103250
1224 203939 65.949490 37.710680
1224 2544 68.812200 27.461680
1224 2747 61.446500 13.664000
1224 201567 64.694140 36.978700
1224 203521 76.347790 36.448490
1224 202684 86.100900 17.858200
1236 -1 89.045680 25.100870
1236 101114 83.353670 31.976280
1236 101109 77.746140 16.361670
1236 2585 88.465030 20.145040
1236 202083 76.940380 25.840480
1236 203939 65.319540 38.167140
1236 2544 68.023370 27.303010
1236 2747 60.912000 13.753200
1236 201567 63.989020 37.340800
1236 203521 76.114190 35.272980
1236 202684 85.824690 18.205780
1248 -1 90.924060 26.966490
1248 101114 83.327590 31.520750
1248 101109 77.744390 16.248960
1248 2585 88.266440 20.421780
1248 202083 76.666310 25.576160
1248 203939 64.784930 38.652320
1248 2544 67.184040 27.094230
1248 2747 60.351280 13.811590
1248 201567 63.158150 37.655730
1248 203521 75.873100 34.184020
1248 202684 85.532010 18.675180
1260 -1 91.245760 27.838270
1260 101114 83.300540 31.105900
1260 101109 77.738310 16.035890
1260 2585 87.861240 20.869560
1260 202083 76.343950 25.380450
1260 203939 64.416730 39.237330
1260 2544 66.405550 26.951910
1260 2747 59.746730 13.896490
1260 201567 62.141150 37.936010
1260 203521 75.591370 33.182070
1260 202684 85.153780 19.284480
1272 -1 90.691010 27.319940
1272 101114 83.384330 30.755350
1272 101109 77.744510 15.740050
1272 2585 87.429870 21.378400
1272 202083 75.973750 25.026010
1272 203939 64.016770 39.769310
1272 2544 65.564830 26.785940
1272 2747 59.104020 14.000780
1272 201567 61.104820 38.196410
1272 203521 75.299740 32.330320
1272 202684 84.693270 19.924160
1284 -1 90.617350 26.681030
1284 101114 83.647620 30.476240
1284 101109 77.760170 15.371850
1284 2585 87.093760 21.927360
1284 202083 75.411030 24.519140
1284 203939 63.602420 40.278040
1284 2544 64.687540 26.594640
1284 2747 58.424830 14.141700
1284 201567 59.853990 38.348620
1284 203521 75.014460 31.675010
1284 202684 84.237680 20.553890
1296 -1 91.505870 25.800980
1296 101114 84.012600 30.287010
1296 101109 77.753260 14.935620
1296 2585 86.733620 22.487110
1296 202083 74.755440 23.925040
1296 203939 63.189720 40.849480
1296 2544 63.746290 26.394090
1296 2747 57.725770 14.310360
1296 201567 58.566030 38.533360
1296 203521 74.752450 31.134790
1296 202684 83.690340 21.149790
1308 -1 91.842200 26.063840
1308 101114 84.440510 30.140990
1308 101109 77.721960 14.456710
1308 2585 86.434360 22.960070
1308 202083 73.941200 23.252030
1308 203939 62.725650 41.418780
1308 2544 62.766170 26.140130
1308 2747 57.031480 14.464360
1308 201567 57.207370 38.630140
1308 203521 74.529760 30.707490
1308 202684 83.023370 21.779310
1320 -1 91.074130 28.612540
1320 101114 84.905320 30.032370
1320 101109 77.641650 13.974250
1320 2585 86.165150 23.330810
1320 202083 73.007370 22.439910
1320 203939 62.239490 41.977710
1320 2544 61.685730 25.822100
1320 2747 56.335660 14.519280
1320 201567 55.799100 38.617660
1320 203521 74.367560 30.366520
1320 202684 82.241410 22.374930
1332 -1 90.826870 29.491640
1332 101114 85.380390 29.926780
1332 101109 77.516640 13.464440
1332 2585 85.791280 23.731850
1332 202083 71.932490 21.682050
1332 203939 61.742440 42.544720
1332 2544 60.580270 25.452320
1332 2747 55.617730 14.524510
1332 201567 54.314100 38.474570
1332 203521 74.297500 30.096520
1332 202684 81.326900 22.931770
1344 -1 91.369310 27.864030
1344 101114 85.863710 29.814430
1344 101109 77.370030 12.919360
1344 2585 85.261360 24.165140
1344 202083 70.894680 20.962960
1344 203939 61.222730 43.055130
1344 2544 59.420270 25.050230
1344 2747 54.884510 14.487680
1344 201567 52.788140 38.232850
1344 203521 74.277530 29.784440
1344 202684 80.175540 23.453680
1356 -1 91.546520 27.357850
1356 101114 86.361760 29.719500
1356 101109 77.236240 12.354580
1356 2585 84.709960 24.580450
1356 202083 69.758200 20.209110
1356 203939 60.601240 43.512830
1356 2544 58.232040 24.607430
1356 2747 54.154710 14.445760
1356 201567 51.227760 37.893330
1356 203521 74.378040 29.513480
1356 202684 78.940290 23.929650
1368 -1 91.462840 27.787050
1368 101114 86.867260 29.637540
1368 101109 77.126400 11.783750
1368 2585 84.187880 24.949980
1368 202083 68.575690 19.441870
1368 203939 59.907100 43.952280
1368 2544 56.952520 24.139080
1368 2747 53.434190 14.410340
1368 201567 49.679840 37.510830
1368 203521 74.570070 29.266710
1368 202684 77.653830 24.398810
1380 -1 91.283240 28.246610
1380 101114 87.374170 29.593300
1380 101109 77.059480 11.193140
1380 2585 83.576880 25.269800
1380 202083 67.332710 18.689290
1380 203939 59.135520 44.332510
1380 2544 55.647450 23.669700
1380 2747 52.700830 14.429300
1380 201567 48.124740 37.087970
1380 203521 74.797480 29.031210
1380 202684 76.276680 24.837590
1392 -1 91.176180 28.817970
1392 101114 87.905560 29.552850
1392 101109 77.010770 10.589190
1392 2585 82.874240 25.549980
1392 202083 66.041530 17.942570
1392 203939 58.245610 44.667770
1392 2544 54.360920 23.171720
1392 2747 52.011540 14.475240
1392 201567 46.591250 36.640290
1392 203521 75.040560 28.787750
1392 202684 74.794120 25.312130