0 -1 11.306790 5.470810 BALL
0 201949 21.626290 12.220750 PLAYER
0 202335 39.064840 30.760660 PLAYER
0 201942 50.435800 17.290450 PLAYER
0 203082 67.646350 24.873090 PLAYER
0 202709 59.718510 33.425460 PLAYER
0 2592 31.888800 36.690900 PLAYER
0 2544 8.604000 7.260060 PLAYER
0 2747 65.019220 24.295470 PLAYER
0 203099 49.559860 47.537980 PLAYER
0 202684 11.540950 28.492240 PLAYER
12 -1 12.365240 5.187970 BALL
12 201949 23.354250 12.087140 PLAYER
12 202335 40.911040 30.642090 PLAYER
12 201942 52.131370 17.690250 PLAYER
12 203082 68.770130 24.462580 PLAYER
12 202709 61.107240 33.385970 PLAYER
12 2592 33.998020 37.157370 PLAYER
12 2544 9.886030 6.108010 PLAYER
12 2747 66.422550 23.168130 PLAYER
12 203099 51.428690 47.938060 PLAYER
12 202684 13.144570 28.828010 PLAYER
24 -1 13.399940 4.969740 BALL
24 201949 25.017010 11.910010 PLAYER
24 202335 42.792720 30.584590 PLAYER
24 201942 53.864800 18.024500 PLAYER
24 203082 69.876130 23.843620 PLAYER
24 202709 62.419700 33.395110 PLAYER
24 2592 36.123510 37.681600 PLAYER
24 2544 11.338320 5.045490 PLAYER
24 2747 67.883960 21.848890 PLAYER
24 203099 53.351790 48.218530 PLAYER
24 202684 14.775290 29.008150 PLAYER
36 -1 14.607970 4.592100 BALL
36 201949 26.683290 11.726770 PLAYER
36 202335 44.547610 30.575120 PLAYER
36 201942 55.600560 18.328690 PLAYER
36 203082 70.946580 23.214330 PLAYER
36 202709 63.753110 33.364290 PLAYER
36 2592 38.215230 38.099320 PLAYER
36 2544 12.799900 4.052980 PLAYER
36 2747 69.479190 20.413110 PLAYER
36 203099 55.259800 48.458260 PLAYER
36 202684 16.341890 29.037310 PLAYER
48 -1 15.891310 4.540540 BALL
48 201949 28.370160 11.488560 PLAYER
48 202335 46.248430 30.567130 PLAYER
48 201942 57.206770 18.703650 PLAYER
48 203082 72.017720 22.438100 PLAYER
48 202709 65.039960 33.334520 PLAYER
48 2592 40.350590 38.583670 PLAYER
48 2544 14.431040 3.266770 PLAYER
48 2747 70.854050 19.056240 PLAYER
48 203099 57.146360 48.675810 PLAYER
48 202684 18.005740 29.083980 PLAYER
60 -1 17.793170 3.902050 BALL
60 201949 30.040690 11.303280 PLAYER
60 202335 47.892800 30.514960 PLAYER
60 201942 58.746020 19.028680 PLAYER
60 203082 72.970980 21.631500 PLAYER
60 202709 66.243700 33.339340 PLAYER
60 2592 42.436040 39.013580 PLAYER
60 2544 16.065020 2.511080 PLAYER
60 2747 72.129580 17.831250 PLAYER
60 203099 59.003160 48.840400 PLAYER
60 202684 19.707540 29.184000 PLAYER
72 -1 20.079760 3.306910 BALL
72 201949 31.698590 11.106290 PLAYER
72 202335 49.484720 30.401190 PLAYER
72 201942 60.353490 19.277080 PLAYER
72 203082 73.830330 20.781680 PLAYER
72 202709 67.401900 33.385730 PLAYER
72 2592 44.539960 39.416610 PLAYER
72 2544 18.086390 2.142720 PLAYER
72 2747 73.307500 16.612680 PLAYER
72 203099 60.840460 48.955310 PLAYER
72 202684 21.529330 29.263050 PLAYER
84 -1 22.873280 2.410660 BALL
84 201949 33.430220 10.941740 PLAYER
84 202335 51.029410 30.284610 PLAYER
84 201942 61.877640 19.462930 PLAYER
84 203082 74.578760 19.987310 PLAYER
84 202709 68.544920 33.436060 PLAYER
84 2592 46.576330 39.786440 PLAYER
84 2544 20.197000 2.001270 PLAYER
84 2747 74.410580 15.520210 PLAYER
84 203099 62.627180 49.024250 PLAYER
84 202684 23.372730 29.231120 PLAYER
96 -1 25.207150 1.760120 BALL
96 201949 35.183810 10.770050 PLAYER
96 202335 52.500060 30.104250 PLAYER
96 201942 63.338870 19.869640 PLAYER
96 203082 75.311230 19.083320 PLAYER
96 202709 69.729130 33.323470 PLAYER
96 2592 48.546500 40.112440 PLAYER
96 2544 22.400130 1.979340 PLAYER
96 2747 75.347130 14.531880 PLAYER
96 203099 64.390650 49.116130 PLAYER
96 202684 25.265620 29.154270 PLAYER
108 -1 26.525770 1.445480 BALL
108 201949 36.909910 10.575790 PLAYER
108 202335 53.882640 29.842260 PLAYER
108 201942 64.807220 20.201560 PLAYER
108 203082 76.033460 18.178000 PLAYER
108 202709 70.877330 33.276010 PLAYER
108 2592 50.486610 40.383770 PLAYER
108 2544 24.563240 2.158720 PLAYER
108 2747 76.384600 13.447750 PLAYER
108 203099 66.132370 49.158160 PLAYER
108 202684 27.142520 28.997200 PLAYER
120 -1 27.976210 0.895920 BALL
120 201949 38.643540 10.323440 PLAYER
120 202335 55.210620 29.468160 PLAYER
120 201942 66.223630 20.569720 PLAYER
120 203082 76.808300 17.240810 PLAYER
120 202709 72.057760 33.243070 PLAYER
120 2592 52.428510 40.546560 PLAYER
120 2544 26.786830 2.423090 PLAYER
120 2747 77.446340 12.405630 PLAYER
120 203099 67.826620 49.200210 PLAYER
120 202684 29.042810 28.840330 PLAYER
132 -1 29.623060 1.017060 BALL
132 201949 40.390220 10.156990 PLAYER
132 202335 56.372990 29.102790 PLAYER
132 201942 67.530090 21.080520 PLAYER
132 203082 77.579740 16.335540 PLAYER
132 202709 73.216770 33.172010 PLAYER
132 2592 54.308490 40.660220 PLAYER
132 2544 28.841470 2.597610 PLAYER
132 2747 78.575740 11.316440 PLAYER
132 203099 69.398830 49.257650 PLAYER
132 202684 30.971180 28.683480 PLAYER
144 -1 31.588410 1.347440 BALL
144 201949 42.063060 9.969570 PLAYER
144 202335 57.473860 28.769950 PLAYER
144 201942 68.770750 21.777210 PLAYER
144 203082 78.306820 15.509060 PLAYER
144 202709 74.324850 33.033120 PLAYER
144 2592 56.150450 40.710120 PLAYER
144 2544 30.883240 2.767930 PLAYER
144 2747 79.636110 10.283700 PLAYER
144 203099 70.881300 49.344790 PLAYER
144 202684 32.995310 28.571090 PLAYER
156 -1 33.682560 2.149200 BALL
156 201949 43.715700 9.789150 PLAYER
156 202335 58.468320 28.445060 PLAYER
156 201942 69.958650 22.341000 PLAYER
156 203082 78.998090 14.689290 PLAYER
156 202709 75.292140 33.158270 PLAYER
156 2592 57.870430 40.790840 PLAYER
156 2544 32.782730 3.165580 PLAYER
156 2747 80.651830 9.224790 PLAYER
156 203099 72.333440 49.314740 PLAYER
156 202684 35.024270 28.396530 PLAYER
168 -1 35.969420 3.117530 BALL
168 201949 45.368170 9.655040 PLAYER
168 202335 59.390820 28.012630 PLAYER
168 201942 71.099040 22.965790 PLAYER
168 203082 79.665650 13.874220 PLAYER
168 202709 76.259840 33.193700 PLAYER
168 2592 59.402290 40.765300 PLAYER
168 2544 34.723660 3.670190 PLAYER
168 2747 81.620580 8.226810 PLAYER
168 203099 73.740400 49.290610 PLAYER
168 202684 37.129670 28.219150 PLAYER
180 -1 38.637420 4.599770 BALL
180 201949 46.981400 9.624250 PLAYER
180 202335 60.193240 27.503120 PLAYER
180 201942 72.163870 23.633610 PLAYER
180 203082 80.309880 13.133570 PLAYER
180 202709 77.165790 33.236370 PLAYER
180 2592 60.849300 40.612230 PLAYER
180 2544 36.623810 4.427780 PLAYER
180 2747 82.535300 7.190610 PLAYER
180 203099 75.073700 49.278190 PLAYER
180 202684 39.217800 28.005700 PLAYER
192 -1 40.804990 6.387860 BALL
192 201949 48.532150 9.717740 PLAYER
192 202335 60.980600 26.905420 PLAYER
192 201942 73.168450 24.291730 PLAYER
192 203082 80.970430 12.452510 PLAYER
192 202709 77.945090 33.399950 PLAYER
192 2592 62.170110 40.318360 PLAYER
192 2544 38.485770 5.430160 PLAYER
192 2747 83.352320 6.284780 PLAYER
192 203099 76.382180 49.254250 PLAYER
192 202684 41.132500 27.620120 PLAYER
204 -1 42.486460 8.034980 BALL
204 201949 49.991090 9.929780 PLAYER
204 202335 61.699370 26.194680 PLAYER
204 201942 74.108330 24.830890 PLAYER
204 203082 81.635660 11.825900 PLAYER
204 202709 78.696160 33.588580 PLAYER
204 2592 63.480170 39.925320 PLAYER
204 2544 40.256870 6.612450 PLAYER
204 2747 84.146980 5.412170 PLAYER
204 203099 77.569990 49.240320 PLAYER
204 202684 42.978380 27.139090 PLAYER
216 -1 43.423840 9.058200 BALL
216 201949 51.360350 10.300700 PLAYER
216 202335 62.368650 25.525740 PLAYER
216 201942 74.990900 25.388630 PLAYER
216 203082 82.259090 11.360120 PLAYER
216 202709 79.411610 33.663340 PLAYER
216 2592 64.790850 39.152950 PLAYER
216 2544 42.044620 7.720030 PLAYER
216 2747 84.921920 4.694590 PLAYER
216 203099 78.666020 49.237730 PLAYER
216 202684 44.790230 26.620220 PLAYER
228 -1 44.214520 10.011420 BALL
228 201949 52.655550 10.823470 PLAYER
228 202335 62.956510 24.994880 PLAYER
228 201942 75.748630 25.944070 PLAYER
228 203082 82.773350 10.990400 PLAYER
228 202709 80.046430 33.793700 PLAYER
228 2592 66.021610 38.260090 PLAYER
228 2544 43.693580 8.731920 PLAYER
228 2747 85.656730 4.112450 PLAYER
228 203099 79.678570 49.218360 PLAYER
228 202684 46.563670 26.093510 PLAYER
240 -1 45.437290 11.019180 BALL
240 201949 53.853870 11.449710 PLAYER
240 202335 63.504830 24.569440 PLAYER
240 201942 76.382340 26.422640 PLAYER
240 203082 83.233570 10.710030 PLAYER
240 202709 80.678860 33.800020 PLAYER
240 2592 66.989600 37.575160 PLAYER
240 2544 45.325410 9.753420 PLAYER
240 2747 86.370330 3.699640 PLAYER
240 203099 80.629230 49.156360 PLAYER
240 202684 48.318850 25.599210 PLAYER
252 -1 46.685040 11.779870 BALL
252 201949 54.991570 12.125130 PLAYER
252 202335 63.978430 24.237140 PLAYER
252 201942 76.880400 26.807530 PLAYER
252 203082 83.650590 10.544680 PLAYER
252 202709 81.224090 33.855380 PLAYER
252 2592 67.872810 36.872250 PLAYER
252 2544 46.992240 10.628140 PLAYER
252 2747 87.067130 3.404950 PLAYER
252 203099 81.524510 49.094390 PLAYER
252 202684 50.101220 25.149390 PLAYER
264 -1 49.375050 11.533820 BALL
264 201949 56.101820 12.824600 PLAYER
264 202335 64.497130 23.930300 PLAYER
264 201942 77.237510 27.188600 PLAYER
264 203082 84.002720 10.550410 PLAYER
264 202709 81.646270 34.013700 PLAYER
264 2592 68.691420 36.078340 PLAYER
264 2544 48.683580 11.274900 PLAYER
264 2747 87.640540 3.227690 PLAYER
264 203099 82.393040 49.056100 PLAYER
264 202684 51.850020 24.755110 PLAYER
276 -1 51.453970 12.550330 BALL
276 201949 57.248990 13.477740 PLAYER
276 202335 65.038700 23.634370 PLAYER
276 201942 77.489860 27.395850 PLAYER
276 203082 84.320620 10.623790 PLAYER
276 202709 82.063580 34.113730 PLAYER
276 2592 69.379890 35.472950 PLAYER
276 2544 50.481890 11.793340 PLAYER
276 2747 88.153760 3.047500 PLAYER
276 203099 83.141920 49.021360 PLAYER
276 202684 53.545560 24.385450 PLAYER
288 -1 53.748730 11.468900 BALL
288 201949 58.408810 13.993070 PLAYER
288 202335 65.653530 23.271480 PLAYER
288 201942 77.638060 27.511610 PLAYER
288 203082 84.611570 10.831850 PLAYER
288 202709 82.444470 34.170440 PLAYER
288 2592 70.071990 35.069680 PLAYER
288 2544 52.344070 11.987970 PLAYER
288 2747 88.560150 2.913160 PLAYER
288 203099 83.764920 48.985930 PLAYER
288 202684 55.195940 24.049490 PLAYER
300 -1 55.193910 10.663440 BALL
300 201949 59.583790 14.381320 PLAYER
300 202335 66.206070 23.003310 PLAYER
300 201942 77.735720 27.558320 PLAYER
300 203082 84.773420 11.228200 PLAYER
300 202709 82.736870 34.246430 PLAYER
300 2592 70.834650 34.609850 PLAYER
300 2544 54.271330 11.855780 PLAYER
300 2747 88.859060 2.766990 PLAYER
300 203099 84.296510 48.922120 PLAYER
300 202684 56.791920 23.829610 PLAYER
312 -1 56.214790 9.981360 BALL
312 201949 60.791240 14.733640 PLAYER
312 202335 66.805320 22.751240 PLAYER
312 201942 77.781170 27.552690 PLAYER
312 203082 84.717410 11.818280 PLAYER
312 202709 83.119240 34.046770 PLAYER
312 2592 71.539390 34.343290 PLAYER
312 2544 56.362240 11.726070 PLAYER
312 2747 88.984640 2.667520 PLAYER
312 203099 84.769180 48.818500 PLAYER
312 202684 58.393750 23.562820 PLAYER
324 -1 58.050450 9.719170 BALL
324 201949 62.134160 14.927280 PLAYER
324 202335 67.474680 22.521410 PLAYER
324 201942 77.705120 27.651900 PLAYER
324 203082 84.582330 12.345840 PLAYER
324 202709 83.536970 33.712580 PLAYER
324 2592 72.032820 34.344980 PLAYER
324 2544 58.586450 11.693590 PLAYER
324 2747 89.044200 2.559690 PLAYER
324 203099 85.190910 48.676880 PLAYER
324 202684 59.941240 23.285960 PLAYER
336 -1 61.244320 9.787400 BALL
336 201949 63.585800 14.963020 PLAYER
336 202335 68.180170 22.275450 PLAYER
336 201942 77.637780 27.773060 PLAYER
336 203082 84.211640 13.002560 PLAYER
336 202709 83.936980 33.344170 PLAYER
336 2592 72.335270 34.553760 PLAYER
336 2544 60.919700 11.737850 PLAYER
336 2747 88.940790 2.529210 PLAYER
336 203099 85.591390 48.557720 PLAYER
336 202684 61.546790 23.211480 PLAYER
348 -1 64.794040 10.536910 BALL
348 201949 65.152490 15.032680 PLAYER
348 202335 68.939910 22.075040 PLAYER
348 201942 77.628380 27.855060 PLAYER
348 203082 83.682930 13.703190 PLAYER
348 202709 84.347910 32.870160 PLAYER
348 2592 72.472710 34.929750 PLAYER
348 2544 63.203690 11.940100 PLAYER
348 2747 88.766850 2.479880 PLAYER
348 203099 85.986580 48.462890 PLAYER
348 202684 63.005400 23.109830 PLAYER
360 -1 67.358900 10.738520 BALL
360 201949 66.951660 15.120680 PLAYER
360 202335 69.828990 21.883290 PLAYER
360 201942 77.715740 27.878960 PLAYER
360 203082 83.156190 14.224960 PLAYER
360 202709 84.774410 32.272130 PLAYER
360 2592 72.365510 35.382020 PLAYER
360 2544 65.636810 12.366280 PLAYER
360 2747 88.549580 2.465770 PLAYER
360 203099 86.365360 48.400080 PLAYER
360 202684 64.466060 22.968030 PLAYER
372 -1 69.509660 10.937260 BALL
372 201949 68.913530 15.133460 PLAYER
372 202335 70.805550 21.732730 PLAYER
372 201942 77.919220 27.910970 PLAYER
372 203082 82.867680 14.364650 PLAYER
372 202709 85.191270 31.558850 PLAYER
372 2592 72.058970 35.914140 PLAYER
372 2544 68.017160 12.883280 PLAYER
372 2747 88.348740 2.461590 PLAYER
372 203099 86.694700 48.367910 PLAYER
372 202684 65.889190 22.881920 PLAYER
384 -1 71.831280 12.095340 BALL
384 201949 70.933830 15.355860 PLAYER
384 202335 71.738290 21.755850 PLAYER
384 201942 78.382550 27.817760 PLAYER
384 203082 82.781250 14.252520 PLAYER
384 202709 85.555000 30.705170 PLAYER
384 2592 71.665810 36.529120 PLAYER
384 2544 70.264690 13.391970 PLAYER
384 2747 88.194580 2.479450 PLAYER
384 203099 86.952450 48.356820 PLAYER
384 202684 67.315900 22.755120 PLAYER
396 -1 74.884430 13.022700 BALL
396 201949 72.860020 15.829260 PLAYER
396 202335 72.475510 22.024940 PLAYER
396 201942 78.961190 27.738770 PLAYER
396 203082 82.929440 13.779190 PLAYER
396 202709 85.847580 29.721580 PLAYER
396 2592 71.231400 37.176490 PLAYER
396 2544 72.381760 13.776800 PLAYER
396 2747 88.157300 2.483650 PLAYER
396 203099 87.158120 48.340600 PLAYER
396 202684 68.571040 22.480550 PLAYER
408 -1 76.429480 13.338430 BALL
408 201949 74.726940 16.436150 PLAYER
408 202335 73.119960 22.545440 PLAYER
408 201942 79.638490 27.709260 PLAYER
408 203082 83.246740 12.993130 PLAYER
408 202709 86.154450 28.430510 PLAYER
408 2592 70.803380 37.650420 PLAYER
408 2544 74.563050 14.185720 PLAYER
408 2747 88.202730 2.474940 PLAYER
408 203099 87.290350 48.321710 PLAYER
408 202684 70.003270 22.487260 PLAYER
420 -1 77.573250 13.950430 BALL
420 201949 76.448780 17.131300 PLAYER
420 202335 73.758370 23.076980 PLAYER
420 201942 80.306860 27.803040 PLAYER
420 203082 83.635670 12.059870 PLAYER
420 202709 86.376330 27.046050 PLAYER
420 2592 70.452800 38.052790 PLAYER
420 2544 76.550220 14.791150 PLAYER
420 2747 88.302430 2.449990 PLAYER
420 203099 87.337270 48.308660 PLAYER
420 202684 71.345160 22.653850 PLAYER
432 -1 78.884350 14.225360 BALL
432 201949 78.104130 17.859710 PLAYER
432 202335 74.397960 23.600100 PLAYER
432 201942 80.921540 27.965300 PLAYER
432 203082 84.049440 11.148470 PLAYER
432 202709 86.625450 25.620080 PLAYER
432 2592 70.087590 38.392200 PLAYER
432 2544 78.388300 15.303420 PLAYER
432 2747 88.406980 2.423110 PLAYER
432 203099 87.319210 48.297200 PLAYER
432 202684 72.495690 22.875980 PLAYER
444 -1 80.085400 14.870030 BALL
444 201949 79.659330 18.516850 PLAYER
444 202335 75.057940 24.071280 PLAYER
444 201942 81.575770 28.125040 PLAYER
444 203082 84.379950 10.403440 PLAYER
444 202709 86.915880 24.146400 PLAYER
444 2592 69.687500 38.710910 PLAYER
444 2544 80.224110 15.752710 PLAYER
444 2747 88.501780 2.390550 PLAYER
444 203099 87.299730 48.277940 PLAYER
444 202684 73.552300 23.272210 PLAYER
456 -1 82.518130 15.284260 BALL
456 201949 81.217890 19.092820 PLAYER
456 202335 75.963980 24.379410 PLAYER
456 201942 82.254200 28.263860 PLAYER
456 203082 84.762280 9.851610 PLAYER
456 202709 87.263300 22.712160 PLAYER
456 2592 69.252320 38.839170 PLAYER
456 2544 81.844760 16.288740 PLAYER
456 2747 88.587990 2.363130 PLAYER
456 203099 87.305480 48.227400 PLAYER
456 202684 74.654640 23.690010 PLAYER
468 -1 84.718130 16.217290 BALL
468 201949 82.679250 19.545770 PLAYER
468 202335 76.919460 24.564990 PLAYER
468 201942 82.916930 28.409870 PLAYER
468 203082 85.201190 9.415480 PLAYER
468 202709 87.550520 21.478990 PLAYER
468 2592 68.773000 39.004660 PLAYER
468 2544 83.276150 16.860190 PLAYER
468 2747 88.650030 2.349650 PLAYER
468 203099 87.342830 48.172780 PLAYER
468 202684 75.851290 24.112730 PLAYER
480 -1 85.717220 19.743080 BALL
480 201949 84.039220 19.911680 PLAYER
480 202335 77.909240 24.725500 PLAYER
480 201942 83.624790 28.545870 PLAYER
480 203082 85.682860 9.122590 PLAYER
480 202709 87.996780 20.324730 PLAYER
480 2592 68.282540 39.166640 PLAYER
480 2544 84.622970 17.314060 PLAYER
480 2747 88.695100 2.335540 PLAYER
480 203099 87.456690 48.096130 PLAYER
480 202684 77.053340 24.354850 PLAYER
492 -1 85.731150 25.708450 BALL
492 201949 85.220410 20.190680 PLAYER
492 202335 78.846530 24.868440 PLAYER
492 201942 84.451730 28.700100 PLAYER
492 203082 86.081760 8.946740 PLAYER
492 202709 88.390150 19.218050 PLAYER
492 2592 67.804650 39.240700 PLAYER
492 2544 85.850890 17.715860 PLAYER
492 2747 88.691250 2.288090 PLAYER
492 203099 87.557970 47.977790 PLAYER
492 202684 78.290830 24.629910 PLAYER
504 -1 85.691190 31.427220 BALL
504 201949 86.250110 20.405690 PLAYER
504 202335 79.858170 25.034200 PLAYER
504 201942 85.222470 28.928380 PLAYER
504 203082 86.428950 8.876510 PLAYER
504 202709 88.868250 18.113580 PLAYER
504 2592 67.362450 39.136600 PLAYER
504 2544 86.960670 17.967040 PLAYER
504 2747 88.598780 2.150190 PLAYER
504 203099 87.533200 47.864280 PLAYER
504 202684 79.458990 24.783270 PLAYER
516 -1 85.728660 36.853340 BALL
516 201949 87.095820 20.559630 PLAYER
516 202335 80.952270 25.202130 PLAYER
516 201942 85.963470 29.313180 PLAYER
516 203082 86.709740 8.907880 PLAYER
516 202709 89.302670 16.935790 PLAYER
516 2592 67.010710 39.064310 PLAYER
516 2544 88.115760 17.988750 PLAYER
516 2747 88.419290 1.929950 PLAYER
516 203099 87.389220 47.661320 PLAYER
516 202684 80.543420 24.872080 PLAYER
528 -1 86.023240 42.291640 BALL
528 201949 87.695590 20.749480 PLAYER
528 202335 82.009620 25.265880 PLAYER
528 201942 86.731820 29.786020 PLAYER
528 203082 86.912230 9.116190 PLAYER
528 202709 89.822000 15.609820 PLAYER
528 2592 66.695900 38.879930 PLAYER
528 2544 89.234140 17.938320 PLAYER
528 2747 88.171430 1.653880 PLAYER
528 203099 87.077280 47.428460 PLAYER
528 202684 81.368000 24.740920 PLAYER
540 -1 85.650910 46.450470 BALL
540 201949 88.150160 20.945800 PLAYER
540 202335 82.982230 25.259960 PLAYER
540 201942 87.377020 30.484660 PLAYER
540 203082 87.003160 9.401410 PLAYER
540 202709 90.236780 14.230480 PLAYER
540 2592 66.395300 38.618990 PLAYER
540 2544 90.199580 17.738830 PLAYER
540 2747 87.804190 1.450860 PLAYER
540 203099 86.614090 47.389500 PLAYER
540 202684 82.097320 24.570990 PLAYER
552 -1 85.266900 46.984590 BALL
552 201949 88.492660 21.183590 PLAYER
552 202335 83.916340 25.179250 PLAYER
552 201942 87.767840 31.378100 PLAYER
552 203082 86.966230 9.751500 PLAYER
552 202709 90.568830 12.875480 PLAYER
552 2592 66.183360 38.300510 PLAYER
552 2544 91.029340 17.495490 PLAYER
552 2747 87.370160 1.342070 PLAYER
552 203099 85.974110 47.343670 PLAYER
552 202684 82.800050 24.330510 PLAYER
564 -1 85.121550 47.135630 BALL
564 201949 88.697980 21.390780 PLAYER
564 202335 84.672170 24.981260 PLAYER
564 201942 87.960390 32.378340 PLAYER
564 203082 86.668230 10.263730 PLAYER
564 202709 90.728790 11.565610 PLAYER
564 2592 66.023830 37.944290 PLAYER
564 2544 91.654670 17.409050 PLAYER
564 2747 86.832090 1.411990 PLAYER
564 203099 85.304320 47.279330 PLAYER
564 202684 83.684030 24.232530 PLAYER
576 -1 84.052460 47.096920 BALL
576 201949 88.857820 21.590170 PLAYER
576 202335 85.221890 24.710520 PLAYER
576 201942 87.864940 33.430580 PLAYER
576 203082 86.121410 10.824520 PLAYER
576 202709 90.717040 10.407240 PLAYER
576 2592 65.855370 37.526090 PLAYER
576 2544 92.188120 17.352900 PLAYER
576 2747 86.188510 1.726080 PLAYER
576 203099 84.632370 47.347290 PLAYER
576 202684 84.514450 24.191830 PLAYER
588 -1 80.638360 44.455860 BALL
588 201949 89.063910 21.640640 PLAYER
588 202335 85.668320 24.445130 PLAYER
588 201942 87.610980 34.555170 PLAYER
588 203082 85.394650 11.475130 PLAYER
588 202709 90.524350 9.460700 PLAYER
588 2592 65.623760 37.092070 PLAYER
588 2544 92.567860 17.300190 PLAYER
588 2747 85.444460 2.182610 PLAYER
588 203099 84.069350 47.473410 PLAYER
588 202684 85.194780 24.067380 PLAYER
600 -1 76.567020 41.361870 BALL
600 201949 89.232260 21.582600 PLAYER
600 202335 86.016520 24.208870 PLAYER
600 201942 87.297970 35.569880 PLAYER
600 203082 84.450600 12.221870 PLAYER
600 202709 90.207650 8.598780 PLAYER
600 2592 65.478830 36.634680 PLAYER
600 2544 92.914510 16.984370 PLAYER
600 2747 84.562740 2.800160 PLAYER
600 203099 83.590960 47.434880 PLAYER
600 202684 85.692830 23.726320 PLAYER
612 -1 72.565200 38.971500 BALL
612 201949 89.370790 21.410030 PLAYER
612 202335 86.269940 24.008760 PLAYER
612 201942 86.908900 36.510260 PLAYER
612 203082 83.376290 13.163090 PLAYER
612 202709 89.866560 7.818840 PLAYER
612 2592 65.351360 36.185510 PLAYER
612 2544 93.164650 16.639410 PLAYER
612 2747 83.578390 3.432990 PLAYER
612 203099 83.318490 47.461370 PLAYER
612 202684 86.116140 23.379530 PLAYER
624 -1 68.551660 35.837190 BALL
624 201949 89.503840 21.202300 PLAYER
624 202335 86.456100 23.850310 PLAYER
624 201942 86.492870 37.286670 PLAYER
624 203082 82.227340 14.273860 PLAYER
624 202709 89.420530 7.222160 PLAYER
624 2592 65.264670 35.774400 PLAYER
624 2544 93.356030 16.245270 PLAYER
624 2747 82.538220 4.000160 PLAYER
624 203099 83.219810 47.512340 PLAYER
624 202684 86.229870 22.902760 PLAYER
636 -1 67.245370 34.600700 BALL
636 201949 89.562220 20.975480 PLAYER
636 202335 86.570160 23.720080 PLAYER
636 201942 86.193860 37.759240 PLAYER
636 203082 81.094440 15.384280 PLAYER
636 202709 88.900160 6.765940 PLAYER
636 2592 65.275160 35.355900 PLAYER
636 2544 93.408850 15.915080 PLAYER
636 2747 81.408830 4.447070 PLAYER
636 203099 83.217650 47.558190 PLAYER
636 202684 86.261400 22.459310 PLAYER
648 -1 66.699220 34.178800 BALL
648 201949 89.484880 20.706590 PLAYER
648 202335 86.705290 23.608250 PLAYER
648 201942 85.807360 38.235820 PLAYER
648 203082 79.915570 16.687480 PLAYER
648 202709 88.272490 6.461440 PLAYER
648 2592 65.487550 34.905500 PLAYER
648 2544 93.418870 15.543890 PLAYER
648 2747 80.297660 4.843670 PLAYER
648 203099 83.225500 47.591380 PLAYER
648 202684 86.263880 22.136900 PLAYER
660 -1 66.791850 33.894850 BALL
660 201949 89.449730 20.296830 PLAYER
660 202335 86.949510 23.441330 PLAYER
660 201942 85.414520 38.608360 PLAYER
660 203082 78.693700 18.241330 PLAYER
660 202709 87.581700 6.338580 PLAYER
660 2592 65.612340 34.559540 PLAYER
660 2544 93.314740 15.437090 PLAYER
660 2747 79.208410 5.091620 PLAYER
660 203099 83.197960 47.637460 PLAYER
660 202684 86.291890 22.090700 PLAYER
672 -1 67.288940 33.423640 BALL
672 201949 89.401880 19.816150 PLAYER
672 202335 87.101160 23.345620 PLAYER
672 201942 85.129530 38.815470 PLAYER
672 203082 77.417310 19.945530 PLAYER
672 202709 86.818170 6.367080 PLAYER
672 2592 65.743770 34.302230 PLAYER
672 2544 93.213430 15.394690 PLAYER
672 2747 78.143960 5.266330 PLAYER
672 203099 83.088810 47.671090 PLAYER
672 202684 86.257390 22.116990 PLAYER
684 -1 66.471180 33.889560 BALL
684 201949 89.354770 19.390890 PLAYER
684 202335 87.143730 23.229060 PLAYER
684 201942 84.873320 38.993650 PLAYER
684 203082 76.135650 21.684790 PLAYER
684 202709 85.988480 6.467130 PLAYER
684 2592 65.871770 34.053520 PLAYER
684 2544 93.090880 15.278900 PLAYER
684 2747 77.098010 5.447160 PLAYER
684 203099 82.881340 47.691750 PLAYER
684 202684 86.217920 22.175920 PLAYER
696 -1 66.463870 34.034530 BALL
696 201949 89.348690 18.980470 PLAYER
696 202335 86.993100 23.086810 PLAYER
696 201942 84.634040 39.209550 PLAYER
696 203082 74.805650 23.684130 PLAYER
696 202709 85.201240 6.605230 PLAYER
696 2592 65.980360 33.885280 PLAYER
696 2544 92.977720 15.205330 PLAYER
696 2747 76.014810 5.825680 PLAYER
696 203099 82.572230 47.733780 PLAYER
696 202684 86.200060 22.236050 PLAYER
708 -1 67.467580 33.342860 BALL
708 201949 89.479030 18.636370 PLAYER
708 202335 86.758580 23.049040 PLAYER
708 201942 84.557700 39.070250 PLAYER
708 203082 73.434510 25.726400 PLAYER
708 202709 84.437680 6.894470 PLAYER
708 2592 66.005640 33.850700 PLAYER
708 2544 92.856410 15.160940 PLAYER
708 2747 74.842580 6.315090 PLAYER
708 203099 82.193850 47.780450 PLAYER
708 202684 86.165590 22.304980 PLAYER
720 -1 69.192380 32.488860 BALL
720 201949 89.562530 18.346220 PLAYER
720 202335 86.382900 23.157800 PLAYER
720 201942 84.614450 38.673600 PLAYER
720 203082 72.089750 27.759110 PLAYER
720 202709 83.652270 7.336510 PLAYER
720 2592 66.134880 33.717250 PLAYER
720 2544 92.765630 15.146590 PLAYER
720 2747 73.682500 6.812090 PLAYER
720 203099 81.766780 47.799350 PLAYER
720 202684 86.128750 22.370120 PLAYER
732 -1 70.926460 31.747170 BALL
732 201949 89.685220 18.202060 PLAYER
732 202335 86.200110 23.231760 PLAYER
732 201942 84.690010 38.181990 PLAYER
732 203082 70.825900 29.704220 PLAYER
732 202709 82.706310 7.959040 PLAYER
732 2592 66.216700 33.605740 PLAYER
732 2544 92.627250 15.026880 PLAYER
732 2747 72.489460 7.447600 PLAYER
732 203099 81.292290 47.793210 PLAYER
732 202684 86.058040 22.453980 PLAYER
744 -1 72.724890 31.060260 BALL
744 201949 89.827510 18.155770 PLAYER
744 202335 86.101530 23.359790 PLAYER
744 201942 84.771120 37.605770 PLAYER
744 203082 69.548970 31.635840 PLAYER
744 202709 81.879020 8.491000 PLAYER
744 2592 66.281260 33.515220 PLAYER
744 2544 92.410470 15.023430 PLAYER
744 2747 71.321400 8.135480 PLAYER
744 203099 80.757700 47.769080 PLAYER
744 202684 85.957650 22.549020 PLAYER
756 -1 74.642690 30.370580 BALL
756 201949 89.991740 18.089400 PLAYER
756 202335 86.132270 23.615690 PLAYER
756 201942 84.821410 36.947760 PLAYER
756 203082 68.152830 33.625190 PLAYER
756 202709 81.248450 9.032570 PLAYER
756 2592 66.339840 33.572930 PLAYER
756 2544 92.262510 14.929250 PLAYER
756 2747 70.309520 8.574990 PLAYER
756 203099 80.182660 47.682950 PLAYER
756 202684 85.817830 22.644020 PLAYER
768 -1 76.734430 29.629500 BALL
768 201949 90.074000 18.007810 PLAYER
768 202335 86.250290 23.764400 PLAYER
768 201942 84.780850 36.323440 PLAYER
768 203082 66.736660 35.525970 PLAYER
768 202709 80.759400 9.733260 PLAYER
768 2592 66.518050 33.470680 PLAYER
768 2544 91.988240 14.788850 PLAYER
768 2747 69.229810 9.293500 PLAYER
768 203099 79.579800 47.557560 PLAYER
768 202684 85.689620 22.701680 PLAYER
780 -1 78.682550 29.045450 BALL
780 201949 90.070930 18.099450 PLAYER
780 202335 86.331290 23.789780 PLAYER
780 201942 84.544890 35.862810 PLAYER
780 203082 65.261580 37.335060 PLAYER
780 202709 80.370480 10.502290 PLAYER
780 2592 66.590700 33.541230 PLAYER
780 2544 91.635220 14.504460 PLAYER
780 2747 68.203020 10.015970 PLAYER
780 203099 78.952710 47.392580 PLAYER
780 202684 85.597280 22.761700 PLAYER
792 -1 80.744010 28.109790 BALL
792 201949 90.004000 18.219510 PLAYER
792 202335 86.278000 23.820820 PLAYER
792 201942 84.278400 35.419030 PLAYER
792 203082 63.595980 39.127010 PLAYER
792 202709 80.250970 11.251500 PLAYER
792 2592 66.655810 33.626000 PLAYER
792 2544 91.101260 14.210310 PLAYER
792 2747 67.219860 10.779220 PLAYER
792 203099 78.301530 47.211700 PLAYER
792 202684 85.557500 22.801020 PLAYER
804 -1 82.613440 27.534070 BALL
804 201949 89.934360 18.208430 PLAYER
804 202335 86.245120 23.860400 PLAYER
804 201942 84.092400 34.974690 PLAYER
804 203082 61.824530 40.794030 PLAYER
804 202709 80.185680 12.242760 PLAYER
804 2592 66.648010 33.799030 PLAYER
804 2544 90.519140 13.924580 PLAYER
804 2747 66.252980 11.621840 PLAYER
804 203099 77.652620 47.019760 PLAYER
804 202684 85.529770 22.849870 PLAYER
816 -1 84.530380 26.825250 BALL
816 201949 89.764120 18.264420 PLAYER
816 202335 86.183280 23.858850 PLAYER
816 201942 83.927070 34.466570 PLAYER
816 203082 60.125970 42.058790 PLAYER
816 202709 80.107660 13.274730 PLAYER
816 2592 66.621860 33.865230 PLAYER
816 2544 89.711780 13.830840 PLAYER
816 2747 65.291140 12.517100 PLAYER
816 203099 77.019990 46.821950 PLAYER
816 202684 85.489350 22.888630 PLAYER
828 -1 86.412230 26.145330 BALL
828 201949 89.648640 18.362370 PLAYER
828 202335 85.934080 23.870690 PLAYER
828 201942 83.836190 33.914640 PLAYER
828 203082 58.387970 43.060270 PLAYER
828 202709 80.012680 14.166720 PLAYER
828 2592 66.311380 33.989890 PLAYER
828 2544 88.836510 13.627220 PLAYER
828 2747 64.537940 13.048380 PLAYER
828 203099 76.371010 46.603380 PLAYER
828 202684 85.396580 22.967200 PLAYER
840 -1 88.134100 24.896610 BALL
840 201949 89.533440 18.450230 PLAYER
840 202335 85.796900 23.555780 PLAYER
840 201942 83.987290 33.419980 PLAYER
840 203082 56.647740 43.854890 PLAYER
840 202709 79.951560 14.985800 PLAYER
840 2592 65.934240 34.016630 PLAYER
840 2544 87.794690 13.370440 PLAYER
840 2747 63.718170 13.713390 PLAYER
840 203099 75.720230 46.345080 PLAYER
840 202684 85.240530 23.075200 PLAYER
852 -1 89.177330 24.683980 BALL
852 201949 89.364600 18.548330 PLAYER
852 202335 85.816750 23.113890 PLAYER
852 201942 84.283660 32.906130 PLAYER
852 203082 54.974510 44.455450 PLAYER
852 202709 79.881860 15.721260 PLAYER
852 2592 65.475540 34.009890 PLAYER
852 2544 86.815250 13.121460 PLAYER
852 2747 62.875450 14.450110 PLAYER
852 203099 75.072880 46.038810 PLAYER
852 202684 84.991140 23.215740 PLAYER
864 -1 89.925070 24.596460 BALL
864 201949 89.071930 18.627920 PLAYER
864 202335 85.897580 22.682310 PLAYER
864 201942 84.577420 32.385160 PLAYER
864 203082 53.347810 44.883960 PLAYER
864 202709 79.776700 16.354640 PLAYER
864 2592 64.984670 33.909990 PLAYER
864 2544 85.775270 12.644220 PLAYER
864 2747 61.948220 15.296160 PLAYER
864 203099 74.423000 45.684080 PLAYER
864 202684 84.639640 23.382240 PLAYER
876 -1 90.235220 24.569650 BALL
876 201949 88.667980 18.575040 PLAYER
876 202335 86.148680 22.351210 PLAYER
876 201942 84.928390 31.967130 PLAYER
876 203082 51.710310 45.300940 PLAYER
876 202709 79.667110 16.867570 PLAYER
876 2592 64.345440 33.804120 PLAYER
876 2544 84.545350 12.151190 PLAYER
876 2747 60.982040 16.259560 PLAYER
876 203099 73.772030 45.282600 PLAYER
876 202684 84.209330 23.598410 PLAYER
888 -1 90.504890 24.081490 BALL
888 201949 88.211440 18.478580 PLAYER
888 202335 86.700910 22.257630 PLAYER
888 201942 85.265630 31.680340 PLAYER
888 203082 50.053190 45.699380 PLAYER
888 202709 79.587360 17.245010 PLAYER
888 2592 63.574950 33.876070 PLAYER
888 2544 83.269220 11.575050 PLAYER
888 2747 59.927460 17.342360 PLAYER
888 203099 73.093660 44.843000 PLAYER
888 202684 83.795730 23.772720 PLAYER
900 -1 90.808760 23.967720 BALL
900 201949 87.706290 18.364040 PLAYER
900 202335 87.268810 22.817000 PLAYER
900 201942 85.510030 31.419760 PLAYER
900 203082 48.383020 46.054150 PLAYER
900 202709 79.520330 17.460660 PLAYER
900 2592 62.741890 33.953820 PLAYER
900 2544 81.976400 11.192960 PLAYER
900 2747 58.834640 18.392050 PLAYER
900 203099 72.349320 44.378740 PLAYER
900 202684 83.248020 23.936640 PLAYER
912 -1 91.336800 24.114840 BALL
912 201949 87.101150 18.307750 PLAYER
912 202335 87.827820 23.551360 PLAYER
912 201942 85.688320 31.352210 PLAYER
912 203082 46.684370 46.371600 PLAYER
912 202709 79.478450 17.506950 PLAYER
912 2592 61.796750 34.002460 PLAYER
912 2544 80.472960 10.802580 PLAYER
912 2747 57.699180 19.344290 PLAYER
912 203099 71.556290 43.907320 PLAYER
912 202684 82.656690 24.157970 PLAYER
924 -1 91.079080 24.072870 BALL
924 201949 86.449730 18.233870 PLAYER
924 202335 88.539390 24.364440 PLAYER
924 201942 85.850130 31.369440 PLAYER
924 203082 44.966030 46.603840 PLAYER
924 202709 79.497230 17.370680 PLAYER
924 2592 60.638970 34.166370 PLAYER
924 2544 78.876000 10.548420 PLAYER
924 2747 56.559150 20.198180 PLAYER
924 203099 70.664390 43.419120 PLAYER
924 202684 82.015860 24.332150 PLAYER
936 -1 91.130520 25.007430 BALL
936 201949 85.760640 18.175350 PLAYER
936 202335 89.318780 25.150590 PLAYER
936 201942 85.910610 31.541960 PLAYER
936 203082 43.238020 46.797260 PLAYER
936 202709 79.545820 17.124340 PLAYER
936 2592 59.300650 34.360840 PLAYER
936 2544 77.269360 10.263520 PLAYER
936 2747 55.307930 21.076440 PLAYER
936 203099 69.713660 42.906440 PLAYER
936 202684 81.284800 24.439670 PLAYER
948 -1 91.323110 25.960230 BALL
948 201949 84.874910 18.163880 PLAYER
948 202335 90.042400 25.866260 PLAYER
948 201942 85.930440 31.837020 PLAYER
948 203082 41.559480 46.907470 PLAYER
948 202709 79.604160 16.788960 PLAYER
948 2592 57.875850 34.454860 PLAYER
948 2544 75.574850 10.201280 PLAYER
948 2747 53.978600 21.953110 PLAYER
948 203099 68.716010 42.364400 PLAYER
948 202684 80.295570 24.755080 PLAYER
960 -1 91.682670 26.562150 BALL
960 201949 83.903950 18.112930 PLAYER
960 202335 90.848330 26.267040 PLAYER
960 201942 85.881560 32.178580 PLAYER
960 203082 39.853520 46.918580 PLAYER
960 202709 79.668090 16.350460 PLAYER
960 2592 56.320590 34.550540 PLAYER
960 2544 73.808220 10.066680 PLAYER
960 2747 52.597560 22.811580 PLAYER
960 203099 67.668040 41.799320 PLAYER
960 202684 79.326260 24.999140 PLAYER
972 -1 91.931590 26.927190 BALL
972 201949 82.847150 17.952130 PLAYER
972 202335 91.683920 26.718450 PLAYER
972 201942 85.733880 32.464910 PLAYER
972 203082 38.117370 46.871450 PLAYER
972 202709 79.758900 15.835740 PLAYER
972 2592 54.682280 34.651740 PLAYER
972 2544 72.080800 9.957200 PLAYER
972 2747 51.137100 23.678970 PLAYER
972 203099 66.631460 41.139220 PLAYER
972 202684 78.199160 25.177700 PLAYER
984 -1 92.142900 27.192000 BALL
984 201949 81.676660 17.802630 PLAYER
984 202335 92.364850 27.084890 PLAYER
984 201942 85.551630 32.884200 PLAYER
984 203082 36.434360 46.804840 PLAYER
984 202709 79.789240 15.336830 PLAYER
984 2592 53.027130 34.613070 PLAYER
984 2544 70.302740 9.944170 PLAYER
984 2747 49.611810 24.552610 PLAYER
984 203099 65.628280 40.431630 PLAYER
984 202684 76.931520 25.328640 PLAYER
996 -1 92.354740 27.378410 BALL
996 201949 80.467680 17.635790 PLAYER
996 202335 92.951680 27.339030 PLAYER
996 201942 85.400510 33.404520 PLAYER
996 203082 34.715820 46.704070 PLAYER
996 202709 79.748170 14.810270 PLAYER
996 2592 51.368930 34.492570 PLAYER
996 2544 68.546720 9.945090 PLAYER
996 2747 48.026920 25.400410 PLAYER
996 203099 64.618530 39.665250 PLAYER
996 202684 75.584560 25.491610 PLAYER