0 -1 8.974910 33.646430 BALL
0 201162 48.152320 16.489420 PLAYER
0 202066 32.477070 31.916310 PLAYER
0 101162 31.569550 27.637350 PLAYER
0 202322 47.790950 39.844100 PLAYER
0 203490 44.983000 24.547370 PLAYER
0 2544 14.790000 30.029920 PLAYER
0 2747 30.016450 39.781570 PLAYER
0 201567 15.499880 16.597220 PLAYER
0 202681 23.816660 45.986150 PLAYER
0 202684 0.034020 25.861070 PLAYER
12 -1 11.873400 36.110400 BALL
12 201162 49.023270 16.381780 PLAYER
12 202066 34.351120 31.373900 PLAYER
12 101162 33.318450 27.601880 PLAYER
12 202322 48.400970 39.925490 PLAYER
12 203490 45.948520 24.610900 PLAYER
12 2544 14.859420 29.874160 PLAYER
12 2747 31.839630 39.601030 PLAYER
12 201567 16.817250 16.400930 PLAYER
12 202681 23.655630 46.012120 PLAYER
12 202684 0.458190 25.967360 PLAYER
24 -1 14.778710 38.311840 BALL
24 201162 49.842610 16.265450 PLAYER
24 202066 36.179750 30.687830 PLAYER
24 101162 35.022870 27.558720 PLAYER
24 202322 48.974890 39.997080 PLAYER
24 203490 46.890300 24.665330 PLAYER
24 2544 14.995000 29.727110 PLAYER
24 2747 33.615070 39.423800 PLAYER
24 201567 18.186680 16.251200 PLAYER
24 202681 23.528700 46.025810 PLAYER
24 202684 0.956980 26.060520 PLAYER
36 -1 17.658190 40.632280 BALL
36 201162 50.644090 16.141840 PLAYER
36 202066 37.972410 29.999820 PLAYER
36 101162 36.677720 27.510310 PLAYER
36 202322 49.539670 40.083800 PLAYER
36 203490 47.788440 24.719700 PLAYER
36 2544 15.179440 29.615880 PLAYER
36 2747 35.390140 39.215770 PLAYER
36 201567 19.628550 16.105500 PLAYER
36 202681 23.515490 46.031880 PLAYER
36 202684 1.546540 26.212560 PLAYER
48 -1 20.561120 42.840710 BALL
48 201162 51.412940 16.011380 PLAYER
48 202066 39.770600 29.186960 PLAYER
48 101162 38.304560 27.490770 PLAYER
48 202322 50.104010 40.168560 PLAYER
48 203490 48.667600 24.781980 PLAYER
48 2544 15.403950 29.458970 PLAYER
48 2747 37.179870 39.035980 PLAYER
48 201567 21.114240 15.967780 PLAYER
48 202681 23.646280 46.011670 PLAYER
48 202684 2.243560 26.335110 PLAYER
60 -1 23.321280 44.951410 BALL
60 201162 52.182070 15.880250 PLAYER
60 202066 41.486120 28.298420 PLAYER
60 101162 39.853060 27.452600 PLAYER
60 202322 50.641110 40.212410 PLAYER
60 203490 49.503350 24.887920 PLAYER
60 2544 15.704060 29.300030 PLAYER
60 2747 38.990000 38.848340 PLAYER
60 201567 22.656710 15.839440 PLAYER
60 202681 23.956070 46.009430 PLAYER
60 202684 2.993790 26.617170 PLAYER
72 -1 24.234670 45.237260 BALL
72 201162 52.913780 15.771440 PLAYER
72 202066 43.118320 27.359590 PLAYER
72 101162 41.312800 27.405610 PLAYER
72 202322 51.157300 40.215550 PLAYER
72 203490 50.269140 25.024840 PLAYER
72 2544 16.088590 29.125510 PLAYER
72 2747 40.778410 38.654310 PLAYER
72 201567 24.212260 15.692130 PLAYER
72 202681 24.444760 45.996540 PLAYER
72 202684 3.860720 26.841040 PLAYER
84 -1 24.816420 43.621830 BALL
84 201162 53.652060 15.708640 PLAYER
84 202066 44.697390 26.418840 PLAYER
84 101162 42.813540 27.342940 PLAYER
84 202322 51.694370 40.179370 PLAYER
84 203490 51.051640 25.161880 PLAYER
84 2544 16.540110 28.937580 PLAYER
84 2747 42.570160 38.445670 PLAYER
84 201567 25.772130 15.541690 PLAYER
84 202681 25.061030 45.968730 PLAYER
84 202684 4.838830 27.142080 PLAYER
96 -1 25.214450 41.369250 BALL
96 201162 54.356260 15.681030 PLAYER
96 202066 46.171840 25.468870 PLAYER
96 101162 44.228640 27.324080 PLAYER
96 202322 52.211030 40.138340 PLAYER
96 203490 51.821860 25.304380 PLAYER
96 2544 17.133530 28.700550 PLAYER
96 2747 44.336080 38.225510 PLAYER
96 201567 27.364860 15.449190 PLAYER
96 202681 25.710430 46.008370 PLAYER
96 202684 5.863450 27.275260 PLAYER
108 -1 25.635160 39.212790 BALL
108 201162 55.024930 15.682070 PLAYER
108 202066 47.585630 24.605060 PLAYER
108 101162 45.615530 27.355280 PLAYER
108 202322 52.731270 40.101980 PLAYER
108 203490 52.554650 25.382840 PLAYER
108 2544 17.817920 28.477490 PLAYER
108 2747 46.048700 38.022360 PLAYER
108 201567 28.989200 15.372720 PLAYER
108 202681 26.343240 46.092280 PLAYER
108 202684 6.896580 27.344140 PLAYER
120 -1 26.038320 37.006390 BALL
120 201162 55.643690 15.679360 PLAYER
120 202066 48.916040 23.803410 PLAYER
120 101162 47.023950 27.418630 PLAYER
120 202322 53.269790 40.095810 PLAYER
120 203490 53.274760 25.389330 PLAYER
120 2544 18.565100 28.204450 PLAYER
120 2747 47.759490 37.834100 PLAYER
120 201567 30.625450 15.255240 PLAYER
120 202681 26.996100 46.215910 PLAYER
120 202684 8.002510 27.317280 PLAYER
132 -1 26.381500 34.846810 BALL
132 201162 56.259130 15.646690 PLAYER
132 202066 50.172820 23.128800 PLAYER
132 101162 48.492840 27.478770 PLAYER
132 202322 53.825570 40.097050 PLAYER
132 203490 53.957060 25.359350 PLAYER
132 2544 19.383340 27.913120 PLAYER
132 2747 49.430480 37.683090 PLAYER
132 201567 32.295820 15.177870 PLAYER
132 202681 27.705700 46.333740 PLAYER
132 202684 9.164920 27.252630 PLAYER
144 -1 26.754370 32.633150 BALL
144 201162 56.872170 15.579050 PLAYER
144 202066 51.295780 22.559560 PLAYER
144 101162 49.912610 27.570730 PLAYER
144 202322 54.360370 40.088100 PLAYER
144 203490 54.595750 25.368360 PLAYER
144 2544 20.280060 27.593730 PLAYER
144 2747 51.058210 37.544170 PLAYER
144 201567 33.968990 15.079450 PLAYER
144 202681 28.474560 46.449030 PLAYER
144 202684 10.356760 27.109920 PLAYER
156 -1 27.116710 30.659860 BALL
156 201162 57.498610 15.468180 PLAYER
156 202066 52.363400 22.074630 PLAYER
156 101162 51.326950 27.607960 PLAYER
156 202322 54.911890 40.065800 PLAYER
156 203490 55.207930 25.389130 PLAYER
156 2544 21.209600 27.267910 PLAYER
156 2747 52.631180 37.369900 PLAYER
156 201567 35.591740 14.966140 PLAYER
156 202681 29.312610 46.496380 PLAYER
156 202684 11.600760 27.049760 PLAYER
168 -1 27.302980 29.509900 BALL
168 201162 58.153330 15.341750 PLAYER
168 202066 53.336110 21.740430 PLAYER
168 101162 52.678460 27.588800 PLAYER
168 202322 55.490050 39.954160 PLAYER
168 203490 55.801100 25.461790 PLAYER
168 2544 22.210980 26.931060 PLAYER
168 2747 54.194410 37.185000 PLAYER
168 201567 37.252060 14.881830 PLAYER
168 202681 30.205780 46.510170 PLAYER
168 202684 12.955860 27.032930 PLAYER
180 -1 27.625240 28.339760 BALL
180 201162 58.849630 15.232890 PLAYER
180 202066 54.322710 21.619240 PLAYER
180 101162 53.974540 27.549360 PLAYER
180 202322 56.064180 39.942270 PLAYER
180 203490 56.360110 25.536430 PLAYER
180 2544 23.258220 26.584630 PLAYER
180 2747 55.728050 37.040300 PLAYER
180 201567 38.935590 14.842070 PLAYER
180 202681 31.100410 46.499940 PLAYER
180 202684 14.342220 27.060390 PLAYER
192 -1 27.825280 27.444070 BALL
192 201162 59.574600 15.171850 PLAYER
192 202066 55.323590 21.650670 PLAYER
192 101162 55.183260 27.490130 PLAYER
192 202322 56.630060 39.974920 PLAYER
192 203490 56.886000 25.578640 PLAYER
192 2544 24.276080 26.256960 PLAYER
192 2747 57.255680 36.893340 PLAYER
192 201567 40.610110 14.731270 PLAYER
192 202681 31.994940 46.494040 PLAYER
192 202684 15.778280 27.087050 PLAYER
204 -1 28.040380 26.441380 BALL
204 201162 60.270250 15.157400 PLAYER
204 202066 56.314190 21.834100 PLAYER
204 101162 56.381070 27.426480 PLAYER
204 202322 57.262370 40.039180 PLAYER
204 203490 57.369350 25.602900 PLAYER
204 2544 25.330200 25.928060 PLAYER
204 2747 58.738950 36.767600 PLAYER
204 201567 42.304170 14.633620 PLAYER
204 202681 32.918230 46.483190 PLAYER
204 202684 17.259990 27.123310 PLAYER
216 -1 28.345260 25.213310 BALL
216 201162 60.967450 15.203450 PLAYER
216 202066 57.303390 22.125270 PLAYER
216 101162 57.580200 27.373520 PLAYER
216 202322 57.874710 40.131200 PLAYER
216 203490 57.855210 25.552790 PLAYER
216 2544 26.323160 25.638180 PLAYER
216 2747 60.129130 36.684530 PLAYER
216 201567 44.043540 14.504320 PLAYER
216 202681 33.848410 46.485050 PLAYER
216 202684 18.772430 27.188610 PLAYER
228 -1 28.760890 24.395390 BALL
228 201162 61.629560 15.265230 PLAYER
228 202066 58.347820 22.449900 PLAYER
228 101162 58.781950 27.326010 PLAYER
228 202322 58.460790 40.331440 PLAYER
228 203490 58.311200 25.484050 PLAYER
228 2544 27.327180 25.256330 PLAYER
228 2747 61.419370 36.566860 PLAYER
228 201567 45.690660 14.374230 PLAYER
228 202681 34.792600 46.495440 PLAYER
228 202684 20.303720 27.293950 PLAYER
240 -1 29.403170 24.089840 BALL
240 201162 62.285950 15.323820 PLAYER
240 202066 59.443320 22.772250 PLAYER
240 101162 59.968850 27.264230 PLAYER
240 202322 59.044890 40.416070 PLAYER
240 203490 58.728920 25.398290 PLAYER
240 2544 28.271830 24.884160 PLAYER
240 2747 62.641000 36.375470 PLAYER
240 201567 47.323130 14.253310 PLAYER
240 202681 35.773020 46.503750 PLAYER
240 202684 21.859930 27.446700 PLAYER
252 -1 29.767080 23.736500 BALL
252 201162 62.945210 15.358900 PLAYER
252 202066 60.556950 23.155540 PLAYER
252 101162 61.074470 27.191720 PLAYER
252 202322 59.624290 40.471850 PLAYER
252 203490 59.150690 25.335340 PLAYER
252 2544 29.201130 24.574610 PLAYER
252 2747 63.822160 36.170750 PLAYER
252 201567 48.974120 14.206070 PLAYER
252 202681 36.729230 46.553650 PLAYER
252 202684 23.438490 27.654470 PLAYER
264 -1 30.433590 23.390200 BALL
264 201162 63.650940 15.376810 PLAYER
264 202066 61.792740 23.715430 PLAYER
264 101162 62.101190 27.037010 PLAYER
264 202322 60.155210 40.535290 PLAYER
264 203490 59.550330 25.296210 PLAYER
264 2544 30.157020 24.419280 PLAYER
264 2747 64.987280 35.958370 PLAYER
264 201567 50.607940 14.130070 PLAYER
264 202681 37.672740 46.624350 PLAYER
264 202684 25.015160 27.881830 PLAYER
276 -1 31.202840 23.273270 BALL
276 201162 64.367480 15.391030 PLAYER
276 202066 62.865600 24.149130 PLAYER
276 101162 63.169380 26.914330 PLAYER
276 202322 60.696240 40.581490 PLAYER
276 203490 59.919500 25.278930 PLAYER
276 2544 31.095270 24.335300 PLAYER
276 2747 66.140340 35.763220 PLAYER
276 201567 52.220710 14.051870 PLAYER
276 202681 38.663970 46.672190 PLAYER
276 202684 26.659920 28.090110 PLAYER
288 -1 32.033150 23.274990 BALL
288 201162 65.126840 15.434880 PLAYER
288 202066 63.982280 24.571260 PLAYER
288 101162 64.106050 26.855140 PLAYER
288 202322 61.244450 40.629560 PLAYER
288 203490 60.277430 25.241590 PLAYER
288 2544 31.928020 24.330440 PLAYER
288 2747 67.302300 35.623490 PLAYER
288 201567 53.849670 13.963900 PLAYER
288 202681 39.628860 46.667250 PLAYER
288 202684 28.274800 28.300910 PLAYER
300 -1 32.988490 23.262400 BALL
300 201162 65.856600 15.525370 PLAYER
300 202066 65.107550 24.958800 PLAYER
300 101162 64.994770 26.760060 PLAYER
300 202322 61.777010 40.691710 PLAYER
300 203490 60.641930 25.231060 PLAYER
300 2544 32.735960 24.382560 PLAYER
300 2747 68.446550 35.538500 PLAYER
300 201567 55.440500 13.882130 PLAYER
300 202681 40.585240 46.682070 PLAYER
300 202684 29.893070 28.538270 PLAYER
312 -1 33.933820 23.432610 BALL
312 201162 66.536290 15.653550 PLAYER
312 202066 66.322280 25.272840 PLAYER
312 101162 65.879540 26.659980 PLAYER
312 202322 62.303000 40.771020 PLAYER
312 203490 60.982440 25.206770 PLAYER
312 2544 33.487940 24.392300 PLAYER
312 2747 69.567390 35.465040 PLAYER
312 201567 56.974940 13.787680 PLAYER
312 202681 41.618310 46.629960 PLAYER
312 202684 31.523850 28.808860 PLAYER
324 -1 34.916280 23.390860 BALL
324 201162 67.183360 15.796860 PLAYER
324 202066 67.492630 25.382780 PLAYER
324 101162 66.731200 26.673610 PLAYER
324 202322 62.820520 40.850350 PLAYER
324 203490 61.297940 25.140110 PLAYER
324 2544 34.136000 24.299910 PLAYER
324 2747 70.650600 35.322480 PLAYER
324 201567 58.432540 13.748490 PLAYER
324 202681 42.597690 46.600420 PLAYER
324 202684 33.117980 29.115500 PLAYER
336 -1 36.043510 23.377620 BALL
336 201162 67.801690 15.935570 PLAYER
336 202066 68.866380 25.647360 PLAYER
336 101162 67.485670 26.682470 PLAYER
336 202322 63.329640 40.944690 PLAYER
336 203490 61.611600 25.049470 PLAYER
336 2544 34.781270 24.165170 PLAYER
336 2747 71.704460 35.038640 PLAYER
336 201567 59.860860 13.724860 PLAYER
336 202681 43.546650 46.546640 PLAYER
336 202684 34.641660 29.423250 PLAYER
348 -1 36.851050 23.037910 BALL
348 201162 68.423500 16.049240 PLAYER
348 202066 70.219580 25.898390 PLAYER
348 101162 68.344950 26.659550 PLAYER
348 202322 63.814100 41.031660 PLAYER
348 203490 61.884990 24.945800 PLAYER
348 2544 35.455680 24.058740 PLAYER
348 2747 72.788160 34.800110 PLAYER
348 201567 61.269780 13.702100 PLAYER
348 202681 44.582600 46.612670 PLAYER
348 202684 36.243750 29.722200 PLAYER
360 -1 37.339400 23.019270 BALL
360 201162 69.063190 16.137530 PLAYER
360 202066 71.592620 26.199590 PLAYER
360 101162 69.209640 26.694580 PLAYER
360 202322 64.296580 41.133850 PLAYER
360 203490 62.155020 24.803080 PLAYER
360 2544 36.110540 24.002560 PLAYER
360 2747 73.821530 34.548860 PLAYER
360 201567 62.565210 13.628950 PLAYER
360 202681 45.642420 46.616530 PLAYER
360 202684 37.831680 29.983460 PLAYER
372 -1 37.679890 22.879410 BALL
372 201162 69.723570 16.213700 PLAYER
372 202066 72.894590 26.532050 PLAYER
372 101162 69.946660 26.712900 PLAYER
372 202322 64.771520 41.227440 PLAYER
372 203490 62.445200 24.634170 PLAYER
372 2544 36.794270 23.988140 PLAYER
372 2747 74.804800 34.267850 PLAYER
372 201567 63.741180 13.523380 PLAYER
372 202681 46.685500 46.638980 PLAYER
372 202684 39.383930 30.248810 PLAYER
384 -1 38.167810 22.901910 BALL
384 201162 70.392800 16.300580 PLAYER
384 202066 74.159020 26.935730 PLAYER
384 101162 70.584900 26.707720 PLAYER
384 202322 65.256830 41.300360 PLAYER
384 203490 62.750110 24.473770 PLAYER
384 2544 37.478640 23.952480 PLAYER
384 2747 75.764870 34.028980 PLAYER
384 201567 64.817040 13.363350 PLAYER
384 202681 47.807450 46.606020 PLAYER
384 202684 40.978870 30.494230 PLAYER
396 -1 38.779100 22.822200 BALL
396 201162 71.079280 16.437360 PLAYER
396 202066 75.410040 27.355600 PLAYER
396 101162 71.139230 26.696220 PLAYER
396 202322 65.752760 41.339320 PLAYER
396 203490 63.005240 24.386160 PLAYER
396 2544 38.164590 23.880160 PLAYER
396 2747 76.729980 33.920550 PLAYER
396 201567 65.752040 13.185510 PLAYER
396 202681 48.929810 46.593270 PLAYER
396 202684 42.597080 30.776140 PLAYER
408 -1 39.649260 22.994690 BALL
408 201162 71.678480 16.610230 PLAYER
408 202066 76.609200 27.789110 PLAYER
408 101162 71.576280 26.687790 PLAYER
408 202322 66.278130 41.360790 PLAYER
408 203490 63.276560 24.339180 PLAYER
408 2544 38.770770 23.877820 PLAYER
408 2747 77.665160 33.718900 PLAYER
408 201567 66.625630 12.983730 PLAYER
408 202681 50.052350 46.518540 PLAYER
408 202684 44.172600 31.114070 PLAYER
420 -1 40.607030 22.900440 BALL
420 201162 72.234260 16.792670 PLAYER
420 202066 77.727400 28.210910 PLAYER
420 101162 71.896720 26.669060 PLAYER
420 202322 66.812830 41.355760 PLAYER
420 203490 63.525200 24.339040 PLAYER
420 2544 39.390250 23.862410 PLAYER
420 2747 78.602590 33.475560 PLAYER
420 201567 67.500380 12.800500 PLAYER
420 202681 51.182470 46.482580 PLAYER
420 202684 45.773290 31.455420 PLAYER
432 -1 41.438460 22.790140 BALL
432 201162 72.756180 16.956750 PLAYER
432 202066 78.848440 28.597830 PLAYER
432 101162 72.276040 26.686720 PLAYER
432 202322 67.349270 41.351490 PLAYER
432 203490 63.747250 24.379620 PLAYER
432 2544 40.040330 23.775530 PLAYER
432 2747 79.558050 33.244200 PLAYER
432 201567 68.317470 12.611470 PLAYER
432 202681 52.332270 46.376470 PLAYER
432 202684 47.388160 31.772970 PLAYER
444 -1 41.894230 22.710580 BALL
444 201162 73.224950 17.057320 PLAYER
444 202066 79.914530 29.006910 PLAYER
444 101162 72.710640 26.662900 PLAYER
444 202322 67.884120 41.363660 PLAYER
444 203490 63.981550 24.418320 PLAYER
444 2544 40.680520 23.740630 PLAYER
444 2747 80.530400 32.987120 PLAYER
444 201567 69.085760 12.416890 PLAYER
444 202681 53.480040 46.240070 PLAYER
444 202684 48.984120 32.115830 PLAYER
456 -1 41.968500 22.451810 BALL
456 201162 73.700060 17.087610 PLAYER
456 202066 80.855600 29.209430 PLAYER
456 101162 73.117200 26.740420 PLAYER
456 202322 68.419290 41.401340 PLAYER
456 203490 64.224930 24.438960 PLAYER
456 2544 41.267420 23.843620 PLAYER
456 2747 81.492800 32.726100 PLAYER
456 201567 69.775290 12.212220 PLAYER
456 202681 54.683930 46.073180 PLAYER
456 202684 50.547130 32.499690 PLAYER
468 -1 42.559710 22.552310 BALL
468 201162 74.218390 17.100660 PLAYER
468 202066 81.687870 29.387350 PLAYER
468 101162 73.528960 26.820560 PLAYER
468 202322 68.935710 41.448420 PLAYER
468 203490 64.454030 24.463200 PLAYER
468 2544 41.844090 23.938380 PLAYER
468 2747 82.381320 32.471540 PLAYER
468 201567 70.331280 11.996670 PLAYER
468 202681 55.875260 45.869400 PLAYER
468 202684 52.092000 32.877020 PLAYER
480 -1 42.891230 22.439120 BALL
480 201162 74.722850 17.065280 PLAYER
480 202066 82.598420 29.521200 PLAYER
480 101162 73.937760 26.935720 PLAYER
480 202322 69.457700 41.500690 PLAYER
480 203490 64.665900 24.480750 PLAYER
480 2544 42.446140 23.966910 PLAYER
480 2747 83.190900 32.226620 PLAYER
480 201567 70.789270 11.765910 PLAYER
480 202681 57.098160 45.634490 PLAYER
480 202684 53.597520 33.282730 PLAYER
492 -1 43.627810 22.703620 BALL
492 201162 75.215900 17.039810 PLAYER
492 202066 83.400380 29.557340 PLAYER
492 101162 74.321660 27.101610 PLAYER
492 202322 69.998700 41.530320 PLAYER
492 203490 64.853330 24.485910 PLAYER
492 2544 42.976230 24.037260 PLAYER
492 2747 83.955120 31.993580 PLAYER
492 201567 71.219440 11.541280 PLAYER
492 202681 58.333540 45.448640 PLAYER
492 202684 55.075840 33.690440 PLAYER
504 -1 44.616150 23.111330 BALL
504 201162 75.724520 17.084840 PLAYER
504 202066 84.223660 29.421280 PLAYER
504 101162 74.633520 27.332000 PLAYER
504 202322 70.545460 41.536070 PLAYER
504 203490 65.008060 24.475820 PLAYER
504 2544 43.441550 24.136370 PLAYER
504 2747 84.684120 31.823070 PLAYER
504 201567 71.648690 11.330600 PLAYER
504 202681 59.604250 45.236010 PLAYER
504 202684 56.564850 34.089430 PLAYER
516 -1 45.673420 23.770990 BALL
516 201162 76.196610 17.148840 PLAYER
516 202066 85.115420 29.369030 PLAYER
516 101162 74.967550 27.477010 PLAYER
516 202322 71.092070 41.508710 PLAYER
516 203490 65.136930 24.448460 PLAYER
516 2544 43.944370 24.161040 PLAYER
516 2747 85.394500 31.639380 PLAYER
516 201567 72.128510 11.154000 PLAYER
516 202681 60.865050 45.027850 PLAYER
516 202684 58.045970 34.421740 PLAYER
528 -1 46.221030 24.161970 BALL
528 201162 76.618540 17.177060 PLAYER
528 202066 86.061970 29.228270 PLAYER
528 101162 75.310460 27.641260 PLAYER
528 202322 71.682880 41.453270 PLAYER
528 203490 65.249320 24.410180 PLAYER
528 2544 44.630650 24.226540 PLAYER
528 2747 86.162460 31.436080 PLAYER
528 201567 72.646660 11.026250 PLAYER
528 202681 62.172360 44.824650 PLAYER
528 202684 59.456970 34.726460 PLAYER
540 -1 46.482920 24.618150 BALL
540 201162 77.001940 17.237430 PLAYER
540 202066 86.854610 29.026510 PLAYER
540 101162 75.668860 27.819820 PLAYER
540 202322 72.290360 41.373250 PLAYER
540 203490 65.337570 24.373910 PLAYER
540 2544 45.235020 24.339680 PLAYER
540 2747 87.009740 31.218310 PLAYER
540 201567 73.186690 10.958470 PLAYER
540 202681 63.489900 44.615420 PLAYER
540 202684 60.806060 35.041410 PLAYER
552 -1 46.904840 25.023680 BALL
552 201162 77.343570 17.269430 PLAYER
552 202066 87.648040 28.831830 PLAYER
552 101162 76.051410 28.033560 PLAYER
552 202322 72.936030 41.285180 PLAYER
552 203490 65.402010 24.346450 PLAYER
552 2544 45.831260 24.458000 PLAYER
552 2747 87.804010 30.994620 PLAYER
552 201567 73.750100 10.949360 PLAYER
552 202681 64.849320 44.398800 PLAYER
552 202684 62.133670 35.375680 PLAYER
564 -1 47.279990 25.451990 BALL
564 201162 77.617480 17.233000 PLAYER
564 202066 88.321580 28.730180 PLAYER
564 101162 76.438270 28.283580 PLAYER
564 202322 73.608900 41.186870 PLAYER
564 203490 65.446310 24.342050 PLAYER
564 2544 46.464100 24.548320 PLAYER
564 2747 88.494520 30.748870 PLAYER
564 201567 74.314590 10.997670 PLAYER
564 202681 66.220350 44.254530 PLAYER
564 202684 63.370750 35.678970 PLAYER
576 -1 47.775600 25.607250 BALL
576 201162 77.846380 17.158770 PLAYER
576 202066 88.868750 28.627060 PLAYER
576 101162 76.826030 28.558700 PLAYER
576 202322 74.331200 41.068140 PLAYER
576 203490 65.475000 24.344110 PLAYER
576 2544 47.087630 24.630650 PLAYER
576 2747 89.130140 30.532910 PLAYER
576 201567 74.852200 11.101720 PLAYER
576 202681 67.614860 44.125970 PLAYER
576 202684 64.558580 35.988260 PLAYER
588 -1 48.308060 25.614290 BALL
588 201162 78.058290 17.089590 PLAYER
588 202066 89.340440 28.549370 PLAYER
588 101162 77.214030 28.815190 PLAYER
588 202322 75.037470 40.914430 PLAYER
588 203490 65.485770 24.338670 PLAYER
588 2544 47.551650 24.671210 PLAYER
588 2747 89.633550 30.332400 PLAYER
588 201567 75.347940 11.260860 PLAYER
588 202681 69.007100 43.999050 PLAYER
588 202684 65.737870 36.239410 PLAYER
600 -1 49.124710 25.289320 BALL
600 201162 78.304830 17.025680 PLAYER
600 202066 89.779620 28.422630 PLAYER
600 101162 77.637270 29.035520 PLAYER
600 202322 75.751630 40.700130 PLAYER
600 203490 65.491060 24.343470 PLAYER
600 2544 47.959500 24.666930 PLAYER
600 2747 89.995490 30.107360 PLAYER
600 201567 75.862190 11.482540 PLAYER
600 202681 70.447490 43.874670 PLAYER
600 202684 66.880700 36.440790 PLAYER
612 -1 49.713090 25.091520 BALL
612 201162 78.554460 16.991810 PLAYER
612 202066 90.202130 28.214180 PLAYER
612 101162 78.033250 29.198380 PLAYER
612 202322 76.425480 40.396080 PLAYER
612 203490 65.493760 24.372110 PLAYER
612 2544 48.365140 24.653380 PLAYER
612 2747 90.304830 29.828510 PLAYER
612 201567 76.331130 11.737960 PLAYER
612 202681 71.920110 43.723250 PLAYER
612 202684 67.946470 36.594900 PLAYER
624 -1 50.443880 24.335830 BALL
624 201162 78.816100 17.024350 PLAYER
624 202066 90.632170 27.922910 PLAYER
624 101162 78.439620 29.308390 PLAYER
624 202322 77.068120 40.030150 PLAYER
624 203490 65.480970 24.430530 PLAYER
624 2544 48.790360 24.599690 PLAYER
624 2747 90.591160 29.590380 PLAYER
624 201567 76.793730 11.997170 PLAYER
624 202681 73.415210 43.521830 PLAYER
624 202684 68.864630 36.857990 PLAYER
636 -1 50.856730 24.234620 BALL
636 201162 79.032390 17.125890 PLAYER
636 202066 91.062870 27.619950 PLAYER
636 101162 78.854260 29.390480 PLAYER
636 202322 77.706880 39.635980 PLAYER
636 203490 65.450030 24.530840 PLAYER
636 2544 49.162380 24.534050 PLAYER
636 2747 90.781890 29.310400 PLAYER
636 201567 77.268970 12.259760 PLAYER
636 202681 74.897690 43.304870 PLAYER
636 202684 69.769680 37.085840 PLAYER
648 -1 50.952450 23.873570 BALL
648 201162 79.313390 17.202300 PLAYER
648 202066 91.456830 27.376020 PLAYER
648 101162 79.244610 29.448770 PLAYER
648 202322 78.410640 39.211980 PLAYER
648 203490 65.401660 24.703560 PLAYER
648 2544 49.486880 24.520450 PLAYER
648 2747 90.884590 29.003110 PLAYER
648 201567 77.791820 12.498240 PLAYER
648 202681 76.336240 43.017740 PLAYER
648 202684 70.675180 37.268950 PLAYER
660 -1 51.248310 23.580600 BALL
660 201162 79.537480 17.380450 PLAYER
660 202066 91.742880 27.139300 PLAYER
660 101162 79.564460 29.516260 PLAYER
660 202322 79.178990 38.805060 PLAYER
660 203490 65.359360 24.912390 PLAYER
660 2544 49.839480 24.594600 PLAYER
660 2747 90.888430 28.704660 PLAYER
660 201567 78.299840 12.680060 PLAYER
660 202681 77.713030 42.659140 PLAYER
660 202684 71.548700 37.372550 PLAYER
672 -1 51.520190 23.490970 BALL
672 201162 79.758440 17.593470 PLAYER
672 202066 91.935550 26.975460 PLAYER
672 101162 79.878990 29.601080 PLAYER
672 202322 80.019550 38.440920 PLAYER
672 203490 65.317710 25.144060 PLAYER
672 2544 50.198240 24.661690 PLAYER
672 2747 90.789580 28.436740 PLAYER
672 201567 78.837780 12.846650 PLAYER
672 202681 79.096290 42.207360 PLAYER
672 202684 72.422460 37.449310 PLAYER
684 -1 51.911600 23.330200 BALL
684 201162 79.931330 17.789400 PLAYER
684 202066 92.015130 26.864250 PLAYER
684 101162 80.206630 29.725070 PLAYER
684 202322 80.866000 38.072870 PLAYER
684 203490 65.284970 25.370760 PLAYER
684 2544 50.512140 24.725830 PLAYER
684 2747 90.673730 28.139910 PLAYER
684 201567 79.403880 13.076010 PLAYER
684 202681 80.452510 41.681880 PLAYER
684 202684 73.370080 37.367330 PLAYER
696 -1 52.113400 23.361450 BALL
696 201162 80.205990 17.960950 PLAYER
696 202066 92.035700 26.736700 PLAYER
696 101162 80.519650 29.882580 PLAYER
696 202322 81.692580 37.743740 PLAYER
696 203490 65.263600 25.557900 PLAYER
696 2544 50.957720 24.735960 PLAYER
696 2747 90.573180 27.917010 PLAYER
696 201567 79.967320 13.310200 PLAYER
696 202681 81.778000 41.073330 PLAYER
696 202684 74.257160 37.284270 PLAYER
708 -1 52.564990 23.521160 BALL
708 201162 80.389200 18.080050 PLAYER
708 202066 91.965070 26.537590 PLAYER
708 101162 80.814850 30.072850 PLAYER
708 202322 82.473200 37.415530 PLAYER
708 203490 65.253820 25.660920 PLAYER
708 2544 51.371350 24.744750 PLAYER
708 2747 90.482590 27.764130 PLAYER
708 201567 80.481470 13.552240 PLAYER
708 202681 83.153580 40.407940 PLAYER
708 202684 75.063850 37.250730 PLAYER
720 -1 53.261410 23.936460 BALL
720 201162 80.699450 18.172730 PLAYER
720 202066 91.823890 26.450450 PLAYER
720 101162 81.093210 30.279270 PLAYER
720 202322 83.260320 37.013760 PLAYER
720 203490 65.231930 25.677030 PLAYER
720 2544 51.802310 24.725430 PLAYER
720 2747 90.381600 27.695450 PLAYER
720 201567 80.932140 13.825430 PLAYER
720 202681 84.504060 39.656270 PLAYER
720 202684 75.794670 37.272000 PLAYER
732 -1 53.805210 24.291810 BALL
732 201162 80.989150 18.167580 PLAYER
732 202066 91.612810 26.370330 PLAYER
732 101162 81.350900 30.474550 PLAYER
732 202322 84.074510 36.485130 PLAYER
732 203490 65.214920 25.607940 PLAYER
732 2544 52.222480 24.711710 PLAYER
732 2747 90.299970 27.661670 PLAYER
732 201567 81.350950 14.100970 PLAYER
732 202681 85.702630 38.838780 PLAYER
732 202684 76.474800 37.279870 PLAYER
744 -1 54.022760 24.784470 BALL
744 201162 81.376950 18.190460 PLAYER
744 202066 91.264200 26.344260 PLAYER
744 101162 81.447640 30.666230 PLAYER
744 202322 84.862300 35.925240 PLAYER
744 203490 65.187940 25.473110 PLAYER
744 2544 52.673780 24.766670 PLAYER
744 2747 90.167780 27.634670 PLAYER
744 201567 81.728010 14.335200 PLAYER
744 202681 86.870090 37.931570 PLAYER
744 202684 77.141740 37.287250 PLAYER
756 -1 54.197540 25.198270 BALL
756 201162 81.639780 18.151670 PLAYER
756 202066 91.026270 26.383100 PLAYER
756 101162 81.494510 30.798710 PLAYER
756 202322 85.661160 35.283780 PLAYER
756 203490 65.168790 25.317500 PLAYER
756 2544 52.948730 24.867100 PLAYER
756 2747 89.939180 27.672720 PLAYER
756 201567 82.091200 14.549440 PLAYER
756 202681 88.013400 36.922090 PLAYER
756 202684 77.770070 37.255580 PLAYER
768 -1 54.420030 25.422830 BALL
768 201162 81.868990 18.220510 PLAYER
768 202066 90.815890 26.501990 PLAYER
768 101162 81.438730 30.971370 PLAYER
768 202322 86.347420 34.457600 PLAYER
768 203490 65.179610 25.189060 PLAYER
768 2544 53.229490 24.878320 PLAYER
768 2747 89.712210 27.700680 PLAYER
768 201567 82.471140 14.739260 PLAYER
768 202681 89.095760 35.802250 PLAYER
768 202684 78.362880 37.178980 PLAYER
780 -1 54.441090 25.685470 BALL
780 201162 82.053990 18.201030 PLAYER
780 202066 90.658400 26.585270 PLAYER
780 101162 81.416030 31.082860 PLAYER
780 202322 86.890210 33.571560 PLAYER
780 203490 65.202560 25.120370 PLAYER
780 2544 53.500910 24.904690 PLAYER
780 2747 89.555440 27.697350 PLAYER
780 201567 82.916600 14.894380 PLAYER
780 202681 90.149340 34.647040 PLAYER
780 202684 78.963160 37.042240 PLAYER
792 -1 54.602000 25.812360 BALL
792 201162 81.948340 18.193870 PLAYER
792 202066 90.484360 26.705000 PLAYER
792 101162 81.419680 31.108610 PLAYER
792 202322 87.222730 32.720350 PLAYER
792 203490 65.228800 25.110950 PLAYER
792 2544 53.742620 24.948550 PLAYER
792 2747 89.355070 27.642550 PLAYER
792 201567 83.373170 15.067660 PLAYER
792 202681 91.151610 33.380510 PLAYER
792 202684 79.517540 36.870250 PLAYER
804 -1 54.714210 25.828730 BALL
804 201162 81.737160 18.155390 PLAYER
804 202066 90.439670 26.702990 PLAYER
804 101162 81.586030 30.986250 PLAYER
804 202322 87.295490 31.697990 PLAYER
804 203490 65.271360 25.156800 PLAYER
804 2544 53.882050 24.942570 PLAYER
804 2747 89.113390 27.512180 PLAYER
804 201567 83.805640 15.238830 PLAYER
804 202681 91.995690 32.031500 PLAYER
804 202684 80.012320 36.669260 PLAYER
816 -1 55.000660 25.720950 BALL
816 201162 81.532730 18.220200 PLAYER
816 202066 90.226870 26.540740 PLAYER
816 101162 81.731870 30.870530 PLAYER
816 202322 87.193120 30.407760 PLAYER
816 203490 65.326680 25.236560 PLAYER
816 2544 54.069160 24.928830 PLAYER
816 2747 88.901030 27.246720 PLAYER
816 201567 84.207110 15.414790 PLAYER
816 202681 92.725070 30.634880 PLAYER
816 202684 80.437780 36.442220 PLAYER
828 -1 55.157220 25.633050 BALL
828 201162 81.182620 18.249970 PLAYER
828 202066 90.155110 26.414140 PLAYER
828 101162 81.936400 30.652890 PLAYER
828 202322 86.982620 29.189060 PLAYER
828 203490 65.356160 25.301180 PLAYER
828 2544 54.171050 24.879710 PLAYER
828 2747 88.713620 26.974900 PLAYER
828 201567 84.577400 15.603100 PLAYER
828 202681 93.249700 29.285910 PLAYER
828 202684 80.807120 36.176770 PLAYER
840 -1 55.411180 25.364580 BALL
840 201162 80.762330 18.443220 PLAYER
840 202066 89.961710 26.509500 PLAYER
840 101162 82.008100 30.578460 PLAYER
840 202322 86.648790 27.977540 PLAYER
840 203490 65.384360 25.324180 PLAYER
840 2544 54.244380 24.774520 PLAYER
840 2747 88.520650 26.751890 PLAYER
840 201567 84.882250 15.803900 PLAYER
840 202681 93.473440 28.076870 PLAYER
840 202684 81.166630 35.907340 PLAYER
852 -1 55.629440 25.196490 BALL
852 201162 80.603060 18.783330 PLAYER
852 202066 89.792280 26.539040 PLAYER
852 101162 82.112980 30.484180 PLAYER
852 202322 86.167140 26.894470 PLAYER
852 203490 65.397420 25.300120 PLAYER
852 2544 54.320420 24.628500 PLAYER
852 2747 88.419790 26.674570 PLAYER
852 201567 85.144010 16.019330 PLAYER
852 202681 93.516050 27.153360 PLAYER
852 202684 81.507180 35.635550 PLAYER
864 -1 55.630470 25.389490 BALL
864 201162 80.438490 19.111290 PLAYER
864 202066 89.590420 26.698710 PLAYER
864 101162 82.156140 30.434120 PLAYER
864 202322 85.907610 26.148120 PLAYER
864 203490 65.408300 25.236600 PLAYER
864 2544 54.401980 24.443950 PLAYER
864 2747 88.400690 26.696510 PLAYER
864 201567 85.395770 16.236220 PLAYER
864 202681 93.537570 26.686670 PLAYER
864 202684 81.815940 35.303980 PLAYER
876 -1 55.584910 25.340600 BALL
876 201162 80.282990 19.443960 PLAYER
876 202066 89.447950 27.028980 PLAYER
876 101162 82.179360 30.410330 PLAYER
876 202322 85.759060 25.701690 PLAYER
876 203490 65.394840 25.148370 PLAYER
876 2544 54.445230 24.274650 PLAYER
876 2747 88.424570 26.695680 PLAYER
876 201567 85.569990 16.540940 PLAYER
876 202681 93.388800 26.715610 PLAYER
876 202684 82.282200 34.978040 PLAYER
888 -1 55.579750 25.347150 BALL
888 201162 80.344240 19.810210 PLAYER
888 202066 88.880920 27.225850 PLAYER
888 101162 82.194300 30.416030 PLAYER
888 202322 85.703720 25.398700 PLAYER
888 203490 65.382220 25.078080 PLAYER
888 2544 54.562780 24.180480 PLAYER
888 2747 88.421740 26.692230 PLAYER
888 201567 85.587170 16.976890 PLAYER
888 202681 93.182080 27.103890 PLAYER
888 202684 82.736630 34.693980 PLAYER
900 -1 55.389510 25.606450 BALL
900 201162 80.372740 20.103290 PLAYER
900 202066 88.664420 26.996100 PLAYER
900 101162 82.294600 30.287190 PLAYER
900 202322 85.747180 25.430000 PLAYER
900 203490 65.365090 25.062900 PLAYER
900 2544 54.641020 24.146740 PLAYER
900 2747 88.439620 26.647200 PLAYER
900 201567 85.465060 17.516280 PLAYER
900 202681 92.960920 27.776690 PLAYER
900 202684 83.190430 34.470960 PLAYER
912 -1 55.283750 25.442320 BALL
912 201162 80.500410 20.267290 PLAYER
912 202066 88.509550 26.800040 PLAYER
912 101162 82.352650 30.198930 PLAYER
912 202322 86.178900 25.813230 PLAYER
912 203490 65.353890 25.101120 PLAYER
912 2544 54.701340 24.131820 PLAYER
912 2747 88.463190 26.451160 PLAYER
912 201567 85.250630 18.189570 PLAYER
912 202681 92.686020 28.726210 PLAYER
912 202684 83.562010 34.402340 PLAYER
924 -1 55.300840 25.422100 BALL
924 201162 80.716730 20.380000 PLAYER
924 202066 88.458560 26.591660 PLAYER
924 101162 82.442770 30.167980 PLAYER
924 202322 86.390190 26.323450 PLAYER
924 203490 65.354580 25.166070 PLAYER
924 2544 54.756190 24.241140 PLAYER
924 2747 88.483820 26.305040 PLAYER
924 201567 84.917660 19.065940 PLAYER
924 202681 92.259380 29.830460 PLAYER
924 202684 83.864850 34.475520 PLAYER
936 -1 55.177530 25.411560 BALL
936 201162 80.952990 20.463230 PLAYER
936 202066 88.350850 26.340430 PLAYER
936 101162 82.640340 30.050590 PLAYER
936 202322 86.316870 27.003170 PLAYER
936 203490 65.364390 25.254020 PLAYER
936 2544 54.789510 24.396230 PLAYER
936 2747 88.485980 26.245420 PLAYER
936 201567 84.494610 20.047990 PLAYER
936 202681 91.749820 30.985390 PLAYER
936 202684 83.940460 34.625630 PLAYER
948 -1 55.035640 25.577970 BALL
948 201162 81.057370 20.841940 PLAYER
948 202066 88.422050 25.958210 PLAYER
948 101162 82.787250 29.954890 PLAYER
948 202322 86.321960 27.884880 PLAYER
948 203490 65.363910 25.347390 PLAYER
948 2544 54.839600 24.583800 PLAYER
948 2747 88.439490 25.983600 PLAYER
948 201567 84.049250 21.100360 PLAYER
948 202681 91.102580 32.281950 PLAYER
948 202684 83.957480 34.847520 PLAYER
960 -1 54.984320 25.760130 BALL
960 201162 81.239640 21.203870 PLAYER
960 202066 88.167670 25.593690 PLAYER
960 101162 82.795760 29.987110 PLAYER
960 202322 86.192500 28.955360 PLAYER
960 203490 65.358580 25.425260 PLAYER
960 2544 54.921660 24.779230 PLAYER
960 2747 88.432510 25.507390 PLAYER
960 201567 83.514340 22.276130 PLAYER
960 202681 90.407060 33.701500 PLAYER
960 202684 83.949190 35.094060 PLAYER
972 -1 55.285560 25.585960 BALL
972 201162 81.346450 21.645940 PLAYER
972 202066 87.852130 25.315070 PLAYER
972 101162 82.796320 29.850820 PLAYER
972 202322 85.608670 29.949950 PLAYER
972 203490 65.360800 25.506550 PLAYER
972 2544 55.003270 25.049120 PLAYER
972 2747 88.422320 25.037640 PLAYER
972 201567 82.837420 23.517960 PLAYER
972 202681 89.584420 35.213740 PLAYER
972 202684 84.033120 35.189470 PLAYER
984 -1 55.357820 25.751970 BALL
984 201162 81.463170 22.253280 PLAYER
984 202066 87.536960 24.775340 PLAYER
984 101162 82.833430 29.710130 PLAYER
984 202322 85.086130 30.876520 PLAYER
984 203490 65.344720 25.520700 PLAYER
984 2544 55.039640 25.197700 PLAYER
984 2747 88.413410 24.281160 PLAYER
984 201567 82.112450 24.783850 PLAYER
984 202681 88.630640 36.709410 PLAYER
984 202684 84.200530 35.241590 PLAYER
996 -1 56.387130 26.505060 BALL
996 201162 81.386470 23.143980 PLAYER
996 202066 87.275340 24.251810 PLAYER
996 101162 82.864500 29.782340 PLAYER
996 202322 84.545770 31.897450 PLAYER
996 203490 65.346810 25.525690 PLAYER
996 2544 55.076970 25.305570 PLAYER
996 2747 88.384330 23.377840 PLAYER
996 201567 81.352780 26.089030 PLAYER
996 202681 87.555700 38.196350 PLAYER
996 202684 84.384090 35.274350 PLAYER
1008 -1 59.847120 29.263020 BALL
1008 201162 81.317940 23.995160 PLAYER
1008 202066 87.189150 24.081850 PLAYER
1008 101162 82.904570 29.749920 PLAYER
1008 202322 83.775830 33.039940 PLAYER
1008 203490 65.350140 25.519040 PLAYER
1008 2544 55.091340 25.384790 PLAYER
1008 2747 88.416050 22.458620 PLAYER
1008 201567 80.596720 27.490600 PLAYER
1008 202681 86.381120 39.612830 PLAYER
1008 202684 84.564600 35.282370 PLAYER
1020 -1 63.431190 32.267120 BALL
1020 201162 81.084360 25.014790 PLAYER
1020 202066 87.196320 23.964040 PLAYER
1020 101162 83.203860 29.733860 PLAYER
1020 202322 82.869820 34.081430 PLAYER
1020 203490 65.387660 25.497920 PLAYER
1020 2544 55.092550 25.425130 PLAYER
1020 2747 88.382790 21.585310 PLAYER
1020 201567 79.924540 28.942600 PLAYER
1020 202681 85.115210 40.909480 PLAYER
1020 202684 84.723250 35.148830 PLAYER
1032 -1 67.050470 35.325340 BALL
1032 201162 80.752440 26.208610 PLAYER
1032 202066 87.203010 23.643200 PLAYER
1032 101162 83.625430 30.013630 PLAYER
1032 202322 82.026790 35.195150 PLAYER
1032 203490 65.457790 25.475680 PLAYER
1032 2544 55.084990 25.370460 PLAYER
1032 2747 88.298420 20.600580 PLAYER
1032 201567 79.403930 30.397540 PLAYER
1032 202681 83.926610 42.092730 PLAYER
1032 202684 85.022750 34.832260 PLAYER
1044 -1 70.516540 38.194160 BALL
1044 201162 80.235910 27.615370 PLAYER
1044 202066 87.149340 23.428220 PLAYER
1044 101162 83.937500 30.216420 PLAYER
1044 202322 81.115220 36.410460 PLAYER
1044 203490 65.594230 25.517940 PLAYER
1044 2544 55.064220 25.291040 PLAYER
1044 2747 88.218770 19.643740 PLAYER
1044 201567 78.788840 31.850880 PLAYER
1044 202681 82.896510 43.161850 PLAYER
1044 202684 85.320470 34.432840 PLAYER
1056 -1 73.888550 41.141170 BALL
1056 201162 80.060310 28.882770 PLAYER
1056 202066 87.127020 23.143040 PLAYER
1056 101162 84.039980 30.182360 PLAYER
1056 202322 80.336210 37.709560 PLAYER
1056 203490 65.831360 25.501380 PLAYER
1056 2544 55.006050 25.131230 PLAYER
1056 2747 88.149920 18.659360 PLAYER
1056 201567 78.165460 33.266620 PLAYER
1056 202681 82.159990 44.137470 PLAYER
1056 202684 85.576060 33.933530 PLAYER
1068 -1 77.137220 43.986140 BALL
1068 201162 79.877060 30.172610 PLAYER
1068 202066 86.967210 22.595380 PLAYER
1068 101162 84.223300 30.197640 PLAYER
1068 202322 79.734330 38.968650 PLAYER
1068 203490 66.166840 25.441260 PLAYER
1068 2544 54.963360 24.956580 PLAYER
1068 2747 88.017080 17.673880 PLAYER
1068 201567 77.471050 34.594770 PLAYER
1068 202681 81.667460 45.007590 PLAYER
1068 202684 85.962600 33.230940 PLAYER
1080 -1 79.571580 46.173880 BALL
1080 201162 79.782240 31.470790 PLAYER
1080 202066 86.769300 22.084460 PLAYER
1080 101162 84.292450 30.001580 PLAYER
1080 202322 79.331380 40.203420 PLAYER
1080 203490 66.569750 25.345430 PLAYER
1080 2544 54.926410 24.744300 PLAYER
1080 2747 87.813720 16.645560 PLAYER
1080 201567 76.803520 35.856370 PLAYER
1080 202681 81.426560 45.680190 PLAYER
1080 202684 86.408020 32.448800 PLAYER
1092 -1 79.929070 46.822640 BALL
1092 201162 79.834970 32.784730 PLAYER
1092 202066 86.670200 21.619580 PLAYER
1092 101162 84.209920 29.675530 PLAYER
1092 202322 79.095940 41.387590 PLAYER
1092 203490 67.037420 25.222920 PLAYER
1092 2544 54.901240 24.546980 PLAYER
1092 2747 87.528830 15.589880 PLAYER
1092 201567 76.101710 37.092080 PLAYER
1092 202681 81.354420 46.096260 PLAYER
1092 202684 86.731930 31.686660 PLAYER
1104 -1 80.346990 46.908390 BALL
1104 201162 80.126900 33.883070 PLAYER
1104 202066 86.623350 21.152540 PLAYER
1104 101162 84.278180 29.398440 PLAYER
1104 202322 79.146010 42.599560 PLAYER
1104 203490 67.545720 25.094270 PLAYER
1104 2544 54.951560 24.367320 PLAYER
1104 2747 87.144960 14.543340 PLAYER
1104 201567 75.620240 38.261730 PLAYER
1104 202681 81.539880 46.284230 PLAYER
1104 202684 87.057930 30.805540 PLAYER
1116 -1 79.196700 45.337150 BALL
1116 201162 80.522840 34.844340 PLAYER
1116 202066 86.543710 20.715300 PLAYER
1116 101162 84.581050 29.280260 PLAYER
1116 202322 79.320090 43.590680 PLAYER
1116 203490 68.057540 25.008200 PLAYER
1116 2544 55.070270 24.212020 PLAYER
1116 2747 86.677880 13.493510 PLAYER
1116 201567 75.409650 39.387140 PLAYER
1116 202681 81.986730 46.298410 PLAYER
1116 202684 87.433730 29.838060 PLAYER
1128 -1 81.115860 45.036680 BALL
1128 201162 81.214010 35.633320 PLAYER
1128 202066 86.535230 20.368570 PLAYER
1128 101162 84.856210 29.230960 PLAYER
1128 202322 79.652980 44.316740 PLAYER
1128 203490 68.616160 24.986390 PLAYER
1128 2544 55.195950 24.021280 PLAYER
1128 2747 86.181040 12.508060 PLAYER
1128 201567 75.462330 40.396250 PLAYER
1128 202681 82.590580 46.113210 PLAYER
1128 202684 87.759520 28.823680 PLAYER
1140 -1 84.407360 44.911400 BALL
1140 201162 82.093850 36.312000 PLAYER
1140 202066 86.601100 20.065910 PLAYER
1140 101162 85.255670 29.397630 PLAYER
1140 202322 80.096550 44.802550 PLAYER
1140 203490 69.172090 25.086940 PLAYER
1140 2544 55.316750 23.827040 PLAYER
1140 2747 85.677540 11.543290 PLAYER
1140 201567 75.573090 41.250600 PLAYER
1140 202681 83.353040 45.787270 PLAYER
1140 202684 87.998790 27.814510 PLAYER
1152 -1 86.013830 44.770380 BALL
1152 201162 83.066380 36.881910 PLAYER
1152 202066 86.633690 19.778190 PLAYER
1152 101162 85.560550 29.492590 PLAYER
1152 202322 80.692950 44.885960 PLAYER
1152 203490 69.686210 25.292750 PLAYER
1152 2544 55.434220 23.598290 PLAYER
1152 2747 85.186410 10.599910 PLAYER
1152 201567 75.683080 41.884250 PLAYER
1152 202681 84.328760 45.377290 PLAYER
1152 202684 88.158120 26.766330 PLAYER
1164 -1 85.659900 45.623410 BALL
1164 201162 84.185130 37.503560 PLAYER
1164 202066 86.666940 19.491110 PLAYER
1164 101162 85.773630 29.605760 PLAYER
1164 202322 81.235580 44.587160 PLAYER
1164 203490 70.145480 25.615730 PLAYER
1164 2544 55.554040 23.365910 PLAYER
1164 2747 84.740390 9.682450 PLAYER
1164 201567 75.655380 42.410150 PLAYER
1164 202681 85.175260 44.836860 PLAYER
1164 202684 88.267630 25.699580 PLAYER
1176 -1 85.930990 45.501810 BALL
1176 201162 85.215280 38.156840 PLAYER
1176 202066 86.654370 19.144290 PLAYER
1176 101162 85.957470 29.560350 PLAYER
1176 202322 81.874890 44.101620 PLAYER
1176 203490 70.583620 26.061660 PLAYER
1176 2544 55.684410 23.096070 PLAYER
1176 2747 84.383010 8.793660 PLAYER
1176 201567 75.379600 42.792280 PLAYER
1176 202681 85.962260 44.067600 PLAYER
1176 202684 88.327330 24.562910 PLAYER
1188 -1 86.202080 45.380210 BALL
1188 201162 86.151560 38.722520 PLAYER
1188 202066 86.698160 18.864890 PLAYER
1188 101162 86.029500 29.318480 PLAYER
1188 202322 82.276600 43.557610 PLAYER
1188 203490 70.979220 26.581660 PLAYER
1188 2544 55.839990 22.796130 PLAYER
1188 2747 84.054390 7.918620 PLAYER
1188 201567 74.939610 43.045790 PLAYER
1188 202681 86.813770 43.260520 PLAYER
1188 202684 88.257660 23.456810 PLAYER
1200 -1 83.856580 45.752210 BALL
1200 201162 86.985030 39.095940 PLAYER
1200 202066 86.763180 18.642630 PLAYER
1200 101162 86.027630 28.883990 PLAYER
1200 202322 82.435440 42.901810 PLAYER
1200 203490 71.302050 27.113150 PLAYER
1200 2544 56.055880 22.485420 PLAYER
1200 2747 83.788530 7.116220 PLAYER
1200 201567 74.436570 43.176120 PLAYER
1200 202681 87.635130 42.498250 PLAYER
1200 202684 88.181350 22.409650 PLAYER
1212 -1 81.085370 45.901110 BALL
1212 201162 87.709070 39.274340 PLAYER
1212 202066 86.700970 18.416370 PLAYER
1212 101162 86.178470 28.519270 PLAYER
1212 202322 82.335460 42.284690 PLAYER
1212 203490 71.547100 27.647240 PLAYER
1212 2544 56.319850 22.194200 PLAYER
1212 2747 83.505590 6.336690 PLAYER
1212 201567 73.991380 43.354600 PLAYER
1212 202681 88.241990 41.778190 PLAYER
1212 202684 88.139450 21.418050 PLAYER
1224 -1 78.901840 45.971260 BALL
1224 201162 88.214400 39.223440 PLAYER
1224 202066 86.582670 18.176370 PLAYER
1224 101162 86.266180 28.145540 PLAYER
1224 202322 82.075980 41.709650 PLAYER
1224 203490 71.700220 28.156610 PLAYER
1224 2544 56.607770 21.907490 PLAYER
1224 2747 83.196490 5.572260 PLAYER
1224 201567 73.649400 43.431600 PLAYER
1224 202681 88.973830 41.191410 PLAYER
1224 202684 88.004490 20.514220 PLAYER
1236 -1 76.493420 45.914820 BALL
1236 201162 88.591290 39.035920 PLAYER
1236 202066 86.448980 18.022550 PLAYER
1236 101162 86.316550 27.826440 PLAYER
1236 202322 81.532330 41.179210 PLAYER
1236 203490 71.675440 28.628060 PLAYER
1236 2544 56.883680 21.645440 PLAYER
1236 2747 82.793890 4.837720 PLAYER
1236 201567 73.337240 43.419520 PLAYER
1236 202681 89.611380 40.789080 PLAYER
1236 202684 87.893280 19.797450 PLAYER
1248 -1 74.896130 45.715500 BALL
1248 201162 88.818850 38.743360 PLAYER
1248 202066 86.207570 17.785210 PLAYER
1248 101162 86.489740 27.580730 PLAYER
1248 202322 80.831560 40.683310 PLAYER
1248 203490 71.482290 29.082690 PLAYER
1248 2544 57.161060 21.395130 PLAYER
1248 2747 82.313360 4.212920 PLAYER
1248 201567 73.021550 43.363860 PLAYER
1248 202681 90.198540 40.478450 PLAYER
1248 202684 87.871240 19.215150 PLAYER
1260 -1 74.160250 43.997780 BALL
1260 201162 88.997790 38.480410 PLAYER
1260 202066 85.883520 17.465170 PLAYER
1260 101162 86.608050 27.264040 PLAYER
1260 202322 80.125050 40.263910 PLAYER
1260 203490 71.181340 29.520210 PLAYER
1260 2544 57.473540 21.133310 PLAYER
1260 2747 81.715230 3.702120 PLAYER
1260 201567 72.683070 43.343030 PLAYER
1260 202681 90.764450 40.299680 PLAYER
1260 202684 87.900220 18.670540 PLAYER
1272 -1 73.732970 42.356150 BALL
1272 201162 89.053910 38.206740 PLAYER
1272 202066 85.579000 17.156740 PLAYER
1272 101162 86.639500 26.897700 PLAYER
1272 202322 79.299140 39.915720 PLAYER
1272 203490 70.851120 29.831670 PLAYER
1272 2544 57.782680 20.865650 PLAYER
1272 2747 81.136390 3.321900 PLAYER
1272 201567 72.341170 43.211700 PLAYER
1272 202681 91.423190 40.205740 PLAYER
1272 202684 87.967640 18.226780 PLAYER
1284 -1 72.895240 42.019600 BALL
1284 201162 89.073350 38.019030 PLAYER
1284 202066 85.249670 16.898400 PLAYER
1284 101162 86.649780 26.436430 PLAYER
1284 202322 78.371010 39.655980 PLAYER
1284 203490 70.549000 29.927930 PLAYER
1284 2544 58.026260 20.621610 PLAYER
1284 2747 80.528450 3.080370 PLAYER
1284 201567 72.069660 43.047900 PLAYER
1284 202681 91.973060 40.151940 PLAYER
1284 202684 88.074170 17.854410 PLAYER
1296 -1 71.909930 42.257740 BALL
1296 201162 89.039190 37.928490 PLAYER
1296 202066 84.808990 16.567490 PLAYER
1296 101162 86.620430 25.919860 PLAYER
1296 202322 77.449880 39.461500 PLAYER
1296 203490 70.254520 29.799540 PLAYER
1296 2544 58.223700 20.427880 PLAYER
1296 2747 79.926930 2.951760 PLAYER
1296 201567 71.911030 42.907140 PLAYER
1296 202681 92.462210 40.184450 PLAYER
1296 202684 88.190780 17.548740 PLAYER
1308 -1 71.652200 42.182290 BALL
1308 201162 89.034470 37.910130 PLAYER
1308 202066 84.241630 16.206020 PLAYER
1308 101162 86.540990 25.423470 PLAYER
1308 202322 76.599850 39.293880 PLAYER
1308 203490 69.917350 29.434310 PLAYER
1308 2544 58.367120 20.279010 PLAYER
1308 2747 79.298740 2.853060 PLAYER
1308 201567 71.858800 42.787960 PLAYER
1308 202681 92.845300 40.390910 PLAYER
1308 202684 88.143130 17.377200 PLAYER
1320 -1 71.221790 42.603870 BALL
1320 201162 88.978360 37.971590 PLAYER
1320 202066 83.591540 15.878300 PLAYER
1320 101162 86.389170 25.043090 PLAYER
1320 202322 75.836260 39.193510 PLAYER
1320 203490 69.494790 28.878900 PLAYER
1320 2544 58.391730 20.197430 PLAYER
1320 2747 78.714910 2.784910 PLAYER
1320 201567 71.905090 42.647950 PLAYER
1320 202681 93.145150 40.658160 PLAYER
1320 202684 88.079200 17.346200 PLAYER
1332 -1 71.329350 42.634440 BALL
1332 201162 88.993940 38.165460 PLAYER
1332 202066 82.866150 15.515430 PLAYER
1332 101162 86.198790 24.745140 PLAYER
1332 202322 75.222190 39.103850 PLAYER
1332 203490 69.094520 28.237280 PLAYER
1332 2544 58.326840 20.163530 PLAYER
1332 2747 78.129020 2.758090 PLAYER
1332 201567 71.962840 42.540540 PLAYER
1332 202681 93.250570 41.135850 PLAYER
1332 202684 88.096920 17.362470 PLAYER
1344 -1 71.719770 42.582820 BALL
1344 201162 89.040430 38.455800 PLAYER
1344 202066 82.066850 15.101450 PLAYER
1344 101162 85.967590 24.302890 PLAYER
1344 202322 74.752020 39.036640 PLAYER
1344 203490 68.634750 27.624250 PLAYER
1344 2544 58.199410 20.187290 PLAYER
1344 2747 77.578320 2.762750 PLAYER
1344 201567 71.973830 42.472860 PLAYER
1344 202681 93.209290 41.727500 PLAYER
1344 202684 88.193650 17.445820 PLAYER
1356 -1 71.718290 42.315670 BALL
1356 201162 89.088890 38.808450 PLAYER
1356 202066 81.313860 14.715160 PLAYER
1356 101162 85.798490 23.958680 PLAYER
1356 202322 74.419480 38.985260 PLAYER
1356 203490 68.168640 27.048160 PLAYER
1356 2544 58.046410 20.226000 PLAYER
1356 2747 77.097610 2.783750 PLAYER
1356 201567 71.951570 42.416890 PLAYER
1356 202681 92.989430 42.427810 PLAYER
1356 202684 88.344060 17.536140 PLAYER
1368 -1 71.649500 41.937510 BALL
1368 201162 89.004980 39.335750 PLAYER
1368 202066 80.643210 14.321170 PLAYER
1368 101162 85.767830 23.554550 PLAYER
1368 202322 74.232760 38.971030 PLAYER
1368 203490 67.748870 26.528760 PLAYER
1368 2544 57.851640 20.322640 PLAYER
1368 2747 76.677860 2.857170 PLAYER
1368 201567 71.875960 42.389120 PLAYER
1368 202681 92.637980 43.161640 PLAYER
1368 202684 88.615280 17.592590 PLAYER
1380 -1 71.437590 42.120380 BALL
1380 201162 88.633340 40.152280 PLAYER
1380 202066 80.029180 13.938020 PLAYER
1380 101162 85.902340 23.050700 PLAYER
1380 202322 74.151690 38.975040 PLAYER
1380 203490 67.397820 26.066540 PLAYER
1380 2544 57.641210 20.435590 PLAYER
1380 2747 76.249970 2.939320 PLAYER
1380 201567 71.790760 42.393610 PLAYER
1380 202681 92.134520 43.969920 PLAYER
1380 202684 88.900410 17.571740 PLAYER
1392 -1 71.543640 42.229200 BALL
1392 201162 88.314170 40.818980 PLAYER
1392 202066 79.524070 13.611740 PLAYER
1392 101162 86.170530 22.458090 PLAYER
1392 202322 74.134980 38.987990 PLAYER
1392 203490 66.981500 25.686310 PLAYER
1392 2544 57.439660 20.540900 PLAYER
1392 2747 75.844090 3.030240 PLAYER
1392 201567 71.769880 42.410550 PLAYER
1392 202681 91.600650 44.696020 PLAYER
1392 202684 88.987980 17.585490 PLAYER
1404 -1 71.694350 42.638350 BALL
1404 201162 87.844850 41.484240 PLAYER
1404 202066 79.106270 13.341090 PLAYER
1404 101162 86.554660 22.063320 PLAYER
1404 202322 74.172870 38.991970 PLAYER
1404 203490 66.589220 25.382580 PLAYER
1404 2544 57.285830 20.576230 PLAYER
1404 2747 75.460180 3.117410 PLAYER
1404 201567 71.780090 42.441360 PLAYER
1404 202681 90.938140 45.392500 PLAYER
1404 202684 89.034560 17.574610 PLAYER
1416 -1 72.091490 42.927480 BALL
1416 201162 87.281490 42.265160 PLAYER
1416 202066 78.786370 13.142800 PLAYER
1416 101162 86.902930 21.631770 PLAYER
1416 202322 74.210980 39.001920 PLAYER
1416 203490 66.236720 25.135760 PLAYER
1416 2544 57.144940 20.636820 PLAYER
1416 2747 75.102870 3.201650 PLAYER
1416 201567 71.820820 42.505750 PLAYER
1416 202681 90.238510 45.994610 PLAYER
1416 202684 89.030340 17.504690 PLAYER
1428 -1 72.859240 43.106520 BALL
1428 201162 86.734620 43.068360 PLAYER
1428 202066 78.566650 13.030390 PLAYER
1428 101162 87.160710 21.292320 PLAYER
1428 202322 74.230470 39.018740 PLAYER
1428 203490 65.947090 24.971070 PLAYER
1428 2544 57.035680 20.655390 PLAYER
1428 2747 74.851750 3.283510 PLAYER
1428 201567 71.905500 42.570030 PLAYER
1428 202681 89.453350 46.451740 PLAYER
1428 202684 89.042170 17.354660 PLAYER
1440 -1 73.451140 43.421230 BALL
1440 201162 86.411570 43.687690 PLAYER
1440 202066 78.424450 12.959660 PLAYER
1440 101162 87.318430 21.048660 PLAYER
1440 202322 74.228600 39.030950 PLAYER
1440 203490 65.776980 24.799630 PLAYER
1440 2544 56.935470 20.647310 PLAYER
1440 2747 74.686140 3.380290 PLAYER
1440 201567 71.993180 42.653060 PLAYER
1440 202681 88.613470 46.748240 PLAYER
1440 202684 89.000590 17.147540 PLAYER
1452 -1 73.406920 43.534180 BALL
1452 201162 85.878170 44.482000 PLAYER
1452 202066 78.355900 12.925700 PLAYER
1452 101162 87.417900 20.895620 PLAYER
1452 202322 74.225140 39.063050 PLAYER
1452 203490 65.674470 24.591810 PLAYER
1452 2544 56.839070 20.632950 PLAYER
1452 2747 74.546520 3.472060 PLAYER
1452 201567 71.964340 42.734890 PLAYER
1452 202681 87.753450 46.890290 PLAYER
1452 202684 88.980060 16.864210 PLAYER
1464 -1 72.640740 43.567690 BALL
1464 201162 85.444290 45.243820 PLAYER
1464 202066 78.356050 12.911810 PLAYER
1464 101162 87.493070 20.725700 PLAYER
1464 202322 74.216950 39.104750 PLAYER
1464 203490 65.665530 24.402930 PLAYER
1464 2544 56.727710 20.658160 PLAYER
1464 2747 74.406930 3.571730 PLAYER
1464 201567 71.845010 42.781520 PLAYER
1464 202681 86.893950 46.868210 PLAYER
1464 202684 88.968370 16.529090 PLAYER
1476 -1 72.372880 43.591860 BALL
1476 201162 85.052250 45.790810 PLAYER
1476 202066 78.395950 12.894740 PLAYER
1476 101162 87.558530 20.543540 PLAYER
1476 202322 74.204230 39.160100 PLAYER
1476 203490 65.739510 24.314700 PLAYER
1476 2544 56.575190 20.664080 PLAYER
1476 2747 74.209850 3.679120 PLAYER
1476 201567 71.660500 42.803930 PLAYER
1476 202681 86.055670 46.769850 PLAYER
1476 202684 88.964460 16.181070 PLAYER
1488 -1 71.890440 43.630080 BALL
1488 201162 84.550370 46.091730 PLAYER
1488 202066 78.453060 12.892820 PLAYER
1488 101162 87.640310 20.389380 PLAYER
1488 202322 74.188620 39.246800 PLAYER
1488 203490 65.811900 24.277260 PLAYER
1488 2544 56.381610 20.725480 PLAYER
1488 2747 74.008860 3.775910 PLAYER
1488 201567 71.436420 42.786460 PLAYER
1488 202681 85.448200 46.666120 PLAYER
1488 202684 88.964530 15.813140 PLAYER
1500 -1 71.478590 43.707280 BALL
1500 201162 84.071820 46.167210 PLAYER
1500 202066 78.524580 12.913730 PLAYER
1500 101162 87.730660 20.232520 PLAYER
1500 202322 74.143410 39.344200 PLAYER
1500 203490 65.834050 24.355340 PLAYER
1500 2544 56.107560 20.874280 PLAYER
1500 2747 73.837850 3.893470 PLAYER
1500 201567 71.201540 42.734220 PLAYER
1500 202681 84.987690 46.617580 PLAYER
1500 202684 89.006110 15.465530 PLAYER
1512 -1 71.100620 44.083920 BALL
1512 201162 83.729250 46.115210 PLAYER
1512 202066 78.612350 12.996310 PLAYER
1512 101162 87.805710 20.097650 PLAYER
1512 202322 74.022580 39.384010 PLAYER
1512 203490 65.770180 24.509730 PLAYER
1512 2544 55.770540 21.095230 PLAYER
1512 2747 73.648890 4.041450 PLAYER
1512 201567 70.982120 42.734540 PLAYER
1512 202681 84.686760 46.560880 PLAYER
1512 202684 89.095030 15.139340 PLAYER
1524 -1 70.783420 44.533560 BALL
1524 201162 83.305250 45.936030 PLAYER
1524 202066 78.732950 13.154580 PLAYER
1524 101162 87.888380 20.081190 PLAYER
1524 202322 73.869500 39.399700 PLAYER
1524 203490 65.549610 24.651070 PLAYER
1524 2544 55.410940 21.296170 PLAYER
1524 2747 73.527990 4.178950 PLAYER
1524 201567 70.861720 42.799400 PLAYER
1524 202681 84.559190 46.569150 PLAYER
1524 202684 89.211240 14.829310 PLAYER
1536 -1 70.626570 44.740530 BALL
1536 201162 82.866100 45.622320 PLAYER
1536 202066 78.899120 13.380640 PLAYER
1536 101162 87.945440 20.208460 PLAYER
1536 202322 73.727190 39.431410 PLAYER
1536 203490 65.162390 24.746700 PLAYER
1536 2544 55.056500 21.589800 PLAYER
1536 2747 73.480840 4.295700 PLAYER
1536 201567 70.832160 42.902420 PLAYER
1536 202681 84.576370 46.581590 PLAYER
1536 202684 89.326530 14.515940 PLAYER
1548 -1 70.560410 44.875310 BALL
1548 201162 82.507040 45.270660 PLAYER
1548 202066 79.089880 13.647000 PLAYER
1548 101162 87.960350 20.431110 PLAYER
1548 202322 73.592580 39.462520 PLAYER
1548 203490 64.654310 24.821300 PLAYER
1548 2544 54.750320 21.858650 PLAYER
1548 2747 73.402210 4.382680 PLAYER
1548 201567 70.722570 43.118450 PLAYER
1548 202681 84.607890 46.447400 PLAYER
1548 202684 89.411530 14.195370 PLAYER
1560 -1 70.602260 44.893320 BALL
1560 201162 82.135800 45.004670 PLAYER
1560 202066 79.265660 13.911990 PLAYER
1560 101162 87.933030 20.752570 PLAYER
1560 202322 73.511850 39.506380 PLAYER
1560 203490 64.066700 24.871480 PLAYER
1560 2544 54.539550 22.084530 PLAYER
1560 2747 73.357620 4.457100 PLAYER
1560 201567 70.588980 43.406320 PLAYER
1560 202681 84.773210 46.022870 PLAYER
1560 202684 89.460760 13.901090 PLAYER
1572 -1 70.805940 44.823040 BALL
1572 201162 81.762570 44.710840 PLAYER
1572 202066 79.381800 14.107600 PLAYER
1572 101162 87.913690 21.084440 PLAYER
1572 202322 73.478330 39.615370 PLAYER
1572 203490 63.478730 24.968120 PLAYER
1572 2544 54.416980 22.286980 PLAYER
1572 2747 73.365840 4.472190 PLAYER
1572 201567 70.537500 43.632760 PLAYER
1572 202681 84.998060 45.378810 PLAYER
1572 202684 89.445730 13.619380 PLAYER
1584 -1 70.979140 44.820670 BALL
1584 201162 81.505740 44.184680 PLAYER
1584 202066 79.412210 14.223950 PLAYER
1584 101162 87.843730 21.433540 PLAYER
1584 202322 73.458470 39.743240 PLAYER
1584 203490 62.937180 25.148150 PLAYER
1584 2544 54.334220 22.542170 PLAYER
1584 2747 73.362740 4.483220 PLAYER
1584 201567 70.501850 43.867890 PLAYER
1584 202681 85.341020 44.404790 PLAYER
1584 202684 89.399140 13.341820 PLAYER
1596 -1 72.040750 44.836800 BALL
1596 201162 81.333850 43.657070 PLAYER
1596 202066 79.397130 14.273470 PLAYER
1596 101162 87.789970 21.807260 PLAYER
1596 202322 73.415640 39.842310 PLAYER
1596 203490 62.503830 25.364310 PLAYER
1596 2544 54.276250 22.727150 PLAYER
1596 2747 73.371140 4.515490 PLAYER
1596 201567 70.441040 44.141060 PLAYER
1596 202681 85.755530 43.323150 PLAYER
1596 202684 89.347510 13.097170 PLAYER
1608 -1 75.601640 42.377670 BALL
1608 201162 81.371750 42.976800 PLAYER
1608 202066 79.386800 14.307850 PLAYER
1608 101162 87.777920 22.226480 PLAYER
1608 202322 73.327800 39.931150 PLAYER
1608 203490 62.186970 25.553980 PLAYER
1608 2544 54.192090 22.922060 PLAYER
1608 2747 73.406620 4.580090 PLAYER
1608 201567 70.397150 44.412330 PLAYER
1608 202681 86.186680 42.051930 PLAYER
1608 202684 89.302240 12.902740 PLAYER
1620 -1 79.435460 39.699320 BALL
1620 201162 81.595600 41.957980 PLAYER
1620 202066 79.423540 14.370180 PLAYER
1620 101162 87.807740 22.716510 PLAYER
1620 202322 73.171150 39.996640 PLAYER
1620 203490 61.965400 25.709290 PLAYER
1620 2544 54.094550 23.086620 PLAYER
1620 2747 73.336830 4.634150 PLAYER
1620 201567 70.278730 44.654800 PLAYER
1620 202681 86.561250 40.665570 PLAYER
1620 202684 89.245040 12.737650 PLAYER
1632 -1 81.440360 38.009220 BALL
1632 201162 81.919510 40.768080 PLAYER
1632 202066 79.617410 14.537260 PLAYER
1632 101162 87.824010 23.314830 PLAYER
1632 202322 72.975740 40.015020 PLAYER
1632 203490 61.832110 25.779740 PLAYER
1632 2544 53.954680 23.213490 PLAYER
1632 2747 73.241700 4.750350 PLAYER
1632 201567 70.071360 44.889180 PLAYER
1632 202681 86.857760 39.168910 PLAYER
1632 202684 89.177300 12.630960 PLAYER
1644 -1 83.478920 36.434530 BALL
1644 201162 82.306720 39.656540 PLAYER
1644 202066 80.088700 14.847980 PLAYER
1644 101162 87.851900 23.969870 PLAYER
1644 202322 72.753750 40.009540 PLAYER
1644 203490 61.782110 25.722360 PLAYER
1644 2544 53.806210 23.308390 PLAYER
1644 2747 73.033000 4.897110 PLAYER
1644 201567 69.841580 44.990580 PLAYER
1644 202681 87.078780 37.653450 PLAYER
1644 202684 89.027160 12.659510 PLAYER
1656 -1 85.253540 34.795820 BALL
1656 201162 82.704520 38.390080 PLAYER
1656 202066 80.649850 15.206570 PLAYER
1656 101162 87.798160 24.573530 PLAYER
1656 202322 72.548040 40.014150 PLAYER
1656 203490 61.773190 25.578520 PLAYER
1656 2544 53.662390 23.369120 PLAYER
1656 2747 72.843830 5.192140 PLAYER
1656 201567 69.547310 45.021670 PLAYER
1656 202681 87.285470 35.934850 PLAYER
1656 202684 88.785730 12.846570 PLAYER
1668 -1 86.763700 33.446520 BALL
1668 201162 83.050130 37.058520 PLAYER
1668 202066 81.199540 15.588210 PLAYER
1668 101162 87.778370 25.195370 PLAYER
1668 202322 72.356280 39.950190 PLAYER
1668 203490 61.817330 25.413570 PLAYER
1668 2544 53.534750 23.400090 PLAYER
1668 2747 72.517070 5.446650 PLAYER
1668 201567 69.173660 45.120940 PLAYER
1668 202681 87.446720 34.221110 PLAYER
1668 202684 88.549960 13.215520 PLAYER
1680 -1 87.329090 31.831020 BALL
1680 201162 83.314170 35.768780 PLAYER
1680 202066 81.901950 16.021780 PLAYER
1680 101162 87.907700 25.811560 PLAYER
1680 202322 72.211680 39.837630 PLAYER
1680 203490 61.950270 25.195850 PLAYER
1680 2544 53.422220 23.431770 PLAYER
1680 2747 72.223260 5.660550 PLAYER
1680 201567 68.893880 45.204690 PLAYER
1680 202681 87.539950 32.600030 PLAYER
1680 202684 88.432750 13.826220 PLAYER
1692 -1 86.911840 30.082270 BALL
1692 201162 83.572640 34.428720 PLAYER
1692 202066 82.661820 16.484690 PLAYER
1692 101162 87.951260 26.319320 PLAYER
1692 202322 72.141860 39.698310 PLAYER
1692 203490 62.200680 24.936940 PLAYER
1692 2544 53.347750 23.459350 PLAYER
1692 2747 71.976670 5.809570 PLAYER
1692 201567 68.613370 45.345230 PLAYER
1692 202681 87.654820 31.121720 PLAYER
1692 202684 88.228870 14.608000 PLAYER
1704 -1 87.748710 29.805940 BALL
1704 201162 83.796260 33.042910 PLAYER
1704 202066 83.308620 16.987120 PLAYER
1704 101162 87.977370 26.704910 PLAYER
1704 202322 72.137600 39.521530 PLAYER
1704 203490 62.568420 24.678720 PLAYER
1704 2544 53.312610 23.474020 PLAYER
1704 2747 71.850920 5.897280 PLAYER
1704 201567 68.258260 45.585650 PLAYER
1704 202681 87.799360 29.778160 PLAYER
1704 202684 87.995790 15.491220 PLAYER
1716 -1 87.160870 28.562130 BALL
1716 201162 84.054860 31.667520 PLAYER
1716 202066 84.031040 17.646130 PLAYER
1716 101162 88.121160 26.924480 PLAYER
1716 202322 72.146210 39.267350 PLAYER
1716 203490 63.060040 24.410380 PLAYER
1716 2544 53.322480 23.453360 PLAYER
1716 2747 71.709550 5.800070 PLAYER
1716 201567 67.886170 45.821680 PLAYER
1716 202681 87.901160 28.631240 PLAYER
1716 202684 87.687980 16.407320 PLAYER
1728 -1 86.995910 27.919210 BALL
1728 201162 84.255860 30.269510 PLAYER
1728 202066 84.817680 18.529050 PLAYER
1728 101162 88.218250 26.916280 PLAYER
1728 202322 72.180720 38.997650 PLAYER
1728 203490 63.614350 24.102020 PLAYER
1728 2544 53.364890 23.411860 PLAYER
1728 2747 71.723960 5.731600 PLAYER
1728 201567 67.611680 45.906880 PLAYER
1728 202681 87.985640 27.734270 PLAYER
1728 202684 87.417700 17.330580 PLAYER
1740 -1 86.196080 27.680840 BALL
1740 201162 84.487770 28.967600 PLAYER
1740 202066 85.339440 19.118600 PLAYER
1740 101162 88.122880 26.778670 PLAYER
1740 202322 72.229800 38.724440 PLAYER
1740 203490 64.190770 23.784750 PLAYER
1740 2544 53.434970 23.339880 PLAYER
1740 2747 71.764870 5.675380 PLAYER
1740 201567 67.294060 45.945190 PLAYER
1740 202681 88.068130 27.095250 PLAYER
1740 202684 86.873890 18.171880 PLAYER
1752 -1 84.934250 26.234700 BALL
1752 201162 84.641370 27.515670 PLAYER
1752 202066 85.701400 19.709790 PLAYER
1752 101162 88.119910 26.598570 PLAYER
1752 202322 72.298330 38.482760 PLAYER
1752 203490 64.760680 23.485070 PLAYER
1752 2544 53.524200 23.251040 PLAYER
1752 2747 71.795480 5.652280 PLAYER
1752 201567 66.954800 45.906330 PLAYER
1752 202681 88.132520 26.647090 PLAYER
1752 202684 86.485570 18.954780 PLAYER
1764 -1 83.530190 23.541980 BALL
1764 201162 84.924150 25.831870 PLAYER
1764 202066 85.871310 20.286660 PLAYER
1764 101162 88.166680 26.404940 PLAYER
1764 202322 72.410250 38.294260 PLAYER
1764 203490 65.313330 23.171410 PLAYER
1764 2544 53.606440 23.150710 PLAYER
1764 2747 71.817560 5.663840 PLAYER
1764 201567 66.618700 45.831840 PLAYER
1764 202681 88.166680 26.404940 PLAYER
1764 202684 86.245080 19.563260 PLAYER
1776 -1 82.015780 21.032930 BALL
1776 201162 85.249590 24.162420 PLAYER
1776 202066 85.631420 20.908080 PLAYER
1776 101162 88.251110 26.305820 PLAYER
1776 202322 72.566740 38.170000 PLAYER
1776 203490 65.853990 22.725440 PLAYER
1776 2544 53.680640 23.073750 PLAYER
1776 2747 71.832550 5.700300 PLAYER
1776 201567 66.448950 45.807880 PLAYER
1776 202681 88.251110 26.305820 PLAYER
1776 202684 86.202900 20.055520 PLAYER
1788 -1 80.593590 18.447790 BALL
1788 201162 85.603280 22.851570 PLAYER
1788 202066 85.116470 21.223770 PLAYER
1788 101162 88.304580 26.370170 PLAYER
1788 202322 72.776610 38.066850 PLAYER
1788 203490 66.474810 22.193270 PLAYER
1788 2544 53.752260 23.010100 PLAYER
1788 2747 71.862040 5.725330 PLAYER
1788 201567 66.206910 45.737000 PLAYER
1788 202681 88.304580 26.370170 PLAYER
1788 202684 86.127480 20.414960 PLAYER
1800 -1 79.209600 15.909510 BALL
1800 201162 85.847020 21.810440 PLAYER
1800 202066 84.539850 21.854690 PLAYER
1800 101162 88.526500 26.277840 PLAYER
1800 202322 73.042480 37.979540 PLAYER
1800 203490 67.195300 21.523530 PLAYER
1800 2544 53.822830 22.973840 PLAYER
1800 2747 71.922880 5.735200 PLAYER
1800 201567 65.873280 45.654420 PLAYER
1800 202681 87.961550 26.349420 PLAYER
1800 202684 86.196290 20.655120 PLAYER
1812 -1 77.829520 13.551800 BALL
1812 201162 85.922940 21.569260 PLAYER
1812 202066 83.630530 22.137170 PLAYER
1812 101162 88.658540 26.284630 PLAYER
1812 202322 73.325020 37.870120 PLAYER
1812 203490 68.048700 20.520310 PLAYER
1812 2544 53.884990 22.943070 PLAYER
1812 2747 72.061600 5.710430 PLAYER
1812 201567 65.694380 45.558470 PLAYER
1812 202681 87.469750 26.206280 PLAYER
1812 202684 86.173820 20.839310 PLAYER
1824 -1 76.414050 11.054910 BALL
1824 201162 85.778850 21.805620 PLAYER
1824 202066 82.676520 22.230240 PLAYER
1824 101162 88.815590 26.259810 PLAYER
1824 202322 73.602150 37.734600 PLAYER
1824 203490 68.887840 19.499800 PLAYER
1824 2544 53.971820 22.901580 PLAYER
1824 2747 72.297820 5.518030 PLAYER
1824 201567 65.691850 45.422760 PLAYER
1824 202681 86.737870 26.179000 PLAYER
1824 202684 86.078730 21.118460 PLAYER
1836 -1 75.514830 9.501190 BALL
1836 201162 85.536600 22.351930 PLAYER
1836 202066 81.870190 21.868540 PLAYER
1836 101162 88.822460 26.048440 PLAYER
1836 202322 73.890490 37.558580 PLAYER
1836 203490 69.704550 18.404670 PLAYER
1836 2544 54.110270 22.812730 PLAYER
1836 2747 72.580800 5.280160 PLAYER
1836 201567 65.730070 45.195610 PLAYER
1836 202681 85.921180 26.272680 PLAYER
1836 202684 85.954870 21.427080 PLAYER
1848 -1 74.603460 8.199180 BALL
1848 201162 85.187410 22.809800 PLAYER
1848 202066 81.173310 21.500320 PLAYER
1848 101162 88.694460 25.681380 PLAYER
1848 202322 74.135190 37.360820 PLAYER
1848 203490 70.419220 17.193870 PLAYER
1848 2544 54.368380 22.679750 PLAYER
1848 2747 72.933630 5.110830 PLAYER
1848 201567 66.089000 44.971480 PLAYER
1848 202681 85.039820 26.339320 PLAYER
1848 202684 85.605680 21.884950 PLAYER
1860 -1 74.039360 7.009810 BALL
1860 201162 84.656390 23.053360 PLAYER
1860 202066 80.354480 20.837510 PLAYER
1860 101162 88.468370 25.570090 PLAYER
1860 202322 74.328840 37.161900 PLAYER
1860 203490 71.099890 15.909850 PLAYER
1860 2544 54.705360 22.455780 PLAYER
1860 2747 73.345520 4.899320 PLAYER
1860 201567 66.802460 44.833520 PLAYER
1860 202681 84.340610 26.502240 PLAYER
1860 202684 85.516670 22.494640 PLAYER
1872 -1 74.205910 5.879020 BALL
1872 201162 84.322750 22.908610 PLAYER
1872 202066 79.612160 20.332810 PLAYER
1872 101162 88.237010 25.396050 PLAYER
1872 202322 74.521510 36.963620 PLAYER
1872 203490 71.700890 14.705250 PLAYER
1872 2544 55.186900 22.183190 PLAYER
1872 2747 73.795410 4.736630 PLAYER
1872 201567 67.688870 44.748920 PLAYER
1872 202681 83.671840 26.855050 PLAYER
1872 202684 85.539490 23.082770 PLAYER
1884 -1 74.756870 5.251600 BALL
1884 201162 84.157670 22.753450 PLAYER
1884 202066 78.703870 19.855220 PLAYER
1884 101162 87.861340 25.064970 PLAYER
1884 202322 74.750200 36.784510 PLAYER
1884 203490 72.308510 13.344590 PLAYER
1884 2544 55.813200 21.902460 PLAYER
1884 2747 74.173960 4.705950 PLAYER
1884 201567 68.637750 44.652380 PLAYER
1884 202681 83.146200 27.191680 PLAYER
1884 202684 85.759900 23.553250 PLAYER
1896 -1 75.784480 5.437190 BALL
1896 201162 84.011790 22.575420 PLAYER
1896 202066 77.737680 19.585320 PLAYER
1896 101162 87.465270 25.025180 PLAYER
1896 202322 75.025220 36.653080 PLAYER
1896 203490 72.901500 12.007070 PLAYER
1896 2544 56.546390 21.613180 PLAYER
1896 2747 74.418420 4.703590 PLAYER
1896 201567 69.656350 44.545250 PLAYER
1896 202681 82.606810 27.459250 PLAYER
1896 202684 85.948350 24.112230 PLAYER
1908 -1 75.671850 5.246080 BALL
1908 201162 83.962990 22.442270 PLAYER
1908 202066 76.723950 19.366960 PLAYER
1908 101162 87.104310 25.196230 PLAYER
1908 202322 75.352910 36.555110 PLAYER
1908 203490 73.717700 10.851150 PLAYER
1908 2544 57.256370 21.304030 PLAYER
1908 2747 74.487050 4.640250 PLAYER
1908 201567 70.762880 44.473620 PLAYER
1908 202681 82.064430 27.743100 PLAYER
1908 202684 86.255780 24.633020 PLAYER
1920 -1 75.043400 5.449510 BALL
1920 201162 84.104370 22.430710 PLAYER
1920 202066 75.830460 19.357950 PLAYER
1920 101162 86.678170 25.244680 PLAYER
1920 202322 75.744090 36.455640 PLAYER
1920 203490 74.522530 9.810700 PLAYER
1920 2544 57.992070 21.014280 PLAYER
1920 2747 74.493630 4.633640 PLAYER
1920 201567 71.943080 44.243130 PLAYER
1920 202681 81.746320 28.110740 PLAYER
1920 202684 86.300780 24.955150 PLAYER
1932 -1 73.279360 5.363140 BALL
1932 201162 84.144900 22.450090 PLAYER
1932 202066 75.016580 19.481020 PLAYER
1932 101162 86.347840 25.251740 PLAYER
1932 202322 76.162630 36.345410 PLAYER
1932 203490 75.156650 8.897110 PLAYER
1932 2544 58.673550 20.700050 PLAYER
1932 2747 74.097500 4.606540 PLAYER
1932 201567 73.154960 43.946760 PLAYER
1932 202681 81.493430 28.502640 PLAYER
1932 202684 85.882940 25.032430 PLAYER
1944 -1 72.303680 4.781130 BALL
1944 201162 84.012430 22.508700 PLAYER
1944 202066 74.263820 19.692410 PLAYER
1944 101162 86.089850 25.446180 PLAYER
1944 202322 76.556200 36.210020 PLAYER
1944 203490 75.642220 8.258180 PLAYER
1944 2544 59.275990 20.352270 PLAYER
1944 2747 73.653220 4.738040 PLAYER
1944 201567 74.478930 43.604740 PLAYER
1944 202681 81.252920 28.861640 PLAYER
1944 202684 85.087230 25.116290 PLAYER
1956 -1 72.326110 4.863920 BALL
1956 201162 83.905810 22.609720 PLAYER
1956 202066 73.505400 19.934850 PLAYER
1956 101162 85.885640 25.547960 PLAYER
1956 202322 76.903040 36.036140 PLAYER
1956 203490 75.994570 7.857210 PLAYER
1956 2544 59.809570 20.012350 PLAYER
1956 2747 73.212250 5.093890 PLAYER
1956 201567 75.830680 43.151020 PLAYER
1956 202681 81.098750 29.228200 PLAYER
1956 202684 84.063950 25.218450 PLAYER
1968 -1 72.112170 5.333530 BALL
1968 201162 83.870920 22.741410 PLAYER
1968 202066 72.737260 20.164300 PLAYER
1968 101162 85.493050 25.589980 PLAYER
1968 202322 77.185560 35.789190 PLAYER
1968 203490 75.980250 7.551840 PLAYER
1968 2544 60.300440 19.712270 PLAYER
1968 2747 72.796530 5.569120 PLAYER
1968 201567 77.192700 42.522610 PLAYER
1968 202681 81.042310 29.605490 PLAYER
1968 202684 82.956230 25.274550 PLAYER
1980 -1 71.783760 6.949040 BALL
1980 201162 83.782460 22.910250 PLAYER
1980 202066 72.003940 20.356450 PLAYER
1980 101162 85.019460 25.716290 PLAYER
1980 202322 77.450810 35.510020 PLAYER
1980 203490 75.756940 7.392580 PLAYER
1980 2544 60.724500 19.472070 PLAYER
1980 2747 72.319840 6.271660 PLAYER
1980 201567 78.553210 41.840420 PLAYER
1980 202681 81.009580 29.996770 PLAYER
1980 202684 81.706990 25.418120 PLAYER
1992 -1 71.407890 8.516460 BALL
1992 201162 83.870030 23.188380 PLAYER
1992 202066 71.307280 20.487970 PLAYER
1992 101162 84.594150 25.899190 PLAYER
1992 202322 77.820150 35.251710 PLAYER
1992 203490 75.526360 7.473560 PLAYER
1992 2544 61.092580 19.315910 PLAYER
1992 2747 72.115030 7.129590 PLAYER
1992 201567 79.911400 41.028190 PLAYER
1992 202681 81.044790 30.431560 PLAYER
1992 202684 80.737290 25.857900 PLAYER
2004 -1 70.418210 9.371730 BALL
2004 201162 83.880580 23.524720 PLAYER
2004 202066 70.698870 20.551400 PLAYER
2004 101162 84.358500 26.131810 PLAYER
2004 202322 78.197130 34.999400 PLAYER
2004 203490 75.300050 7.704430 PLAYER
2004 2544 61.404670 19.231680 PLAYER
2004 2747 71.838150 8.103400 PLAYER
2004 201567 81.224870 40.130950 PLAYER
2004 202681 81.176150 30.994920 PLAYER
2004 202684 79.858540 26.401190 PLAYER
2016 -1 70.040280 9.860750 BALL
2016 201162 83.583530 23.868980 PLAYER
2016 202066 70.147360 20.590000 PLAYER
2016 101162 84.144900 26.349080 PLAYER
2016 202322 78.615130 34.710720 PLAYER
2016 203490 75.052940 8.113760 PLAYER
2016 2544 61.646670 19.198160 PLAYER
2016 2747 71.724200 9.106460 PLAYER
2016 201567 82.487890 39.174240 PLAYER
2016 202681 81.268590 31.617330 PLAYER
2016 202684 79.070090 26.864550 PLAYER
2028 -1 70.052600 11.291430 BALL
2028 201162 83.161240 24.164740 PLAYER
2028 202066 69.642770 20.629680 PLAYER
2028 101162 84.201880 26.511560 PLAYER
2028 202322 79.074050 34.492980 PLAYER
2028 203490 74.863320 8.718950 PLAYER
2028 2544 61.831760 19.188040 PLAYER
2028 2747 71.748760 10.187490 PLAYER
2028 201567 83.670400 38.170760 PLAYER
2028 202681 81.399050 32.209250 PLAYER
2028 202684 78.308780 27.358080 PLAYER
2040 -1 70.686680 13.092700 BALL
2040 201162 82.648340 24.779640 PLAYER
2040 202066 69.181400 20.684740 PLAYER
2040 101162 84.343670 26.542550 PLAYER
2040 202322 79.467490 34.384780 PLAYER
2040 203490 74.790370 9.542160 PLAYER
2040 2544 61.954730 19.182340 PLAYER
2040 2747 71.917740 11.317550 PLAYER
2040 201567 84.740330 37.140760 PLAYER
2040 202681 81.619190 32.691080 PLAYER
2040 202684 77.618890 27.895030 PLAYER
2052 -1 70.817300 14.256170 BALL
2052 201162 81.897320 25.147530 PLAYER
2052 202066 68.883850 20.761300 PLAYER
2052 101162 84.392110 26.582800 PLAYER
2052 202322 79.728690 34.292690 PLAYER
2052 203490 74.900100 10.496250 PLAYER
2052 2544 62.025930 19.161570 PLAYER
2052 2747 72.405450 12.374080 PLAYER
2052 201567 85.677740 36.111020 PLAYER
2052 202681 81.886790 33.157830 PLAYER
2052 202684 76.980770 28.428750 PLAYER
2064 -1 71.109150 14.900680 BALL
2064 201162 81.190600 25.433840 PLAYER
2064 202066 68.697330 20.835830 PLAYER
2064 101162 84.264390 26.593080 PLAYER
2064 202322 80.017370 34.168180 PLAYER
2064 203490 75.146150 11.467230 PLAYER
2064 2544 62.021710 19.124010 PLAYER
2064 2747 73.177630 13.338420 PLAYER
2064 201567 86.487630 35.075370 PLAYER
2064 202681 82.260930 33.502900 PLAYER
2064 202684 76.418620 28.978670 PLAYER
2076 -1 72.083170 15.726010 BALL
2076 201162 80.743400 25.637440 PLAYER
2076 202066 68.657250 20.921390 PLAYER
2076 101162 84.076760 26.562190 PLAYER
2076 202322 80.351480 34.047870 PLAYER
2076 203490 75.589780 12.423810 PLAYER
2076 2544 61.949120 19.068390 PLAYER
2076 2747 74.074120 14.276910 PLAYER
2076 201567 87.170890 34.085270 PLAYER
2076 202681 82.636610 33.786680 PLAYER
2076 202684 76.054020 29.447780 PLAYER
2088 -1 74.141680 17.226350 BALL
2088 201162 80.352390 25.682910 PLAYER
2088 202066 68.768300 21.029110 PLAYER
2088 101162 83.801420 26.469500 PLAYER
2088 202322 80.726550 33.916840 PLAYER
2088 203490 76.211610 13.613960 PLAYER
2088 2544 61.824560 18.999000 PLAYER
2088 2747 75.173230 15.161160 PLAYER
2088 201567 87.883740 33.083700 PLAYER
2088 202681 82.962370 34.126120 PLAYER
2088 202684 75.838740 29.833950 PLAYER
2100 -1 76.478010 18.494970 BALL
2100 201162 80.126430 25.329310 PLAYER
2100 202066 68.968180 21.158870 PLAYER
2100 101162 83.604550 26.314930 PLAYER
2100 202322 81.165460 33.690100 PLAYER
2100 203490 76.966110 14.720860 PLAYER
2100 2544 61.677400 18.916480 PLAYER
2100 2747 76.388310 15.879520 PLAYER
2100 201567 88.494480 32.126460 PLAYER
2100 202681 83.291160 34.530100 PLAYER
2100 202684 75.882120 30.166440 PLAYER
2112 -1 77.987550 18.611390 BALL
2112 201162 79.994390 25.073230 PLAYER
2112 202066 69.134230 21.288980 PLAYER
2112 101162 83.512300 26.062910 PLAYER
2112 202322 81.666430 33.419630 PLAYER
2112 203490 77.940080 15.663160 PLAYER
2112 2544 61.513440 18.845550 PLAYER
2112 2747 77.508480 16.705790 PLAYER
2112 201567 88.691650 31.425730 PLAYER
2112 202681 83.627270 34.873630 PLAYER
2112 202684 76.211320 30.384730 PLAYER
2124 -1 78.407530 19.140140 BALL
2124 201162 79.846560 24.914060 PLAYER
2124 202066 69.329540 21.402480 PLAYER
2124 101162 83.263360 25.772620 PLAYER
2124 202322 82.188170 33.117000 PLAYER
2124 203490 79.034610 16.413470 PLAYER
2124 2544 61.368280 18.785140 PLAYER
2124 2747 78.532490 17.475600 PLAYER
2124 201567 88.814390 30.795720 PLAYER
2124 202681 83.816900 35.336550 PLAYER
2124 202684 76.777390 30.335650 PLAYER
2136 -1 79.223480 19.008820 BALL
2136 201162 79.606390 24.847940 PLAYER
2136 202066 69.474860 21.498120 PLAYER
2136 101162 83.087800 25.504180 PLAYER
2136 202322 82.710920 32.813230 PLAYER
2136 203490 80.195020 17.047880 PLAYER
2136 2544 61.249650 18.753450 PLAYER
2136 2747 79.508390 18.055160 PLAYER
2136 201567 88.775770 30.296550 PLAYER
2136 202681 84.045510 35.809870 PLAYER
2136 202684 77.438430 30.165910 PLAYER
2148 -1 79.995670 19.290770 BALL
2148 201162 79.113940 25.092060 PLAYER
2148 202066 69.532920 21.573150 PLAYER
2148 101162 83.105340 25.254910 PLAYER
2148 202322 83.289530 32.451860 PLAYER
2148 203490 81.489850 17.276020 PLAYER
2148 2544 61.167140 18.735520 PLAYER
2148 2747 80.408550 18.546520 PLAYER
2148 201567 88.417220 29.968550 PLAYER
2148 202681 84.315990 36.272210 PLAYER
2148 202684 78.302960 29.832280 PLAYER
2160 -1 80.863650 19.739820 BALL
2160 201162 78.811500 25.464080 PLAYER
2160 202066 69.505130 21.615660 PLAYER
2160 101162 83.088690 25.105390 PLAYER
2160 202322 84.091040 32.030410 PLAYER
2160 203490 82.782490 17.493620 PLAYER
2160 2544 61.103850 18.735300 PLAYER
2160 2747 81.231780 18.983810 PLAYER
2160 201567 88.066920 29.655080 PLAYER
2160 202681 84.508560 36.737160 PLAYER
2160 202684 79.231480 29.357290 PLAYER
2172 -1 81.986570 20.521650 BALL
2172 201162 78.723030 25.977440 PLAYER
2172 202066 69.416890 21.635370 PLAYER
2172 101162 82.934240 25.106870 PLAYER
2172 202322 84.867700 31.564880 PLAYER
2172 203490 83.749070 17.825410 PLAYER
2172 2544 61.045740 18.742070 PLAYER
2172 2747 82.010770 19.325120 PLAYER
2172 201567 88.043660 29.163950 PLAYER
2172 202681 84.646790 37.223520 PLAYER
2172 202684 79.908850 28.740860 PLAYER
2184 -1 83.225090 21.352680 BALL
2184 201162 78.553740 26.487110 PLAYER
2184 202066 69.269920 21.662540 PLAYER
2184 101162 83.027420 25.126620 PLAYER
2184 202322 85.692810 31.063490 PLAYER
2184 203490 84.644810 18.189990 PLAYER
2184 2544 60.970800 18.749110 PLAYER
2184 2747 82.833380 19.593270 PLAYER
2184 201567 87.776290 28.758070 PLAYER
2184 202681 84.773050 37.595540 PLAYER
2184 202684 79.916710 28.283570 PLAYER
2196 -1 84.248660 22.221890 BALL
2196 201162 78.473720 26.991030 PLAYER
2196 202066 69.078620 21.704340 PLAYER
2196 101162 83.246620 25.209680 PLAYER
2196 202322 86.387860 30.280390 PLAYER
2196 203490 85.161550 18.862430 PLAYER
2196 2544 60.881790 18.749990 PLAYER
2196 2747 83.634530 19.898830 PLAYER
2196 201567 87.840030 28.095440 PLAYER
2196 202681 84.803990 37.950340 PLAYER
2196 202684 79.808210 28.006040 PLAYER
2208 -1 85.582180 22.867400 BALL
2208 201162 78.699960 27.437160 PLAYER
2208 202066 68.861860 21.781840 PLAYER
2208 101162 83.422610 25.145030 PLAYER
2208 202322 86.934030 29.448550 PLAYER
2208 203490 85.457120 19.510810 PLAYER
2208 2544 60.763970 18.752480 PLAYER
2208 2747 84.324850 20.224300 PLAYER
2208 201567 88.036600 27.484600 PLAYER
2208 202681 84.709110 38.267870 PLAYER
2208 202684 79.557370 27.913110 PLAYER
2220 -1 86.728020 23.618960 BALL
2220 201162 78.798440 27.779830 PLAYER
2220 202066 68.644880 21.911810 PLAYER
2220 101162 83.551940 25.050130 PLAYER
2220 202322 87.282910 28.664050 PLAYER
2220 203490 85.642030 20.096950 PLAYER
2220 2544 60.599500 18.779270 PLAYER
2220 2747 84.902410 20.531240 PLAYER
2220 201567 88.171250 26.842570 PLAYER
2220 202681 84.532090 38.553240 PLAYER
2220 202684 79.125100 27.878590 PLAYER
2232 -1 87.912190 24.347720 BALL
2232 201162 78.780720 28.029130 PLAYER
2232 202066 68.427410 22.136950 PLAYER
2232 101162 83.834150 24.861770 PLAYER
2232 202322 87.616860 27.897170 PLAYER
2232 203490 85.791800 20.556080 PLAYER
2232 2544 60.389870 18.823400 PLAYER
2232 2747 85.320220 20.746920 PLAYER
2232 201567 88.267730 26.080940 PLAYER
2232 202681 84.269460 38.799230 PLAYER
2232 202684 78.780720 28.029130 PLAYER
2244 -1 88.768430 25.189400 BALL
2244 201162 78.989220 28.182490 PLAYER
2244 202066 68.216040 22.440440 PLAYER
2244 101162 84.018760 24.740910 PLAYER
2244 202322 88.011160 27.203910 PLAYER
2244 203490 85.809610 20.932870 PLAYER
2244 2544 60.131400 18.871390 PLAYER
2244 2747 85.627150 20.931750 PLAYER
2244 201567 88.584180 25.326930 PLAYER
2244 202681 83.889930 38.990110 PLAYER
2244 202684 78.989220 28.182490 PLAYER
2256 -1 88.297610 24.850240 BALL
2256 201162 79.278700 28.286290 PLAYER
2256 202066 67.996700 22.781340 PLAYER
2256 101162 84.116060 24.472470 PLAYER
2256 202322 88.302720 26.840080 PLAYER
2256 203490 86.044230 20.976800 PLAYER
2256 2544 59.803920 18.906440 PLAYER
2256 2747 85.823880 21.025430 PLAYER
2256 201567 88.667050 24.805080 PLAYER
2256 202681 83.416350 39.104650 PLAYER
2256 202684 79.278700 28.286290 PLAYER
2268 -1 88.095920 24.480490 BALL
2268 201162 79.540930 28.276070 PLAYER
2268 202066 67.754820 23.133570 PLAYER
2268 101162 84.229520 24.159600 PLAYER
2268 202322 88.782560 26.621620 PLAYER
2268 203490 86.339510 20.940630 PLAYER
2268 2544 59.425010 18.965020 PLAYER
2268 2747 85.923920 20.955310 PLAYER
2268 201567 88.704530 24.214330 PLAYER
2268 202681 82.901760 39.107440 PLAYER
2268 202684 79.540930 28.276070 PLAYER
2280 -1 87.483410 25.270560 BALL
2280 201162 79.780430 28.214670 PLAYER
2280 202066 67.500720 23.472930 PLAYER
2280 101162 84.265420 23.669850 PLAYER
2280 202322 89.532040 26.324320 PLAYER
2280 203490 86.608560 20.694720 PLAYER
2280 2544 59.004420 18.968760 PLAYER
2280 2747 85.871670 20.720840 PLAYER
2280 201567 88.729660 23.583630 PLAYER
2280 202681 82.294770 39.004240 PLAYER
2280 202684 79.780430 28.214670 PLAYER
2292 -1 86.523660 25.918640 BALL
2292 201162 79.984280 28.094300 PLAYER
2292 202066 67.113380 23.787320 PLAYER
2292 101162 83.978450 23.110010 PLAYER
2292 202322 90.303240 26.122100 PLAYER
2292 203490 86.844920 20.634780 PLAYER
2292 2544 58.484190 18.923960 PLAYER
2292 2747 85.623880 20.320550 PLAYER
2292 201567 88.849880 23.166950 PLAYER
2292 202681 81.592180 38.844530 PLAYER
2292 202684 79.984280 28.094300 PLAYER
2304 -1 85.429470 26.604420 BALL
2304 201162 80.107620 27.942370 PLAYER
2304 202066 66.497260 24.112440 PLAYER
2304 101162 83.316720 22.532950 PLAYER
2304 202322 90.951670 25.990190 PLAYER
2304 203490 87.058770 20.518310 PLAYER
2304 2544 57.880590 18.844710 PLAYER
2304 2747 85.259930 19.887630 PLAYER
2304 201567 88.874630 22.700800 PLAYER
2304 202681 80.859850 38.621150 PLAYER
2304 202684 80.107620 27.942370 PLAYER
2316 -1 84.436080 27.255610 BALL
2316 201162 80.138280 27.731970 PLAYER
2316 202066 65.812110 24.432200 PLAYER
2316 101162 82.388000 22.001950 PLAYER
2316 202322 91.793180 25.860430 PLAYER
2316 203490 87.159950 20.315770 PLAYER
2316 2544 57.223500 18.771940 PLAYER
2316 2747 84.718250 19.413140 PLAYER
2316 201567 88.786590 22.238340 PLAYER
2316 202681 80.055810 38.352660 PLAYER
2316 202684 80.183160 27.686440 PLAYER
2328 -1 83.494170 27.876450 BALL
2328 201162 80.180600 27.610400 PLAYER
2328 202066 65.028840 24.762650 PLAYER
2328 101162 81.175960 21.698080 PLAYER
2328 202322 92.502640 25.711790 PLAYER
2328 203490 87.187590 20.175600 PLAYER
2328 2544 56.470330 18.697720 PLAYER
2328 2747 84.051210 18.907260 PLAYER
2328 201567 88.595130 21.840610 PLAYER
2328 202681 79.180660 38.041750 PLAYER
2328 202684 80.490220 27.207920 PLAYER
2340 -1 84.325780 28.013810 BALL
2340 201162 80.396590 27.815210 PLAYER
2340 202066 64.087590 25.187560 PLAYER
2340 101162 79.920790 21.675180 PLAYER
2340 202322 92.901260 25.668130 PLAYER
2340 203490 87.168080 20.102450 PLAYER
2340 2544 55.597560 18.682190 PLAYER
2340 2747 83.260740 18.459590 PLAYER
2340 201567 88.346790 21.592370 PLAYER
2340 202681 78.277730 37.702910 PLAYER
2340 202684 80.693170 26.797280 PLAYER
2352 -1 86.937400 27.881460 BALL
2352 201162 80.397950 27.990200 PLAYER
2352 202066 63.076790 25.721620 PLAYER
2352 101162 78.607950 21.690170 PLAYER
2352 202322 93.284380 25.669350 PLAYER
2352 203490 87.170180 19.758660 PLAYER
2352 2544 54.628570 18.657240 PLAYER
2352 2747 82.380650 18.117820 PLAYER
2352 201567 87.868320 21.329130 PLAYER
2352 202681 77.356260 37.293940 PLAYER
2352 202684 80.694780 26.409370 PLAYER
2364 -1 89.552610 27.672800 BALL
2364 201162 80.469110 28.340860 PLAYER
2364 202066 62.109810 26.349270 PLAYER
2364 101162 77.347410 21.754640 PLAYER
2364 202322 93.670660 25.670690 PLAYER
2364 203490 87.167190 19.455960 PLAYER
2364 2544 53.618230 18.661280 PLAYER
2364 2747 81.358840 17.759980 PLAYER
2364 201567 87.369820 21.101680 PLAYER
2364 202681 76.385830 36.875030 PLAYER
2364 202684 80.382410 26.033220 PLAYER