0 -1 71.762440 35.434010
0 201967 32.069980 38.485510
0 201583 25.968350 21.847560
0 201569 17.756460 17.395590
0 201950 28.181130 27.467500
0 203076 70.005450 33.632670
0 2210 52.040510 37.738690
0 2590 30.657830 10.985430
0 201567 71.069200 30.048110
0 203521 38.686700 36.513810
0 202684 32.326470 33.307470
12 -1 74.107240 35.376790
12 201967 31.977640 38.628140
12 201583 26.887430 21.423700
12 201569 18.654470 17.373430
12 201950 28.702350 27.212870
12 203076 72.186070 33.985940
12 2210 54.752170 36.925560
12 2590 32.059180 11.278520
12 201567 73.383860 30.674540
12 203521 39.763890 36.266900
12 202684 33.309200 32.934700
24 -1 75.661920 35.327240
24 201967 31.887790 38.746780
24 201583 27.688260 20.867540
24 201569 19.535500 17.320310
24 201950 29.246900 26.976860
24 203076 74.275910 34.183180
24 2210 57.442640 36.095250
24 2590 33.473950 11.493230
24 201567 75.555300 31.203900
24 203521 40.846930 36.028410
24 202684 34.284190 32.575430
36 -1 77.197750 35.251330
36 201967 31.835060 38.827740
36 201583 28.531630 20.491810
36 201569 20.448160 17.231090
36 201950 29.801020 26.765440
36 203076 76.187170 34.201990
36 2210 60.114910 35.272280
36 2590 34.860170 11.665680
36 201567 77.571370 31.613560
36 203521 41.896520 35.747580
36 202684 35.249730 32.217570
48 -1 78.708300 35.168230
48 201967 31.844280 38.896460
48 201583 29.387730 20.224140
48 201569 21.362770 17.133920
48 201950 30.343010 26.577370
48 203076 77.927540 34.219100
48 2210 62.719010 34.490460
48 2590 36.328130 11.788850
48 201567 79.346340 31.790770
48 203521 42.908130 35.478110
48 202684 36.201350 31.866400
60 -1 80.187120 35.097150
60 201967 31.873590 38.949480
60 201583 30.189650 20.022140
60 201569 22.284590 17.054790
60 201950 30.882760 26.428560
60 203076 79.491400 34.286180
60 2210 65.207950 33.716170
60 2590 37.800050 11.890120
60 201567 80.815470 31.961260
60 203521 43.898040 35.162970
60 202684 37.123020 31.564480
72 -1 81.627770 35.057280
72 201967 31.904980 38.982290
72 201583 30.985650 19.974040
72 201569 23.264190 16.885020
72 201950 31.397260 26.314750
72 203076 80.827100 34.269360
72 2210 67.611670 32.922200
72 2590 39.301460 12.024150
72 201567 82.038790 32.022850
72 203521 44.948500 34.797020
72 202684 38.030790 31.337250
84 -1 82.836930 34.910980
84 201967 31.934800 38.994870
84 201583 31.823340 20.002910
84 201569 24.311440 16.699190
84 201950 31.913480 26.252820
84 203076 81.801380 34.221940
84 2210 69.881550 32.157030
84 2590 40.864100 12.146610
84 201567 83.001670 32.008920
84 203521 46.029370 34.435710
84 202684 38.924760 31.149740
96 -1 83.565430 35.367740
96 201967 31.942860 38.983040
96 201583 32.578120 19.895590
96 201569 25.390940 16.523960
96 201950 32.460260 26.226240
96 203076 82.384130 34.147530
96 2210 72.039780 31.420360
96 2590 42.460730 12.317250
96 201567 83.732980 31.975990
96 203521 47.179060 34.128950
96 202684 39.820800 30.982830
108 -1 83.373940 35.641490
108 201967 31.939960 38.977670
108 201583 33.299930 19.736920
108 201569 26.638590 16.402730
108 201950 33.130060 26.259080
108 203076 82.626150 34.022100
108 2210 73.980040 30.637420
108 2590 44.072330 12.500970
108 201567 84.341910 31.950030
108 203521 48.440750 33.778560
108 202684 40.695370 30.826360
120 -1 82.616650 35.512240
120 201967 31.963430 38.974560
120 201583 34.110670 19.646350
120 201569 27.966300 16.193860
120 201950 33.944040 26.415720
120 203076 82.568510 33.903640
120 2210 75.785540 29.918250
120 2590 45.763830 12.721650
120 201567 84.761140 31.890390
120 203521 49.769580 33.415060
120 202684 41.649380 30.638770
132 -1 81.925520 35.264460
132 201967 32.052540 38.997630
132 201583 35.060000 19.539590
132 201569 29.393940 16.002800
132 201950 34.878070 26.690220
132 203076 82.307170 33.874620
132 2210 77.368430 29.294780
132 2590 47.519850 12.978010
132 201567 85.027950 31.796330
132 203521 51.136090 33.127080
132 202684 42.627210 30.378220
144 -1 81.260920 34.960980
144 201967 32.210280 39.062610
144 201583 36.121790 19.476960
144 201569 30.899990 15.664180
144 201950 35.945600 27.141580
144 203076 81.971800 33.812980
144 2210 78.838830 28.695440
144 2590 49.290160 13.288980
144 201567 85.075930 31.737090
144 203521 52.549450 32.922610
144 202684 43.644550 30.099360
156 -1 80.615230 34.655770
156 201967 32.499270 39.158000
156 201583 37.318390 19.395070
156 201569 32.461890 15.194460
156 201950 37.150620 27.768080
156 203076 81.621070 33.759450
156 2210 80.204090 28.150070
156 2590 51.137250 13.643600
156 201567 85.002230 31.636410
156 203521 53.976340 32.735480
156 202684 44.748660 29.836840
168 -1 80.304280 34.416740
168 201967 32.967150 39.257200
168 201583 38.604700 19.197300
168 201569 34.032500 14.556600
168 201950 38.410610 28.567550
168 203076 81.273660 33.691420
168 2210 81.364420 27.699880
168 2590 53.007000 14.065000
168 201567 84.766550 31.534820
168 203521 55.380100 32.668930
168 202684 45.980470 29.572240
180 -1 79.941150 34.234390
180 201967 33.569240 39.378260
180 201583 40.023120 18.952220
180 201569 35.657830 13.840140
180 201950 39.696570 29.489140
180 203076 80.961150 33.625890
180 2210 82.209050 27.213120
180 2590 54.783600 14.519810
180 201567 84.456000 31.461000
180 203521 56.754900 32.751950
180 202684 47.255460 29.318950
192 -1 79.531360 34.227120
192 201967 34.286190 39.478950
192 201583 41.482010 18.617430
192 201569 37.272470 13.056000
192 201950 41.039680 30.474020
192 203076 80.722010 33.574790
192 2210 82.846340 26.742400
192 2590 56.519180 15.043620
192 201567 84.100400 31.384040
192 203521 58.063880 32.885800
192 202684 48.660420 29.114970
204 -1 79.490380 34.315480
204 201967 35.130020 39.537600
204 201583 43.019570 18.159960
204 201569 38.911060 12.365420
204 201950 42.392070 31.540510
204 203076 80.612960 33.628680
204 2210 83.250580 26.363100
204 2590 58.250240 15.624580
204 201567 83.745640 31.425920
204 203521 59.284590 33.051380
204 202684 50.138030 28.918720
216 -1 79.644860 34.725720
216 201967 36.045430 39.555530
216 201583 44.620460 17.598810
216 201569 40.610160 11.717820
216 201950 43.713410 32.646060
216 203076 80.599620 33.782350
216 2210 83.363370 25.994140
216 2590 59.828760 16.375550
216 201567 83.363010 31.482650
216 203521 60.417130 33.280170
216 202684 51.639170 28.688840
228 -1 79.817340 35.084520
228 201967 37.013720 39.535650
228 201583 46.246040 16.977490
228 201569 42.296850 11.147580
228 201950 45.049150 33.791900
228 203076 80.639780 34.037390
228 2210 83.385440 25.685990
228 2590 61.293680 17.242910
228 201567 82.965290 31.613520
228 203521 61.410920 33.547530
228 202684 53.183970 28.499190
240 -1 79.972360 35.582210
240 201967 38.060000 39.474040
240 201583 47.889030 16.164070
240 201569 43.956430 10.661260
240 201950 46.418740 34.932930
240 203076 80.688820 34.361230
240 2210 83.385150 25.580350
240 2590 62.794970 17.945160
240 201567 82.577660 31.865130
240 203521 62.251630 33.837150
240 202684 54.784140 28.342270
252 -1 79.933300 36.060150
252 201967 39.177310 39.370180
252 201583 49.543680 15.285720
252 201569 45.579530 10.258280
252 201950 47.813450 36.106010
252 203076 80.735570 34.685280
252 2210 83.291280 25.681520
252 2590 64.167140 18.666480
252 201567 82.217420 32.148750
252 203521 62.874080 34.174120
252 202684 56.371090 28.150010
264 -1 79.735770 36.396960
264 201967 40.356530 39.199440
264 201583 51.185150 14.404930
264 201569 47.136800 9.954110
264 201950 49.187970 37.243230
264 203076 80.723120 35.020500
264 2210 83.081180 25.598380
264 2590 65.424210 19.287760
264 201567 81.926890 32.432240
264 203521 63.320260 34.618690
264 202684 57.983340 27.861290
276 -1 79.570100 36.742200
276 201967 41.590800 38.972770
276 201583 52.784790 13.513110
276 201569 48.599550 9.819260
276 201950 50.514940 38.363660
276 203076 80.695810 35.327860
276 2210 82.777150 25.638140
276 2590 66.701210 19.575840
276 201567 81.696830 32.815520
276 203521 63.620860 35.173190
276 202684 59.582540 27.501680
288 -1 79.403520 36.968770
288 201967 42.813450 38.674720
288 201583 54.409140 12.555510
288 201569 49.980400 9.891230
288 201950 51.772250 39.398790
288 203076 80.664190 35.581560
288 2210 82.428340 25.853560
288 2590 67.916030 19.583790
288 201567 81.527020 33.188530
288 203521 63.741450 35.809090
288 202684 61.147030 27.027210
300 -1 78.838680 37.354250
300 201967 43.979770 38.337230
300 201583 56.011300 11.603820
300 201569 51.288030 10.167380
300 201950 52.953040 40.351470
300 203076 80.632050 35.755260
300 2210 82.035920 26.015660
300 2590 68.983370 19.568370
300 201567 81.410210 33.495730
300 203521 63.719670 36.491180
300 202684 62.684130 26.294650
312 -1 78.901540 37.753500
312 201967 45.114450 37.926340
312 201583 57.635960 10.575530
312 201569 52.502640 10.634640
312 201950 54.054430 41.338600
312 203076 80.599380 35.886100
312 2210 81.617360 26.049190
312 2590 69.926470 19.409440
312 201567 81.357320 33.795020
312 203521 63.621130 37.202430
312 202684 64.135590 25.480310
324 -1 78.664830 38.068880
324 201967 46.241790 37.461650
324 201583 59.250860 9.657530
324 201569 53.636820 11.318530
324 201950 55.203760 42.236620
324 203076 80.559460 35.974120
324 2210 81.164590 26.306720
324 2590 70.638230 19.212360
324 201567 81.323350 34.016410
324 203521 63.449970 37.906580
324 202684 65.460610 24.935170
336 -1 78.584840 38.136800
336 201967 47.341420 36.960700
336 201583 60.771640 8.990300
336 201569 54.686100 12.149790
336 201950 56.504680 43.068690
336 203076 80.524170 36.037650
336 2210 80.719950 26.496760
336 2590 71.092320 19.210950
336 201567 81.281150 34.164330
336 203521 63.226460 38.612740
336 202684 66.687540 24.448080
348 -1 78.462750 37.991310
348 201967 48.416320 36.432530
348 201583 62.254290 8.543000
348 201569 55.632540 13.079100
348 201950 57.952060 43.821630
348 203076 80.505510 36.074990
348 2210 80.263980 26.568140
348 2590 71.273140 19.275480
348 201567 81.221380 34.261930
348 203521 63.102760 39.357540
348 202684 67.788510 23.927720
360 -1 78.368220 37.607650
360 201967 49.500830 35.846560
360 201583 63.724270 8.271270
360 201569 56.500530 14.124170
360 201950 59.550410 44.512540
360 203076 80.504210 36.098920
360 2210 79.806870 26.621310
360 2590 71.234330 19.411280
360 201567 81.155550 34.330550
360 203521 63.083380 40.248930
360 202684 68.728710 23.684740
372 -1 76.864290 36.982970
372 201967 50.542560 35.265880
372 201583 65.140810 8.267130
372 201569 57.311770 15.249670
372 201950 61.295440 45.002030
372 203076 80.503790 36.115930
372 2210 79.335000 26.652160
372 2590 71.065140 19.655980
372 201567 80.906400 34.570830
372 203521 63.302780 41.241530
372 202684 69.611590 23.408020
384 -1 73.406680 36.107770
384 201967 51.537390 34.705040
384 201583 66.533510 8.339070
384 201569 58.068400 16.208370
384 201950 63.104070 45.412110
384 203076 80.522610 36.127800
384 2210 78.874000 26.586670
384 2590 70.755980 19.954210
384 201567 80.641780 34.825700
384 203521 63.746920 42.156850
384 202684 70.578890 22.852540
396 -1 70.104330 35.161640
396 201967 52.508580 34.166560
396 201583 67.990000 8.287930
396 201569 58.858690 16.803660
396 201950 64.953170 45.693680
396 203076 80.553950 36.122230
396 2210 78.427770 26.753960
396 2590 70.356140 20.235750
396 201567 80.391500 35.018710
396 203521 64.434000 42.815000
396 202684 71.752440 22.094200
408 -1 66.943660 34.360080
408 201967 53.431540 33.660770
408 201583 69.479890 8.229230
408 201569 59.581520 17.070190
408 201950 66.816570 45.870230
408 203076 80.591380 36.123730
408 2210 77.965140 26.877840
408 2590 69.990190 20.573930
408 201567 80.203810 35.089050
408 203521 65.256230 43.238660
408 202684 72.931350 21.303900
420 -1 65.505450 33.862900
420 201967 54.312910 33.192210
420 201583 70.892760 8.365250
420 201569 60.268220 16.999770
420 201950 68.635650 45.935990
420 203076 80.639120 36.151150
420 2210 77.465890 27.073600
420 2590 69.661520 20.883660
420 201567 80.061690 35.160050
420 203521 66.246830 43.407570
420 202684 74.083320 20.445680
432 -1 63.630730 33.328980
432 201967 55.149720 32.731580
432 201583 72.226760 8.548250
432 201569 61.007430 16.511010
432 201950 70.432300 45.896470
432 203076 80.704140 36.171460
432 2210 76.930340 27.271510
432 2590 69.387580 21.017280
432 201567 80.122960 34.972120
432 203521 67.312030 43.319860
432 202684 75.227140 19.731480
444 -1 61.941720 32.772460
444 201967 55.908970 32.281030
444 201583 73.547980 8.701370
444 201569 61.638050 15.858660
444 201950 72.161960 45.705130
444 203076 80.748670 36.218650
444 2210 76.384280 27.521350
444 2590 69.238190 21.005100
444 201567 80.257530 34.750500
444 203521 68.452800 43.131920
444 202684 76.289640 19.121610
456 -1 59.922930 32.168810
456 201967 56.499790 31.865770
456 201583 74.888210 8.662870
456 201569 62.016840 15.309610
456 201950 73.683010 45.449320
456 203076 80.765570 36.294010
456 2210 75.826400 27.603940
456 2590 69.167160 20.789420
456 201567 80.449520 34.593210
456 203521 69.535850 43.018950
456 202684 77.185040 18.667190
468 -1 58.264350 31.595750
468 201967 56.969260 31.511630
468 201583 76.023220 8.639320
468 201569 62.171670 14.993480
468 201950 75.040150 45.259740
468 203076 80.745640 36.366390
468 2210 75.295460 27.725600
468 2590 69.096240 20.480740
468 201567 80.674880 34.543970
468 203521 70.672720 42.885060
468 202684 78.098890 18.252370
480 -1 58.045000 31.297510
480 201967 57.305370 31.205530
480 201583 77.022180 8.580970
480 201569 62.167520 14.719830
480 201950 76.078680 45.170300
480 203076 80.662730 36.406960
480 2210 74.838060 27.833110
480 2590 68.955460 20.147320
480 201567 80.882240 34.464090
480 203521 71.818590 42.572890
480 202684 79.009850 17.781180
492 -1 58.276450 30.752830
492 201967 57.552000 30.954260
492 201583 77.845440 8.615190
492 201569 61.900350 14.558560
492 201950 76.770340 45.259120
492 203076 80.521270 36.435380
492 2210 74.483170 27.969900
492 2590 68.701990 19.738700
492 201567 81.047540 34.346020
492 203521 72.883950 42.241130
492 202684 79.895340 17.178880
504 -1 58.328980 30.431240
504 201967 57.684510 30.740920
504 201583 78.375380 8.684100
504 201569 61.553420 14.411360
504 201950 77.116810 45.521330
504 203076 80.372170 36.388080
504 2210 74.181120 28.251650
504 2590 68.250380 19.336340
504 201567 81.126910 34.169060
504 203521 73.834430 41.942520
504 202684 80.678670 16.528720
516 -1 58.209430 30.167550
516 201967 57.821270 30.608720
516 201583 78.574740 9.030400
516 201569 61.197190 14.270440
516 201950 77.230150 45.857600
516 203076 80.202030 36.274740
516 2210 73.942520 28.408390
516 2590 67.751330 18.828380
516 201567 81.124270 33.913260
516 203521 74.726010 41.639670
516 202684 81.298850 15.936600
528 -1 58.230900 29.065730
528 201967 57.961180 30.503930
528 201583 78.572130 9.407210
528 201569 60.927700 13.831590
528 201950 77.076690 46.173490
528 203076 80.015590 36.117450
528 2210 73.736890 28.559330
528 2590 67.272560 18.277420
528 201567 81.037800 33.674070
528 203521 75.528730 41.357430
528 202684 81.764750 15.363520
540 -1 58.409510 24.994110
540 201967 58.122960 30.390330
540 201583 78.383810 9.814770
540 201569 60.643410 13.306970
540 201950 76.910450 46.468510
540 203076 79.839730 35.905440
540 2210 73.573020 28.622380
540 2590 66.733080 17.695520
540 201567 80.875560 33.427450
540 203521 76.120130 41.277460
540 202684 82.084230 14.891110
552 -1 58.690590 21.265700
552 201967 58.264300 30.365500
552 201583 77.985750 10.154780
552 201569 60.376920 12.772350
552 201950 76.762310 46.679640
552 203076 79.702760 35.678280
552 2210 73.437910 28.596390
552 2590 66.048210 17.302210
552 201567 80.692770 33.265200
552 203521 76.526440 41.286370
552 202684 82.246540 14.599250
564 -1 58.788450 17.610730
564 201967 58.464360 30.421760
564 201583 77.462530 10.529440
564 201569 60.079840 12.253450
564 201950 76.683710 46.830850
564 203076 79.543380 35.519620
564 2210 73.352470 28.417180
564 2590 65.525110 16.900550
564 201567 80.503290 33.180530
564 203521 76.792340 41.331140
564 202684 82.238660 14.428330
576 -1 58.971090 13.827140
576 201967 58.730630 30.503850
576 201583 76.814630 10.950550
576 201569 59.771500 11.735320
576 201950 76.704880 46.968150
576 203076 79.408890 35.468710
576 2210 73.295570 28.269210
576 2590 65.069520 16.532970
576 201567 80.318060 33.175340
576 203521 76.997680 41.391480
576 202684 82.017060 14.211360
588 -1 58.926300 12.060470
588 201967 59.081470 30.675770
588 201583 76.047410 11.390750
588 201569 59.523980 11.198320
588 201950 76.864750 47.109070
588 203076 79.310220 35.497770
588 2210 73.286360 28.105590
588 2590 64.643420 16.116250
588 201567 80.121810 33.187710
588 203521 77.115270 41.455150
588 202684 81.575870 14.131020
600 -1 58.967750 11.871210
600 201967 59.563630 31.004490
600 201583 75.166780 11.710220
600 201569 59.293490 10.758480
600 201950 77.093520 47.208900
600 203076 79.249560 35.637190
600 2210 73.306010 27.962320
600 2590 64.331310 15.713780
600 201567 80.008200 33.135990
600 203521 77.203490 41.520040
600 202684 80.955850 14.018980
612 -1 58.867590 11.561850
612 201967 60.165020 31.350070
612 201583 74.294550 11.954280
612 201569 59.073260 10.404900
612 201950 77.360120 47.281210
612 203076 79.208010 35.885360
612 2210 73.364630 27.869750
612 2590 64.212420 15.206950
612 201567 79.927100 32.999320
612 203521 77.362790 41.534770
612 202684 80.149220 13.816620
624 -1 58.890600 11.328160
624 201967 60.879240 31.734470
624 201583 73.464610 12.116630
624 201569 58.898570 10.158310
624 201950 77.664100 47.312880
624 203076 79.233660 36.176160
624 2210 73.473770 27.833040
624 2590 64.066490 14.749890
624 201567 79.868980 32.952450
624 203521 77.644180 41.477280
624 202684 79.182940 13.545210
636 -1 59.111170 11.148960
636 201967 61.689420 32.144510
636 201583 72.682320 12.212430
636 201569 58.766120 9.997310
636 201950 77.994140 47.332170
636 203076 79.295850 36.439540
636 2210 73.648920 27.854780
636 2590 63.831240 14.422070
636 201567 79.844700 32.870530
636 203521 77.983220 41.382820
636 202684 78.171210 13.246120
648 -1 58.982600 10.975670
648 201967 62.568570 32.562680
648 201583 71.979340 12.277500
648 201569 58.604970 10.058490
648 201950 78.340040 47.297470
648 203076 79.390500 36.708950
648 2210 73.895390 27.913260
648 2590 63.512400 14.185730
648 201567 79.878260 32.769990
648 203521 78.324680 41.283720
648 202684 77.092130 12.781420
660 -1 59.124370 10.934560
660 201967 63.482060 33.003440
660 201583 71.342050 12.373980
660 201569 58.477370 10.179860
660 201950 78.729960 47.201200
660 203076 79.562350 36.957130
660 2210 74.220160 28.011010
660 2590 63.189230 13.924520
660 201567 79.928370 32.748790
660 203521 78.703870 41.066490
660 202684 75.936160 12.146870
672 -1 58.989330 11.134610
672 201967 64.463770 33.539560
672 201583 70.762050 12.395360
672 201569 58.437760 10.296950
672 201950 79.171010 47.075980
672 203076 79.831030 37.188740
672 2210 74.604190 28.121080
672 2590 62.891070 13.648670
672 201567 80.030520 32.794720
672 203521 79.078680 40.711320
672 202684 74.762720 11.571340
684 -1 59.086800 11.237720
684 201967 65.482090 34.116280
684 201583 70.234310 12.264950
684 201569 58.551820 10.394350
684 201950 79.659120 46.940460
684 203076 80.112490 37.379830
684 2210 75.046800 28.190970
684 2590 62.612990 13.396290
684 201567 80.236760 32.542160
684 203521 79.433760 40.423350
684 202684 73.642030 11.076760
696 -1 58.365900 11.365330
696 201967 66.511000 34.707530
696 201583 69.713310 12.198850
696 201569 58.726250 10.409810
696 201950 80.169000 46.817550
696 203076 80.461280 37.604580
696 2210 75.525640 28.298850
696 2590 62.401410 13.136110
696 201567 80.475230 32.470780
696 203521 79.769840 40.172210
696 202684 72.534030 10.605630
708 -1 59.533540 10.119520
708 201967 67.551650 35.364690
708 201583 69.244620 12.049450
708 201569 58.912060 10.352950
708 201950 80.681060 46.639050
708 203076 80.915460 37.813760
708 2210 76.024340 28.367420
708 2590 62.287520 12.880070
708 201567 80.674920 32.559220
708 203521 80.095720 39.929810
708 202684 71.477270 10.140620
720 -1 59.801600 9.831170
720 201967 68.599590 36.046530
720 201583 68.837530 11.845540
720 201569 59.098010 10.258690
720 201950 81.194610 46.440310
720 203076 81.342410 38.027840
720 2210 76.543980 28.342800
720 2590 62.253150 12.654800
720 201567 80.990820 32.488990
720 203521 80.430980 39.750680
720 202684 70.484720 9.716490
732 -1 60.150600 9.415590
732 201967 69.652720 36.718740
732 201583 68.499420 11.715040
732 201569 59.255200 10.165960
732 201950 81.705020 46.191200
732 203076 81.679080 38.207290
732 2210 77.100920 28.284090
732 2590 62.209460 12.533220
732 201567 81.322590 32.410280
732 203521 80.801830 39.743490
732 202684 69.555640 9.262330
744 -1 60.545730 9.005880
744 201967 70.712500 37.404890
744 201583 68.210950 11.760220
744 201569 59.230050 9.978280
744 201950 82.200320 45.922360
744 203076 82.110270 38.374980
744 2210 77.658480 28.232780
744 2590 62.221300 12.417630
744 201567 81.649730 32.447570
744 203521 81.030100 39.703500
744 202684 68.805170 8.738650
756 -1 60.989060 8.606040
756 201967 71.800320 38.106010
756 201583 68.033140 11.771140
756 201569 59.223840 9.860010
756 201950 82.709770 45.569870
756 203076 82.539340 38.508420
756 2210 78.242870 28.115710
756 2590 62.180790 12.463550
756 201567 82.013650 32.321180
756 203521 81.288960 39.394540
756 202684 68.238040 8.291630
768 -1 61.482680 8.220060
768 201967 72.887820 38.773160
768 201583 67.952250 11.859310
768 201569 59.235250 9.718890
768 201950 83.210250 45.244470
768 203076 82.911930 38.632330
768 2210 78.854170 27.990130
768 2590 62.104850 12.531810
768 201567 82.452090 32.039920
768 203521 81.487200 39.162660
768 202684 67.913610 7.958340
780 -1 62.028640 7.851930
780 201967 73.959350 39.390660
780 201583 67.986020 11.925850
780 201569 59.354950 9.608200
780 201950 83.655500 44.972330
780 203076 83.346000 38.734800
780 2210 79.473570 27.875460
780 2590 61.976130 12.620420
780 201567 82.793490 31.937490
780 203521 81.571920 39.078950
780 202684 67.780120 7.968010
792 -1 62.629030 7.505640
792 201967 75.037150 39.961860
792 201583 68.056380 12.034960
792 201569 59.613260 9.317420
792 201950 84.044160 44.763930
792 203076 83.812470 38.876530
792 2210 80.087570 27.832320
792 2590 61.957880 12.526080
792 201567 83.128560 31.856350
792 203521 81.609590 38.809030
792 202684 67.934740 8.073240
804 -1 63.285910 7.185180
804 201967 76.078640 40.501500
804 201583 68.149360 12.089590
804 201569 60.125790 9.117530
804 201950 84.388790 44.655810
804 203076 84.252680 38.909420
804 2210 80.775740 27.890000
804 2590 61.978380 12.415770
804 201567 83.416770 31.886970
804 203521 81.747490 38.517310
804 202684 68.198740 8.335190
816 -1 64.001360 6.894540
816 201967 77.080700 41.056150
816 201583 68.288700 12.007800
816 201569 60.796080 8.858050
816 201950 84.658500 44.662300
816 203076 84.681070 38.892390
816 2210 81.426090 27.991330
816 2590 62.227110 12.123870
816 201567 83.720640 31.947130
816 203521 81.760780 38.418420
816 202684 68.570190 8.743400
828 -1 64.777460 6.637720
828 201967 78.093470 41.582670
828 201583 68.464710 11.930950
828 201569 61.689010 8.528490
828 201950 84.828020 44.732480
828 203076 85.154420 38.656480
828 2210 82.007660 28.078790
828 2590 62.594940 11.798220
828 201567 84.003150 32.046860
828 203521 81.809670 38.181500
828 202684 69.045290 9.294850
840 -1 65.616270 6.418690
840 201967 79.083440 42.089270
840 201583 68.631950 11.864550
840 201569 62.855460 8.052130
840 201950 84.927290 44.837470
840 203076 85.547860 38.454370
840 2210 82.571650 28.066430
840 2590 63.026450 11.110470
840 201567 84.247680 32.165940
840 203521 81.866470 37.695910
840 202684 69.701160 9.909510
852 -1 66.519870 6.241470
852 201967 80.027580 42.559010
852 201583 68.697990 11.670000
852 201569 64.234350 7.808410
852 201950 84.936850 44.988390
852 203076 85.967580 38.096620
852 2210 83.068490 28.025550
852 2590 63.617840 10.532750
852 201567 84.443330 32.296260
852 203521 81.828520 37.300550
852 202684 70.443630 10.475500
864 -1 67.490340 6.110020
864 201967 80.978990 42.980060
864 201583 68.684010 11.547340
864 201569 65.760730 7.617340
864 201950 84.828030 45.156960
864 203076 86.365210 37.761830
864 2210 83.417860 27.904400
864 2590 64.580250 9.956750
864 201567 84.616480 32.359830
864 203521 81.672230 36.809550
864 202684 71.351700 10.867800
876 -1 68.529740 6.028350
876 201967 81.888500 43.268840
876 201583 68.563780 11.479790
876 201569 67.392550 7.473240
876 201950 84.591850 45.356430
876 203076 86.735060 37.381780
876 2210 83.703820 27.743510
876 2590 65.524850 9.382990
876 201567 84.684700 32.405580
876 203521 81.499500 36.302220
876 202684 72.377340 11.231620
888 -1 71.213130 5.707160
888 201967 82.754330 43.533420
888 201583 68.287270 11.485470
888 201569 69.263160 7.540900
888 201950 84.263840 45.585400
888 203076 87.084490 37.154980
888 2210 83.909250 27.592520
888 2590 66.851270 8.933830
888 201567 84.698230 32.358750
888 203521 81.263660 35.803550
888 202684 73.452980 11.646040
900 -1 72.672620 5.967440
900 201967 83.578000 43.744640
900 201583 67.916480 11.565930
900 201569 71.106080 7.820050
900 201950 83.756690 45.808460
900 203076 87.482620 36.845930
900 2210 84.027680 27.557400
900 2590 68.593110 8.973250
900 201567 84.643770 32.283600
900 203521 81.016370 35.327380
900 202684 74.653510 11.862020
912 -1 73.993760 5.924080
912 201967 84.386170 43.967780
912 201583 67.592410 11.701660
912 201569 72.894130 8.127040
912 201950 83.094920 46.063360
912 203076 87.877530 36.599740
912 2210 84.094110 27.438320
912 2590 70.463880 9.107430
912 201567 84.614920 32.184760
912 203521 80.775590 34.766450
912 202684 75.983650 12.074640
924 -1 75.713640 6.523540
924 201967 85.110490 44.238460
924 201583 67.292870 11.728610
924 201569 74.672810 8.458500
924 201950 82.346370 46.216520
924 203076 88.270330 36.353070
924 2210 84.112160 27.246440
924 2590 72.237070 9.386830
924 201567 84.622850 32.043710
924 203521 80.533050 33.936710
924 202684 77.221530 12.324430
936 -1 78.040240 7.228230
936 201967 85.776800 44.610560
936 201583 66.982040 11.691680
936 201569 76.441000 8.824440
936 201950 81.490560 46.291140
936 203076 88.687530 36.081570
936 2210 84.072240 26.961870
936 2590 74.176140 9.848000
936 201567 84.715400 31.809330
936 203521 80.219000 33.216630
936 202684 78.489730 12.443430
948 -1 79.935250 7.659640
948 201967 86.344170 44.981530
948 201583 66.700470 11.592190
948 201569 78.026160 9.025990
948 201950 80.537720 46.310050
948 203076 89.059730 35.753880
948 2210 83.958520 26.757730
948 2590 75.882650 10.270500
948 201567 84.852550 31.530760
948 203521 79.876260 32.494310
948 202684 79.723480 12.353660
960 -1 80.722240 7.808180
960 201967 86.819600 45.420850
960 201583 66.445340 11.430410
960 201569 79.478110 9.046620
960 201950 79.580730 46.269650
960 203076 89.397160 35.421470
960 2210 83.749890 26.543370
960 2590 77.275760 10.529370
960 201567 85.089180 31.155330
960 203521 79.490960 31.758680
960 202684 80.828820 12.166790
972 -1 81.438930 7.453330
972 201967 87.183360 45.916800
972 201583 66.240420 11.251150
972 201569 80.886250 8.805120
972 201950 78.658030 46.073820
972 203076 89.719700 35.068000
972 2210 83.472650 26.364800
972 2590 78.575860 10.759530
972 201567 85.389810 30.775160
972 203521 79.012740 31.050330
972 202684 81.640380 11.697610
984 -1 82.149430 6.674280
984 201967 87.470140 46.406920
984 201583 66.062930 11.089500
984 201569 82.163410 8.360340
984 201950 77.687300 45.882920
984 203076 90.037400 34.739290
984 2210 83.094820 26.153050
984 2590 79.734590 10.914500
984 201567 85.786140 30.482420
984 203521 78.499570 30.644260
984 202684 82.310860 10.953320
996 -1 80.302900 6.504530
996 201967 87.685630 46.862940
996 201583 65.940010 10.995120
996 201569 83.299410 7.750910
996 201950 76.716490 45.617720
996 203076 90.343150 34.491260
996 2210 82.552490 25.940940
996 2590 80.769080 10.922820
996 201567 86.217790 30.306950
996 203521 78.015750 30.109940
996 202684 83.011490 10.200110
1008 -1 76.753400 7.880410
1008 201967 87.825830 47.289620
1008 201583 65.826670 10.862770
1008 201569 84.309320 7.181400
1008 201950 75.757830 45.298420
1008 203076 90.655240 34.349560
1008 2210 81.901980 25.606730
1008 2590 81.488680 10.708480
1008 201567 86.699100 30.211630
1008 203521 77.514910 29.557920
1008 202684 83.609010 9.358810
1020 -1 73.400610 9.269820
1020 201967 87.907110 47.620800
1020 201583 65.783110 10.708980
1020 201569 85.223470 6.712860
1020 201950 74.811260 44.949680
1020 203076 90.973590 34.271890
1020 2210 81.141080 25.210250
1020 2590 82.130540 10.551550
1020 201567 87.222760 30.242100
1020 203521 76.994390 28.985940
1020 202684 84.109350 8.547970
1032 -1 70.177300 10.298290
1032 201967 87.847500 47.867440
1032 201583 65.815240 10.558290
1032 201569 85.990680 6.241830
1032 201950 73.825100 44.572640
1032 203076 91.275260 34.242180
1032 2210 80.273400 24.614350
1032 2590 82.453360 10.390800
1032 201567 87.687840 30.362550
1032 203521 76.548170 28.501120
1032 202684 84.649070 7.954840
1044 -1 67.980820 10.965150
1044 201967 87.676350 48.068220
1044 201583 65.913020 10.432930
1044 201569 86.720560 5.750140
1044 201950 72.912850 44.097370
1044 203076 91.558790 34.265160
1044 2210 79.261160 23.910980
1044 2590 82.412660 10.377190
1044 201567 88.056340 30.522380
1044 203521 76.194890 28.236600
1044 202684 85.266400 7.590570
1056 -1 67.749300 10.517300
1056 201967 87.415530 48.218560
1056 201583 66.059480 10.276280
1056 201569 87.356810 5.257120
1056 201950 72.047170 43.564860
1056 203076 91.839870 34.324450
1056 2210 78.179050 23.070040
1056 2590 81.997060 10.456070
1056 201567 88.374800 30.725770
1056 203521 75.956730 28.214680
1056 202684 85.771820 7.212770
1068 -1 67.842570 10.327750
1068 201967 87.078850 48.318920
1068 201583 66.333550 10.112300
1068 201569 87.920280 4.779840
1068 201950 71.199740 42.992500
1068 203076 92.052220 34.463650
1068 2210 77.070380 22.017310
1068 2590 81.446720 10.670840
1068 201567 88.618100 30.922150
1068 203521 75.852180 28.386330
1068 202684 86.251820 7.116830
1080 -1 67.844380 9.993780
1080 201967 86.667990 48.392340
1080 201583 66.515270 9.995440
1080 201569 88.391180 4.207500
1080 201950 70.364710 42.385200
1080 203076 92.221680 34.676290
1080 2210 75.863920 20.812640
1080 2590 80.577600 10.886670
1080 201567 88.789230 31.058550
1080 203521 75.904170 28.775600
1080 202684 86.727940 7.161590
1092 -1 68.348270 10.025830
1092 201967 86.240380 48.368840
1092 201583 66.632580 9.969620
1092 201569 88.654350 3.800510
1092 201950 69.560090 41.749480
1092 203076 92.380050 34.988230
1092 2210 74.557740 19.511720
1092 2590 79.509080 11.142910
1092 201567 88.946870 31.154320
1092 203521 76.052810 29.342140
1092 202684 87.159230 7.264060
1104 -1 68.166670 9.939590
1104 201967 85.827100 48.216320
1104 201583 66.712690 9.964140
1104 201569 88.670850 3.487960
1104 201950 68.685860 41.080090
1104 203076 92.505060 35.360410
1104 2210 73.243290 18.221720
1104 2590 78.479530 11.371060
1104 201567 89.120600 31.265140
1104 203521 76.275870 29.920710
1104 202684 87.507080 7.440590
1116 -1 67.239040 9.818940
1116 201967 85.373080 48.058250
1116 201583 66.770750 9.995130
1116 201569 88.546170 3.226520
1116 201950 67.772950 40.480210
1116 203076 92.598130 35.737480
1116 2210 71.894460 16.943210
1116 2590 77.581080 11.721070
1116 201567 89.283970 31.386770
1116 203521 76.559630 30.433040
1116 202684 87.701970 7.732360
1128 -1 67.906940 10.610130
1128 201967 84.888570 47.861550
1128 201583 66.883600 10.180030
1128 201569 88.270200 2.951720
1128 201950 66.823050 39.853050
1128 203076 92.756710 35.948960
1128 2210 70.431970 15.790310
1128 2590 76.804240 12.221560
1128 201567 89.452950 31.604500
1128 203521 76.904480 30.886650
1128 202684 87.856990 7.949530
1140 -1 69.875660 11.755210
1140 201967 84.384010 47.612440
1140 201583 67.086740 10.336720
1140 201569 87.898900 2.819500
1140 201950 65.835210 39.168120
1140 203076 92.943560 36.008450
1140 2210 68.866560 14.739890
1140 2590 76.206960 12.823960
1140 201567 89.641160 31.934990
1140 203521 77.307310 31.314770
1140 202684 87.945650 8.132810
1152 -1 71.889270 13.125500
1152 201967 83.875920 47.378290
1152 201583 67.269600 10.358120
1152 201569 87.549020 2.661230
1152 201950 64.809240 38.508160
1152 203076 93.134760 35.922220
1152 2210 67.240320 13.692400
1152 2590 75.810170 13.459450
1152 201567 89.890430 32.222960
1152 203521 77.799420 31.710310
1152 202684 87.972190 8.386790
1164 -1 74.137500 14.779710
1164 201967 83.277860 47.195610
1164 201583 67.483050 10.444890
1164 201569 87.189880 2.547570
1164 201950 63.738440 37.865630
1164 203076 93.306630 35.841080
1164 2210 65.521960 12.568450
1164 2590 75.513460 14.005820
1164 201567 90.071670 32.443260
1164 203521 78.302450 32.066190
1164 202684 87.936960 8.659470
1176 -1 75.887180 15.897900
1176 201967 82.660150 46.995200
1176 201583 67.753880 10.582670
1176 201569 86.747440 2.503730
1176 201950 62.631450 37.214970
1176 203076 93.477120 35.712560
1176 2210 63.787240 11.414230
1176 2590 75.282840 14.473980
1176 201567 90.201840 32.572150
1176 203521 78.829810 32.433980
1176 202684 87.839950 8.922140
1188 -1 77.845740 17.309600
1188 201967 82.041050 46.823770
1188 201583 68.003470 10.639470
1188 201569 86.232730 2.499470
1188 201950 61.437750 36.555980
1188 203076 93.638800 35.584370
1188 2210 62.129870 10.198120
1188 2590 75.170400 14.990060
1188 201567 90.295150 32.585830
1188 203521 79.333560 32.827740
1188 202684 87.683570 9.178180
1200 -1 79.769690 18.616740
1200 201967 81.409970 46.699870
1200 201583 68.356980 10.855770
1200 201569 85.662070 2.506150
1200 201950 60.216070 35.944040
1200 203076 93.746350 35.497960
1200 2210 60.651620 8.932410
1200 2590 75.147630 15.514450
1200 201567 90.313280 32.504290
1200 203521 79.814140 33.144010
1200 202684 87.458460 9.449880
1212 -1 81.858550 20.273430
1212 201967 80.759810 46.554380
1212 201583 68.836850 11.307630
1212 201569 85.028080 2.567560
1212 201950 58.937610 35.279680
1212 203076 93.807320 35.372560
1212 2210 59.235720 7.923270
1212 2590 75.249840 16.084110
1212 201567 90.193130 32.351810
1212 203521 80.252560 33.354050
1212 202684 87.200220 9.851770
1224 -1 83.518390 21.393530
1224 201967 80.109630 46.403480
1224 201583 69.381570 11.852950
1224 201569 84.342530 2.654910
1224 201950 57.648000 34.643070
1224 203076 93.829240 34.966040
1224 2210 57.823550 7.012900
1224 2590 75.493790 16.665120
1224 201567 90.018740 32.078290
1224 203521 80.668980 33.463450
1224 202684 86.943750 10.253910
1236 -1 85.658390 22.890360
1236 201967 79.444230 46.227740
1236 201583 69.993980 12.492010
1236 201569 83.627070 2.813970
1236 201950 56.321460 34.004610
1236 203076 93.771090 34.353960
1236 2210 56.369380 6.234340
1236 2590 75.834100 17.201690
1236 201567 89.804730 31.659480
1236 203521 80.977850 33.461120
1236 202684 86.705580 10.687350
1248 -1 87.309900 24.147300
1248 201967 78.756420 46.008930
1248 201583 70.645790 13.214980
1248 201569 82.834190 3.024040
1248 201950 55.031210 33.430380
1248 203076 93.559280 33.654130
1248 2210 54.796520 5.543950
1248 2590 76.185990 17.664870
1248 201567 89.545280 31.207350
1248 203521 81.188600 33.374150
1248 202684 86.484990 11.088190
1260 -1 88.890820 25.276110
1260 201967 78.038480 45.758060
1260 201583 71.288800 13.922090
1260 201569 81.998460 3.247330
1260 201950 53.710750 32.861410
1260 203076 93.255560 32.542000
1260 2210 53.147100 5.022610
1260 2590 76.563370 18.092940
1260 201567 89.338630 30.674800
1260 203521 81.332860 33.254910
1260 202684 86.305060 11.506090
1272 -1 87.920460 24.444280
1272 201967 77.279640 45.528830
1272 201583 71.877600 14.582210
1272 201569 81.019290 3.481250
1272 201950 52.393330 32.378650
1272 203076 92.817000 31.248880
1272 2210 51.503570 4.599540
1272 2590 76.938600 18.450680
1272 201567 89.134450 30.110270
1272 203521 81.396500 33.124070
1272 202684 86.138010 11.813030
1284 -1 87.833760 24.422650
1284 201967 76.479520 45.323610
1284 201583 72.424140 15.191000
1284 201569 80.039350 3.851830
1284 201950 51.069520 31.892910
1284 203076 92.268570 29.942560
1284 2210 49.922230 4.349180
1284 2590 77.295020 18.840400
1284 201567 88.876020 29.579440
1284 203521 81.408760 32.978990
1284 202684 85.962740 12.153440
1296 -1 87.839050 24.464500
1296 201967 75.625050 45.134620
1296 201583 72.875940 15.727960
1296 201569 79.010830 4.288340
1296 201950 49.742750 31.360930
1296 203076 91.627790 28.582440
1296 2210 48.438430 4.175150
1296 2590 77.624780 19.251920
1296 201567 88.616240 29.102260
1296 203521 81.421240 32.855160
1296 202684 85.754540 12.445350
1308 -1 87.693850 24.390830
1308 201967 74.707910 44.951750
1308 201583 73.139050 16.253620
1308 201569 77.913210 4.763860
1308 201950 48.340520 30.848270
1308 203076 90.964810 27.168470
1308 2210 47.002920 4.155340
1308 2590 77.977960 19.592230
1308 201567 88.428590 28.577940
1308 203521 81.486220 32.759190
1308 202684 85.497430 12.758320
1320 -1 87.505400 24.374830
1320 201967 73.758160 44.785640
1320 201583 73.144620 16.688760
1320 201569 76.724120 5.222790
1320 201950 46.980000 30.353020
1320 203076 90.207230 25.903890
1320 2210 45.619430 4.026400
1320 2590 78.377560 19.926480
1320 201567 88.265140 28.013580
1320 203521 81.594970 32.700470
1320 202684 85.172980 13.168850
1332 -1 87.566050 24.525400
1332 201967 72.755740 44.592570
1332 201583 72.899320 17.019860
1332 201569 75.514670 5.807640
1332 201950 45.631220 29.838070
1332 203076 89.383990 24.688010
1332 2210 44.340040 3.715230
1332 2590 78.802400 20.307080
1332 201567 88.179310 27.508010
1332 203521 81.735580 32.734550
1332 202684 84.799830 13.635140
1344 -1 87.073530 24.298920
1344 201967 71.687710 44.368940
1344 201583 72.395750 17.290600
1344 201569 74.176140 6.276300
1344 201950 44.254030 29.337310
1344 203076 88.492100 23.531540
1344 2210 43.115030 3.398620
1344 2590 79.231910 20.612410
1344 201567 88.289010 26.990970
1344 203521 81.859330 32.816590
1344 202684 84.383250 14.027660
1356 -1 86.927990 24.414710
1356 201967 70.510750 44.109730
1356 201583 71.640410 17.568790
1356 201569 72.751690 6.658510
1356 201950 42.879100 28.847320
1356 203076 87.488900 22.488630
1356 2210 41.877480 3.158940
1356 2590 79.684600 20.865170
1356 201567 88.470680 26.505080
1356 203521 81.956860 32.904410
1356 202684 83.890090 14.158530
1368 -1 87.040490 24.632550
1368 201967 69.270780 43.888960
1368 201583 70.652050 17.761620
1368 201569 71.323380 7.150190
1368 201950 41.614430 28.297250
1368 203076 86.345200 21.487630
1368 2210 40.697730 2.921430
1368 2590 80.154560 21.217650
1368 201567 88.642210 26.050060
1368 203521 81.995680 32.968610
1368 202684 83.397480 14.283660
1380 -1 87.209490 25.137480
1380 201967 67.922970 43.697660
1380 201583 69.576950 17.960080
1380 201569 69.921930 7.654170
1380 201950 40.341080 27.707990
1380 203076 85.160870 20.689070
1380 2210 39.571170 2.849140
1380 2590 80.596870 21.404460
1380 201567 88.843720 25.645920
1380 203521 81.940360 33.056140
1380 202684 82.863270 14.257610
1392 -1 87.149340 25.079760
1392 201967 66.505070 43.575840
1392 201583 68.267330 18.281100
1392 201569 68.627530 7.867450
1392 201950 39.105250 27.119660
1392 203076 83.880980 19.987370
1392 2210 38.413160 2.986180
1392 2590 81.019750 21.552550
1392 201567 89.046750 25.228240
1392 203521 81.806170 33.054030
1392 202684 82.259380 14.222920