0 -1 52.272860 45.373150 BALL
0 2199 43.301020 22.499420 PLAYER
0 200782 31.499270 10.556310 PLAYER
0 202720 61.788840 42.068510 PLAYER
0 202688 59.545250 26.688190 PLAYER
0 1626164 54.995170 33.452290 PLAYER
0 2544 57.535920 47.859050 PLAYER
0 2747 23.149130 14.995790 PLAYER
0 201567 44.026100 39.468580 PLAYER
0 203521 30.235690 33.272080 PLAYER
0 202684 38.744710 24.670280 PLAYER
12 -1 56.658590 46.928200 BALL
12 2199 45.398630 22.548020 PLAYER
12 200782 33.153100 11.013460 PLAYER
12 202720 61.946740 43.092250 PLAYER
12 202688 60.560060 27.020140 PLAYER
12 1626164 56.830290 33.309420 PLAYER
12 2544 58.434530 47.814820 PLAYER
12 2747 24.526490 14.620330 PLAYER
12 201567 46.121760 39.282190 PLAYER
12 203521 31.742430 32.849920 PLAYER
12 202684 40.352290 24.422610 PLAYER
24 -1 58.130230 47.375640 BALL
24 2199 47.435470 22.652130 PLAYER
24 200782 34.789460 11.359910 PLAYER
24 202720 62.191130 43.991080 PLAYER
24 202688 61.416240 27.353130 PLAYER
24 1626164 58.632560 33.187480 PLAYER
24 2544 59.376100 47.711950 PLAYER
24 2747 25.933800 14.268250 PLAYER
24 201567 48.213160 39.089900 PLAYER
24 203521 33.276230 32.399700 PLAYER
24 202684 41.929230 24.127280 PLAYER
36 -1 58.977850 47.393740 BALL
36 2199 49.536470 22.765130 PLAYER
36 200782 36.441800 11.735850 PLAYER
36 202720 62.482160 44.702480 PLAYER
36 202688 62.387790 27.633120 PLAYER
36 1626164 60.345230 33.145600 PLAYER
36 2544 60.167380 47.603490 PLAYER
36 2747 27.375040 13.911860 PLAYER
36 201567 50.358990 38.867300 PLAYER
36 203521 34.788190 31.853450 PLAYER
36 202684 43.572980 23.832430 PLAYER
48 -1 59.593510 47.457750 BALL
48 2199 51.645970 22.891030 PLAYER
48 200782 38.104720 12.057640 PLAYER
48 202720 62.803300 45.263850 PLAYER
48 202688 63.131080 27.954830 PLAYER
48 1626164 62.025580 33.134940 PLAYER
48 2544 60.819570 47.496760 PLAYER
48 2747 28.805820 13.571320 PLAYER
48 201567 52.532810 38.588270 PLAYER
48 203521 36.297270 31.287780 PLAYER
48 202684 45.229030 23.485510 PLAYER
60 -1 59.971270 47.283500 BALL
60 2199 53.719150 23.012770 PLAYER
60 200782 39.749410 12.335220 PLAYER
60 202720 63.118170 45.667130 PLAYER
60 202688 63.820300 28.174730 PLAYER
60 1626164 63.682650 33.159720 PLAYER
60 2544 61.309240 47.429540 PLAYER
60 2747 30.242930 13.292600 PLAYER
60 201567 54.705870 38.347390 PLAYER
60 203521 37.779040 30.620070 PLAYER
60 202684 46.855050 23.113680 PLAYER
72 -1 60.173030 47.241300 BALL
72 2199 55.778850 23.187500 PLAYER
72 200782 41.398610 12.561550 PLAYER
72 202720 63.458430 45.836900 PLAYER
72 202688 64.504690 28.210130 PLAYER
72 1626164 65.364780 33.160530 PLAYER
72 2544 61.684240 47.397860 PLAYER
72 2747 31.726490 12.992350 PLAYER
72 201567 56.823950 38.174230 PLAYER
72 203521 39.301440 29.871440 PLAYER
72 202684 48.482950 22.697630 PLAYER
84 -1 60.548050 47.305960 BALL
84 2199 57.828480 23.305440 PLAYER
84 200782 43.093880 12.801240 PLAYER
84 202720 63.698430 45.889850 PLAYER
84 202688 65.226970 28.170270 PLAYER
84 1626164 66.972090 33.320090 PLAYER
84 2544 61.896490 47.392810 PLAYER
84 2747 33.224370 12.706800 PLAYER
84 201567 58.846300 38.068160 PLAYER
84 203521 40.799040 29.065280 PLAYER
84 202684 50.135790 22.297500 PLAYER
96 -1 61.353760 47.502150 BALL
96 2199 59.840780 23.386850 PLAYER
96 200782 44.779180 12.990360 PLAYER
96 202720 63.886550 45.930210 PLAYER
96 202688 65.753600 28.007780 PLAYER
96 1626164 68.509050 33.491060 PLAYER
96 2544 61.978900 47.379010 PLAYER
96 2747 34.721220 12.402640 PLAYER
96 201567 60.729610 38.171180 PLAYER
96 203521 42.284240 28.246370 PLAYER
96 202684 51.729930 21.885110 PLAYER
108 -1 61.332060 47.493680 BALL
108 2199 61.773910 23.486780 PLAYER
108 200782 46.409310 13.163520 PLAYER
108 202720 64.056610 45.896380 PLAYER
108 202688 66.214210 27.676040 PLAYER
108 1626164 69.868910 33.724230 PLAYER
108 2544 62.034050 47.368870 PLAYER
108 2747 36.231810 12.121420 PLAYER
108 201567 62.500500 38.483490 PLAYER
108 203521 43.765420 27.354260 PLAYER
108 202684 53.307710 21.448520 PLAYER
120 -1 61.367380 47.416030 BALL
120 2199 63.640380 23.594310 PLAYER
120 200782 48.052560 13.390350 PLAYER
120 202720 64.206540 45.831940 PLAYER
120 202688 66.546360 27.251070 PLAYER
120 1626164 71.068440 33.956810 PLAYER
120 2544 62.057440 47.307400 PLAYER
120 2747 37.724470 11.806970 PLAYER
120 201567 64.094300 38.938330 PLAYER
120 203521 45.234640 26.437710 PLAYER
120 202684 54.886720 20.970640 PLAYER
132 -1 61.198670 47.472020 BALL
132 2199 65.447840 23.670470 PLAYER
132 200782 49.686070 13.637470 PLAYER
132 202720 64.337620 45.755940 PLAYER
132 202688 66.769640 26.832510 PLAYER
132 1626164 72.053610 34.256010 PLAYER
132 2544 62.082370 47.207970 PLAYER
132 2747 39.198300 11.473340 PLAYER
132 201567 65.497520 39.486900 PLAYER
132 203521 46.629870 25.434660 PLAYER
132 202684 56.427790 20.497690 PLAYER
144 -1 61.277830 47.363530 BALL
144 2199 67.192810 23.741560 PLAYER
144 200782 51.273330 13.842930 PLAYER
144 202720 64.488410 45.620830 PLAYER
144 202688 66.921250 26.268860 PLAYER
144 1626164 72.810980 34.586070 PLAYER
144 2544 62.059210 47.146510 PLAYER
144 2747 40.632220 11.205660 PLAYER
144 201567 66.774640 40.119200 PLAYER
144 203521 48.003830 24.339210 PLAYER
144 202684 57.932620 20.017720 PLAYER
156 -1 60.754390 47.251470 BALL
156 2199 68.775720 23.863640 PLAYER
156 200782 52.855840 14.047220 PLAYER
156 202720 64.632100 45.414060 PLAYER
156 202688 66.993230 25.642940 PLAYER
156 1626164 73.322380 34.983090 PLAYER
156 2544 62.069550 47.089970 PLAYER
156 2747 42.054580 10.983900 PLAYER
156 201567 67.894980 40.748110 PLAYER
156 203521 49.355270 23.180860 PLAYER
156 202684 59.459870 19.502600 PLAYER
168 -1 61.399020 47.187050 BALL
168 2199 70.308720 23.945410 PLAYER
168 200782 54.413470 14.277130 PLAYER
168 202720 64.727010 45.268790 PLAYER
168 202688 67.062890 24.998150 PLAYER
168 1626164 73.593720 35.438470 PLAYER
168 2544 62.075350 46.994580 PLAYER
168 2747 43.444590 10.758980 PLAYER
168 201567 68.861780 41.409340 PLAYER
168 203521 50.680270 21.982020 PLAYER
168 202684 60.964830 19.010170 PLAYER
180 -1 61.574050 47.064330 BALL
180 2199 71.748970 23.944180 PLAYER
180 200782 55.857840 14.507570 PLAYER
180 202720 64.831120 45.096350 PLAYER
180 202688 67.153480 24.311920 PLAYER
180 1626164 73.655030 35.946580 PLAYER
180 2544 62.014900 46.952740 PLAYER
180 2747 44.818430 10.538650 PLAYER
180 201567 69.714490 42.033610 PLAYER
180 203521 51.969300 20.729020 PLAYER
180 202684 62.460820 18.519030 PLAYER
192 -1 61.361680 47.057300 BALL
192 2199 73.053750 23.846020 PLAYER
192 200782 57.261370 14.788810 PLAYER
192 202720 64.924520 44.931940 PLAYER
192 202688 67.286410 23.499790 PLAYER
192 1626164 73.625770 36.462630 PLAYER
192 2544 61.896730 46.953100 PLAYER
192 2747 46.173090 10.325980 PLAYER
192 201567 70.526050 42.629120 PLAYER
192 203521 53.273970 19.497720 PLAYER
192 202684 63.987150 17.980240 PLAYER
204 -1 60.695860 46.958440 BALL
204 2199 74.156850 23.735910 PLAYER
204 200782 58.631570 15.140770 PLAYER
204 202720 64.984130 44.819500 PLAYER
204 202688 67.490010 22.678100 PLAYER
204 1626164 73.558180 37.009730 PLAYER
204 2544 61.797420 46.946550 PLAYER
204 2747 47.513890 10.049810 PLAYER
204 201567 71.283690 43.264310 PLAYER
204 203521 54.584180 18.269750 PLAYER
204 202684 65.472180 17.449310 PLAYER
216 -1 60.600460 46.968300 BALL
216 2199 75.128370 23.553780 PLAYER
216 200782 59.946340 15.501520 PLAYER
216 202720 65.029600 44.728800 PLAYER
216 202688 67.791440 21.844230 PLAYER
216 1626164 73.570350 37.566270 PLAYER
216 2544 61.656240 46.957540 PLAYER
216 2747 48.784210 9.801200 PLAYER
216 201567 72.097040 43.841140 PLAYER
216 203521 55.916570 17.036420 PLAYER
216 202684 66.870250 16.989830 PLAYER
228 -1 60.749800 46.862320 BALL
228 2199 75.955540 23.366080 PLAYER
228 200782 61.226020 15.863170 PLAYER
228 202720 65.085320 44.587460 PLAYER
228 202688 68.166660 20.962230 PLAYER
228 1626164 73.703230 38.053200 PLAYER
228 2544 61.539650 47.006440 PLAYER
228 2747 49.975420 9.592120 PLAYER
228 201567 72.905950 44.321770 PLAYER
228 203521 57.242620 15.867540 PLAYER
228 202684 68.201470 16.580050 PLAYER
240 -1 60.713170 46.709060 BALL
240 2199 76.758910 23.225700 PLAYER
240 200782 62.481030 16.260500 PLAYER
240 202720 65.120120 44.452750 PLAYER
240 202688 68.612500 20.052100 PLAYER
240 1626164 73.926970 38.512450 PLAYER
240 2544 61.508420 47.049590 PLAYER
240 2747 51.170430 9.362780 PLAYER
240 201567 73.782720 44.779260 PLAYER
240 203521 58.586660 14.756380 PLAYER
240 202684 69.515950 16.223670 PLAYER
252 -1 60.745570 46.686110 BALL
252 2199 77.505630 23.216240 PLAYER
252 200782 63.631540 16.650280 PLAYER
252 202720 65.127950 44.328190 PLAYER
252 202688 69.111490 19.132780 PLAYER
252 1626164 74.217090 38.913160 PLAYER
252 2544 61.485710 47.103870 PLAYER
252 2747 52.276790 9.157260 PLAYER
252 201567 74.722430 45.167400 PLAYER
252 203521 59.963520 13.669060 PLAYER
252 202684 70.783880 15.907560 PLAYER
264 -1 60.781470 46.412280 BALL
264 2199 78.162060 23.249410 PLAYER
264 200782 64.675840 17.078440 PLAYER
264 202720 65.132590 44.224090 PLAYER
264 202688 69.686860 18.217200 PLAYER
264 1626164 74.622260 39.212510 PLAYER
264 2544 61.457320 47.158670 PLAYER
264 2747 53.274590 8.979470 PLAYER
264 201567 75.665440 45.449830 PLAYER
264 203521 61.363290 12.638310 PLAYER
264 202684 72.065660 15.622060 PLAYER
276 -1 60.905900 46.298200 BALL
276 2199 78.811960 23.309530 PLAYER
276 200782 65.632760 17.575710 PLAYER
276 202720 65.127130 44.154420 PLAYER
276 202688 70.298070 17.370660 PLAYER
276 1626164 75.145370 39.418590 PLAYER
276 2544 61.447870 47.194050 PLAYER
276 2747 54.267280 8.796350 PLAYER
276 201567 76.622650 45.680520 PLAYER
276 203521 62.771730 11.660970 PLAYER
276 202684 73.348850 15.327860 PLAYER
288 -1 61.066110 46.264100 BALL
288 2199 79.425250 23.367250 PLAYER
288 200782 66.539010 18.096480 PLAYER
288 202720 65.106610 44.100540 PLAYER
288 202688 70.973450 16.641230 PLAYER
288 1626164 75.768610 39.552670 PLAYER
288 2544 61.408970 47.223630 PLAYER
288 2747 55.216250 8.590610 PLAYER
288 201567 77.631420 45.840630 PLAYER
288 203521 64.208540 10.700650 PLAYER
288 202684 74.602390 15.054050 PLAYER
300 -1 61.001040 46.276010 BALL
300 2199 79.955980 23.413630 PLAYER
300 200782 67.434200 18.601030 PLAYER
300 202720 65.091200 44.064420 PLAYER
300 202688 71.652780 16.017180 PLAYER
300 1626164 76.469460 39.615070 PLAYER
300 2544 61.371570 47.249240 PLAYER
300 2747 56.012810 8.480950 PLAYER
300 201567 78.606000 45.954300 PLAYER
300 203521 65.643150 9.806500 PLAYER
300 202684 75.740550 14.794220 PLAYER
312 -1 60.588400 46.153000 BALL
312 2199 80.441530 23.389560 PLAYER
312 200782 68.275050 19.135610 PLAYER
312 202720 65.093050 44.053950 PLAYER
312 202688 72.379250 15.416880 PLAYER
312 1626164 77.204150 39.603060 PLAYER
312 2544 61.356430 47.245090 PLAYER
312 2747 56.764490 8.394610 PLAYER
312 201567 79.534220 46.102180 PLAYER
312 203521 67.055610 8.967710 PLAYER
312 202684 76.806330 14.591530 PLAYER
324 -1 60.177320 46.458640 BALL
324 2199 80.968880 23.333190 PLAYER
324 200782 69.023180 19.635170 PLAYER
324 202720 65.066830 44.025210 PLAYER
324 202688 73.111940 14.914850 PLAYER
324 1626164 77.941030 39.505030 PLAYER
324 2544 61.239180 47.197340 PLAYER
324 2747 57.525340 8.334800 PLAYER
324 201567 80.462370 46.275070 PLAYER
324 203521 68.456130 8.186710 PLAYER
324 202684 77.854410 14.433720 PLAYER
336 -1 59.839050 46.554400 BALL
336 2199 81.498290 23.285690 PLAYER
336 200782 69.672660 20.085730 PLAYER
336 202720 65.004560 43.901880 PLAYER
336 202688 73.815040 14.391380 PLAYER
336 1626164 78.623540 39.374940 PLAYER
336 2544 61.195170 47.130990 PLAYER
336 2747 58.196720 8.291220 PLAYER
336 201567 81.283940 46.494040 PLAYER
336 203521 69.830500 7.438270 PLAYER
336 202684 78.876540 14.291480 PLAYER
348 -1 59.469360 46.627060 BALL
348 2199 81.996180 23.207930 PLAYER
348 200782 70.244730 20.558320 PLAYER
348 202720 64.948200 43.720580 PLAYER
348 202688 74.548470 13.925940 PLAYER
348 1626164 79.252410 39.273540 PLAYER
348 2544 61.108790 46.965430 PLAYER
348 2747 58.798970 8.263390 PLAYER
348 201567 82.227980 46.759700 PLAYER
348 203521 71.181530 6.757090 PLAYER
348 202684 79.910850 14.154020 PLAYER
360 -1 59.325130 46.381200 BALL
360 2199 82.512130 23.112760 PLAYER
360 200782 70.725000 21.028310 PLAYER
360 202720 64.884830 43.517810 PLAYER
360 202688 75.344140 13.494800 PLAYER
360 1626164 79.883290 39.210990 PLAYER
360 2544 60.967030 46.743860 PLAYER
360 2747 59.359270 8.215910 PLAYER
360 201567 83.182470 47.055450 PLAYER
360 203521 72.548230 6.041990 PLAYER
360 202684 80.965210 14.024980 PLAYER
372 -1 59.578230 45.990460 BALL
372 2199 82.983460 22.928090 PLAYER
372 200782 71.185550 21.470550 PLAYER
372 202720 64.769060 43.252720 PLAYER
372 202688 76.111510 13.149970 PLAYER
372 1626164 80.503780 39.140580 PLAYER
372 2544 60.738460 46.406670 PLAYER
372 2747 59.834800 8.152420 PLAYER
372 201567 84.058850 47.352360 PLAYER
372 203521 73.885340 5.413520 PLAYER
372 202684 81.960110 13.901420 PLAYER
384 -1 59.425400 45.458020 BALL
384 2199 83.440590 22.753360 PLAYER
384 200782 71.681490 21.922170 PLAYER
384 202720 64.591080 42.888450 PLAYER
384 202688 76.853310 12.802790 PLAYER
384 1626164 81.050960 39.113330 PLAYER
384 2544 60.608130 46.092190 PLAYER
384 2747 60.216070 8.125060 PLAYER
384 201567 84.784960 47.657860 PLAYER
384 203521 75.194880 4.804800 PLAYER
384 202684 82.832970 13.803990 PLAYER
396 -1 59.295270 44.674350 BALL
396 2199 83.897020 22.530040 PLAYER
396 200782 72.178550 22.350760 PLAYER
396 202720 64.356540 42.494640 PLAYER
396 202688 77.622880 12.545700 PLAYER
396 1626164 81.555200 39.061940 PLAYER
396 2544 60.402860 45.750370 PLAYER
396 2747 60.528690 8.159590 PLAYER
396 201567 85.555120 47.998230 PLAYER
396 203521 76.473940 4.263660 PLAYER
396 202684 83.581080 13.773550 PLAYER
408 -1 58.980940 44.339360 BALL
408 2199 84.365180 22.289890 PLAYER
408 200782 72.626700 22.696440 PLAYER
408 202720 64.069860 42.121390 PLAYER
408 202688 78.334290 12.284000 PLAYER
408 1626164 82.044470 39.004790 PLAYER
408 2544 60.223180 45.425820 PLAYER
408 2747 60.795620 8.273530 PLAYER
408 201567 86.113100 48.301070 PLAYER
408 203521 77.698110 3.739850 PLAYER
408 202684 84.273290 13.733060 PLAYER
420 -1 58.588790 44.258460 BALL
420 2199 84.762190 22.028900 PLAYER
420 200782 73.010470 22.964840 PLAYER
420 202720 63.762750 41.748500 PLAYER
420 202688 79.023440 11.994920 PLAYER
420 1626164 82.445680 38.913580 PLAYER
420 2544 60.085340 45.055240 PLAYER
420 2747 61.016260 8.463880 PLAYER
420 201567 86.575910 48.563990 PLAYER
420 203521 78.866150 3.323760 PLAYER
420 202684 84.960070 13.707470 PLAYER
432 -1 58.273650 44.223570 BALL
432 2199 85.178980 21.769430 PLAYER
432 200782 73.311800 23.143120 PLAYER
432 202720 63.449660 41.419900 PLAYER
432 202688 79.700450 11.738840 PLAYER
432 1626164 82.813700 38.881250 PLAYER
432 2544 59.998050 44.732550 PLAYER
432 2747 61.226550 8.722390 PLAYER
432 201567 87.033520 48.730170 PLAYER
432 203521 80.000480 2.905610 PLAYER
432 202684 85.602290 13.703190 PLAYER
444 -1 57.914340 43.927660 BALL
444 2199 85.579760 21.464800 PLAYER
444 200782 73.495380 23.205190 PLAYER
444 202720 63.149890 41.159010 PLAYER
444 202688 80.372200 11.531480 PLAYER
444 1626164 83.186640 38.875580 PLAYER
444 2544 59.923980 44.392700 PLAYER
444 2747 61.432340 8.992470 PLAYER
444 201567 87.542630 48.793420 PLAYER
444 203521 81.089140 2.556200 PLAYER
444 202684 86.207360 13.673830 PLAYER
456 -1 57.586980 43.149050 BALL
456 2199 85.959140 21.064370 PLAYER
456 200782 73.580290 23.187590 PLAYER
456 202720 62.875660 40.982620 PLAYER
456 202688 81.039300 11.368490 PLAYER
456 1626164 83.539570 38.931830 PLAYER
456 2544 59.805680 44.018610 PLAYER
456 2747 61.623270 9.242580 PLAYER
456 201567 87.953670 48.806620 PLAYER
456 203521 82.105960 2.258950 PLAYER
456 202684 86.805840 13.619410 PLAYER
468 -1 57.568520 42.274110 BALL
468 2199 86.330410 20.601650 PLAYER
468 200782 73.572780 23.064520 PLAYER
468 202720 62.661610 40.844680 PLAYER
468 202688 81.696910 11.209740 PLAYER
468 1626164 83.860520 38.990590 PLAYER
468 2544 59.669690 43.662330 PLAYER
468 2747 61.801130 9.443950 PLAYER
468 201567 88.307700 48.861870 PLAYER
468 203521 83.071420 2.045180 PLAYER
468 202684 87.404980 13.538560 PLAYER
480 -1 58.043560 41.874600 BALL
480 2199 86.705230 20.148270 PLAYER
480 200782 73.491240 22.819390 PLAYER
480 202720 62.567760 40.691910 PLAYER
480 202688 82.292050 11.103730 PLAYER
480 1626164 84.172110 39.044050 PLAYER
480 2544 59.502040 43.341390 PLAYER
480 2747 61.956820 9.617940 PLAYER
480 201567 88.604780 48.967840 PLAYER
480 203521 83.950100 1.867200 PLAYER
480 202684 87.970320 13.450790 PLAYER
492 -1 58.800410 42.265950 BALL
492 2199 87.065570 19.733100 PLAYER
492 200782 73.365890 22.514330 PLAYER
492 202720 62.630430 40.514390 PLAYER
492 202688 82.829930 11.022820 PLAYER
492 1626164 84.429680 39.048200 PLAYER
492 2544 59.275290 43.087090 PLAYER
492 2747 62.067250 9.803400 PLAYER
492 201567 88.869050 49.119370 PLAYER
492 203521 84.715740 1.759360 PLAYER
492 202684 88.535670 13.324690 PLAYER
504 -1 59.559450 43.508730 BALL
504 2199 87.424470 19.323680 PLAYER
504 200782 73.224990 22.213000 PLAYER
504 202720 62.839160 40.351760 PLAYER
504 202688 83.339800 10.916200 PLAYER
504 1626164 84.661760 39.008250 PLAYER
504 2544 58.985980 42.893400 PLAYER
504 2747 62.104770 9.965070 PLAYER
504 201567 89.112910 49.291750 PLAYER
504 203521 85.378260 1.656720 PLAYER
504 202684 89.081700 13.159290 PLAYER
516 -1 60.080400 44.411720 BALL
516 2199 87.772310 18.952700 PLAYER
516 200782 73.107460 21.951360 PLAYER
516 202720 63.138320 40.206260 PLAYER
516 202688 83.793970 10.775670 PLAYER
516 1626164 84.841400 38.930910 PLAYER
516 2544 58.804180 42.830140 PLAYER
516 2747 62.071460 10.108410 PLAYER
516 201567 89.351260 49.409330 PLAYER
516 203521 85.965970 1.563680 PLAYER
516 202684 89.599800 12.931570 PLAYER
528 -1 60.413170 44.698530 BALL
528 2199 88.126900 18.564990 PLAYER
528 200782 73.031580 21.761460 PLAYER
528 202720 63.477850 40.053810 PLAYER
528 202688 84.194100 10.672790 PLAYER
528 1626164 84.978680 38.849910 PLAYER
528 2544 58.712400 42.846740 PLAYER
528 2747 61.971020 10.251170 PLAYER
528 201567 89.580630 49.477310 PLAYER
528 203521 86.460600 1.451890 PLAYER
528 202684 90.037430 12.714330 PLAYER
540 -1 60.544500 44.421790 BALL
540 2199 88.477380 18.103340 PLAYER
540 200782 73.005330 21.688120 PLAYER
540 202720 63.772070 39.916820 PLAYER
540 202688 84.589700 10.627790 PLAYER
540 1626164 85.110150 38.812280 PLAYER
540 2544 58.669230 42.884870 PLAYER
540 2747 61.839490 10.373810 PLAYER
540 201567 89.799750 49.505970 PLAYER
540 203521 86.888490 1.350570 PLAYER
540 202684 90.399190 12.482070 PLAYER
552 -1 60.527730 43.803860 BALL
552 2199 88.825100 17.598500 PLAYER
552 200782 73.011840 21.699310 PLAYER
552 202720 63.971540 39.803060 PLAYER
552 202688 85.002210 10.654240 PLAYER
552 1626164 85.254530 38.824970 PLAYER
552 2544 58.725500 42.857280 PLAYER
552 2747 61.723670 10.439860 PLAYER
552 201567 89.984820 49.512510 PLAYER
552 203521 87.286530 1.243110 PLAYER
552 202684 90.734230 12.261740 PLAYER
564 -1 59.675680 42.742580 BALL
564 2199 89.145140 17.114250 PLAYER
564 200782 73.024840 21.738980 PLAYER
564 202720 64.104900 39.719430 PLAYER
564 202688 85.379420 10.778010 PLAYER
564 1626164 85.408120 38.912350 PLAYER
564 2544 58.871770 42.731570 PLAYER
564 2747 61.645940 10.476540 PLAYER
564 201567 90.128360 49.510810 PLAYER
564 203521 87.654410 1.183240 PLAYER
564 202684 91.067920 12.050400 PLAYER
576 -1 58.980410 41.741660 BALL
576 2199 89.394530 16.696190 PLAYER
576 200782 73.012770 21.773530 PLAYER
576 202720 64.233270 39.627470 PLAYER
576 202688 85.676430 10.897540 PLAYER
576 1626164 85.591600 39.038500 PLAYER
576 2544 59.045560 42.650130 PLAYER
576 2747 61.621970 10.486970 PLAYER
576 201567 90.213210 49.509550 PLAYER
576 203521 87.987720 1.127420 PLAYER
576 202684 91.414650 11.887990 PLAYER
588 -1 58.451170 41.014240 BALL
588 2199 89.527110 16.395670 PLAYER
588 200782 72.954450 21.767820 PLAYER
588 202720 64.341810 39.507710 PLAYER
588 202688 85.933280 11.081270 PLAYER
588 1626164 85.796870 39.173870 PLAYER
588 2544 59.205430 42.446940 PLAYER
588 2747 61.642720 10.482720 PLAYER
588 201567 90.261190 49.488640 PLAYER
588 203521 88.291150 1.094520 PLAYER
588 202684 91.741680 11.717840 PLAYER
600 -1 58.499950 40.531850 BALL
600 2199 89.570220 16.233880 PLAYER
600 200782 72.841880 21.688090 PLAYER
600 202720 64.433290 39.368910 PLAYER
600 202688 86.153960 11.301620 PLAYER
600 1626164 85.980160 39.264350 PLAYER
600 2544 59.428260 42.238740 PLAYER
600 2747 61.691380 10.466550 PLAYER
600 201567 90.259230 49.453680 PLAYER
600 203521 88.545580 1.072090 PLAYER
600 202684 92.017630 11.563190 PLAYER
612 -1 58.845840 40.680620 BALL
612 2199 89.523190 16.196250 PLAYER
612 200782 72.699300 21.566250 PLAYER
612 202720 64.521680 39.206030 PLAYER
612 202688 86.282620 11.450580 PLAYER
612 1626164 86.125220 39.297920 PLAYER
612 2544 59.735160 42.097030 PLAYER
612 2747 61.736110 10.452970 PLAYER
612 201567 90.182960 49.410570 PLAYER
612 203521 88.733120 1.043100 PLAYER
612 202684 92.231550 11.353250 PLAYER
624 -1 59.805690 41.666910 BALL
624 2199 89.412700 16.233150 PLAYER
624 200782 72.553410 21.439110 PLAYER
624 202720 64.651400 39.023040 PLAYER
624 202688 86.388560 11.580340 PLAYER
624 1626164 86.193350 39.230670 PLAYER
624 2544 60.117960 42.009730 PLAYER
624 2747 61.763880 10.446690 PLAYER
624 201567 90.060060 49.358890 PLAYER
624 203521 88.831910 1.011090 PLAYER
624 202684 92.374510 11.122520 PLAYER
636 -1 60.602060 42.405530 BALL
636 2199 89.279400 16.361180 PLAYER
636 200782 72.454080 21.332120 PLAYER
636 202720 64.881420 38.828630 PLAYER
636 202688 86.553990 11.775800 PLAYER
636 1626164 86.197240 39.091690 PLAYER
636 2544 60.521930 41.745620 PLAYER
636 2747 61.767690 10.450990 PLAYER
636 201567 89.887760 49.299520 PLAYER
636 203521 88.839960 0.991950 PLAYER
636 202684 92.481620 10.844630 PLAYER
648 -1 61.444560 43.144370 BALL
648 2199 89.131920 16.548190 PLAYER
648 200782 72.435220 21.316700 PLAYER
648 202720 65.242090 38.641740 PLAYER
648 202688 86.760390 11.990600 PLAYER
648 1626164 86.140310 38.899610 PLAYER
648 2544 60.997560 41.534160 PLAYER
648 2747 61.757800 10.450890 PLAYER
648 201567 89.675150 49.250610 PLAYER
648 203521 88.744660 0.982800 PLAYER
648 202684 92.525060 10.604170 PLAYER
660 -1 62.407570 43.266510 BALL
660 2199 88.941150 16.732780 PLAYER
660 200782 72.496810 21.414070 PLAYER
660 202720 65.667470 38.436670 PLAYER
660 202688 86.957170 12.172830 PLAYER
660 1626164 86.040310 38.729820 PLAYER
660 2544 61.565260 41.342390 PLAYER
660 2747 61.739860 10.458390 PLAYER
660 201567 89.472920 49.208720 PLAYER
660 203521 88.570850 0.972550 PLAYER
660 202684 92.551300 10.365410 PLAYER
672 -1 63.348050 43.108200 BALL
672 2199 88.716460 16.941960 PLAYER
672 200782 72.594380 21.554130 PLAYER
672 202720 66.260070 38.292300 PLAYER
672 202688 87.156830 12.364760 PLAYER
672 1626164 85.907730 38.574570 PLAYER
672 2544 62.272960 41.170310 PLAYER
672 2747 61.722280 10.460050 PLAYER
672 201567 89.309580 49.169730 PLAYER
672 203521 88.334280 0.979870 PLAYER
672 202684 92.559310 10.214850 PLAYER
684 -1 64.543960 42.471430 BALL
684 2199 88.452420 17.188440 PLAYER
684 200782 72.702600 21.704250 PLAYER
684 202720 66.904310 38.154280 PLAYER
684 202688 87.322530 12.529620 PLAYER
684 1626164 85.759250 38.469260 PLAYER
684 2544 63.019540 40.978110 PLAYER
684 2747 61.707200 10.453340 PLAYER
684 201567 89.188860 49.136150 PLAYER
684 203521 88.075400 0.989070 PLAYER
684 202684 92.552030 10.141750 PLAYER
696 -1 65.647070 41.874200 BALL
696 2199 88.175430 17.355110 PLAYER
696 200782 72.813540 21.842970 PLAYER
696 202720 67.601660 38.053810 PLAYER
696 202688 87.414230 12.716700 PLAYER
696 1626164 85.605630 38.416600 PLAYER
696 2544 63.759730 40.883560 PLAYER
696 2747 61.708000 10.448320 PLAYER
696 201567 89.140410 49.097800 PLAYER
696 203521 87.842080 0.991660 PLAYER
696 202684 92.498720 10.150100 PLAYER
708 -1 66.537210 41.947370 BALL
708 2199 87.861170 17.667560 PLAYER
708 200782 72.895490 21.960900 PLAYER
708 202720 68.268900 37.956600 PLAYER
708 202688 87.422370 12.832670 PLAYER
708 1626164 85.471590 38.423760 PLAYER
708 2544 64.500790 40.854620 PLAYER
708 2747 61.720480 10.457440 PLAYER
708 201567 89.155290 49.058020 PLAYER
708 203521 87.652290 0.992220 PLAYER
708 202684 92.442470 10.170020 PLAYER
720 -1 66.935580 42.165220 BALL
720 2199 87.588040 18.121130 PLAYER
720 200782 72.974660 22.083720 PLAYER
720 202720 69.068880 37.859300 PLAYER
720 202688 87.378370 12.909310 PLAYER
720 1626164 85.358220 38.461630 PLAYER
720 2544 65.221060 40.843870 PLAYER
720 2747 61.744410 10.461690 PLAYER
720 201567 89.217540 49.030560 PLAYER
720 203521 87.509410 0.999970 PLAYER
720 202684 92.346480 10.245040 PLAYER
732 -1 67.263030 42.492590 BALL
732 2199 87.327710 18.691700 PLAYER
732 200782 73.082540 22.231570 PLAYER
732 202720 69.737170 37.761270 PLAYER
732 202688 87.335730 12.983140 PLAYER
732 1626164 85.284750 38.550050 PLAYER
732 2544 65.816310 40.813630 PLAYER
732 2747 61.782820 10.462820 PLAYER
732 201567 89.327400 49.011420 PLAYER
732 203521 87.413810 1.005520 PLAYER
732 202684 92.202590 10.333700 PLAYER
744 -1 67.674770 42.512210 BALL
744 2199 87.089610 19.326970 PLAYER
744 200782 73.200450 22.381410 PLAYER
744 202720 70.421450 37.690440 PLAYER
744 202688 87.304830 13.059330 PLAYER
744 1626164 85.246050 38.653940 PLAYER
744 2544 66.357980 40.811420 PLAYER
744 2747 61.840600 10.484770 PLAYER
744 201567 89.459590 48.988730 PLAYER
744 203521 87.346040 1.028320 PLAYER
744 202684 92.000730 10.410130 PLAYER
756 -1 68.317000 41.907300 BALL
756 2199 86.827720 20.158730 PLAYER
756 200782 73.285220 22.496450 PLAYER
756 202720 71.023070 37.580500 PLAYER
756 202688 87.334760 13.117140 PLAYER
756 1626164 85.236650 38.759290 PLAYER
756 2544 66.929200 40.763550 PLAYER
756 2747 61.886410 10.514410 PLAYER
756 201567 89.597450 48.973170 PLAYER
756 203521 87.258030 1.036780 PLAYER
756 202684 91.704180 10.465100 PLAYER
768 -1 69.034170 41.106150 BALL
768 2199 86.605300 20.976740 PLAYER
768 200782 73.329860 22.527500 PLAYER
768 202720 71.557450 37.491350 PLAYER
768 202688 87.404480 13.214070 PLAYER
768 1626164 85.231370 38.839380 PLAYER
768 2544 67.484080 40.688220 PLAYER
768 2747 61.905000 10.584970 PLAYER
768 201567 89.737010 48.957810 PLAYER
768 203521 87.147890 1.043720 PLAYER
768 202684 91.340260 10.547540 PLAYER
780 -1 68.945220 41.021000 BALL
780 2199 86.358100 21.764270 PLAYER
780 200782 73.297400 22.464300 PLAYER
780 202720 71.932580 37.472520 PLAYER
780 202688 87.497540 13.327950 PLAYER
780 1626164 85.235150 38.871850 PLAYER
780 2544 67.906730 40.660240 PLAYER
780 2747 61.880690 10.725380 PLAYER
780 201567 89.849590 48.925590 PLAYER
780 203521 87.005670 1.057510 PLAYER
780 202684 90.991610 10.648210 PLAYER
792 -1 68.186030 40.384580 BALL
792 2199 86.106090 22.651440 PLAYER
792 200782 73.212640 22.339110 PLAYER
792 202720 72.340700 37.471650 PLAYER
792 202688 87.583270 13.449970 PLAYER
792 1626164 85.235380 38.863220 PLAYER
792 2544 68.295210 40.733330 PLAYER
792 2747 61.797070 10.907980 PLAYER
792 201567 89.917260 48.894410 PLAYER
792 203521 86.847970 1.068220 PLAYER
792 202684 90.647960 10.821910 PLAYER
804 -1 67.497310 40.055670 BALL
804 2199 85.855100 23.555500 PLAYER
804 200782 73.118630 22.206260 PLAYER
804 202720 72.665950 37.482590 PLAYER
804 202688 87.615500 13.557460 PLAYER
804 1626164 85.237890 38.834220 PLAYER
804 2544 68.611960 40.926240 PLAYER
804 2747 61.675870 11.103830 PLAYER
804 201567 89.942140 48.883690 PLAYER
804 203521 86.695820 1.064410 PLAYER
804 202684 90.312790 11.016910 PLAYER
816 -1 67.361190 39.796040 BALL
816 2199 85.621850 24.437830 PLAYER
816 200782 73.015190 22.083130 PLAYER
816 202720 72.885720 37.521800 PLAYER
816 202688 87.593720 13.640260 PLAYER
816 1626164 85.236270 38.803410 PLAYER
816 2544 68.768800 41.195990 PLAYER
816 2747 61.552810 11.306380 PLAYER
816 201567 89.925830 48.877880 PLAYER
816 203521 86.580930 1.082180 PLAYER
816 202684 89.969190 11.247170 PLAYER
828 -1 68.004380 39.884410 BALL
828 2199 85.414850 25.349940 PLAYER
828 200782 72.888160 21.978620 PLAYER
828 202720 73.014150 37.588630 PLAYER
828 202688 87.558040 13.675090 PLAYER
828 1626164 85.239610 38.787790 PLAYER
828 2544 68.842500 41.508680 PLAYER
828 2747 61.465070 11.466750 PLAYER
828 201567 89.873220 48.876360 PLAYER
828 203521 86.507710 1.101120 PLAYER
828 202684 89.541180 11.488220 PLAYER
840 -1 68.591890 40.350710 BALL
840 2199 85.254720 26.077610 PLAYER
840 200782 72.750450 21.859050 PLAYER
840 202720 73.079270 37.701410 PLAYER
840 202688 87.505470 13.680480 PLAYER
840 1626164 85.236060 38.772590 PLAYER
840 2544 68.877510 41.820220 PLAYER
840 2747 61.440650 11.571350 PLAYER
840 201567 89.804210 48.887040 PLAYER
840 203521 86.489950 1.113400 PLAYER
840 202684 89.036570 11.664930 PLAYER
852 -1 68.488360 40.792300 BALL
852 2199 85.178610 26.488680 PLAYER
852 200782 72.581950 21.722020 PLAYER
852 202720 73.086420 37.863710 PLAYER
852 202688 87.405230 13.670600 PLAYER
852 1626164 85.234260 38.736510 PLAYER
852 2544 68.910090 42.076010 PLAYER
852 2747 61.461570 11.638850 PLAYER
852 201567 89.731610 48.901370 PLAYER
852 203521 86.507540 1.125880 PLAYER
852 202684 88.542300 11.764920 PLAYER
864 -1 67.923430 41.089950 BALL
864 2199 85.216670 26.710620 PLAYER
864 200782 72.399540 21.574610 PLAYER
864 202720 73.036820 38.037540 PLAYER
864 202688 87.291220 13.650980 PLAYER
864 1626164 85.231350 38.674960 PLAYER
864 2544 68.885900 42.216560 PLAYER
864 2747 61.483880 11.707640 PLAYER
864 201567 89.667310 48.909090 PLAYER
864 203521 86.551890 1.134960 PLAYER
864 202684 88.097240 11.863730 PLAYER
876 -1 67.525150 41.255160 BALL
876 2199 85.349970 26.704760 PLAYER
876 200782 72.247490 21.434570 PLAYER
876 202720 72.946090 38.229990 PLAYER
876 202688 87.182070 13.536400 PLAYER
876 1626164 85.221640 38.596450 PLAYER
876 2544 68.909960 42.349800 PLAYER
876 2747 61.489270 11.791060 PLAYER
876 201567 89.627360 48.921880 PLAYER
876 203521 86.575550 1.135370 PLAYER
876 202684 87.690530 11.953270 PLAYER
888 -1 67.134870 41.479210 BALL
888 2199 85.554260 26.378280 PLAYER
888 200782 72.188810 21.335200 PLAYER
888 202720 72.848700 38.402600 PLAYER
888 202688 87.017200 13.403260 PLAYER
888 1626164 85.206190 38.492760 PLAYER
888 2544 68.837610 42.462730 PLAYER
888 2747 61.426250 11.914400 PLAYER
888 201567 89.605410 48.933210 PLAYER
888 203521 86.589210 1.140060 PLAYER
888 202684 87.426640 12.028940 PLAYER
900 -1 67.230000 41.495390 BALL
900 2199 85.853330 26.002550 PLAYER
900 200782 72.219840 21.317930 PLAYER
900 202720 72.745680 38.511330 PLAYER
900 202688 86.808060 13.367750 PLAYER
900 1626164 85.198920 38.386110 PLAYER
900 2544 68.751980 42.543440 PLAYER
900 2747 61.284040 12.053510 PLAYER
900 201567 89.605460 48.939730 PLAYER
900 203521 86.598500 1.144040 PLAYER
900 202684 87.269190 12.068680 PLAYER
912 -1 67.575520 41.956450 BALL
912 2199 86.162230 25.605070 PLAYER
912 200782 72.344580 21.362180 PLAYER
912 202720 72.607480 38.564210 PLAYER
912 202688 86.656360 13.326340 PLAYER
912 1626164 85.190970 38.301360 PLAYER
912 2544 68.549950 42.616380 PLAYER
912 2747 61.108580 12.191260 PLAYER
912 201567 89.621650 48.946930 PLAYER
912 203521 86.603390 1.144440 PLAYER
912 202684 87.038170 12.127200 PLAYER
924 -1 68.392360 43.064450 BALL
924 2199 86.446300 24.980020 PLAYER
924 200782 72.496530 21.426490 PLAYER
924 202720 72.447390 38.590410 PLAYER
924 202688 86.524530 13.264280 PLAYER
924 1626164 85.190400 38.260350 PLAYER
924 2544 68.379220 42.691290 PLAYER
924 2747 60.940910 12.298910 PLAYER
924 201567 89.637180 48.953990 PLAYER
924 203521 86.591360 1.144380 PLAYER
924 202684 86.785830 12.374350 PLAYER
936 -1 69.024110 43.984830 BALL
936 2199 86.698270 24.273720 PLAYER
936 200782 72.630410 21.471380 PLAYER
936 202720 72.325930 38.618240 PLAYER
936 202688 86.261830 13.339920 PLAYER
936 1626164 85.202720 38.227480 PLAYER
936 2544 68.166030 42.734670 PLAYER
936 2747 60.797990 12.350900 PLAYER
936 201567 89.651480 48.957740 PLAYER
936 203521 86.592630 1.151570 PLAYER
936 202684 86.655900 12.382990 PLAYER
948 -1 69.324790 44.537690 BALL
948 2199 86.890910 23.524210 PLAYER
948 200782 72.712310 21.499290 PLAYER
948 202720 72.259440 38.684520 PLAYER
948 202688 86.005770 13.453660 PLAYER
948 1626164 85.222720 38.225040 PLAYER
948 2544 68.090350 42.765230 PLAYER
948 2747 60.716750 12.354290 PLAYER
948 201567 89.664410 48.962210 PLAYER
948 203521 86.600180 1.152320 PLAYER
948 202684 86.520330 12.372240 PLAYER
960 -1 69.813180 44.624610 BALL
960 2199 86.973640 22.687120 PLAYER
960 200782 72.774440 21.516820 PLAYER
960 202720 72.188250 38.811230 PLAYER
960 202688 85.782760 13.531860 PLAYER
960 1626164 85.231550 38.217250 PLAYER
960 2544 68.106330 42.766980 PLAYER
960 2747 60.680410 12.329660 PLAYER
960 201567 89.669740 48.969490 PLAYER
960 203521 86.604130 1.148260 PLAYER
960 202684 86.336900 12.425670 PLAYER
972 -1 70.121950 44.283140 BALL
972 2199 86.985700 21.801850 PLAYER
972 200782 72.814940 21.544060 PLAYER
972 202720 72.142750 38.961140 PLAYER
972 202688 85.525510 13.578900 PLAYER
972 1626164 85.243990 38.219230 PLAYER
972 2544 68.212220 42.720790 PLAYER
972 2747 60.664290 12.283350 PLAYER
972 201567 89.671760 48.972860 PLAYER
972 203521 86.602000 1.143400 PLAYER
972 202684 86.301420 12.452000 PLAYER
984 -1 70.232060 43.748570 BALL
984 2199 86.918010 21.088500 PLAYER
984 200782 72.899530 21.628900 PLAYER
984 202720 72.167240 39.077720 PLAYER
984 202688 85.292610 13.637060 PLAYER
984 1626164 85.250510 38.211740 PLAYER
984 2544 68.349810 42.570740 PLAYER
984 2747 60.637240 12.239670 PLAYER
984 201567 89.678620 48.976340 PLAYER
984 203521 86.599090 1.140310 PLAYER
984 202684 86.331520 12.263610 PLAYER
996 -1 70.157790 43.116130 BALL
996 2199 86.843770 20.251160 PLAYER
996 200782 73.036200 21.800990 PLAYER
996 202720 72.203570 39.141450 PLAYER
996 202688 85.196650 13.647370 PLAYER
996 1626164 85.259480 38.194000 PLAYER
996 2544 68.546190 42.299990 PLAYER
996 2747 60.589090 12.215870 PLAYER
996 201567 89.682940 48.979090 PLAYER
996 203521 86.597110 1.132490 PLAYER
996 202684 86.318600 12.297470 PLAYER
1008 -1 69.146850 42.107740 BALL
1008 2199 86.761170 19.485540 PLAYER
1008 200782 73.206200 22.007830 PLAYER
1008 202720 72.208080 39.068410 PLAYER
1008 202688 85.131330 13.560170 PLAYER
1008 1626164 85.266380 38.170520 PLAYER
1008 2544 68.743620 41.933890 PLAYER
1008 2747 60.529720 12.192740 PLAYER
1008 201567 89.681780 48.978400 PLAYER
1008 203521 86.595860 1.125890 PLAYER
1008 202684 86.347310 12.298500 PLAYER
1020 -1 67.773280 39.105420 BALL
1020 2199 86.692310 18.805350 PLAYER
1020 200782 73.364420 22.212090 PLAYER
1020 202720 72.240070 38.833080 PLAYER
1020 202688 85.067080 13.373020 PLAYER
1020 1626164 85.278730 38.164110 PLAYER
1020 2544 68.939650 41.528600 PLAYER
1020 2747 60.481910 12.169440 PLAYER
1020 201567 89.677120 48.975330 PLAYER
1020 203521 86.593550 1.121010 PLAYER
1020 202684 86.422110 12.286230 PLAYER
1032 -1 67.197710 40.234290 BALL
1032 2199 86.663260 18.193570 PLAYER
1032 200782 73.493620 22.363810 PLAYER
1032 202720 72.337200 38.473110 PLAYER
1032 202688 85.027960 13.205690 PLAYER
1032 1626164 85.289740 38.140070 PLAYER
1032 2544 69.144740 41.110800 PLAYER
1032 2747 60.446400 12.155950 PLAYER
1032 201567 89.675020 48.969730 PLAYER
1032 203521 86.591630 1.118310 PLAYER
1032 202684 86.472860 12.203960 PLAYER
1044 -1 67.600200 39.415180 BALL
1044 2199 86.665320 17.710790 PLAYER
1044 200782 73.540960 22.421990 PLAYER
1044 202720 72.455940 38.067930 PLAYER
1044 202688 84.983730 13.047570 PLAYER
1044 1626164 85.298630 38.119100 PLAYER
1044 2544 69.347140 40.757410 PLAYER
1044 2747 60.431400 12.143710 PLAYER
1044 201567 89.674460 48.958670 PLAYER
1044 203521 86.589920 1.113880 PLAYER
1044 202684 86.520970 12.083400 PLAYER
1056 -1 68.955430 38.653480 BALL
1056 2199 86.669940 17.643390 PLAYER
1056 200782 73.520800 22.405370 PLAYER
1056 202720 72.626040 37.651460 PLAYER
1056 202688 84.946330 12.862670 PLAYER
1056 1626164 85.305810 38.134960 PLAYER
1056 2544 69.530670 40.468790 PLAYER
1056 2747 60.432000 12.129650 PLAYER
1056 201567 89.669250 48.935950 PLAYER
1056 203521 86.587910 1.119670 PLAYER
1056 202684 86.675490 11.960650 PLAYER
1068 -1 69.486830 38.393850 BALL
1068 2199 86.699490 17.798030 PLAYER
1068 200782 73.461570 22.349220 PLAYER
1068 202720 72.856380 37.271330 PLAYER
1068 202688 84.923720 12.806410 PLAYER
1068 1626164 85.307420 38.138700 PLAYER
1068 2544 69.567690 40.015480 PLAYER
1068 2747 60.431500 12.113970 PLAYER
1068 201567 89.662450 48.911830 PLAYER
1068 203521 86.592270 1.123980 PLAYER
1068 202684 86.756890 11.828660 PLAYER
1080 -1 69.260090 37.685560 BALL
1080 2199 86.736580 18.159240 PLAYER
1080 200782 73.398390 22.282950 PLAYER
1080 202720 73.120520 36.906440 PLAYER
1080 202688 84.941300 12.820140 PLAYER
1080 1626164 85.311770 38.128290 PLAYER
1080 2544 69.545050 39.503200 PLAYER
1080 2747 60.429920 12.103220 PLAYER
1080 201567 89.635650 48.879290 PLAYER
1080 203521 86.599270 1.131070 PLAYER
1080 202684 86.901640 11.730060 PLAYER
1092 -1 68.747940 37.369390 BALL
1092 2199 86.723290 18.694590 PLAYER
1092 200782 73.338720 22.242570 PLAYER
1092 202720 73.326360 36.527910 PLAYER
1092 202688 84.994470 12.869180 PLAYER
1092 1626164 85.316260 38.131310 PLAYER
1092 2544 69.419080 38.823500 PLAYER
1092 2747 60.432030 12.111230 PLAYER
1092 201567 89.569510 48.841560 PLAYER
1092 203521 86.609110 1.138070 PLAYER
1092 202684 87.083160 11.616190 PLAYER
1104 -1 68.527920 36.813210 BALL
1104 2199 86.655820 19.413440 PLAYER
1104 200782 73.316070 22.231520 PLAYER
1104 202720 73.524930 36.125970 PLAYER
1104 202688 85.085650 12.924930 PLAYER
1104 1626164 85.319840 38.102270 PLAYER
1104 2544 69.439220 38.130010 PLAYER
1104 2747 60.438630 12.121410 PLAYER
1104 201567 89.471820 48.815070 PLAYER
1104 203521 86.616020 1.151910 PLAYER
1104 202684 87.259550 11.532140 PLAYER
1116 -1 68.462420 36.387070 BALL
1116 2199 86.514420 20.243570 PLAYER
1116 200782 73.325630 22.238130 PLAYER
1116 202720 73.693330 35.673530 PLAYER
1116 202688 85.170420 12.989360 PLAYER
1116 1626164 85.300620 38.010900 PLAYER
1116 2544 69.523550 37.286850 PLAYER
1116 2747 60.505340 12.208280 PLAYER
1116 201567 89.337030 48.803420 PLAYER
1116 203521 86.623980 1.153450 PLAYER
1116 202684 87.500100 11.436150 PLAYER
1128 -1 68.625860 35.716530 BALL
1128 2199 86.234760 21.059760 PLAYER
1128 200782 73.353610 22.253800 PLAYER
1128 202720 73.849590 35.187980 PLAYER
1128 202688 85.224710 12.962210 PLAYER
1128 1626164 85.295350 37.839190 PLAYER
1128 2544 69.868520 36.685150 PLAYER
1128 2747 60.533920 12.217430 PLAYER
1128 201567 89.188530 48.778280 PLAYER
1128 203521 86.619220 1.160550 PLAYER
1128 202684 87.684660 11.417380 PLAYER
1140 -1 69.184000 34.359700 BALL
1140 2199 85.909240 22.030640 PLAYER
1140 200782 73.359380 22.258060 PLAYER
1140 202720 74.015860 34.722970 PLAYER
1140 202688 85.258780 12.889120 PLAYER
1140 1626164 85.298150 37.665210 PLAYER
1140 2544 70.412380 36.299690 PLAYER
1140 2747 60.572960 12.218030 PLAYER
1140 201567 89.059990 48.764780 PLAYER
1140 203521 86.623510 1.166160 PLAYER
1140 202684 87.685740 11.417980 PLAYER
1152 -1 70.809430 34.312670 BALL
1152 2199 85.576640 23.072070 PLAYER
1152 200782 73.313240 22.203220 PLAYER
1152 202720 74.252290 34.365050 PLAYER
1152 202688 85.260730 12.736400 PLAYER
1152 1626164 85.304700 37.444430 PLAYER
1152 2544 71.132330 36.105110 PLAYER
1152 2747 60.612890 12.208200 PLAYER
1152 201567 88.972770 48.756990 PLAYER
1152 203521 86.632470 1.158730 PLAYER
1152 202684 87.569350 11.449420 PLAYER
1164 -1 72.550770 36.476780 BALL
1164 2199 85.208230 23.992380 PLAYER
1164 200782 73.191480 22.058050 PLAYER
1164 202720 74.526130 34.149010 PLAYER
1164 202688 85.234610 12.609010 PLAYER
1164 1626164 85.312560 37.235210 PLAYER
1164 2544 71.897650 36.077230 PLAYER
1164 2747 60.652280 12.193900 PLAYER
1164 201567 88.932310 48.742170 PLAYER
1164 203521 86.647250 1.149910 PLAYER
1164 202684 87.287960 11.423610 PLAYER
1176 -1 73.759630 37.678530 BALL
1176 2199 84.832930 24.810240 PLAYER
1176 200782 73.021920 21.839560 PLAYER
1176 202720 74.886470 34.091320 PLAYER
1176 202688 85.187870 12.469760 PLAYER
1176 1626164 85.358190 37.077040 PLAYER
1176 2544 72.886510 36.222820 PLAYER
1176 2747 60.630510 12.113400 PLAYER
1176 201567 88.947660 48.724340 PLAYER
1176 203521 86.660800 1.144960 PLAYER
1176 202684 86.755630 11.343410 PLAYER
1188 -1 74.933550 37.227120 BALL
1188 2199 84.606100 25.711750 PLAYER
1188 200782 72.853450 21.611110 PLAYER
1188 202720 75.416230 34.142630 PLAYER
1188 202688 85.129540 12.362940 PLAYER
1188 1626164 85.405090 37.070630 PLAYER
1188 2544 73.714950 36.455040 PLAYER
1188 2747 60.647770 12.119590 PLAYER
1188 201567 88.977950 48.719630 PLAYER
1188 203521 86.676860 1.140070 PLAYER
1188 202684 86.273280 11.301940 PLAYER
1200 -1 75.910720 36.474760 BALL
1200 2199 84.520890 26.721780 PLAYER
1200 200782 72.731550 21.395890 PLAYER
1200 202720 76.003430 34.325910 PLAYER
1200 202688 84.965670 12.289040 PLAYER
1200 1626164 85.477030 37.194530 PLAYER
1200 2544 74.328660 36.706340 PLAYER
1200 2747 60.646890 12.147990 PLAYER
1200 201567 89.010110 48.712630 PLAYER
1200 203521 86.674530 1.142750 PLAYER
1200 202684 85.703440 11.407070 PLAYER
1212 -1 76.368870 36.254740 BALL
1212 2199 84.511840 27.673240 PLAYER
1212 200782 72.684680 21.238670 PLAYER
1212 202720 76.555720 34.577480 PLAYER
1212 202688 84.809880 12.342680 PLAYER
1212 1626164 85.596070 37.440700 PLAYER
1212 2544 74.856160 37.119990 PLAYER
1212 2747 60.610800 12.234500 PLAYER
1212 201567 89.043180 48.710310 PLAYER
1212 203521 86.655100 1.150920 PLAYER
1212 202684 85.213530 11.618550 PLAYER
1224 -1 74.379450 36.838530 BALL
1224 2199 84.611560 28.564920 PLAYER
1224 200782 72.701500 21.167240 PLAYER
1224 202720 77.118820 34.835720 PLAYER
1224 202688 84.651980 12.400180 PLAYER
1224 1626164 85.748930 37.747790 PLAYER
1224 2544 75.119240 37.512560 PLAYER
1224 2747 60.541650 12.368160 PLAYER
1224 201567 89.046130 48.699220 PLAYER
1224 203521 86.617560 1.156310 PLAYER
1224 202684 84.870340 11.923270 PLAYER
1236 -1 73.821280 36.691390 BALL
1236 2199 84.796620 29.290100 PLAYER
1236 200782 72.730640 21.155070 PLAYER
1236 202720 77.567790 35.080100 PLAYER
1236 202688 84.496380 12.534780 PLAYER
1236 1626164 85.900060 38.066570 PLAYER
1236 2544 74.990840 37.987340 PLAYER
1236 2747 60.454180 12.551550 PLAYER
1236 201567 89.043350 48.692780 PLAYER
1236 203521 86.530210 1.165570 PLAYER
1236 202684 84.591740 12.342710 PLAYER
1248 -1 73.560760 36.986320 BALL
1248 2199 85.007040 29.695920 PLAYER
1248 200782 72.741070 21.145810 PLAYER
1248 202720 77.730140 35.301070 PLAYER
1248 202688 84.337340 12.717400 PLAYER
1248 1626164 86.041310 38.319880 PLAYER
1248 2544 74.773950 38.284000 PLAYER
1248 2747 60.372920 12.769470 PLAYER
1248 201567 89.049090 48.692360 PLAYER
1248 203521 86.372000 1.147550 PLAYER
1248 202684 84.337340 12.717400 PLAYER
1260 -1 73.197110 37.434860 BALL
1260 2199 85.177460 29.593290 PLAYER
1260 200782 72.721200 21.132000 PLAYER
1260 202720 77.688510 35.513220 PLAYER
1260 202688 84.218340 12.865810 PLAYER
1260 1626164 86.151900 38.442430 PLAYER
1260 2544 74.587560 38.156060 PLAYER
1260 2747 60.298830 13.024160 PLAYER
1260 201567 89.058910 48.684430 PLAYER
1260 203521 86.164660 1.114650 PLAYER
1260 202684 84.218340 12.865810 PLAYER
1272 -1 72.961310 37.665920 BALL
1272 2199 85.359600 29.230450 PLAYER
1272 200782 72.668500 21.117390 PLAYER
1272 202720 77.523130 35.654840 PLAYER
1272 202688 84.082180 12.937890 PLAYER
1272 1626164 86.208500 38.491440 PLAYER
1272 2544 74.304600 37.796870 PLAYER
1272 2747 60.250410 13.276130 PLAYER
1272 201567 89.066300 48.674270 PLAYER
1272 203521 85.934710 1.098700 PLAYER
1272 202684 84.082180 12.937890 PLAYER
1284 -1 72.676810 36.702330 BALL
1284 2199 85.567700 28.676820 PLAYER
1284 200782 72.623190 21.149270 PLAYER
1284 202720 77.163120 35.612600 PLAYER
1284 202688 83.924550 13.031100 PLAYER
1284 1626164 86.236570 38.490070 PLAYER
1284 2544 74.098980 37.170180 PLAYER
1284 2747 60.210740 13.575660 PLAYER
1284 201567 89.077920 48.677090 PLAYER
1284 203521 85.705430 1.099740 PLAYER
1284 202684 83.924550 13.031100 PLAYER
1296 -1 72.476200 35.519190 BALL
1296 2199 85.784750 27.985870 PLAYER
1296 200782 72.617850 21.258310 PLAYER
1296 202720 76.784020 35.408320 PLAYER
1296 202688 83.918390 12.969860 PLAYER
1296 1626164 86.251410 38.464280 PLAYER
1296 2544 74.022310 36.293360 PLAYER
1296 2747 60.222860 13.807500 PLAYER
1296 201567 89.082130 48.673630 PLAYER
1296 203521 85.511410 1.108790 PLAYER
1296 202684 83.918390 12.969860 PLAYER
1308 -1 71.999560 35.039520 BALL
1308 2199 85.975130 27.226780 PLAYER
1308 200782 72.688580 21.454090 PLAYER
1308 202720 76.461070 35.068550 PLAYER
1308 202688 83.914900 12.872910 PLAYER
1308 1626164 86.259400 38.409280 PLAYER
1308 2544 74.022410 35.376370 PLAYER
1308 2747 60.167550 14.060390 PLAYER
1308 201567 89.085550 48.668360 PLAYER
1308 203521 85.353820 1.176990 PLAYER
1308 202684 83.914900 12.872910 PLAYER
1320 -1 72.082030 34.416590 BALL
1320 2199 86.074850 26.541370 PLAYER
1320 200782 72.795780 21.762130 PLAYER
1320 202720 76.268470 34.452160 PLAYER
1320 202688 83.976130 12.815650 PLAYER
1320 1626164 86.254590 38.354380 PLAYER
1320 2544 74.030160 34.374790 PLAYER
1320 2747 60.111130 14.341870 PLAYER
1320 201567 89.080250 48.661320 PLAYER
1320 203521 85.183240 1.303830 PLAYER
1320 202684 83.976130 12.815650 PLAYER
1332 -1 72.696760 32.288570 BALL
1332 2199 86.091160 25.918750 PLAYER
1332 200782 72.966910 22.237810 PLAYER
1332 202720 76.282770 33.627310 PLAYER
1332 202688 83.992300 12.898220 PLAYER
1332 1626164 86.252150 38.243350 PLAYER
1332 2544 74.263110 33.202220 PLAYER
1332 2747 60.113110 14.504690 PLAYER
1332 201567 89.083340 48.653430 PLAYER
1332 203521 84.954910 1.435370 PLAYER
1332 202684 84.011680 12.807720 PLAYER
1344 -1 74.134330 30.254430 BALL
1344 2199 85.992830 25.362750 PLAYER
1344 200782 73.358410 22.886830 PLAYER
1344 202720 76.557910 32.778420 PLAYER
1344 202688 84.090740 12.976880 PLAYER
1344 1626164 86.245970 38.109630 PLAYER
1344 2544 74.667100 31.932300 PLAYER
1344 2747 60.238640 14.414550 PLAYER
1344 201567 89.113750 48.635400 PLAYER
1344 203521 84.711810 1.558660 PLAYER
1344 202684 84.190470 12.835180 PLAYER
1356 -1 75.020470 28.579450 BALL
1356 2199 85.793730 24.973170 PLAYER
1356 200782 73.828440 23.630350 PLAYER
1356 202720 77.038820 31.844870 PLAYER
1356 202688 84.063160 13.264540 PLAYER
1356 1626164 86.240940 37.959700 PLAYER
1356 2544 75.172440 30.691040 PLAYER
1356 2747 60.432320 14.181030 PLAYER
1356 201567 89.160120 48.599820 PLAYER
1356 203521 84.421360 1.691900 PLAYER
1356 202684 84.162890 13.122840 PLAYER
1368 -1 75.752120 27.970290 BALL
1368 2199 85.440300 24.730820 PLAYER
1368 200782 74.228500 24.335120 PLAYER
1368 202720 77.699460 30.826000 PLAYER
1368 202688 84.073550 13.562740 PLAYER
1368 1626164 86.236580 37.830300 PLAYER
1368 2544 75.908330 29.486270 PLAYER
1368 2747 60.729780 13.830210 PLAYER
1368 201567 89.220280 48.552910 PLAYER
1368 203521 84.069880 1.801580 PLAYER
1368 202684 84.173280 13.421030 PLAYER
1380 -1 77.069600 27.550330 BALL
1380 2199 84.981410 24.613530 PLAYER
1380 200782 74.563390 24.923720 PLAYER
1380 202720 78.489000 29.852650 PLAYER
1380 202688 84.176350 13.810740 PLAYER
1380 1626164 86.245080 37.688380 PLAYER
1380 2544 76.815290 28.344680 PLAYER
1380 2747 61.115210 13.258990 PLAYER
1380 201567 89.289870 48.513200 PLAYER
1380 203521 83.661240 1.819580 PLAYER
1380 202684 84.276080 13.669040 PLAYER
1392 -1 78.315290 27.317900 BALL
1392 2199 84.522630 24.450010 PLAYER
1392 200782 74.791080 25.472120 PLAYER
1392 202720 79.340670 28.909640 PLAYER
1392 202688 84.370590 13.933960 PLAYER
1392 1626164 86.264150 37.560780 PLAYER
1392 2544 77.710130 27.127160 PLAYER
1392 2747 61.528580 12.635850 PLAYER
1392 201567 89.350730 48.460480 PLAYER
1392 203521 83.294860 1.840240 PLAYER
1392 202684 84.365110 13.862580 PLAYER
1404 -1 79.071180 25.027260 BALL
1404 2199 84.144480 24.266570 PLAYER
1404 200782 74.707170 25.750290 PLAYER
1404 202720 80.289640 27.914940 PLAYER
1404 202688 84.621980 13.987440 PLAYER
1404 1626164 86.294780 37.403690 PLAYER
1404 2544 78.652490 25.961610 PLAYER
1404 2747 61.936420 12.067510 PLAYER
1404 201567 89.370650 48.411310 PLAYER
1404 203521 82.892260 1.837040 PLAYER
1404 202684 84.296890 14.033320 PLAYER
1416 -1 79.647610 23.808250 BALL
1416 2199 83.851070 23.988770 PLAYER
1416 200782 74.451660 25.867400 PLAYER
1416 202720 81.153250 26.970850 PLAYER
1416 202688 84.843410 14.069840 PLAYER
1416 1626164 86.330340 37.194700 PLAYER
1416 2544 79.535130 25.124610 PLAYER
1416 2747 62.342450 11.543870 PLAYER
1416 201567 89.373550 48.367160 PLAYER
1416 203521 82.510430 1.790740 PLAYER
1416 202684 84.423240 14.125900 PLAYER
1428 -1 80.119300 22.642080 BALL
1428 2199 83.702090 23.626750 PLAYER
1428 200782 74.133220 25.933630 PLAYER
1428 202720 81.917160 26.096080 PLAYER
1428 202688 85.258500 13.968210 PLAYER
1428 1626164 86.390860 36.923610 PLAYER
1428 2544 80.327360 24.297170 PLAYER
1428 2747 62.791110 10.902740 PLAYER
1428 201567 89.365320 48.336390 PLAYER
1428 203521 82.106320 1.789800 PLAYER
1428 202684 84.541490 14.101210 PLAYER
1440 -1 80.341380 19.274230 BALL
1440 2199 83.725450 23.078680 PLAYER
1440 200782 73.751360 25.979980 PLAYER
1440 202720 82.583780 25.294150 PLAYER
1440 202688 85.655340 13.823790 PLAYER
1440 1626164 86.461120 36.636530 PLAYER
1440 2544 81.011740 23.635750 PLAYER
1440 2747 63.223390 10.271330 PLAYER
1440 201567 89.342950 48.306160 PLAYER
1440 203521 81.811040 1.871280 PLAYER
1440 202684 84.622200 14.111140 PLAYER
1452 -1 80.994260 14.667710 BALL
1452 2199 83.890310 22.580260 PLAYER
1452 200782 73.270330 25.852580 PLAYER
1452 202720 83.112720 24.579340 PLAYER
1452 202688 86.115230 13.567500 PLAYER
1452 1626164 86.487820 36.375460 PLAYER
1452 2544 81.552230 23.103800 PLAYER
1452 2747 63.601820 9.694770 PLAYER
1452 201567 89.323550 48.288960 PLAYER
1452 203521 81.655210 1.915860 PLAYER
1452 202684 84.824740 14.165670 PLAYER
1464 -1 81.719280 10.035680 BALL
1464 2199 84.123120 22.080540 PLAYER
1464 200782 72.801490 25.758610 PLAYER
1464 202720 83.420420 23.941910 PLAYER
1464 202688 86.528680 13.147530 PLAYER
1464 1626164 86.480230 36.146180 PLAYER
1464 2544 81.826810 22.357530 PLAYER
1464 2747 63.919820 9.191130 PLAYER
1464 201567 89.326280 48.269020 PLAYER
1464 203521 81.642120 1.967110 PLAYER
1464 202684 85.139700 14.296070 PLAYER
1476 -1 82.234460 5.686760 BALL
1476 2199 84.377520 21.609390 PLAYER
1476 200782 72.400960 25.626500 PLAYER
1476 202720 83.628800 23.412880 PLAYER
1476 202688 86.933160 12.387740 PLAYER
1476 1626164 86.439550 35.950250 PLAYER
1476 2544 81.940030 21.234430 PLAYER
1476 2747 64.158000 8.776690 PLAYER
1476 201567 89.331140 48.258260 PLAYER
1476 203521 81.713690 2.033130 PLAYER
1476 202684 85.459850 14.445670 PLAYER
1488 -1 82.698590 3.234330 BALL
1488 2199 84.665740 21.106670 PLAYER
1488 200782 72.121760 25.481770 PLAYER
1488 202720 83.737630 22.993670 PLAYER
1488 202688 87.069860 11.561020 PLAYER
1488 1626164 86.378100 35.800570 PLAYER
1488 2544 81.736320 20.090740 PLAYER
1488 2747 64.317870 8.531570 PLAYER
1488 201567 89.310180 48.258380 PLAYER
1488 203521 81.958070 2.056390 PLAYER
1488 202684 85.893420 14.915430 PLAYER
1500 -1 83.046900 2.955890 BALL
1500 2199 84.968650 20.655820 PLAYER
1500 200782 72.037330 25.347840 PLAYER
1500 202720 83.730230 22.582320 PLAYER
1500 202688 87.066360 10.542410 PLAYER
1500 1626164 86.333830 35.653170 PLAYER
1500 2544 81.403290 18.797050 PLAYER
1500 2747 64.410380 8.435190 PLAYER
1500 201567 89.273570 48.232870 PLAYER
1500 203521 82.270240 2.088920 PLAYER
1500 202684 86.361430 15.481290 PLAYER
1512 -1 83.529630 3.101130 BALL
1512 2199 85.199730 20.282040 PLAYER
1512 200782 72.140580 25.233230 PLAYER
1512 202720 83.669510 22.179120 PLAYER
1512 202688 86.933290 9.448000 PLAYER
1512 1626164 86.349020 35.504690 PLAYER
1512 2544 80.876730 17.476950 PLAYER
1512 2747 64.483310 8.431740 PLAYER
1512 201567 89.242160 48.141300 PLAYER
1512 203521 82.434560 2.075440 PLAYER
1512 202684 86.921850 16.235020 PLAYER
1524 -1 83.552490 3.032750 BALL
1524 2199 85.510750 19.958270 PLAYER
1524 200782 72.431660 25.128770 PLAYER
1524 202720 83.543340 21.888520 PLAYER
1524 202688 86.694090 8.311650 PLAYER
1524 1626164 86.409460 35.364000 PLAYER
1524 2544 80.221650 16.401540 PLAYER
1524 2747 64.508110 8.480430 PLAYER
1524 201567 89.271780 47.879150 PLAYER
1524 203521 82.524260 2.099460 PLAYER
1524 202684 87.495200 17.132840 PLAYER
1536 -1 82.472110 2.261660 BALL
1536 2199 85.847430 19.706940 PLAYER
1536 200782 72.809710 25.026090 PLAYER
1536 202720 83.402830 21.604000 PLAYER
1536 202688 86.373170 7.169170 PLAYER
1536 1626164 86.513710 35.244730 PLAYER
1536 2544 79.504590 15.421430 PLAYER
1536 2747 64.501910 8.550250 PLAYER
1536 201567 89.317000 47.405950 PLAYER
1536 203521 82.605280 2.215760 PLAYER
1536 202684 88.032950 18.101160 PLAYER
1548 -1 82.718730 2.762550 BALL
1548 2199 86.120900 19.588560 PLAYER
1548 200782 73.224520 24.928320 PLAYER
1548 202720 83.267880 21.336320 PLAYER
1548 202688 85.973650 6.002070 PLAYER
1548 1626164 86.670700 35.109260 PLAYER
1548 2544 78.809120 14.378070 PLAYER
1548 2747 64.472930 8.611350 PLAYER
1548 201567 89.444630 46.669110 PLAYER
1548 203521 82.661960 2.334080 PLAYER
1548 202684 88.540730 19.057390 PLAYER
1560 -1 83.250100 4.535470 BALL
1560 2199 86.400620 19.554240 PLAYER
1560 200782 73.637340 24.833400 PLAYER
1560 202720 83.101160 21.087530 PLAYER
1560 202688 85.423820 4.831570 PLAYER
1560 1626164 86.884340 34.981590 PLAYER
1560 2544 77.978870 13.491550 PLAYER
1560 2747 64.407570 8.615910 PLAYER
1560 201567 89.628980 45.652390 PLAYER
1560 203521 82.683080 2.526860 PLAYER
1560 202684 88.979990 20.124900 PLAYER
1572 -1 83.954020 6.782570 BALL
1572 2199 86.727000 19.619490 PLAYER
1572 200782 74.173300 24.808600 PLAYER
1572 202720 82.886650 20.860080 PLAYER
1572 202688 84.865020 3.755890 PLAYER
1572 1626164 87.148620 34.847220 PLAYER
1572 2544 77.117730 12.634880 PLAYER
1572 2747 64.293690 8.540650 PLAYER
1572 201567 89.824150 44.465840 PLAYER
1572 203521 82.790820 2.690050 PLAYER
1572 202684 89.273630 21.180230 PLAYER
1584 -1 84.552530 9.104800 BALL
1584 2199 86.923320 19.797590 PLAYER
1584 200782 74.750020 24.845180 PLAYER
1584 202720 82.690820 20.640930 PLAYER
1584 202688 84.242740 2.751960 PLAYER
1584 1626164 87.437240 34.754640 PLAYER
1584 2544 76.216650 11.841610 PLAYER
1584 2747 64.132840 8.416940 PLAYER
1584 201567 89.972510 43.160290 PLAYER
1584 203521 82.867540 2.871650 PLAYER
1584 202684 89.418330 22.106890 PLAYER
1596 -1 85.176740 11.343680 BALL
1596 2199 87.126530 20.081970 PLAYER
1596 200782 75.401220 24.980660 PLAYER
1596 202720 82.492170 20.488030 PLAYER
1596 202688 83.663870 1.847780 PLAYER
1596 1626164 87.788990 34.640060 PLAYER
1596 2544 75.275610 11.095960 PLAYER
1596 2747 63.905350 8.313170 PLAYER
1596 201567 90.044260 41.760090 PLAYER
1596 203521 82.932920 2.918700 PLAYER
1596 202684 89.373600 23.019130 PLAYER
1608 -1 85.778160 13.853230 BALL
1608 2199 87.416800 20.480050 PLAYER
1608 200782 76.120480 25.130100 PLAYER
1608 202720 82.340480 20.441770 PLAYER
1608 202688 83.188160 1.144790 PLAYER
1608 1626164 88.157820 34.477490 PLAYER
1608 2544 74.300280 10.462820 PLAYER
1608 2747 63.596350 8.252410 PLAYER
1608 201567 89.884310 40.289280 PLAYER
1608 203521 82.987510 2.938460 PLAYER
1608 202684 89.167290 23.842190 PLAYER
1620 -1 86.466100 15.970920 BALL
1620 2199 87.713110 21.003080 PLAYER
1620 200782 76.911170 25.269680 PLAYER
1620 202720 82.320630 20.547940 PLAYER
1620 202688 82.736680 0.350180 PLAYER
1620 1626164 88.463100 34.276140 PLAYER
1620 2544 73.341390 9.923020 PLAYER
1620 2747 63.232300 8.262560 PLAYER
1620 201567 89.566430 38.883870 PLAYER
1620 203521 82.998220 2.807830 PLAYER
1620 202684 88.876130 24.567810 PLAYER