0 -1 55.681550 14.921120 BALL
0 201588 66.044530 18.574580 PLAYER
0 201155 87.281450 16.684340 PLAYER
0 101139 73.412170 27.357580 PLAYER
0 201978 80.421000 9.789420 PLAYER
0 201941 80.282090 18.833490 PLAYER
0 1717 69.753250 29.525700 PLAYER
0 200826 56.931950 13.506970 PLAYER
0 101109 86.236170 9.760820 PLAYER
0 201580 78.193250 16.726850 PLAYER
0 202718 77.065480 0.036930 PLAYER
12 -1 54.055600 15.818260 BALL
12 201588 65.849890 18.760630 PLAYER
12 201155 87.463180 16.374710 PLAYER
12 101139 72.941440 27.757410 PLAYER
12 201978 80.540950 10.196910 PLAYER
12 201941 80.517940 18.770290 PLAYER
12 1717 69.305950 29.804550 PLAYER
12 200826 55.889550 13.880370 PLAYER
12 101109 86.693630 9.056010 PLAYER
12 201580 78.819260 16.556800 PLAYER
12 202718 77.442710 0.204130 PLAYER
24 -1 53.068540 16.411350 BALL
24 201588 65.633210 19.098150 PLAYER
24 201155 87.621660 16.051070 PLAYER
24 101139 72.442730 28.198410 PLAYER
24 201978 80.723040 10.628890 PLAYER
24 201941 80.854250 18.656230 PLAYER
24 1717 68.899830 30.014070 PLAYER
24 200826 54.918650 14.426980 PLAYER
24 101109 87.135680 8.387990 PLAYER
24 201580 79.542930 16.351810 PLAYER
24 202718 77.774910 0.344660 PLAYER
36 -1 52.315470 16.735690 BALL
36 201588 65.400000 19.548230 PLAYER
36 201155 87.764090 15.721260 PLAYER
36 101139 71.916380 28.626350 PLAYER
36 201978 80.927200 10.975780 PLAYER
36 201941 81.188710 18.652730 PLAYER
36 1717 68.509330 30.224330 PLAYER
36 200826 53.963510 15.185870 PLAYER
36 101109 87.471680 7.712560 PLAYER
36 201580 80.420100 16.166030 PLAYER
36 202718 78.038160 0.431830 PLAYER
48 -1 51.610190 17.166850 BALL
48 201588 65.130870 20.051580 PLAYER
48 201155 87.854910 15.396350 PLAYER
48 101139 71.330570 29.081000 PLAYER
48 201978 81.169960 11.276460 PLAYER
48 201941 81.576020 18.717190 PLAYER
48 1717 68.164610 30.398340 PLAYER
48 200826 53.126000 16.078950 PLAYER
48 101109 87.722860 7.046960 PLAYER
48 201580 81.257550 16.043160 PLAYER
48 202718 78.202070 0.468820 PLAYER
60 -1 50.968730 17.800830 BALL
60 201588 64.837740 20.601900 PLAYER
60 201155 87.867310 15.142290 PLAYER
60 101139 70.754810 29.475030 PLAYER
60 201978 81.408530 11.554530 PLAYER
60 201941 81.995440 18.861060 PLAYER
60 1717 67.837950 30.537440 PLAYER
60 200826 52.453060 17.185920 PLAYER
60 101109 87.857340 6.370760 PLAYER
60 201580 81.935700 15.838730 PLAYER
60 202718 78.256590 0.517830 PLAYER
72 -1 50.650610 18.867710 BALL
72 201588 64.510530 21.165060 PLAYER
72 201155 87.736360 15.001140 PLAYER
72 101139 70.215920 29.814020 PLAYER
72 201978 81.589110 11.820880 PLAYER
72 201941 82.380490 19.022980 PLAYER
72 1717 67.596790 30.597480 PLAYER
72 200826 51.936300 18.383310 PLAYER
72 101109 87.901580 5.705300 PLAYER
72 201580 82.615850 15.690840 PLAYER
72 202718 78.193950 0.584220 PLAYER
84 -1 50.747950 20.600830 BALL
84 201588 64.168060 21.770790 PLAYER
84 201155 87.532630 14.811000 PLAYER
84 101139 69.722910 30.105390 PLAYER
84 201978 81.656180 12.087380 PLAYER
84 201941 82.797720 19.284800 PLAYER
84 1717 67.410480 30.523840 PLAYER
84 200826 51.619660 19.546230 PLAYER
84 101109 87.899560 5.093650 PLAYER
84 201580 83.250100 15.613900 PLAYER
84 202718 78.003340 0.681100 PLAYER
96 -1 51.186740 22.493680 BALL
96 201588 63.836680 22.441540 PLAYER
96 201155 87.270810 14.604380 PLAYER
96 101139 69.276310 30.385470 PLAYER
96 201978 81.639900 12.467740 PLAYER
96 201941 83.225640 19.485650 PLAYER
96 1717 67.289710 30.325380 PLAYER
96 200826 51.524180 20.738160 PLAYER
96 101109 87.940550 4.563940 PLAYER
96 201580 83.854480 15.604140 PLAYER
96 202718 77.713280 0.801220 PLAYER
108 -1 51.276470 24.189490 BALL
108 201588 63.537380 23.144700 PLAYER
108 201155 87.047550 14.425680 PLAYER
108 101139 68.949150 30.577120 PLAYER
108 201978 81.547600 12.908950 PLAYER
108 201941 83.671700 19.673070 PLAYER
108 1717 67.196090 30.068940 PLAYER
108 200826 51.548120 21.957300 PLAYER
108 101109 88.016560 4.065320 PLAYER
108 201580 84.497820 15.632470 PLAYER
108 202718 77.316660 0.966790 PLAYER
120 -1 51.312690 25.351620 BALL
120 201588 63.329130 23.876350 PLAYER
120 201155 86.923200 14.213530 PLAYER
120 101139 68.704850 30.720570 PLAYER
120 201978 81.385970 13.427350 PLAYER
120 201941 84.136210 19.786920 PLAYER
120 1717 67.216400 29.762720 PLAYER
120 200826 51.684940 23.171390 PLAYER
120 101109 88.153010 3.642040 PLAYER
120 201580 85.169530 15.689860 PLAYER
120 202718 76.824570 1.157760 PLAYER
132 -1 51.320560 26.137420 BALL
132 201588 63.214720 24.700390 PLAYER
132 201155 86.943020 13.943140 PLAYER
132 101139 68.529320 30.797700 PLAYER
132 201978 81.167800 14.033640 PLAYER
132 201941 84.662790 19.789590 PLAYER
132 1717 67.222990 29.464330 PLAYER
132 200826 51.969760 24.320040 PLAYER
132 101109 88.350240 3.264780 PLAYER
132 201580 85.866290 15.748550 PLAYER
132 202718 76.302770 1.403200 PLAYER
144 -1 51.792360 26.919380 BALL
144 201588 63.165870 25.518100 PLAYER
144 201155 87.028470 13.780670 PLAYER
144 101139 68.435480 30.802070 PLAYER
144 201978 80.883930 14.701410 PLAYER
144 201941 85.110920 19.807050 PLAYER
144 1717 67.211240 29.274250 PLAYER
144 200826 52.340490 25.398340 PLAYER
144 101109 88.584540 2.913190 PLAYER
144 201580 86.584550 15.805580 PLAYER
144 202718 75.762640 1.690840 PLAYER
156 -1 52.878580 27.717010 BALL
156 201588 63.199550 26.313760 PLAYER
156 201155 87.066290 13.639790 PLAYER
156 101139 68.397860 30.728160 PLAYER
156 201978 80.528340 15.368750 PLAYER
156 201941 85.569480 19.825990 PLAYER
156 1717 67.176860 29.180780 PLAYER
156 200826 52.835470 26.368760 PLAYER
156 101109 88.833830 2.586390 PLAYER
156 201580 87.233920 15.907370 PLAYER
156 202718 75.175510 2.001450 PLAYER
168 -1 54.273760 28.630490 BALL
168 201588 63.274760 27.031360 PLAYER
168 201155 87.021370 13.475250 PLAYER
168 101139 68.393740 30.630320 PLAYER
168 201978 80.116550 16.027700 PLAYER
168 201941 86.087140 19.837300 PLAYER
168 1717 67.114670 29.217350 PLAYER
168 200826 53.424010 27.202770 PLAYER
168 101109 89.081020 2.307170 PLAYER
168 201580 87.782070 15.939790 PLAYER
168 202718 74.614970 2.337110 PLAYER
180 -1 55.087340 29.692250 BALL
180 201588 63.405330 27.625840 PLAYER
180 201155 86.925130 13.350020 PLAYER
180 101139 68.402470 30.534820 PLAYER
180 201978 79.641850 16.658630 PLAYER
180 201941 86.607970 19.874240 PLAYER
180 1717 66.940840 29.403090 PLAYER
180 200826 54.115720 27.888360 PLAYER
180 101109 89.379140 2.086300 PLAYER
180 201580 88.298230 15.951030 PLAYER
180 202718 74.062890 2.685450 PLAYER
192 -1 55.490340 30.384990 BALL
192 201588 63.564290 28.037860 PLAYER
192 201155 86.794530 13.247390 PLAYER
192 101139 68.443150 30.451790 PLAYER
192 201978 79.089970 17.214180 PLAYER
192 201941 87.107830 19.957780 PLAYER
192 1717 66.783970 29.724070 PLAYER
192 200826 54.848590 28.554990 PLAYER
192 101109 89.670110 1.908190 PLAYER
192 201580 88.713850 15.991560 PLAYER
192 202718 73.487140 2.993770 PLAYER
204 -1 55.873400 30.952170 BALL
204 201588 63.726480 28.342590 PLAYER
204 201155 86.675030 13.150090 PLAYER
204 101139 68.447120 30.738110 PLAYER
204 201978 78.512060 17.645210 PLAYER
204 201941 87.605000 20.004120 PLAYER
204 1717 66.766680 30.045590 PLAYER
204 200826 55.711690 29.233690 PLAYER
204 101109 89.882680 1.740540 PLAYER
204 201580 89.051240 16.017580 PLAYER
204 202718 72.875500 3.285610 PLAYER
216 -1 56.531340 31.590130 BALL
216 201588 63.839870 28.587800 PLAYER
216 201155 86.619860 13.108910 PLAYER
216 101139 68.540560 31.032350 PLAYER
216 201978 77.965710 17.983750 PLAYER
216 201941 88.059580 20.013690 PLAYER
216 1717 66.741420 30.382300 PLAYER
216 200826 56.697520 29.973120 PLAYER
216 101109 90.096310 1.630870 PLAYER
216 201580 89.388940 15.951960 PLAYER
216 202718 72.280780 3.623810 PLAYER
228 -1 57.257980 32.176180 BALL
228 201588 63.919130 28.911940 PLAYER
228 201155 86.637220 13.103310 PLAYER
228 101139 68.648650 31.425850 PLAYER
228 201978 77.451540 18.266970 PLAYER
228 201941 88.402900 20.013500 PLAYER
228 1717 66.685710 30.718670 PLAYER
228 200826 57.755690 30.787040 PLAYER
228 101109 90.265770 1.571600 PLAYER
228 201580 89.739610 15.853760 PLAYER
228 202718 71.631880 3.974300 PLAYER
240 -1 58.786650 33.092410 BALL
240 201588 63.886050 29.385090 PLAYER
240 201155 86.653210 13.104620 PLAYER
240 101139 68.884730 31.948380 PLAYER
240 201978 77.015240 18.513780 PLAYER
240 201941 88.681500 19.952710 PLAYER
240 1717 66.680890 30.998350 PLAYER
240 200826 58.948210 31.668570 PLAYER
240 101109 90.301690 1.508980 PLAYER
240 201580 90.036530 15.696240 PLAYER
240 202718 70.997350 4.322890 PLAYER
252 -1 60.576290 34.084640 BALL
252 201588 63.981280 30.065490 PLAYER
252 201155 86.646600 13.121050 PLAYER
252 101139 69.159090 32.631050 PLAYER
252 201978 76.711500 18.789020 PLAYER
252 201941 88.918050 19.817990 PLAYER
252 1717 66.677290 31.178540 PLAYER
252 200826 60.186730 32.582690 PLAYER
252 101109 90.237410 1.460770 PLAYER
252 201580 90.222670 15.440300 PLAYER
252 202718 70.390140 4.705720 PLAYER
264 -1 61.647560 35.408110 BALL
264 201588 64.082200 30.862370 PLAYER
264 201155 86.620540 13.145130 PLAYER
264 101139 69.579240 33.178980 PLAYER
264 201978 76.521400 19.140620 PLAYER
264 201941 89.188890 19.527380 PLAYER
264 1717 66.525890 31.419160 PLAYER
264 200826 61.461980 33.735480 PLAYER
264 101109 90.146200 1.439780 PLAYER
264 201580 90.325210 15.180990 PLAYER
264 202718 69.825180 5.132840 PLAYER
276 -1 62.055220 36.306340 BALL
276 201588 64.064460 31.718630 PLAYER
276 201155 86.594740 13.169080 PLAYER
276 101139 70.086090 33.928580 PLAYER
276 201978 76.376580 19.544010 PLAYER
276 201941 89.398760 19.222130 PLAYER
276 1717 66.436060 31.649980 PLAYER
276 200826 62.753530 34.992090 PLAYER
276 101109 89.962740 1.415820 PLAYER
276 201580 90.382900 14.909400 PLAYER
276 202718 69.248350 5.555910 PLAYER
288 -1 63.615130 37.511940 BALL
288 201588 64.429880 32.570760 PLAYER
288 201155 86.570540 13.209050 PLAYER
288 101139 70.738050 34.703440 PLAYER
288 201978 76.232190 19.979640 PLAYER
288 201941 89.525340 18.909790 PLAYER
288 1717 66.435330 31.849850 PLAYER
288 200826 64.070550 36.276490 PLAYER
288 101109 89.787540 1.414760 PLAYER
288 201580 90.437050 14.647540 PLAYER
288 202718 68.646670 5.986840 PLAYER
300 -1 65.528400 38.934650 BALL
300 201588 64.993290 33.341600 PLAYER
300 201155 86.561140 13.250290 PLAYER
300 101139 71.412600 35.460940 PLAYER
300 201978 76.080950 20.464140 PLAYER
300 201941 89.614620 18.638050 PLAYER
300 1717 66.560590 32.061870 PLAYER
300 200826 65.367530 37.609860 PLAYER
300 101109 89.625480 1.427630 PLAYER
300 201580 90.496190 14.419660 PLAYER
300 202718 68.026510 6.465160 PLAYER
312 -1 67.466700 40.765200 BALL
312 201588 65.467670 33.914180 PLAYER
312 201155 86.565170 13.272640 PLAYER
312 101139 72.166460 36.108580 PLAYER
312 201978 75.946670 20.978810 PLAYER
312 201941 89.695370 18.406160 PLAYER
312 1717 66.758690 32.324560 PLAYER
312 200826 66.720710 39.046440 PLAYER
312 101109 89.508410 1.447870 PLAYER
312 201580 90.567290 14.308630 PLAYER
312 202718 67.414580 6.990440 PLAYER
324 -1 68.381990 41.823510 BALL
324 201588 66.224560 34.699820 PLAYER
324 201155 86.590210 13.280400 PLAYER
324 101139 73.006740 36.543870 PLAYER
324 201978 75.794250 21.496510 PLAYER
324 201941 89.718530 18.287800 PLAYER
324 1717 67.153780 32.599980 PLAYER
324 200826 68.072940 40.305580 PLAYER
324 101109 89.478440 1.500360 PLAYER
324 201580 90.660450 14.241570 PLAYER
324 202718 66.801530 7.543650 PLAYER
336 -1 69.388090 42.707820 BALL
336 201588 67.363760 35.617470 PLAYER
336 201155 86.616790 13.282530 PLAYER
336 101139 73.850520 36.855030 PLAYER
336 201978 75.605990 22.011610 PLAYER
336 201941 89.730640 18.220550 PLAYER
336 1717 67.528170 32.917930 PLAYER
336 200826 69.407680 41.394510 PLAYER
336 101109 89.482630 1.560190 PLAYER
336 201580 90.739040 14.220440 PLAYER
336 202718 66.218610 8.134130 PLAYER
348 -1 70.658280 43.376820 BALL
348 201588 68.428740 36.576940 PLAYER
348 201155 86.636010 13.272320 PLAYER
348 101139 74.701150 37.093470 PLAYER
348 201978 75.380170 22.518690 PLAYER
348 201941 89.748250 18.193010 PLAYER
348 1717 67.825990 33.298000 PLAYER
348 200826 70.766860 42.386280 PLAYER
348 101109 89.463620 1.613130 PLAYER
348 201580 90.776210 14.241350 PLAYER
348 202718 65.722600 8.776480 PLAYER
360 -1 72.277950 43.996430 BALL
360 201588 69.623960 37.544710 PLAYER
360 201155 86.640740 13.261310 PLAYER
360 101139 75.527720 37.256200 PLAYER
360 201978 75.124380 22.968810 PLAYER
360 201941 89.783720 18.145750 PLAYER
360 1717 68.288100 33.568640 PLAYER
360 200826 72.133770 43.267160 PLAYER
360 101109 89.407370 1.670010 PLAYER
360 201580 90.763720 14.273110 PLAYER
360 202718 65.268190 9.458650 PLAYER
372 -1 73.996160 44.663670 BALL
372 201588 71.019130 38.541420 PLAYER
372 201155 86.642240 13.253610 PLAYER
372 101139 76.308980 37.314160 PLAYER
372 201978 74.836550 23.367700 PLAYER
372 201941 89.817740 18.118580 PLAYER
372 1717 68.806190 33.782730 PLAYER
372 200826 73.470110 43.815720 PLAYER
372 101109 89.281420 1.719250 PLAYER
372 201580 90.833170 14.262540 PLAYER
372 202718 64.837420 10.094310 PLAYER
384 -1 75.760480 45.472050 BALL
384 201588 72.467580 39.172210 PLAYER
384 201155 86.633860 13.254220 PLAYER
384 101139 76.964840 37.278270 PLAYER
384 201978 74.571130 23.743710 PLAYER
384 201941 89.805840 18.168900 PLAYER
384 1717 69.299800 33.920650 PLAYER
384 200826 74.885560 44.119930 PLAYER
384 101109 89.053760 1.742710 PLAYER
384 201580 90.845150 14.242790 PLAYER
384 202718 64.445740 10.647850 PLAYER
396 -1 76.691850 46.008880 BALL
396 201588 73.946340 39.558220 PLAYER
396 201155 86.628310 13.272360 PLAYER
396 101139 77.474090 37.040290 PLAYER
396 201978 74.391760 24.139730 PLAYER
396 201941 89.808830 18.222250 PLAYER
396 1717 69.791120 34.109650 PLAYER
396 200826 76.370400 44.179750 PLAYER
396 101109 88.809130 1.765170 PLAYER
396 201580 90.873150 14.210430 PLAYER
396 202718 64.137390 11.118460 PLAYER
408 -1 77.721620 45.759540 BALL
408 201588 75.478880 39.708950 PLAYER
408 201155 86.629150 13.323920 PLAYER
408 101139 77.738560 36.648480 PLAYER
408 201978 74.316410 24.551200 PLAYER
408 201941 89.824930 18.283870 PLAYER
408 1717 70.473220 34.183140 PLAYER
408 200826 77.881060 43.921430 PLAYER
408 101109 88.558950 1.780060 PLAYER
408 201580 90.852560 14.209440 PLAYER
408 202718 63.912930 11.484520 PLAYER
420 -1 80.033980 44.501520 BALL
420 201588 77.073420 39.493560 PLAYER
420 201155 86.655190 13.406430 PLAYER
420 101139 77.859400 36.140550 PLAYER
420 201978 74.298320 24.953060 PLAYER
420 201941 89.806320 18.431420 PLAYER
420 1717 71.044360 34.306870 PLAYER
420 200826 79.374680 43.288350 PLAYER
420 101109 88.333970 1.784970 PLAYER
420 201580 90.759520 14.278830 PLAYER
420 202718 63.813110 11.765580 PLAYER
432 -1 82.224830 42.832090 BALL
432 201588 78.649880 39.278750 PLAYER
432 201155 86.632470 13.510200 PLAYER
432 101139 78.053260 35.529510 PLAYER
432 201978 74.270170 25.319920 PLAYER
432 201941 89.742040 18.755380 PLAYER
432 1717 71.523370 34.509790 PLAYER
432 200826 80.873170 42.418140 PLAYER
432 101109 88.115180 1.801570 PLAYER
432 201580 90.534010 14.459130 PLAYER
432 202718 63.941180 11.996800 PLAYER
444 -1 83.854320 41.760460 BALL
444 201588 80.177700 38.880930 PLAYER
444 201155 86.608670 13.610530 PLAYER
444 101139 78.149710 34.898090 PLAYER
444 201978 74.224520 25.632840 PLAYER
444 201941 89.659490 19.252720 PLAYER
444 1717 71.920750 34.803080 PLAYER
444 200826 82.282500 41.346570 PLAYER
444 101109 87.908950 1.831980 PLAYER
444 201580 90.436310 14.707030 PLAYER
444 202718 64.347020 12.289010 PLAYER
456 -1 84.692590 40.907230 BALL
456 201588 81.642140 38.167040 PLAYER
456 201155 86.633060 13.746630 PLAYER
456 101139 78.162060 34.365260 PLAYER
456 201978 74.142210 25.865490 PLAYER
456 201941 89.499680 19.884250 PLAYER
456 1717 72.391090 35.049860 PLAYER
456 200826 83.571690 40.065990 PLAYER
456 101109 87.667190 1.860310 PLAYER
456 201580 90.355410 15.032170 PLAYER
456 202718 64.910700 12.632490 PLAYER
468 -1 85.612090 39.457820 BALL
468 201588 82.960010 37.202960 PLAYER
468 201155 86.744450 13.955850 PLAYER
468 101139 78.190730 33.950540 PLAYER
468 201978 74.029550 25.970190 PLAYER
468 201941 89.297120 20.736830 PLAYER
468 1717 72.712370 35.307910 PLAYER
468 200826 84.744350 38.634130 PLAYER
468 101109 87.443020 1.880950 PLAYER
468 201580 90.200930 15.433280 PLAYER
468 202718 65.873050 12.996320 PLAYER
480 -1 86.708690 36.691390 BALL
480 201588 84.128180 36.289230 PLAYER
480 201155 86.857700 14.267990 PLAYER
480 101139 78.276450 33.587810 PLAYER
480 201978 73.915680 25.932210 PLAYER
480 201941 89.107740 21.809370 PLAYER
480 1717 72.862420 35.530660 PLAYER
480 200826 85.812420 37.093650 PLAYER
480 101109 87.276660 1.903380 PLAYER
480 201580 89.969700 15.860060 PLAYER
480 202718 67.017730 13.406950 PLAYER
492 -1 87.440970 34.811380 BALL
492 201588 85.168220 35.101390 PLAYER
492 201155 87.017300 14.732240 PLAYER
492 101139 78.304590 33.277120 PLAYER
492 201978 73.812100 25.700770 PLAYER
492 201941 88.867350 22.948150 PLAYER
492 1717 72.937590 35.682930 PLAYER
492 200826 86.786110 35.451500 PLAYER
492 101109 87.198240 1.903380 PLAYER
492 201580 89.680700 16.261180 PLAYER
492 202718 68.342350 13.929180 PLAYER
504 -1 88.204600 33.116390 BALL
504 201588 86.047420 33.893790 PLAYER
504 201155 87.230570 15.174610 PLAYER
504 101139 78.438210 33.026270 PLAYER
504 201978 73.714700 25.272170 PLAYER
504 201941 88.696770 24.055880 PLAYER
504 1717 72.870700 35.706350 PLAYER
504 200826 87.643520 33.812640 PLAYER
504 101109 87.198140 1.892650 PLAYER
504 201580 89.259930 16.651200 PLAYER
504 202718 69.767560 14.481300 PLAYER
516 -1 89.445980 31.345370 BALL
516 201588 86.857730 32.783900 PLAYER
516 201155 87.433640 15.576160 PLAYER
516 101139 78.704460 32.780380 PLAYER
516 201978 73.616120 24.724610 PLAYER
516 201941 88.487770 25.146040 PLAYER
516 1717 72.662130 35.762780 PLAYER
516 200826 88.424010 32.092670 PLAYER
516 101109 87.262790 1.903810 PLAYER
516 201580 88.977090 17.073960 PLAYER
516 202718 71.368920 15.125820 PLAYER
528 -1 87.971840 28.877630 BALL
528 201588 87.624090 31.842160 PLAYER
528 201155 87.498200 15.881560 PLAYER
528 101139 79.062000 32.505620 PLAYER
528 201978 73.591890 24.118600 PLAYER
528 201941 88.378600 25.913390 PLAYER
528 1717 72.349700 35.733700 PLAYER
528 200826 89.228220 30.482180 PLAYER
528 101109 87.341940 1.950220 PLAYER
528 201580 88.703490 17.593330 PLAYER
528 202718 72.811620 15.922710 PLAYER
540 -1 85.506930 26.836730 BALL
540 201588 88.416190 30.872360 PLAYER
540 201155 87.416380 16.018340 PLAYER
540 101139 79.437880 32.265030 PLAYER
540 201978 73.566450 23.323860 PLAYER
540 201941 88.213710 26.482680 PLAYER
540 1717 71.994870 35.764140 PLAYER
540 200826 90.094610 28.994620 PLAYER
540 101109 87.416730 2.011850 PLAYER
540 201580 88.363020 18.108270 PLAYER
540 202718 74.381550 16.918020 PLAYER
552 -1 83.004320 24.628360 BALL
552 201588 89.230110 29.911230 PLAYER
552 201155 87.258080 15.944800 PLAYER
552 101139 79.774460 32.100160 PLAYER
552 201978 73.665970 22.549600 PLAYER
552 201941 88.207540 26.746170 PLAYER
552 1717 71.598230 35.782650 PLAYER
552 200826 90.976590 27.586290 PLAYER
552 101109 87.449740 2.077250 PLAYER
552 201580 88.045660 18.625840 PLAYER
552 202718 75.819470 17.944480 PLAYER
564 -1 80.713540 22.645450 BALL
564 201588 90.049200 28.976650 PLAYER
564 201155 86.965020 15.860740 PLAYER
564 101139 80.075340 31.931770 PLAYER
564 201978 73.898970 21.944040 PLAYER
564 201941 88.091840 27.103180 PLAYER
564 1717 71.088790 35.781380 PLAYER
564 200826 91.776420 26.105600 PLAYER
564 101109 87.406470 2.142430 PLAYER
564 201580 87.732980 19.119270 PLAYER
564 202718 77.289830 19.054540 PLAYER
576 -1 79.817900 21.538650 BALL
576 201588 90.675040 28.024740 PLAYER
576 201155 86.594450 15.738770 PLAYER
576 101139 80.376020 31.715890 PLAYER
576 201978 74.166990 21.443090 PLAYER
576 201941 88.090500 27.370500 PLAYER
576 1717 70.646390 35.696600 PLAYER
576 200826 92.511950 24.748360 PLAYER
576 101109 87.246590 2.163520 PLAYER
576 201580 87.251410 19.520300 PLAYER
576 202718 78.759430 20.222620 PLAYER
588 -1 80.927880 21.468080 BALL
588 201588 91.294370 27.045160 PLAYER
588 201155 86.261760 15.595850 PLAYER
588 101139 80.703390 31.454940 PLAYER
588 201978 74.369940 20.972930 PLAYER
588 201941 87.995900 27.750930 PLAYER
588 1717 70.177850 35.656320 PLAYER
588 200826 93.120170 23.346310 PLAYER
588 101109 86.942390 2.130730 PLAYER
588 201580 86.872250 19.722120 PLAYER
588 202718 80.237460 21.470000 PLAYER
600 -1 82.636230 22.423730 BALL
600 201588 91.686490 26.241220 PLAYER
600 201155 86.083710 15.547770 PLAYER
600 101139 81.050120 31.136840 PLAYER
600 201978 74.539100 20.731100 PLAYER
600 201941 88.079840 28.126540 PLAYER
600 1717 69.680110 35.518480 PLAYER
600 200826 93.528490 21.893570 PLAYER
600 101109 86.499890 2.090850 PLAYER
600 201580 86.741610 19.839570 PLAYER
600 202718 81.559860 22.576370 PLAYER
612 -1 84.098530 23.825110 BALL
612 201588 91.891390 25.423740 PLAYER
612 201155 86.000130 15.600260 PLAYER
612 101139 81.389970 30.814200 PLAYER
612 201978 74.548040 20.587430 PLAYER
612 201941 88.214440 28.537580 PLAYER
612 1717 69.137090 35.321710 PLAYER
612 200826 93.683040 20.480500 PLAYER
612 101109 85.964960 2.090100 PLAYER
612 201580 86.716960 19.869960 PLAYER
612 202718 82.914420 23.671380 PLAYER
624 -1 84.165930 24.552060 BALL
624 201588 91.939420 24.609660 PLAYER
624 201155 86.014930 15.725870 PLAYER
624 101139 81.743920 30.531020 PLAYER
624 201978 74.375170 20.389010 PLAYER
624 201941 88.430400 28.659800 PLAYER
624 1717 68.687950 35.162140 PLAYER
624 200826 93.694570 19.193630 PLAYER
624 101109 85.374580 2.124990 PLAYER
624 201580 86.702350 19.854520 PLAYER
624 202718 83.942800 24.691030 PLAYER
636 -1 84.449300 25.194200 BALL
636 201588 91.991220 23.861550 PLAYER
636 201155 86.027340 15.898240 PLAYER
636 101139 82.039430 30.323820 PLAYER
636 201978 74.140790 20.123170 PLAYER
636 201941 88.611930 28.775580 PLAYER
636 1717 68.137330 34.964020 PLAYER
636 200826 93.625390 17.946110 PLAYER
636 101109 84.790820 2.260860 PLAYER
636 201580 86.631450 19.847570 PLAYER
636 202718 84.932550 25.673840 PLAYER
648 -1 85.553090 26.240830 BALL
648 201588 91.886770 23.175050 PLAYER
648 201155 86.027540 16.089880 PLAYER
648 101139 82.279020 30.157480 PLAYER
648 201978 73.845350 19.861010 PLAYER
648 201941 88.705640 28.837860 PLAYER
648 1717 67.556940 34.771550 PLAYER
648 200826 93.381310 16.763910 PLAYER
648 101109 84.195620 2.487360 PLAYER
648 201580 86.395200 19.896350 PLAYER
648 202718 85.822430 26.528390 PLAYER
660 -1 88.748240 25.302880 BALL
660 201588 91.777750 22.437530 PLAYER
660 201155 85.967670 16.197910 PLAYER
660 101139 82.406300 30.060910 PLAYER
660 201978 73.491300 19.595870 PLAYER
660 201941 88.759490 28.840590 PLAYER
660 1717 66.912400 34.606200 PLAYER
660 200826 92.961370 15.710120 PLAYER
660 101109 83.594380 2.763150 PLAYER
660 201580 86.032440 19.932110 PLAYER
660 202718 86.822690 27.278130 PLAYER
672 -1 88.632610 24.421910 BALL
672 201588 91.657210 21.785170 PLAYER
672 201155 85.868070 16.222390 PLAYER
672 101139 82.404650 30.008290 PLAYER
672 201978 73.076490 19.335930 PLAYER
672 201941 88.639370 28.864730 PLAYER
672 1717 66.183130 34.412230 PLAYER
672 200826 92.414030 14.790780 PLAYER
672 101109 83.016830 3.075280 PLAYER
672 201580 85.544940 19.998370 PLAYER
672 202718 87.783900 27.718850 PLAYER
684 -1 87.792260 23.386340 BALL
684 201588 91.554840 21.188540 PLAYER
684 201155 85.702730 16.181310 PLAYER
684 101139 82.314750 29.981760 PLAYER
684 201978 72.591120 19.125190 PLAYER
684 201941 88.500860 28.973960 PLAYER
684 1717 65.379600 34.190130 PLAYER
684 200826 91.771430 13.934690 PLAYER
684 101109 82.385740 3.460780 PLAYER
684 201580 84.929620 20.026770 PLAYER
684 202718 88.873480 28.020390 PLAYER
696 -1 87.146590 22.409360 BALL
696 201588 91.491020 20.644180 PLAYER
696 201155 85.570590 16.092960 PLAYER
696 101139 82.187050 29.983990 PLAYER
696 201978 72.007490 18.973940 PLAYER
696 201941 88.414660 29.018060 PLAYER
696 1717 64.507340 33.941340 PLAYER
696 200826 90.886600 13.216410 PLAYER
696 101109 81.685120 3.849450 PLAYER
696 201580 84.166850 19.940540 PLAYER
696 202718 89.744460 28.238300 PLAYER
708 -1 86.261030 21.783360 BALL
708 201588 91.461640 20.115630 PLAYER
708 201155 85.415860 15.964870 PLAYER
708 101139 82.031010 30.024490 PLAYER
708 201978 71.341290 18.885690 PLAYER
708 201941 88.497490 29.024930 PLAYER
708 1717 63.569110 33.715210 PLAYER
708 200826 89.890350 12.635460 PLAYER
708 101109 81.000500 4.277930 PLAYER
708 201580 83.422740 19.797180 PLAYER
708 202718 90.554170 28.393500 PLAYER
720 -1 85.113580 21.810820 BALL
720 201588 91.493400 19.594330 PLAYER
720 201155 85.373550 15.872120 PLAYER
720 101139 81.887050 30.098470 PLAYER
720 201978 70.570860 18.830730 PLAYER
720 201941 88.494080 29.044160 PLAYER
720 1717 62.603740 33.495740 PLAYER
720 200826 88.789000 12.167920 PLAYER
720 101109 80.310240 4.761540 PLAYER
720 201580 82.565850 19.645190 PLAYER
720 202718 91.032110 28.539080 PLAYER
732 -1 83.877220 21.867160 BALL
732 201588 91.594200 19.087650 PLAYER
732 201155 85.288170 15.748380 PLAYER
732 101139 81.818410 30.210150 PLAYER
732 201978 69.662650 18.749440 PLAYER
732 201941 88.558120 29.063560 PLAYER
732 1717 61.607660 33.308100 PLAYER
732 200826 87.624330 11.826260 PLAYER
732 101109 79.550740 5.321400 PLAYER
732 201580 81.565960 19.435770 PLAYER
732 202718 91.244910 28.904720 PLAYER
744 -1 82.761440 21.929290 BALL
744 201588 91.742520 18.604180 PLAYER
744 201155 85.252440 15.580800 PLAYER
744 101139 81.768120 30.350100 PLAYER
744 201978 68.631250 18.651000 PLAYER
744 201941 88.663610 28.983570 PLAYER
744 1717 60.576890 33.108090 PLAYER
744 200826 86.341640 11.644880 PLAYER
744 101109 78.933380 5.917780 PLAYER
744 201580 80.449780 19.255510 PLAYER
744 202718 91.234010 29.391940 PLAYER
756 -1 81.539250 21.941880 BALL
756 201588 91.901850 18.135700 PLAYER
756 201155 85.156660 15.427350 PLAYER
756 101139 81.732630 30.517400 PLAYER
756 201978 67.464290 18.547820 PLAYER
756 201941 88.798940 28.964740 PLAYER
756 1717 59.521960 32.911010 PLAYER
756 200826 85.039620 11.627910 PLAYER
756 101109 78.390720 6.516360 PLAYER
756 201580 79.251170 19.157140 PLAYER
756 202718 90.973390 29.854880 PLAYER
768 -1 80.458850 21.946320 BALL
768 201588 92.090400 17.691500 PLAYER
768 201155 85.097610 15.325810 PLAYER
768 101139 81.693310 30.742500 PLAYER
768 201978 66.187870 18.419030 PLAYER
768 201941 88.825630 28.964940 PLAYER
768 1717 58.455110 32.692840 PLAYER
768 200826 83.725120 11.741990 PLAYER
768 101109 77.841630 7.086120 PLAYER
768 201580 77.906770 19.037030 PLAYER
768 202718 90.405940 30.326760 PLAYER
780 -1 79.223130 21.951670 BALL
780 201588 92.288130 17.284280 PLAYER
780 201155 84.915200 15.206600 PLAYER
780 101139 81.637750 31.001810 PLAYER
780 201978 64.793100 18.249930 PLAYER
780 201941 88.907850 28.772920 PLAYER
780 1717 57.369910 32.461850 PLAYER
780 200826 82.397130 11.986370 PLAYER
780 101109 77.203570 7.590370 PLAYER
780 201580 76.486890 18.941910 PLAYER
780 202718 89.632710 30.801720 PLAYER