0 -1 55.291560 29.363490
0 202329 90.490150 35.414950
0 203081 56.490700 28.041010
0 203486 86.193020 36.272840
0 203468 64.500000 26.839410
0 203086 72.374440 15.917110
0 1717 75.419250 20.000560
0 101114 60.442210 25.840420
0 101109 67.655920 31.723960
0 2585 86.249580 33.301600
0 202083 86.680990 28.485590
12 -1 55.525280 30.240900
12 202329 89.760680 36.828290
12 203081 56.745740 28.882930
12 203486 86.697200 36.298570
12 203468 64.729770 24.791320
12 203086 72.055460 15.729400
12 1717 75.357010 20.273540
12 101114 60.817720 26.299040
12 101109 67.792240 30.291470
12 2585 86.585960 33.069420
12 202083 85.705600 29.442010
24 -1 56.370530 31.140520
24 202329 88.971610 38.125100
24 203081 56.983530 29.488100
24 203486 87.194070 36.277960
24 203468 65.113370 22.681460
24 203086 71.862500 15.602470
24 1717 75.352910 20.659970
24 101114 61.164180 26.859060
24 101109 67.985540 28.754080
24 2585 86.818800 32.808160
24 202083 84.711910 30.314590
36 -1 57.548310 31.296190
36 202329 88.217650 39.349790
36 203081 57.205170 29.816040
36 203486 87.642370 36.311360
36 203468 65.642090 20.552780
36 203086 71.798960 15.517530
36 1717 75.427980 21.078170
36 101114 61.540450 27.383210
36 101109 68.291700 27.185390
36 2585 86.955550 32.664340
36 202083 83.881970 31.255490
48 -1 57.857320 30.356060
48 202329 87.579040 40.490460
48 203081 57.433600 29.904570
48 203486 87.921520 36.318060
48 203468 66.312310 18.373930
48 203086 72.004490 15.466750
48 1717 75.525290 21.426690
48 101114 61.981780 27.898480
48 101109 68.675730 25.599500
48 2585 87.073090 32.583530
48 202083 83.245360 32.281250
60 -1 57.881080 29.298200
60 202329 86.978220 41.521390
60 203081 57.614390 29.736080
60 203486 87.987360 36.226360
60 203468 67.113860 16.346160
60 203086 72.185870 15.340950
60 1717 75.626170 21.762020
60 101114 62.411590 28.333120
60 101109 69.408830 24.081950
60 2585 87.189700 32.529150
60 202083 82.686550 33.263810
72 -1 59.691710 26.272300
72 202329 86.579930 42.456280
72 203081 57.734960 29.392920
72 203486 88.045400 36.344630
72 203468 67.995370 14.386420
72 203086 72.512070 15.345270
72 1717 75.733800 22.146890
72 101114 62.933660 28.624140
72 101109 70.178220 22.568730
72 2585 87.352270 32.532050
72 202083 82.206310 34.133130
84 -1 62.489110 22.434800
84 202329 86.332480 43.475660
84 203081 57.789300 29.049540
84 203486 87.968720 36.555900
84 203468 69.005260 12.575630
84 203086 72.994980 15.485410
84 1717 75.924350 22.436090
84 101114 63.417650 28.748620
84 101109 71.395610 21.245920
84 2585 87.494440 32.525180
84 202083 81.838160 34.975760
96 -1 65.225460 18.544930
96 202329 86.146000 44.415530
96 203081 57.914070 28.831750
96 203486 87.798840 36.765520
96 203468 70.033170 10.914020
96 203086 73.611060 15.732150
96 1717 75.887780 22.266080
96 101114 63.845130 28.713630
96 101109 72.736850 20.091030
96 2585 87.582450 32.376620
96 202083 81.619290 35.760230
108 -1 68.025610 14.837620
108 202329 85.825680 45.173600
108 203081 58.092270 28.672650
108 203486 87.616770 36.914600
108 203468 71.037700 9.484900
108 203086 74.139920 15.903160
108 1717 75.873320 22.014390
108 101114 64.233200 28.540830
108 101109 74.238830 19.118660
108 2585 87.631090 32.152900
108 202083 81.495380 36.431880
120 -1 70.613220 11.193790
120 202329 85.389560 45.833750
120 203081 58.321500 28.511510
120 203486 87.431530 36.975220
120 203468 72.034640 8.107610
120 203086 74.801990 16.081900
120 1717 75.917990 21.611820
120 101114 64.553920 28.315210
120 101109 75.634680 18.275640
120 2585 87.684160 31.861670
120 202083 81.461460 36.945540
132 -1 73.038020 7.662690
132 202329 84.868050 46.473450
132 203081 58.575530 28.365770
132 203486 87.224990 36.965460
132 203468 72.998560 6.909880
132 203086 75.358610 16.132190
132 1717 75.993150 21.133040
132 101114 64.843910 28.069470
132 101109 76.911150 17.600380
132 2585 87.736960 31.517290
132 202083 81.537610 37.293740
144 -1 74.028600 6.386430
144 202329 84.356960 46.934970
144 203081 58.856440 28.254330
144 203486 87.079600 36.890080
144 203468 73.862750 5.888260
144 203086 75.793300 16.029640
144 1717 76.123580 20.595830
144 101114 65.101210 27.802160
144 101109 77.876520 16.842500
144 2585 87.820790 31.189130
144 202083 81.743950 37.480020
156 -1 75.067950 5.214260
156 202329 83.833740 47.246420
156 203081 59.021650 28.006610
156 203486 86.984510 36.738710
156 203468 74.612360 5.083720
156 203086 76.112640 15.748120
156 1717 76.518070 20.321810
156 101114 65.325630 27.558800
156 101109 78.769380 15.985950
156 2585 87.950690 30.890790
156 202083 81.985930 37.484200
168 -1 75.720800 4.533490
168 202329 83.403160 47.525730
168 203081 59.105960 27.633870
168 203486 86.934050 36.546050
168 203468 75.302380 4.523120
168 203086 76.296580 15.434500
168 1717 77.025770 20.070140
168 101114 65.522140 27.317180
168 101109 79.506210 15.108360
168 2585 88.094050 30.691430
168 202083 82.225810 37.330290
180 -1 76.584800 4.531700
180 202329 82.981960 47.772040
180 203081 59.138990 27.249160
180 203486 86.866410 36.276520
180 203468 75.713360 4.164880
180 203086 76.330400 15.159630
180 1717 77.638220 19.840340
180 101114 65.707960 27.039760
180 101109 80.086880 14.104860
180 2585 88.224350 30.554160
180 202083 82.438920 37.090450
192 -1 77.163710 4.555000
192 202329 82.503730 47.934350
192 203081 59.148440 26.901670
192 203486 86.769780 35.971950
192 203468 76.004480 3.925730
192 203086 76.344520 14.879540
192 1717 78.265530 19.606170
192 101114 65.831770 26.743550
192 101109 80.421740 12.938520
192 2585 88.380220 30.610040
192 202083 82.580710 36.803770
204 -1 76.525760 3.856220
204 202329 81.914190 47.949970
204 203081 59.188800 26.581020
204 203486 86.678090 35.555020
204 203468 76.194160 3.797190
204 203086 76.253930 14.469920
204 1717 78.734650 19.340360
204 101114 65.901230 26.457270
204 101109 80.552490 11.733480
204 2585 88.522530 30.777830
204 202083 82.651100 36.492430
216 -1 76.637200 4.081140
216 202329 81.281590 47.907320
216 203081 59.260950 26.308010
216 203486 86.557160 35.138440
216 203468 76.338260 3.740470
216 203086 76.130730 14.021980
216 1717 79.142530 19.062110
216 101114 65.947450 26.176630
216 101109 80.547620 10.509460
216 2585 88.580040 31.007730
216 202083 82.649890 36.162740
228 -1 77.374630 5.114880
228 202329 80.658260 47.792800
228 203081 59.358340 26.064670
228 203486 86.345580 34.706320
228 203468 76.424860 3.639810
228 203086 76.003780 13.606030
228 1717 79.386480 18.710640
228 101114 66.010840 25.934930
228 101109 80.528860 9.218600
228 2585 88.554700 31.198800
228 202083 82.622560 35.827710
240 -1 78.805700 7.315430
240 202329 80.088010 47.572660
240 203081 59.485540 25.823910
240 203486 86.046860 34.282110
240 203468 76.721910 3.594400
240 203086 75.895750 13.251450
240 1717 79.412190 18.299660
240 101114 66.138450 25.742190
240 101109 80.446080 7.997100
240 2585 88.451560 31.389900
240 202083 82.605330 35.482180
252 -1 79.972610 9.332610
252 202329 79.558590 47.302850
252 203081 59.625560 25.545330
252 203486 85.698170 33.876870
252 203468 77.001300 3.551490
252 203086 75.823350 13.012990
252 1717 79.462850 17.977670
252 101114 66.359820 25.589140
252 101109 80.222800 6.737220
252 2585 88.228320 31.428230
252 202083 82.592460 35.122550
264 -1 81.042250 11.379980
264 202329 79.051140 46.974870
264 203081 59.776200 25.245100
264 203486 85.370970 33.559560
264 203468 77.196280 3.574130
264 203086 75.829300 13.002900
264 1717 79.482920 17.707180
264 101114 66.666270 25.462960
264 101109 80.005490 5.553300
264 2585 87.921320 31.608370
264 202083 82.612490 34.751360
276 -1 82.326830 13.510490
276 202329 78.557970 46.611810
276 203081 59.941510 24.944100
276 203486 85.080160 33.122650
276 203468 77.385020 3.593030
276 203086 75.780900 13.292510
276 1717 79.542550 17.559700
276 101114 67.040650 25.350690
276 101109 79.757060 4.459600
276 2585 87.616950 31.450120
276 202083 82.662460 34.392700
288 -1 83.546390 15.446390
288 202329 78.018460 46.235290
288 203081 60.096510 24.678380
288 203486 84.812270 32.651410
288 203468 77.495800 3.570780
288 203086 75.740350 13.988290
288 1717 79.691570 17.536940
288 101114 67.450700 25.222680
288 101109 79.385020 3.471640
288 2585 87.403480 31.241190
288 202083 82.678130 34.038370
300 -1 84.486130 17.368590
300 202329 77.447520 45.854280
300 203081 60.193420 24.451140
300 203486 84.663000 32.150860
300 203468 77.421010 3.536270
300 203086 75.843140 14.643520
300 1717 79.878000 17.630330
300 101114 67.870720 25.067290
300 101109 78.997810 2.546150
300 2585 87.191660 30.992590
300 202083 82.642330 33.680670
312 -1 85.665540 19.341510
312 202329 76.865790 45.449330
312 203081 60.230900 24.266010
312 203486 84.569100 31.532590
312 203468 77.356100 3.503150
312 203086 76.009460 15.462250
312 1717 79.974290 17.764960
312 101114 68.318330 24.909730
312 101109 78.655130 1.801930
312 2585 86.992640 30.687250
312 202083 82.513730 33.463810
324 -1 86.733040 21.346530
324 202329 76.259260 45.010430
324 203081 60.221020 24.119280
324 203486 84.579530 30.967400
324 203468 77.229100 3.416000
324 203086 76.306620 16.445780
324 1717 80.132290 18.040730
324 101114 68.791880 24.780960
324 101109 78.372370 1.189580
324 2585 86.784690 30.073450
324 202083 82.577660 33.214760
336 -1 87.811880 23.305330
336 202329 75.646420 44.547570
336 203081 60.152170 24.006660
336 203486 84.593880 30.464220
336 203468 76.966130 3.304850
336 203086 76.743240 17.486370
336 1717 80.290100 18.416660
336 101114 69.271650 24.702390
336 101109 78.116990 0.700870
336 2585 86.480690 29.651440
336 202083 82.607690 33.053970
348 -1 88.899760 25.264470
348 202329 75.062910 44.064250
348 203081 60.029440 23.897690
348 203486 84.839830 29.893860
348 203468 76.651670 3.247040
348 203086 77.327280 18.291760
348 1717 80.449580 18.880790
348 101114 69.761900 24.689130
348 101109 77.830690 0.330760
348 2585 85.716010 28.943220
348 202083 82.634770 33.003730
360 -1 88.798160 25.073490
360 202329 74.483710 43.560350
360 203081 59.878500 23.785180
360 203486 84.967010 29.351240
360 203468 76.315570 3.213020
360 203086 77.833610 19.388350
360 1717 80.633030 19.581920
360 101114 70.242260 24.714910
360 101109 77.567780 0.094060
360 2585 84.728630 28.059830
360 202083 82.573530 32.992790
372 -1 88.574630 24.653340
372 202329 73.903030 43.038690
372 203081 59.711070 23.678070
372 203486 85.054950 28.973540
372 203468 75.765200 3.201090
372 203086 78.325270 20.316520
372 1717 80.790320 20.447380
372 101114 70.701050 24.740380
372 101109 77.390930 0.000530
372 2585 83.806160 27.210450
372 202083 82.689240 32.956910
384 -1 88.351100 24.233200
384 202329 73.289660 42.521650
384 203081 59.512000 23.583800
384 203486 84.819360 28.476030
384 203468 75.182650 3.190460
384 203086 78.678560 21.137330
384 1717 81.127210 21.254810
384 101114 71.129870 24.740440
384 101109 77.300110 0.057020
384 2585 82.967380 26.514470
384 202083 82.532330 33.007400
396 -1 88.249490 24.042220
396 202329 72.635050 42.016150
396 203081 59.281240 23.503170
396 203486 83.964360 27.728250
396 203468 74.507460 3.275030
396 203086 79.097500 22.081830
396 1717 81.463810 21.915350
396 101114 71.552890 24.686030
396 101109 77.228790 0.201620
396 2585 81.918010 25.715060
396 202083 82.337510 33.034370
408 -1 88.311600 24.029590
408 202329 71.941280 41.508730
408 203081 59.010640 23.446590
408 203486 82.504350 26.945620
408 203468 73.657410 3.464920
408 203086 79.257860 22.796950
408 1717 81.909840 22.477630
408 101114 71.942640 24.624940
408 101109 77.202780 0.436370
408 2585 81.102600 25.094100
408 202083 82.087470 33.002830
420 -1 88.325120 23.911580
420 202329 71.116600 40.981340
420 203081 58.702350 23.384410
420 203486 81.115040 26.305640
420 203468 72.651690 3.609260
420 203086 79.037580 23.193550
420 1717 82.480750 22.713630
420 101114 72.294260 24.607930
420 101109 77.174520 0.742560
420 2585 80.250090 24.647950
420 202083 81.811400 32.989990
432 -1 88.421490 23.766720
432 202329 70.214050 40.473600
432 203081 58.363570 23.266040
432 203486 79.650910 25.658000
432 203468 71.550710 3.844060
432 203086 78.535540 23.549140
432 1717 83.258720 22.695600
432 101114 72.616740 24.691090
432 101109 77.160020 1.110330
432 2585 79.221370 24.232630
432 202083 81.248610 32.923030
444 -1 88.512430 23.810230
444 202329 69.255620 39.972840
444 203081 57.981080 23.248430
444 203486 78.447820 25.146660
444 203468 70.374170 4.116090
444 203086 77.731960 23.841160
444 1717 83.925530 22.706860
444 101114 72.941190 24.869550
444 101109 77.045120 1.498360
444 2585 78.290920 23.773630
444 202083 80.710560 32.877020
456 -1 88.681240 23.722040
456 202329 68.206180 39.530840
456 203081 57.570290 23.223690
456 203486 77.734560 24.999060
456 203468 69.092810 4.336420
456 203086 76.660750 23.676660
456 1717 84.668850 22.857840
456 101114 73.262540 25.177450
456 101109 76.888410 1.928740
456 2585 77.567520 23.526440
456 202083 80.140620 32.842110
468 -1 88.790110 23.749610
468 202329 67.065630 39.147380
468 203081 57.141760 23.174560
468 203486 77.285620 25.119700
468 203468 67.792800 4.524190
468 203086 75.525010 23.619420
468 1717 85.400400 23.031730
468 101114 73.501600 25.523660
468 101109 76.686720 2.367380
468 2585 76.974670 23.621670
468 202083 79.432880 32.836660
480 -1 88.988210 23.717680
480 202329 65.918690 38.842310
480 203081 56.724160 23.044820
480 203486 76.649580 25.008710
480 203468 66.418830 4.860630
480 203086 74.444740 23.416490
480 1717 86.101560 23.251640
480 101114 73.817960 25.872010
480 101109 76.464210 2.815270
480 2585 76.714850 24.446950
480 202083 78.699280 32.866290
492 -1 89.157850 23.931450
492 202329 64.652420 38.600970
492 203081 56.286340 23.055520
492 203486 76.050820 24.907180
492 203468 65.011650 5.191510
492 203086 73.279040 23.188870
492 1717 86.767930 23.496710
492 101114 74.013570 26.159270
492 101109 76.190280 3.272310
492 2585 76.495260 25.524930
492 202083 77.973420 32.979630
504 -1 89.427560 23.812550
504 202329 63.312010 38.435580
504 203081 55.851910 23.016760
504 203486 75.310420 24.899620
504 203468 63.487930 5.553800
504 203086 72.142480 22.900240
504 1717 87.484330 23.627590
504 101114 74.164200 26.471350
504 101109 75.857150 3.751920
504 2585 76.291070 26.623970
504 202083 77.063240 33.158050
516 -1 89.459630 23.830710
516 202329 61.944710 38.279430
516 203081 55.419000 23.016820
516 203486 74.602280 24.962780
516 203468 61.960030 5.967900
516 203086 70.817540 22.655940
516 1717 88.190110 23.567100
516 101114 74.244290 26.722570
516 101109 75.456250 4.242560
516 2585 75.979760 27.738580
516 202083 76.012460 33.435070
528 -1 89.900360 23.401780
528 202329 60.516640 38.162320
528 203081 55.009620 23.075680
528 203486 73.951150 25.007870
528 203468 60.399980 6.385610
528 203086 69.364950 22.414110
528 1717 88.855450 23.460320
528 101114 74.439090 26.957280
528 101109 74.992040 4.799310
528 2585 75.406950 28.651280
528 202083 74.914410 33.777210
540 -1 90.258850 23.053840
540 202329 59.040740 38.087340
540 203081 54.587940 23.256850
540 203486 73.299440 25.107400
540 203468 58.826150 6.745050
540 203086 67.866430 22.366560
540 1717 89.497500 23.339500
540 101114 74.602520 27.139270
540 101109 74.378860 5.347070
540 2585 74.571460 28.889050
540 202083 73.691460 34.181530