0 -1 69.081160 22.410190 BALL
0 201588 58.379490 15.202360 PLAYER
0 101133 75.452890 37.114440 PLAYER
0 101145 55.462170 45.714550 PLAYER
0 202730 56.954420 28.168990 PLAYER
0 202331 70.033050 23.521740 PLAYER
0 1717 44.775870 26.088220 PLAYER
0 101114 40.186280 17.762270 PLAYER
0 101109 43.370620 39.980850 PLAYER
0 2585 65.471830 41.449260 PLAYER
0 202083 59.874140 12.491880 PLAYER
12 -1 66.452820 22.419660 BALL
12 201588 57.269300 15.103870 PLAYER
12 101133 73.644370 37.550950 PLAYER
12 101145 53.723980 45.938100 PLAYER
12 202730 55.291900 28.346920 PLAYER
12 202331 67.967480 23.106120 PLAYER
12 1717 43.539320 26.257460 PLAYER
12 101114 39.260350 18.173660 PLAYER
12 101109 42.176200 40.042880 PLAYER
12 2585 63.620730 40.838490 PLAYER
12 202083 58.375700 12.834040 PLAYER
24 -1 63.832370 22.523940 BALL
24 201588 55.969370 14.817080 PLAYER
24 101133 71.782760 37.892920 PLAYER
24 101145 52.005990 46.144390 PLAYER
24 202730 53.577070 28.526930 PLAYER
24 202331 65.870950 22.784740 PLAYER
24 1717 42.278310 26.392350 PLAYER
24 101114 38.299820 18.494920 PLAYER
24 101109 40.984060 40.087620 PLAYER
24 2585 61.760410 40.275300 PLAYER
24 202083 57.062200 13.241050 PLAYER
36 -1 61.111280 22.851610 BALL
36 201588 54.747900 14.399820 PLAYER
36 101133 69.867990 38.104350 PLAYER
36 101145 50.302360 46.292470 PLAYER
36 202730 51.860750 28.695880 PLAYER
36 202331 63.740930 22.675830 PLAYER
36 1717 40.966430 26.487600 PLAYER
36 101114 37.317060 18.695100 PLAYER
36 101109 39.826840 40.128800 PLAYER
36 2585 59.863160 39.697280 PLAYER
36 202083 55.690220 13.573070 PLAYER
48 -1 59.766540 22.986520 BALL
48 201588 53.574590 14.067030 PLAYER
48 101133 67.915160 38.176400 PLAYER
48 101145 48.606120 46.450290 PLAYER
48 202730 50.091390 28.878710 PLAYER
48 202331 61.569920 22.478030 PLAYER
48 1717 39.681050 26.496450 PLAYER
48 101114 36.317680 18.852370 PLAYER
48 101109 38.662040 40.212960 PLAYER
48 2585 57.968630 39.152170 PLAYER
48 202083 54.458290 13.883650 PLAYER
60 -1 58.521900 23.072650 BALL
60 201588 52.387550 13.769080 PLAYER
60 101133 65.938040 38.215290 PLAYER
60 101145 46.936910 46.595030 PLAYER
60 202730 48.309240 29.078430 PLAYER
60 202331 59.395590 22.359360 PLAYER
60 1717 38.390770 26.500950 PLAYER
60 101114 35.239170 18.900830 PLAYER
60 101109 37.532490 40.337290 PLAYER
60 2585 56.008650 38.650250 PLAYER
60 202083 53.091620 13.950170 PLAYER
72 -1 57.318310 23.234020 BALL
72 201588 51.012520 13.457880 PLAYER
72 101133 63.915040 38.232480 PLAYER
72 101145 45.278540 46.732460 PLAYER
72 202730 46.480430 29.298770 PLAYER
72 202331 57.266520 22.335940 PLAYER
72 1717 37.125660 26.440090 PLAYER
72 101114 34.133910 18.917890 PLAYER
72 101109 36.423630 40.461550 PLAYER
72 2585 54.023100 38.203140 PLAYER
72 202083 51.690220 14.068190 PLAYER
84 -1 55.451800 23.211290 BALL
84 201588 49.765050 13.140620 PLAYER
84 101133 61.921310 38.127540 PLAYER
84 101145 43.660600 46.845450 PLAYER
84 202730 44.653360 29.521630 PLAYER
84 202331 55.168320 22.358180 PLAYER
84 1717 35.820420 26.475200 PLAYER
84 101114 33.047470 18.868740 PLAYER
84 101109 35.343550 40.539840 PLAYER
84 2585 52.033690 37.767850 PLAYER
84 202083 50.201680 14.426400 PLAYER
96 -1 53.004490 23.098520 BALL
96 201588 48.514250 12.973730 PLAYER
96 101133 59.851720 38.022070 PLAYER
96 101145 42.073040 46.983020 PLAYER
96 202730 42.815080 29.713070 PLAYER
96 202331 53.082140 22.214580 PLAYER
96 1717 34.565560 26.394330 PLAYER
96 101114 31.989060 18.811010 PLAYER
96 101109 34.223280 40.636830 PLAYER
96 2585 50.104910 37.256040 PLAYER
96 202083 48.711310 14.648500 PLAYER
108 -1 50.523300 23.172000 BALL
108 201588 47.196990 12.753940 PLAYER
108 101133 57.688620 37.937590 PLAYER
108 101145 40.513490 47.071710 PLAYER
108 202730 40.986740 29.939930 PLAYER
108 202331 50.982640 22.165620 PLAYER
108 1717 33.291470 26.314280 PLAYER
108 101114 30.916380 18.719600 PLAYER
108 101109 33.111850 40.701750 PLAYER
108 2585 48.184160 36.722440 PLAYER
108 202083 47.086720 14.883480 PLAYER
120 -1 48.639860 23.797980 BALL
120 201588 45.942270 12.416380 PLAYER
120 101133 55.469040 37.844120 PLAYER
120 101145 38.949180 47.118540 PLAYER
120 202730 39.195840 30.195490 PLAYER
120 202331 48.943740 22.159770 PLAYER
120 1717 32.078030 26.265570 PLAYER
120 101114 29.947130 18.602210 PLAYER
120 101109 32.024860 40.729320 PLAYER
120 2585 46.265470 36.165460 PLAYER
120 202083 45.574170 15.158200 PLAYER
132 -1 47.608750 24.072720 BALL
132 201588 44.762770 12.044520 PLAYER
132 101133 53.230160 37.764450 PLAYER
132 101145 37.460320 47.158790 PLAYER
132 202730 37.413980 30.458010 PLAYER
132 202331 46.999870 22.229830 PLAYER
132 1717 30.860380 26.373440 PLAYER
132 101114 29.019290 18.461290 PLAYER
132 101109 30.948090 40.767820 PLAYER
132 2585 44.321970 35.576900 PLAYER
132 202083 44.023860 15.346520 PLAYER
144 -1 46.148140 24.472980 BALL
144 201588 43.613360 11.797520 PLAYER
144 101133 50.918450 37.702060 PLAYER
144 101145 35.943960 47.200030 PLAYER
144 202730 35.667070 30.685990 PLAYER
144 202331 45.169100 22.468990 PLAYER
144 1717 29.690080 26.279110 PLAYER
144 101114 28.116250 18.415280 PLAYER
144 101109 29.833220 40.816830 PLAYER
144 2585 42.386740 34.909210 PLAYER
144 202083 42.400500 15.208810 PLAYER
156 -1 44.250240 24.632200 BALL
156 201588 42.378110 11.491790 PLAYER
156 101133 48.583510 37.701150 PLAYER
156 101145 34.459140 47.241390 PLAYER
156 202730 33.932740 30.958660 PLAYER
156 202331 43.417730 22.736560 PLAYER
156 1717 28.510530 26.299870 PLAYER
156 101114 27.296380 18.469550 PLAYER
156 101109 28.742340 40.834630 PLAYER
156 2585 40.606620 34.232180 PLAYER
156 202083 40.765770 15.122360 PLAYER
168 -1 42.012810 24.830730 BALL
168 201588 41.193810 11.096990 PLAYER
168 101133 46.257960 37.726980 PLAYER
168 101145 33.028700 47.282570 PLAYER
168 202730 32.203430 31.228950 PLAYER
168 202331 41.766310 23.019110 PLAYER
168 1717 27.501710 26.282790 PLAYER
168 101114 26.684190 18.640180 PLAYER
168 101109 27.687010 40.835290 PLAYER
168 2585 39.063170 33.461570 PLAYER
168 202083 39.173630 15.004370 PLAYER
180 -1 39.828340 24.950830 BALL
180 201588 39.967420 10.686490 PLAYER
180 101133 43.870040 37.682850 PLAYER
180 101145 31.631740 47.323890 PLAYER
180 202730 30.440640 31.490340 PLAYER
180 202331 40.270380 23.454940 PLAYER
180 1717 26.489830 26.204250 PLAYER
180 101114 26.286190 19.018520 PLAYER
180 101109 26.621250 40.809770 PLAYER
180 2585 37.641520 32.685350 PLAYER
180 202083 37.562760 15.096810 PLAYER
192 -1 38.287920 25.082560 BALL
192 201588 38.711950 10.280270 PLAYER
192 101133 41.477490 37.610540 PLAYER
192 101145 30.270130 47.367690 PLAYER
192 202730 28.700190 31.797000 PLAYER
192 202331 38.881110 23.750610 PLAYER
192 1717 25.404720 26.058810 PLAYER
192 101114 26.115510 19.464140 PLAYER
192 101109 25.578120 40.714460 PLAYER
192 2585 36.298820 31.903660 PLAYER
192 202083 36.002880 15.264510 PLAYER
204 -1 37.473440 24.977110 BALL
204 201588 37.464240 9.862160 PLAYER
204 101133 39.041990 37.604110 PLAYER
204 101145 28.995480 47.390740 PLAYER
204 202730 27.002620 32.098280 PLAYER
204 202331 37.491260 23.842120 PLAYER
204 1717 24.371970 26.057300 PLAYER
204 101114 26.233790 19.972500 PLAYER
204 101109 24.586690 40.584140 PLAYER
204 2585 35.058290 31.142420 PLAYER
204 202083 34.438840 15.394560 PLAYER
216 -1 36.397230 25.035560 BALL
216 201588 36.258540 9.472790 PLAYER
216 101133 36.680150 37.474360 PLAYER
216 101145 27.800430 47.424990 PLAYER
216 202730 25.450280 32.344210 PLAYER
216 202331 36.160850 23.909660 PLAYER
216 1717 23.467740 26.065950 PLAYER
216 101114 26.567580 20.565780 PLAYER
216 101109 23.679930 40.467660 PLAYER
216 2585 33.812420 30.459890 PLAYER
216 202083 32.939660 15.657500 PLAYER
228 -1 34.677350 24.496460 BALL
228 201588 35.035060 9.085730 PLAYER
228 101133 34.431850 37.239540 PLAYER
228 101145 26.714970 47.448530 PLAYER
228 202730 24.016060 32.520910 PLAYER
228 202331 34.962560 23.915840 PLAYER
228 1717 22.379150 26.314230 PLAYER
228 101114 27.047230 21.094570 PLAYER
228 101109 22.810440 40.360490 PLAYER
228 2585 32.416580 29.890060 PLAYER
228 202083 31.515810 15.917090 PLAYER
240 -1 32.931730 24.181470 BALL
240 201588 33.765150 8.724570 PLAYER
240 101133 32.225910 36.970340 PLAYER
240 101145 25.817980 47.453450 PLAYER
240 202730 22.674920 32.638980 PLAYER
240 202331 33.773620 23.748190 PLAYER
240 1717 21.212390 26.638790 PLAYER
240 101114 27.471070 21.558870 PLAYER
240 101109 21.978940 40.288560 PLAYER
240 2585 30.931270 29.492840 PLAYER
240 202083 30.216100 16.052460 PLAYER
252 -1 31.684850 23.886710 BALL
252 201588 32.491650 8.368000 PLAYER
252 101133 30.055310 36.538300 PLAYER
252 101145 25.110500 47.409430 PLAYER
252 202730 21.420390 32.682230 PLAYER
252 202331 32.609220 23.504310 PLAYER
252 1717 20.128930 26.906020 PLAYER
252 101114 27.874040 21.994690 PLAYER
252 101109 21.204690 40.253320 PLAYER
252 2585 29.505110 29.092160 PLAYER
252 202083 28.994900 16.020160 PLAYER
264 -1 31.395150 23.357190 BALL
264 201588 31.197850 8.021490 PLAYER
264 101133 27.881670 35.934340 PLAYER
264 101145 24.535620 47.357330 PLAYER
264 202730 20.168080 32.726710 PLAYER
264 202331 31.757050 23.293880 PLAYER
264 1717 19.238370 26.995300 PLAYER
264 101114 28.188220 22.290090 PLAYER
264 101109 20.486920 40.219100 PLAYER
264 2585 28.093050 28.893840 PLAYER
264 202083 27.858690 15.950780 PLAYER
276 -1 32.340610 22.656490 BALL
276 201588 29.858850 7.660440 PLAYER
276 101133 25.789710 35.278980 PLAYER
276 101145 24.059770 47.279370 PLAYER
276 202730 18.876670 32.754310 PLAYER
276 202331 31.210680 22.989550 PLAYER
276 1717 18.343470 27.128510 PLAYER
276 101114 28.383010 22.412720 PLAYER
276 101109 19.805420 40.149670 PLAYER
276 2585 26.832270 28.864210 PLAYER
276 202083 26.765790 15.707310 PLAYER
288 -1 32.628800 22.020280 BALL
288 201588 28.516310 7.304990 PLAYER
288 101133 23.642330 34.532640 PLAYER
288 101145 23.690450 47.227180 PLAYER
288 202730 17.633680 32.812640 PLAYER
288 202331 31.060840 22.662930 PLAYER
288 1717 17.659010 27.323190 PLAYER
288 101114 28.486240 22.460220 PLAYER
288 101109 19.217460 40.069030 PLAYER
288 2585 25.589130 28.942460 PLAYER
288 202083 25.756470 15.330870 PLAYER
300 -1 32.914050 21.905460 BALL
300 201588 27.195120 6.948970 PLAYER
300 101133 21.605390 33.697580 PLAYER
300 101145 23.390160 47.207460 PLAYER
300 202730 16.515200 32.929930 PLAYER
300 202331 31.154290 22.237670 PLAYER
300 1717 17.099880 27.389650 PLAYER
300 101114 28.556580 22.326850 PLAYER
300 101109 18.732310 39.961340 PLAYER
300 2585 24.540580 29.108790 PLAYER
300 202083 24.757160 14.929880 PLAYER
312 -1 32.904060 21.338490 BALL
312 201588 25.897730 6.571520 PLAYER
312 101133 19.567790 32.902200 PLAYER
312 101145 23.132550 47.227210 PLAYER
312 202730 15.512840 32.997980 PLAYER
312 202331 31.331970 21.813890 PLAYER
312 1717 16.530370 27.276350 PLAYER
312 101114 28.541410 22.058840 PLAYER
312 101109 18.355760 39.870140 PLAYER
312 2585 23.432340 29.371440 PLAYER
312 202083 23.882900 14.480830 PLAYER
324 -1 32.548850 20.558660 BALL
324 201588 24.665590 6.137760 PLAYER
324 101133 17.669740 32.054410 PLAYER
324 101145 22.959130 47.275910 PLAYER
324 202730 14.584670 33.035150 PLAYER
324 202331 31.456840 21.463070 PLAYER
324 1717 15.791240 27.210900 PLAYER
324 101114 28.489150 21.749240 PLAYER
324 101109 18.113600 39.799610 PLAYER
324 2585 22.308420 29.538800 PLAYER
324 202083 23.101500 14.005810 PLAYER
336 -1 32.053050 19.858100 BALL
336 201588 23.542400 5.657730 PLAYER
336 101133 15.739560 31.080970 PLAYER
336 101145 22.886880 47.324160 PLAYER
336 202730 13.784520 33.155960 PLAYER
336 202331 31.510440 21.261090 PLAYER
336 1717 15.130300 27.120900 PLAYER
336 101114 28.463800 21.415470 PLAYER
336 101109 17.999160 39.759520 PLAYER
336 2585 20.949450 29.610230 PLAYER
336 202083 22.395540 13.528860 PLAYER
348 -1 32.337590 19.437390 BALL
348 201588 22.500070 5.163090 PLAYER
348 101133 13.862600 30.045660 PLAYER
348 101145 22.861070 47.361700 PLAYER
348 202730 13.037730 33.302140 PLAYER
348 202331 31.355860 20.988230 PLAYER
348 1717 14.543090 26.763190 PLAYER
348 101114 28.382950 21.032180 PLAYER
348 101109 17.995980 39.751540 PLAYER
348 2585 19.601520 29.626630 PLAYER
348 202083 21.697610 13.086190 PLAYER
360 -1 33.324070 19.238630 BALL
360 201588 21.500720 4.675510 PLAYER
360 101133 12.123970 28.932540 PLAYER
360 101145 22.867800 47.400610 PLAYER
360 202730 12.309020 33.443680 PLAYER
360 202331 31.363160 20.655030 PLAYER
360 1717 14.042730 26.493300 PLAYER
360 101114 28.331110 20.664190 PLAYER
360 101109 18.112400 39.776760 PLAYER
360 2585 18.080150 29.464780 PLAYER
360 202083 21.060420 12.666390 PLAYER
372 -1 34.032160 19.015820 BALL
372 201588 20.503470 4.255500 PLAYER
372 101133 10.525400 27.625040 PLAYER
372 101145 22.916930 47.413870 PLAYER
372 202730 11.628290 33.688590 PLAYER
372 202331 31.555060 20.362610 PLAYER
372 1717 13.704210 26.449330 PLAYER
372 101114 28.313730 20.387490 PLAYER
372 101109 18.304780 39.802740 PLAYER
372 2585 16.665340 29.323690 PLAYER
372 202083 20.362820 12.280940 PLAYER
384 -1 34.301710 18.544490 BALL
384 201588 19.508420 3.913730 PLAYER
384 101133 9.008830 26.231690 PLAYER
384 101145 23.018740 47.449950 PLAYER
384 202730 11.083260 33.995730 PLAYER
384 202331 31.823260 19.968300 PLAYER
384 1717 13.409590 26.447940 PLAYER
384 101114 28.293740 20.159420 PLAYER
384 101109 18.550980 39.823150 PLAYER
384 2585 15.282290 29.074270 PLAYER
384 202083 19.660930 11.946080 PLAYER
396 -1 34.280240 17.936350 BALL
396 201588 18.591990 3.595770 PLAYER
396 101133 7.651640 24.766630 PLAYER
396 101145 23.151390 47.502890 PLAYER
396 202730 10.644940 34.243030 PLAYER
396 202331 32.207550 19.408720 PLAYER
396 1717 13.130760 26.433590 PLAYER
396 101114 28.257810 19.979080 PLAYER
396 101109 18.870650 39.794020 PLAYER
396 2585 13.914520 28.761520 PLAYER
396 202083 18.974120 11.655070 PLAYER
408 -1 33.833550 17.261190 BALL
408 201588 17.727150 3.301550 PLAYER
408 101133 6.562390 23.238500 PLAYER
408 101145 23.289900 47.557520 PLAYER
408 202730 10.352250 34.486420 PLAYER
408 202331 32.578660 18.999670 PLAYER
408 1717 12.832930 26.447430 PLAYER
408 101114 28.244210 19.871060 PLAYER
408 101109 19.187890 39.670840 PLAYER
408 2585 12.548160 28.327070 PLAYER
408 202083 18.325910 11.408280 PLAYER
420 -1 33.032010 16.819760 BALL
420 201588 16.951460 3.000050 PLAYER
420 101133 5.623700 21.671400 PLAYER
420 101145 23.417740 47.608360 PLAYER
420 202730 10.170620 34.751490 PLAYER
420 202331 32.834180 18.751080 PLAYER
420 1717 12.641160 26.439220 PLAYER
420 101114 28.242370 19.849350 PLAYER
420 101109 19.492530 39.474110 PLAYER
420 2585 11.406080 27.805540 PLAYER
420 202083 17.673490 11.148780 PLAYER
432 -1 32.884930 16.581080 BALL
432 201588 16.363720 2.666590 PLAYER
432 101133 4.848900 20.147870 PLAYER
432 101145 23.497020 47.667790 PLAYER
432 202730 10.102700 35.009190 PLAYER
432 202331 33.053880 18.595420 PLAYER
432 1717 12.501300 26.414880 PLAYER
432 101114 28.262360 19.852860 PLAYER
432 101109 19.779700 39.211740 PLAYER
432 2585 10.429980 27.081510 PLAYER
432 202083 17.041730 10.947200 PLAYER
444 -1 33.282300 16.646030 BALL
444 201588 15.961840 2.342980 PLAYER
444 101133 4.367220 18.691170 PLAYER
444 101145 23.516230 47.700300 PLAYER
444 202730 10.129550 35.245680 PLAYER
444 202331 33.244570 18.555130 PLAYER
444 1717 12.495640 26.467500 PLAYER
444 101114 28.294190 19.857180 PLAYER
444 101109 20.049950 38.899480 PLAYER
444 2585 9.508730 26.299220 PLAYER
444 202083 16.411070 10.726500 PLAYER
456 -1 33.332180 16.641090 BALL
456 201588 15.658940 2.108100 PLAYER
456 101133 4.059000 17.356350 PLAYER
456 101145 23.478680 47.714620 PLAYER
456 202730 10.166800 35.424340 PLAYER
456 202331 33.349610 18.529430 PLAYER
456 1717 12.474090 26.572220 PLAYER
456 101114 28.314160 19.860520 PLAYER
456 101109 20.284150 38.606960 PLAYER
456 2585 8.655440 25.384740 PLAYER
456 202083 15.867000 10.444410 PLAYER
468 -1 33.096580 16.922060 BALL
468 201588 15.586780 1.905770 PLAYER
468 101133 3.855560 16.128770 PLAYER
468 101145 23.419460 47.723420 PLAYER
468 202730 10.246290 35.502240 PLAYER
468 202331 33.500920 18.608200 PLAYER
468 1717 12.473630 26.732920 PLAYER
468 101114 28.346660 19.878890 PLAYER
468 101109 20.521190 38.378320 PLAYER
468 2585 8.085370 24.396310 PLAYER
468 202083 15.318040 10.216500 PLAYER
480 -1 32.919220 17.635950 BALL
480 201588 15.707940 1.829740 PLAYER
480 101133 3.763740 15.032660 PLAYER
480 101145 23.357560 47.728360 PLAYER
480 202730 10.446230 35.460530 PLAYER
480 202331 33.731160 18.872910 PLAYER
480 1717 12.446430 27.040000 PLAYER
480 101114 28.402840 19.967730 PLAYER
480 101109 20.773870 38.188380 PLAYER
480 2585 7.514060 23.350360 PLAYER
480 202083 14.845010 10.070950 PLAYER
492 -1 33.545600 18.867650 BALL
492 201588 15.954920 1.795790 PLAYER
492 101133 3.870050 14.066350 PLAYER
492 101145 23.320390 47.732040 PLAYER
492 202730 10.744040 35.326930 PLAYER
492 202331 34.014360 19.243660 PLAYER
492 1717 12.431370 27.427660 PLAYER
492 101114 28.442240 20.165770 PLAYER
492 101109 21.081160 38.098190 PLAYER
492 2585 7.046180 22.404340 PLAYER
492 202083 14.441120 9.927570 PLAYER
504 -1 34.308060 19.746330 BALL
504 201588 16.335650 1.777480 PLAYER
504 101133 4.055740 13.225330 PLAYER
504 101145 23.332760 47.708400 PLAYER
504 202730 11.091960 35.135250 PLAYER
504 202331 34.323650 19.603540 PLAYER
504 1717 12.471280 27.854190 PLAYER
504 101114 28.432420 20.418570 PLAYER
504 101109 21.465970 38.148650 PLAYER
504 2585 6.798350 21.562670 PLAYER
504 202083 14.133020 9.817700 PLAYER
516 -1 34.697480 20.379090 BALL
516 201588 16.809310 1.782680 PLAYER
516 101133 4.409570 12.537700 PLAYER
516 101145 23.416070 47.653630 PLAYER
516 202730 11.524100 34.962790 PLAYER
516 202331 34.652000 20.088640 PLAYER
516 1717 12.621260 28.267030 PLAYER
516 101114 28.397880 20.683050 PLAYER
516 101109 21.916580 38.280920 PLAYER
516 2585 6.755370 20.822530 PLAYER
516 202083 13.858260 9.756750 PLAYER
528 -1 34.994710 20.823650 BALL
528 201588 17.244650 1.916260 PLAYER
528 101133 4.936760 12.063810 PLAYER
528 101145 23.593400 47.582630 PLAYER
528 202730 11.966160 34.827000 PLAYER
528 202331 34.923660 20.482530 PLAYER
528 1717 12.862890 28.715000 PLAYER
528 101114 28.339660 20.971570 PLAYER
528 101109 22.427080 38.469410 PLAYER
528 2585 6.634710 20.085300 PLAYER
528 202083 13.713310 9.639690 PLAYER
540 -1 35.186950 21.346400 BALL
540 201588 17.780400 2.052200 PLAYER
540 101133 5.564520 11.568580 PLAYER
540 101145 23.917660 47.525220 PLAYER
540 202730 12.350960 34.773600 PLAYER
540 202331 35.065980 20.700560 PLAYER
540 1717 13.202800 29.122280 PLAYER
540 101114 28.248520 21.257570 PLAYER
540 101109 22.987410 38.723390 PLAYER
540 2585 6.602180 19.414620 PLAYER
540 202083 13.644800 9.516530 PLAYER
552 -1 34.707250 21.986440 BALL
552 201588 18.410540 2.260750 PLAYER
552 101133 6.264900 11.194780 PLAYER
552 101145 24.361160 47.487700 PLAYER
552 202730 12.705340 34.734890 PLAYER
552 202331 35.083420 20.776790 PLAYER
552 1717 13.547710 29.506620 PLAYER
552 101114 28.151630 21.507570 PLAYER
552 101109 23.587100 38.960040 PLAYER
552 2585 6.529800 18.747720 PLAYER
552 202083 13.619160 9.440200 PLAYER
564 -1 32.288110 23.771360 BALL
564 201588 19.072580 2.504090 PLAYER
564 101133 6.951820 10.991280 PLAYER
564 101145 24.837720 47.492460 PLAYER
564 202730 13.122800 34.719040 PLAYER
564 202331 35.058230 20.771240 PLAYER
564 1717 14.011050 29.876110 PLAYER
564 101114 28.085720 21.734430 PLAYER
564 101109 24.186440 39.128250 PLAYER
564 2585 6.429320 18.123590 PLAYER
564 202083 13.626650 9.407860 PLAYER
576 -1 28.968290 26.116500 BALL
576 201588 19.795000 2.743520 PLAYER
576 101133 7.634190 10.879750 PLAYER
576 101145 25.323310 47.525520 PLAYER
576 202730 13.560050 34.688620 PLAYER
576 202331 35.051200 20.721670 PLAYER
576 1717 14.510510 30.275440 PLAYER
576 101114 28.018530 21.955450 PLAYER
576 101109 24.746450 39.254450 PLAYER
576 2585 6.373730 17.507390 PLAYER
576 202083 13.654460 9.454810 PLAYER
588 -1 25.961870 28.275400 BALL
588 201588 20.579630 2.909070 PLAYER
588 101133 8.300670 10.802160 PLAYER
588 101145 25.768930 47.567180 PLAYER
588 202730 14.089140 34.623110 PLAYER
588 202331 35.012770 20.607270 PLAYER
588 1717 14.941830 30.688700 PLAYER
588 101114 27.934050 22.125320 PLAYER
588 101109 25.249780 39.353010 PLAYER
588 2585 6.520800 17.285510 PLAYER
588 202083 13.739280 9.602130 PLAYER
600 -1 22.578740 30.779670 BALL
600 201588 21.297480 3.098190 PLAYER
600 101133 9.012160 11.064040 PLAYER
600 101145 25.993980 47.519850 PLAYER
600 202730 14.732010 34.492200 PLAYER
600 202331 34.976250 20.475890 PLAYER
600 1717 15.244400 30.986920 PLAYER
600 101114 27.831960 22.213820 PLAYER
600 101109 25.662700 39.432630 PLAYER
600 2585 6.696060 17.060710 PLAYER
600 202083 13.930930 9.817720 PLAYER
612 -1 19.478850 33.020280 BALL
612 201588 21.912770 3.301530 PLAYER
612 101133 9.671320 11.393670 PLAYER
612 101145 25.933460 47.373530 PLAYER
612 202730 15.381780 34.389350 PLAYER
612 202331 34.989120 20.348510 PLAYER
612 1717 15.518080 31.275200 PLAYER
612 101114 27.738110 22.233510 PLAYER
612 101109 25.932370 39.527550 PLAYER
612 2585 6.912220 16.968300 PLAYER
612 202083 14.192090 10.081510 PLAYER
624 -1 18.725140 33.966650 BALL
624 201588 22.466200 3.527540 PLAYER
624 101133 10.404300 11.694020 PLAYER
624 101145 25.653410 47.110750 PLAYER
624 202730 16.238300 34.282410 PLAYER
624 202331 35.027120 20.283210 PLAYER
624 1717 15.611130 31.442230 PLAYER
624 101114 27.653580 22.228820 PLAYER
624 101109 25.964270 39.664360 PLAYER
624 2585 7.192850 16.956330 PLAYER
624 202083 14.614860 10.370190 PLAYER
636 -1 19.243140 33.710430 BALL
636 201588 22.977570 3.748250 PLAYER
636 101133 11.113020 12.002240 PLAYER
636 101145 25.097890 46.725410 PLAYER
636 202730 17.275890 34.203320 PLAYER
636 202331 34.984700 20.100810 PLAYER
636 1717 15.682790 31.560280 PLAYER
636 101114 27.597220 22.220050 PLAYER
636 101109 25.682760 39.828420 PLAYER
636 2585 7.515240 17.086790 PLAYER
636 202083 15.090670 10.675080 PLAYER
648 -1 19.557530 33.486120 BALL
648 201588 23.440910 3.984480 PLAYER
648 101133 11.805470 12.336710 PLAYER
648 101145 24.213210 46.204760 PLAYER
648 202730 18.363120 34.101720 PLAYER
648 202331 34.914820 19.977360 PLAYER
648 1717 15.809890 31.541430 PLAYER
648 101114 27.567200 22.216510 PLAYER
648 101109 25.142260 40.027370 PLAYER
648 2585 7.752910 17.028040 PLAYER
648 202083 15.421600 11.017010 PLAYER
660 -1 19.858250 33.916970 BALL
660 201588 23.849580 4.191800 PLAYER
660 101133 12.412420 12.640980 PLAYER
660 101145 23.222180 45.666290 PLAYER
660 202730 19.437930 34.005450 PLAYER
660 202331 34.884250 19.842680 PLAYER
660 1717 16.007690 31.491530 PLAYER
660 101114 27.556110 22.226000 PLAYER
660 101109 24.329950 40.220240 PLAYER
660 2585 8.085630 17.168410 PLAYER
660 202083 15.705790 11.381350 PLAYER
672 -1 21.727470 33.364000 BALL
672 201588 24.193560 4.340250 PLAYER
672 101133 12.870520 13.024560 PLAYER
672 101145 22.315170 45.182150 PLAYER
672 202730 20.563170 33.878410 PLAYER
672 202331 34.818080 19.712320 PLAYER
672 1717 16.256070 31.406480 PLAYER
672 101114 27.556610 22.255110 PLAYER
672 101109 23.366590 40.451350 PLAYER
672 2585 8.482630 17.312670 PLAYER
672 202083 15.982030 11.719340 PLAYER
684 -1 22.931560 33.360310 BALL
684 201588 24.447930 4.434500 PLAYER
684 101133 13.256560 13.518930 PLAYER
684 101145 21.592470 44.801930 PLAYER
684 202730 21.414540 33.729230 PLAYER
684 202331 34.697830 19.538690 PLAYER
684 1717 16.570570 31.413530 PLAYER
684 101114 27.570970 22.320420 PLAYER
684 101109 22.313630 40.597800 PLAYER
684 2585 8.884950 17.449780 PLAYER
684 202083 16.138430 12.070590 PLAYER
696 -1 23.685350 33.496300 BALL
696 201588 24.568570 4.505740 PLAYER
696 101133 13.730290 13.981990 PLAYER
696 101145 21.113350 44.533640 PLAYER
696 202730 21.960170 33.540210 PLAYER
696 202331 34.579810 19.562430 PLAYER
696 1717 16.907140 31.411520 PLAYER
696 101114 27.597900 22.449380 PLAYER
696 101109 21.380290 40.659630 PLAYER
696 2585 9.244470 17.600730 PLAYER
696 202083 16.282290 12.419490 PLAYER
708 -1 24.380660 33.381140 BALL
708 201588 24.564580 4.553000 PLAYER
708 101133 14.196650 14.406610 PLAYER
708 101145 20.976740 44.363430 PLAYER
708 202730 22.438380 33.410870 PLAYER
708 202331 34.474430 19.647220 PLAYER
708 1717 17.272350 31.530820 PLAYER
708 101114 27.631210 22.633170 PLAYER
708 101109 20.600810 40.601940 PLAYER
708 2585 9.697240 17.743410 PLAYER
708 202083 16.543510 12.700910 PLAYER
720 -1 24.769230 32.957890 BALL
720 201588 24.463130 4.558870 PLAYER
720 101133 14.713660 14.796020 PLAYER
720 101145 21.047330 44.267070 PLAYER
720 202730 22.745600 33.337790 PLAYER
720 202331 34.299970 19.606110 PLAYER
720 1717 17.632310 31.613220 PLAYER
720 101114 27.659500 22.853110 PLAYER
720 101109 20.049820 40.482610 PLAYER
720 2585 10.186250 17.838870 PLAYER
720 202083 16.767710 12.918920 PLAYER
732 -1 24.338130 32.182480 BALL
732 201588 24.307820 4.545220 PLAYER
732 101133 15.366820 15.114020 PLAYER
732 101145 21.270220 44.215870 PLAYER
732 202730 22.917340 33.282320 PLAYER
732 202331 34.037020 19.635190 PLAYER
732 1717 17.990290 31.651570 PLAYER
732 101114 27.647850 23.064300 PLAYER
732 101109 19.628430 40.284480 PLAYER
732 2585 10.634590 17.994260 PLAYER
732 202083 17.033470 13.044010 PLAYER
744 -1 23.534840 31.822470 BALL
744 201588 24.079640 4.543560 PLAYER
744 101133 15.961290 15.378110 PLAYER
744 101145 21.626880 44.203870 PLAYER
744 202730 23.032020 33.268880 PLAYER
744 202331 33.672920 19.494270 PLAYER
744 1717 18.248570 31.694350 PLAYER
744 101114 27.568350 23.221160 PLAYER
744 101109 19.410300 40.114610 PLAYER
744 2585 10.994140 18.168970 PLAYER
744 202083 17.161640 13.141220 PLAYER
756 -1 22.981570 32.362000 BALL
756 201588 23.812950 4.574480 PLAYER
756 101133 16.464020 15.658720 PLAYER
756 101145 22.022770 44.314040 PLAYER
756 202730 23.166350 33.284450 PLAYER
756 202331 33.197360 19.257490 PLAYER
756 1717 18.419290 31.652650 PLAYER
756 101114 27.349790 23.221550 PLAYER
756 101109 19.377930 39.950840 PLAYER
756 2585 11.339950 18.556340 PLAYER
756 202083 17.246080 13.178100 PLAYER
768 -1 22.808330 32.821190 BALL
768 201588 23.550000 4.636070 PLAYER
768 101133 16.857780 15.961690 PLAYER
768 101145 22.411580 44.549050 PLAYER
768 202730 23.091890 33.245230 PLAYER
768 202331 32.580750 18.863370 PLAYER
768 1717 18.466960 31.631860 PLAYER
768 101114 27.112790 23.190680 PLAYER
768 101109 19.447840 39.850770 PLAYER
768 2585 11.585920 19.012560 PLAYER
768 202083 17.312250 13.165660 PLAYER
780 -1 22.679590 33.218350 BALL
780 201588 23.300460 4.761860 PLAYER
780 101133 17.132340 16.230280 PLAYER
780 101145 22.885850 44.872560 PLAYER
780 202730 23.025310 33.180690 PLAYER
780 202331 31.770310 18.538430 PLAYER
780 1717 18.605180 31.562630 PLAYER
780 101114 26.814090 23.063460 PLAYER
780 101109 19.570910 39.791440 PLAYER
780 2585 11.800700 19.448770 PLAYER
780 202083 17.262620 13.163820 PLAYER
792 -1 22.513280 33.702410 BALL
792 201588 23.071000 4.966390 PLAYER
792 101133 17.403860 16.417630 PLAYER
792 101145 23.415400 45.250390 PLAYER
792 202730 22.884790 33.136430 PLAYER
792 202331 30.811820 18.056320 PLAYER
792 1717 18.613910 31.609380 PLAYER
792 101114 26.452240 22.870760 PLAYER
792 101109 19.800080 39.745860 PLAYER
792 2585 12.052610 19.996140 PLAYER
792 202083 17.088420 13.206110 PLAYER
804 -1 22.811320 34.139330 BALL
804 201588 22.874200 5.224960 PLAYER
804 101133 17.610260 16.590230 PLAYER
804 101145 23.883150 45.653860 PLAYER
804 202730 22.722460 33.108510 PLAYER
804 202331 29.767120 17.614750 PLAYER
804 1717 18.688610 31.607250 PLAYER
804 101114 26.000400 22.636470 PLAYER
804 101109 20.085680 39.627600 PLAYER
804 2585 12.390720 20.366520 PLAYER
804 202083 16.976480 13.216520 PLAYER
816 -1 23.219190 34.073010 BALL
816 201588 22.693610 5.531070 PLAYER
816 101133 17.732210 16.700370 PLAYER
816 101145 24.406850 45.989680 PLAYER
816 202730 22.589750 33.148860 PLAYER
816 202331 28.638050 17.155470 PLAYER
816 1717 18.739150 31.671280 PLAYER
816 101114 25.567500 22.416900 PLAYER
816 101109 20.376770 39.605380 PLAYER
816 2585 12.812140 20.494710 PLAYER
816 202083 16.878700 13.238770 PLAYER
828 -1 23.500340 35.162350 BALL
828 201588 22.505240 5.869820 PLAYER
828 101133 17.840880 16.726990 PLAYER
828 101145 25.062510 46.292550 PLAYER
828 202730 22.453700 33.378270 PLAYER
828 202331 27.428130 16.672580 PLAYER
828 1717 18.771140 31.674450 PLAYER
828 101114 25.105290 22.075640 PLAYER
828 101109 20.759680 39.653010 PLAYER
828 2585 13.239160 20.581000 PLAYER
828 202083 16.696830 13.303810 PLAYER
840 -1 24.319210 37.608300 BALL
840 201588 22.328780 6.231650 PLAYER
840 101133 18.022000 16.671800 PLAYER
840 101145 25.739660 46.537160 PLAYER
840 202730 22.381210 33.697280 PLAYER
840 202331 26.143470 16.198240 PLAYER
840 1717 18.641130 31.917030 PLAYER
840 101114 24.650500 21.720970 PLAYER
840 101109 21.203880 39.719800 PLAYER
840 2585 13.605100 20.694920 PLAYER
840 202083 16.505310 13.389600 PLAYER
852 -1 25.269630 40.449040 BALL
852 201588 22.186130 6.641270 PLAYER
852 101133 18.133950 16.613290 PLAYER
852 101145 26.369510 46.692580 PLAYER
852 202730 22.411270 34.029140 PLAYER
852 202331 24.901940 15.713540 PLAYER
852 1717 18.426930 32.118930 PLAYER
852 101114 24.253650 21.310010 PLAYER
852 101109 21.652490 39.837680 PLAYER
852 2585 13.908590 20.637070 PLAYER
852 202083 16.285830 13.536620 PLAYER
864 -1 26.217530 43.106310 BALL
864 201588 22.118170 7.123250 PLAYER
864 101133 18.106950 16.456780 PLAYER
864 101145 26.978430 46.720940 PLAYER
864 202730 22.404040 34.392960 PLAYER
864 202331 23.549010 15.226100 PLAYER
864 1717 18.309490 32.397260 PLAYER
864 101114 24.026920 20.839180 PLAYER
864 101109 22.149670 40.096660 PLAYER
864 2585 14.119940 20.689650 PLAYER
864 202083 16.070600 13.747290 PLAYER
876 -1 27.175980 45.217100 BALL
876 201588 22.160770 7.629770 PLAYER
876 101133 18.286200 16.219490 PLAYER
876 101145 27.542630 46.653760 PLAYER
876 202730 22.161710 34.829620 PLAYER
876 202331 22.198720 14.640720 PLAYER
876 1717 18.358430 32.898040 PLAYER
876 101114 23.887450 20.379180 PLAYER
876 101109 22.748900 40.268720 PLAYER
876 2585 14.209530 20.698560 PLAYER
876 202083 15.793460 14.014010 PLAYER
888 -1 27.964500 45.413390 BALL
888 201588 22.276550 8.140590 PLAYER
888 101133 18.730440 16.033510 PLAYER
888 101145 27.959180 46.535820 PLAYER
888 202730 21.979770 35.250300 PLAYER
888 202331 20.825370 13.986660 PLAYER
888 1717 18.288840 33.391320 PLAYER
888 101114 23.764250 19.942720 PLAYER
888 101109 23.356280 40.305450 PLAYER
888 2585 14.206150 20.653120 PLAYER
888 202083 15.490150 14.296370 PLAYER
900 -1 28.416710 45.332300 BALL
900 201588 22.374220 8.635650 PLAYER
900 101133 19.144360 15.873190 PLAYER
900 101145 28.250800 46.408960 PLAYER
900 202730 21.793910 35.642460 PLAYER
900 202331 19.489130 13.357670 PLAYER
900 1717 18.186190 33.907440 PLAYER
900 101114 23.645090 19.532790 PLAYER
900 101109 23.976780 40.264420 PLAYER
900 2585 14.134750 20.513590 PLAYER
900 202083 15.182110 14.578010 PLAYER
912 -1 28.583370 45.396100 BALL
912 201588 22.385760 9.046850 PLAYER
912 101133 19.614470 15.702070 PLAYER
912 101145 28.460410 46.280570 PLAYER
912 202730 21.592270 36.108860 PLAYER
912 202331 18.121230 12.767540 PLAYER
912 1717 18.246560 34.469720 PLAYER
912 101114 23.579590 19.194230 PLAYER
912 101109 24.594450 40.154940 PLAYER
912 2585 13.984320 20.283900 PLAYER
912 202083 14.881890 14.835440 PLAYER
924 -1 28.629680 45.392750 BALL
924 201588 22.311280 9.359040 PLAYER
924 101133 20.197610 15.575600 PLAYER
924 101145 28.609290 46.174420 PLAYER
924 202730 21.445160 36.641850 PLAYER
924 202331 16.801250 12.150150 PLAYER
924 1717 18.108910 35.051470 PLAYER
924 101114 23.475880 18.926310 PLAYER
924 101109 25.165460 40.003550 PLAYER
924 2585 13.810860 20.030400 PLAYER
924 202083 14.498830 15.034890 PLAYER
936 -1 28.664600 45.377910 BALL
936 201588 22.178510 9.586660 PLAYER
936 101133 20.583090 15.547520 PLAYER
936 101145 28.708040 46.086180 PLAYER
936 202730 21.505150 37.155240 PLAYER
936 202331 15.443730 11.498220 PLAYER
936 1717 17.741420 35.500320 PLAYER
936 101114 23.262420 18.700000 PLAYER
936 101109 25.593940 39.918440 PLAYER
936 2585 13.582410 19.772340 PLAYER
936 202083 14.045140 15.113670 PLAYER
948 -1 28.689550 45.342950 BALL
948 201588 22.056840 9.737840 PLAYER
948 101133 20.806320 15.476820 PLAYER
948 101145 28.798600 45.981530 PLAYER
948 202730 21.549830 37.671740 PLAYER
948 202331 14.187640 10.864980 PLAYER
948 1717 17.512880 36.126280 PLAYER
948 101114 23.225750 18.426880 PLAYER
948 101109 25.906690 39.950110 PLAYER
948 2585 13.329200 19.470870 PLAYER
948 202083 13.572200 15.091270 PLAYER
960 -1 28.705980 45.279270 BALL
960 201588 22.013620 9.822300 PLAYER
960 101133 20.996000 15.396670 PLAYER
960 101145 28.879570 45.867560 PLAYER
960 202730 21.519850 38.216250 PLAYER
960 202331 13.006710 10.151450 PLAYER
960 1717 17.367780 36.777800 PLAYER
960 101114 23.237450 18.107920 PLAYER
960 101109 26.169090 40.090920 PLAYER
960 2585 13.069050 19.168570 PLAYER
960 202083 13.089560 14.995940 PLAYER
972 -1 28.715310 45.178240 BALL
972 201588 22.113290 9.847740 PLAYER
972 101133 21.169110 15.339080 PLAYER
972 101145 28.930400 45.772760 PLAYER
972 202730 21.440320 38.767680 PLAYER
972 202331 11.881560 9.409120 PLAYER
972 1717 17.175830 37.462540 PLAYER
972 101114 23.201510 17.748450 PLAYER
972 101109 26.435260 40.282310 PLAYER
972 2585 12.784230 18.993760 PLAYER
972 202083 12.527600 14.853360 PLAYER
984 -1 28.718980 45.031230 BALL
984 201588 22.312840 9.798830 PLAYER
984 101133 21.469390 15.268180 PLAYER
984 101145 28.919070 45.730100 PLAYER
984 202730 21.326040 39.329500 PLAYER
984 202331 10.905880 8.722300 PLAYER
984 1717 17.183940 38.097810 PLAYER
984 101114 23.118030 17.426870 PLAYER
984 101109 26.695110 40.512380 PLAYER
984 2585 12.461880 18.869950 PLAYER
984 202083 11.942700 14.712170 PLAYER
996 -1 28.668320 45.008620 BALL
996 201588 22.547440 9.692470 PLAYER
996 101133 21.746470 15.175580 PLAYER
996 101145 28.782370 45.736920 PLAYER
996 202730 21.253480 39.832010 PLAYER
996 202331 10.077720 8.139870 PLAYER
996 1717 17.269970 38.675330 PLAYER
996 101114 23.249040 17.030040 PLAYER
996 101109 26.939850 40.805630 PLAYER
996 2585 12.166430 18.716580 PLAYER
996 202083 11.347550 14.660790 PLAYER
1008 -1 28.409280 45.205050 BALL
1008 201588 22.772610 9.532710 PLAYER
1008 101133 21.889870 15.084450 PLAYER
1008 101145 28.527300 45.737250 PLAYER
1008 202730 21.311210 40.363670 PLAYER
1008 202331 9.288560 7.632770 PLAYER
1008 1717 17.384530 39.098940 PLAYER
1008 101114 23.205030 16.744050 PLAYER
1008 101109 27.088260 41.202630 PLAYER
1008 2585 11.981240 18.514570 PLAYER
1008 202083 10.776600 14.661240 PLAYER
1020 -1 27.946560 45.561770 BALL
1020 201588 22.980560 9.340750 PLAYER
1020 101133 22.027950 15.040350 PLAYER
1020 101145 28.144880 45.647830 PLAYER
1020 202730 21.441760 40.842570 PLAYER
1020 202331 8.563680 7.136890 PLAYER
1020 1717 17.393170 39.410730 PLAYER
1020 101114 23.051970 16.571620 PLAYER
1020 101109 27.103300 41.706850 PLAYER
1020 2585 11.806050 18.343070 PLAYER
1020 202083 10.264240 14.708900 PLAYER
1032 -1 27.062710 46.273450 BALL
1032 201588 23.136250 9.128960 PLAYER
1032 101133 22.089870 15.019840 PLAYER
1032 101145 27.518730 45.663840 PLAYER
1032 202730 21.666290 41.256920 PLAYER
1032 202331 7.921720 6.624350 PLAYER
1032 1717 17.482800 39.655560 PLAYER
1032 101114 22.969510 16.447540 PLAYER
1032 101109 26.980270 42.430210 PLAYER
1032 2585 11.718230 18.056750 PLAYER
1032 202083 9.778840 14.707620 PLAYER
1044 -1 25.699690 46.775460 BALL
1044 201588 23.232330 8.934080 PLAYER
1044 101133 22.021220 14.935710 PLAYER
1044 101145 26.679000 45.729690 PLAYER
1044 202730 21.971600 41.602730 PLAYER
1044 202331 7.337420 6.105390 PLAYER
1044 1717 17.338470 39.901310 PLAYER
1044 101114 22.914620 16.308060 PLAYER
1044 101109 26.675200 43.149210 PLAYER
1044 2585 11.707740 17.755120 PLAYER
1044 202083 9.358340 14.662810 PLAYER
1056 -1 24.274860 46.452840 BALL
1056 201588 23.297690 8.756950 PLAYER
1056 101133 21.869820 14.880100 PLAYER
1056 101145 25.723180 45.788260 PLAYER
1056 202730 22.286240 41.872800 PLAYER
1056 202331 6.849190 5.579030 PLAYER
1056 1717 17.093680 40.093030 PLAYER
1056 101114 22.785450 16.230470 PLAYER
1056 101109 26.135390 43.748410 PLAYER
1056 2585 11.729250 17.559930 PLAYER
1056 202083 9.002750 14.567860 PLAYER
1068 -1 22.509040 46.755450 BALL
1068 201588 23.374150 8.613950 PLAYER
1068 101133 21.629330 14.866260 PLAYER
1068 101145 24.573040 45.910640 PLAYER
1068 202730 22.539880 41.897440 PLAYER
1068 202331 6.477480 5.042740 PLAYER
1068 1717 16.780800 40.177880 PLAYER
1068 101114 22.660740 16.122120 PLAYER
1068 101109 25.435040 44.252250 PLAYER
1068 2585 11.680470 17.597620 PLAYER
1068 202083 8.666550 14.481450 PLAYER
1080 -1 21.559060 47.476010 BALL
1080 201588 23.442330 8.524360 PLAYER
1080 101133 21.327810 14.852990 PLAYER
1080 101145 23.317240 46.103160 PLAYER
1080 202730 22.744720 41.762490 PLAYER
1080 202331 6.248200 4.592620 PLAYER
1080 1717 16.393050 40.184620 PLAYER
1080 101114 22.575100 15.974660 PLAYER
1080 101109 24.563680 44.600510 PLAYER
1080 2585 11.642430 17.752700 PLAYER
1080 202083 8.297590 14.385290 PLAYER
1092 -1 20.541600 47.806800 BALL
1092 201588 23.527250 8.504250 PLAYER
1092 101133 20.937000 14.938450 PLAYER
1092 101145 21.897240 46.132770 PLAYER
1092 202730 22.858860 41.413250 PLAYER
1092 202331 6.130650 4.192970 PLAYER
1092 1717 15.860390 40.058850 PLAYER
1092 101114 22.514690 15.739630 PLAYER
1092 101109 23.421420 44.661220 PLAYER
1092 2585 11.508100 18.144610 PLAYER
1092 202083 7.948030 14.376260 PLAYER
1104 -1 19.242840 47.657580 BALL
1104 201588 23.633400 8.551340 PLAYER
1104 101133 20.556830 15.161310 PLAYER
1104 101145 20.512920 45.928970 PLAYER
1104 202730 22.864620 40.830020 PLAYER
1104 202331 6.115330 3.824070 PLAYER
1104 1717 15.340700 39.764190 PLAYER
1104 101114 22.388740 15.571980 PLAYER
1104 101109 22.198770 44.561080 PLAYER
1104 2585 11.360440 18.675140 PLAYER
1104 202083 7.604180 14.442160 PLAYER
1116 -1 17.483580 46.295430 BALL
1116 201588 23.770940 8.697620 PLAYER
1116 101133 20.243440 15.446920 PLAYER
1116 101145 19.091070 45.625230 PLAYER
1116 202730 22.703530 40.048990 PLAYER
1116 202331 6.151740 3.480850 PLAYER
1116 1717 14.888430 39.415190 PLAYER
1116 101114 22.168310 15.529360 PLAYER
1116 101109 20.917850 44.358860 PLAYER
1116 2585 11.233200 19.303870 PLAYER
1116 202083 7.252700 14.592470 PLAYER
1128 -1 16.900840 43.593100 BALL
1128 201588 23.966860 8.922280 PLAYER
1128 101133 19.837060 15.770580 PLAYER
1128 101145 17.698770 45.186550 PLAYER
1128 202730 22.440710 39.223060 PLAYER
1128 202331 6.240040 3.174560 PLAYER
1128 1717 14.344200 38.988930 PLAYER
1128 101114 22.007620 15.744490 PLAYER
1128 101109 19.616710 43.999540 PLAYER
1128 2585 11.142200 19.929700 PLAYER
1128 202083 6.918260 14.833180 PLAYER
1140 -1 18.313130 40.382620 BALL
1140 201588 24.273170 9.204960 PLAYER
1140 101133 19.347700 16.103500 PLAYER
1140 101145 16.356250 44.671580 PLAYER
1140 202730 22.059120 38.305850 PLAYER
1140 202331 6.325780 2.884210 PLAYER
1140 1717 13.914490 38.500270 PLAYER
1140 101114 21.963540 16.173720 PLAYER
1140 101109 18.330570 43.550920 PLAYER
1140 2585 11.042130 20.689160 PLAYER
1140 202083 6.635820 15.087970 PLAYER
1152 -1 19.444090 38.637730 BALL
1152 201588 24.661400 9.557990 PLAYER
1152 101133 18.745080 16.510650 PLAYER
1152 101145 15.253540 44.152180 PLAYER
1152 202730 21.606590 37.380940 PLAYER
1152 202331 6.404170 2.619420 PLAYER
1152 1717 13.689200 37.925370 PLAYER
1152 101114 21.774080 16.875830 PLAYER
1152 101109 17.217330 43.033160 PLAYER
1152 2585 11.022080 21.418340 PLAYER
1152 202083 6.373860 15.332050 PLAYER
1164 -1 20.428430 36.983970 BALL
1164 201588 25.132220 10.025740 PLAYER
1164 101133 18.165900 16.865670 PLAYER
1164 101145 14.232770 43.783620 PLAYER
1164 202730 21.070040 36.438010 PLAYER
1164 202331 6.489400 2.420930 PLAYER
1164 1717 13.586250 37.352790 PLAYER
1164 101114 21.662750 17.733450 PLAYER
1164 101109 16.115050 42.546210 PLAYER
1164 2585 11.065090 22.054880 PLAYER
1164 202083 6.126580 15.574370 PLAYER
1176 -1 19.925880 35.648440 BALL
1176 201588 25.640880 10.546890 PLAYER
1176 101133 17.374340 17.327920 PLAYER
1176 101145 13.341760 43.449280 PLAYER
1176 202730 20.510210 35.527640 PLAYER
1176 202331 6.603870 2.294900 PLAYER
1176 1717 13.568830 36.694210 PLAYER
1176 101114 21.575110 18.660820 PLAYER
1176 101109 15.177870 42.081670 PLAYER
1176 2585 11.083410 22.738550 PLAYER
1176 202083 6.016020 15.757800 PLAYER
1188 -1 19.314630 34.622210 BALL
1188 201588 26.149820 11.093400 PLAYER
1188 101133 16.524630 17.967240 PLAYER
1188 101145 12.650720 43.192850 PLAYER
1188 202730 19.900970 34.542150 PLAYER
1188 202331 6.775610 2.224900 PLAYER
1188 1717 13.824300 35.988120 PLAYER
1188 101114 21.255410 19.430710 PLAYER
1188 101109 14.293980 41.601840 PLAYER
1188 2585 11.045180 23.418860 PLAYER
1188 202083 5.901740 15.921540 PLAYER
1200 -1 17.531920 33.514430 BALL
1200 201588 26.621260 11.685030 PLAYER
1200 101133 15.740760 18.593600 PLAYER
1200 101145 12.069290 43.075770 PLAYER
1200 202730 19.298760 33.563220 PLAYER
1200 202331 7.073610 2.204890 PLAYER
1200 1717 14.308400 35.167640 PLAYER
1200 101114 20.812650 20.136150 PLAYER
1200 101109 13.504640 41.120620 PLAYER
1200 2585 10.989440 23.950980 PLAYER
1200 202083 5.874180 16.042760 PLAYER
1212 -1 18.456350 33.244780 BALL
1212 201588 27.068360 12.265930 PLAYER
1212 101133 15.046370 19.156340 PLAYER
1212 101145 11.631660 43.025630 PLAYER
1212 202730 18.758010 32.581710 PLAYER
1212 202331 7.542430 2.255230 PLAYER
1212 1717 14.615470 34.280080 PLAYER
1212 101114 20.350450 20.785850 PLAYER
1212 101109 12.716080 40.630920 PLAYER
1212 2585 10.886260 24.338680 PLAYER
1212 202083 5.895670 16.147940 PLAYER
1224 -1 18.220790 31.988960 BALL
1224 201588 27.507000 12.781450 PLAYER
1224 101133 14.221100 19.710790 PLAYER
1224 101145 11.298350 43.022440 PLAYER
1224 202730 18.321110 31.637200 PLAYER
1224 202331 8.090140 2.310570 PLAYER
1224 1717 14.970300 33.303940 PLAYER
1224 101114 19.886600 21.252230 PLAYER
1224 101109 11.993360 40.106140 PLAYER
1224 2585 10.679940 24.615460 PLAYER
1224 202083 6.005920 16.213360 PLAYER
1236 -1 17.206490 27.494550 BALL
1236 201588 27.980240 13.226600 PLAYER
1236 101133 13.454220 20.131590 PLAYER
1236 101145 11.057460 43.094450 PLAYER
1236 202730 18.033140 30.763440 PLAYER
1236 202331 8.691230 2.363990 PLAYER
1236 1717 15.306580 32.302380 PLAYER
1236 101114 19.486970 21.556040 PLAYER
1236 101109 11.316030 39.613120 PLAYER
1236 2585 10.382820 24.463830 PLAYER
1236 202083 6.103540 16.203270 PLAYER
1248 -1 16.136380 22.350390 BALL
1248 201588 28.452650 13.640680 PLAYER
1248 101133 12.796790 20.401330 PLAYER
1248 101145 10.916490 43.222230 PLAYER
1248 202730 17.784000 29.948000 PLAYER
1248 202331 9.354220 2.439240 PLAYER
1248 1717 15.428070 31.410370 PLAYER
1248 101114 19.287070 21.760800 PLAYER
1248 101109 10.746580 39.165500 PLAYER
1248 2585 10.116670 24.226720 PLAYER
1248 202083 6.317010 15.930820 PLAYER
1260 -1 15.002930 16.977170 BALL
1260 201588 28.920420 13.985230 PLAYER
1260 101133 11.994820 20.718960 PLAYER
1260 101145 10.931490 43.362050 PLAYER
1260 202730 17.608360 29.153280 PLAYER
1260 202331 10.010060 2.486610 PLAYER
1260 1717 15.383620 30.614190 PLAYER
1260 101114 19.137090 21.760710 PLAYER
1260 101109 10.264650 38.681330 PLAYER
1260 2585 9.896610 23.875350 PLAYER
1260 202083 6.561000 15.457970 PLAYER
1272 -1 14.013190 11.966220 BALL
1272 201588 29.377680 14.289320 PLAYER
1272 101133 11.120280 20.987880 PLAYER
1272 101145 11.075510 43.527520 PLAYER
1272 202730 17.341730 28.429450 PLAYER
1272 202331 10.617750 2.551070 PLAYER
1272 1717 15.345500 29.908620 PLAYER
1272 101114 19.006760 21.559380 PLAYER
1272 101109 9.880400 38.211300 PLAYER
1272 2585 9.699460 23.393510 PLAYER
1272 202083 6.955140 14.825810 PLAYER
1284 -1 13.024880 6.988250 BALL
1284 201588 29.794360 14.585640 PLAYER
1284 101133 10.277120 21.273820 PLAYER
1284 101145 11.331300 43.693820 PLAYER
1284 202730 16.952020 27.745060 PLAYER
1284 202331 11.197650 2.609790 PLAYER
1284 1717 15.137370 29.270070 PLAYER
1284 101114 18.858740 21.255000 PLAYER
1284 101109 9.578460 37.773950 PLAYER
1284 2585 9.405350 23.106980 PLAYER
1284 202083 7.392360 13.970070 PLAYER
1296 -1 12.570430 3.751640 BALL
1296 201588 30.146360 14.894570 PLAYER
1296 101133 9.433390 21.574830 PLAYER
1296 101145 11.668390 43.853880 PLAYER
1296 202730 16.386100 27.022680 PLAYER
1296 202331 11.745770 2.690320 PLAYER
1296 1717 14.845890 28.681250 PLAYER
1296 101114 18.696920 20.881450 PLAYER
1296 101109 9.290670 37.338910 PLAYER
1296 2585 9.153110 22.952170 PLAYER
1296 202083 7.904200 12.980960 PLAYER
1308 -1 12.796960 3.415240 BALL
1308 201588 30.470980 15.205880 PLAYER
1308 101133 8.682990 21.757550 PLAYER
1308 101145 12.064210 43.981270 PLAYER
1308 202730 15.832080 26.377590 PLAYER
1308 202331 12.198420 2.761810 PLAYER
1308 1717 14.561140 28.058680 PLAYER
1308 101114 18.552210 20.464680 PLAYER
1308 101109 9.026000 36.879220 PLAYER
1308 2585 8.849000 22.761110 PLAYER
1308 202083 8.431000 11.979610 PLAYER
1320 -1 13.025140 3.881680 BALL
1320 201588 30.761660 15.535510 PLAYER
1320 101133 8.125590 21.829350 PLAYER
1320 101145 12.492090 44.055640 PLAYER
1320 202730 15.283960 25.787860 PLAYER
1320 202331 12.545140 2.828570 PLAYER
1320 1717 14.211470 27.439220 PLAYER
1320 101114 18.486170 20.059380 PLAYER
1320 101109 8.781700 36.444310 PLAYER
1320 2585 8.470540 22.489220 PLAYER
1320 202083 8.920090 10.947600 PLAYER
1332 -1 13.173330 3.901980 BALL
1332 201588 31.019200 15.898480 PLAYER
1332 101133 7.751840 21.813060 PLAYER
1332 101145 12.969720 44.121110 PLAYER
1332 202730 14.810250 25.190550 PLAYER
1332 202331 12.793530 2.862870 PLAYER
1332 1717 13.929790 26.862650 PLAYER
1332 101114 18.522740 19.729970 PLAYER
1332 101109 8.576810 35.979610 PLAYER
1332 2585 8.109250 22.320440 PLAYER
1332 202083 9.461850 9.932470 PLAYER
1344 -1 13.124480 2.897760 BALL
1344 201588 31.264330 16.264090 PLAYER
1344 101133 7.503080 21.692120 PLAYER
1344 101145 13.493870 44.158140 PLAYER
1344 202730 14.409080 24.664670 PLAYER
1344 202331 12.895200 2.927270 PLAYER
1344 1717 13.651850 26.390690 PLAYER
1344 101114 18.613420 19.477570 PLAYER
1344 101109 8.395710 35.477410 PLAYER
1344 2585 7.893110 22.128070 PLAYER
1344 202083 10.034780 9.053200 PLAYER
1356 -1 12.848260 3.022420 BALL
1356 201588 31.496320 16.624650 PLAYER
1356 101133 7.459940 21.463970 PLAYER
1356 101145 14.045420 44.185810 PLAYER
1356 202730 14.146480 24.295820 PLAYER
1356 202331 12.824900 3.021630 PLAYER
1356 1717 13.318850 26.027690 PLAYER
1356 101114 18.695120 19.292300 PLAYER
1356 101109 8.245730 34.954070 PLAYER
1356 2585 7.720420 21.795180 PLAYER
1356 202083 10.613710 8.273010 PLAYER
1368 -1 12.228100 4.539300 BALL
1368 201588 31.731650 16.989970 PLAYER
1368 101133 7.566840 21.160710 PLAYER
1368 101145 14.625110 44.211360 PLAYER
1368 202730 13.878920 24.035100 PLAYER
1368 202331 12.746820 3.122590 PLAYER
1368 1717 12.941510 25.760880 PLAYER
1368 101114 18.698980 19.216560 PLAYER
1368 101109 8.146230 34.438690 PLAYER
1368 2585 7.710750 21.393480 PLAYER
1368 202083 11.261660 7.593020 PLAYER
1380 -1 11.461030 6.696190 BALL
1380 201588 31.964810 17.326480 PLAYER
1380 101133 7.731230 20.856770 PLAYER
1380 101145 15.237650 44.253870 PLAYER
1380 202730 13.604330 23.915210 PLAYER
1380 202331 12.696250 3.235140 PLAYER
1380 1717 12.555520 25.551060 PLAYER
1380 101114 18.598530 19.241420 PLAYER
1380 101109 8.071100 33.968420 PLAYER
1380 2585 7.838200 21.079540 PLAYER
1380 202083 11.950320 7.061800 PLAYER
1392 -1 10.824450 8.804280 BALL
1392 201588 32.225370 17.611030 PLAYER
1392 101133 8.041870 20.459390 PLAYER
1392 101145 15.871620 44.267430 PLAYER
1392 202730 13.328100 23.945400 PLAYER
1392 202331 12.752830 3.348860 PLAYER
1392 1717 12.105220 25.370320 PLAYER
1392 101114 18.426030 19.334610 PLAYER
1392 101109 7.975640 33.553770 PLAYER
1392 2585 8.094790 20.806620 PLAYER
1392 202083 12.516480 6.595980 PLAYER
1404 -1 10.081300 11.085240 BALL
1404 201588 32.520740 17.831340 PLAYER
1404 101133 8.403290 19.997120 PLAYER
1404 101145 16.509960 44.231790 PLAYER
1404 202730 13.073640 24.093810 PLAYER
1404 202331 12.972300 3.425550 PLAYER
1404 1717 11.690380 25.277560 PLAYER
1404 101114 18.177250 19.480870 PLAYER
1404 101109 7.865940 33.195920 PLAYER
1404 2585 8.558620 20.359120 PLAYER
1404 202083 13.056650 6.147060 PLAYER
1416 -1 9.363190 13.170400 BALL
1416 201588 32.877400 18.003540 PLAYER
1416 101133 8.838000 19.437330 PLAYER
1416 101145 17.211540 44.180070 PLAYER
1416 202730 12.812300 24.373480 PLAYER
1416 202331 13.388620 3.356930 PLAYER
1416 1717 11.433650 25.041090 PLAYER
1416 101114 17.869590 19.667980 PLAYER
1416 101109 7.728310 32.840960 PLAYER
1416 2585 9.033390 20.029460 PLAYER
1416 202083 13.552280 5.751460 PLAYER
1428 -1 8.644980 15.189880 BALL
1428 201588 33.256110 18.132640 PLAYER
1428 101133 9.379100 18.867250 PLAYER
1428 101145 17.953410 44.091230 PLAYER
1428 202730 12.501320 24.671630 PLAYER
1428 202331 13.890130 3.174470 PLAYER
1428 1717 11.297160 24.866130 PLAYER
1428 101114 17.513810 19.810470 PLAYER
1428 101109 7.521830 32.534570 PLAYER
1428 2585 9.376880 19.638150 PLAYER
1428 202083 13.987560 5.431120 PLAYER
1440 -1 7.889440 17.313730 BALL
1440 201588 33.672100 18.250060 PLAYER
1440 101133 9.969400 18.277220 PLAYER
1440 101145 18.714820 43.960550 PLAYER
1440 202730 12.218320 25.036980 PLAYER
1440 202331 14.470340 2.954720 PLAYER
1440 1717 11.184180 24.985110 PLAYER
1440 101114 17.126420 19.940840 PLAYER
1440 101109 7.243730 32.276700 PLAYER
1440 2585 9.538740 19.261030 PLAYER
1440 202083 14.464430 5.142200 PLAYER
1452 -1 7.063970 19.168020 BALL
1452 201588 34.101330 18.376170 PLAYER
1452 101133 10.509880 17.737120 PLAYER
1452 101145 19.465260 43.816840 PLAYER
1452 202730 11.840960 25.293570 PLAYER
1452 202331 15.021080 2.685270 PLAYER
1452 1717 11.044690 25.360430 PLAYER
1452 101114 16.703520 20.089770 PLAYER
1452 101109 6.942660 32.047600 PLAYER
1452 2585 9.481590 18.994490 PLAYER
1452 202083 15.001790 4.874760 PLAYER
1464 -1 6.576710 21.388680 BALL
1464 201588 34.527510 18.523340 PLAYER
1464 101133 11.082300 17.278660 PLAYER
1464 101145 20.221180 43.677300 PLAYER
1464 202730 11.402570 25.489620 PLAYER
1464 202331 15.660710 2.419050 PLAYER
1464 1717 10.820350 25.810910 PLAYER
1464 101114 16.259450 20.234030 PLAYER
1464 101109 6.652390 31.811730 PLAYER
1464 2585 9.165490 18.817730 PLAYER
1464 202083 15.536540 4.617580 PLAYER
1476 -1 5.981810 23.310800 BALL
1476 201588 34.928510 18.688410 PLAYER
1476 101133 11.611670 16.956020 PLAYER
1476 101145 20.968610 43.516060 PLAYER
1476 202730 11.067940 25.882320 PLAYER
1476 202331 16.237150 2.194080 PLAYER
1476 1717 10.503780 26.472490 PLAYER
1476 101114 15.873780 20.378860 PLAYER
1476 101109 6.376130 31.555630 PLAYER
1476 2585 9.113560 18.823180 PLAYER
1476 202083 16.109140 4.363340 PLAYER
1488 -1 5.381010 25.249880 BALL
1488 201588 35.315730 18.840050 PLAYER
1488 101133 12.002650 16.735670 PLAYER
1488 101145 21.708580 43.378910 PLAYER
1488 202730 10.745520 26.392940 PLAYER
1488 202331 16.833690 1.998950 PLAYER
1488 1717 10.270510 27.150560 PLAYER
1488 101114 15.589050 20.588870 PLAYER
1488 101109 6.144720 31.185610 PLAYER
1488 2585 9.123120 18.960330 PLAYER
1488 202083 16.713430 4.107160 PLAYER
1500 -1 4.858620 26.163370 BALL
1500 201588 35.691410 18.981160 PLAYER
1500 101133 12.328040 16.575300 PLAYER
1500 101145 22.400910 43.208620 PLAYER
1500 202730 10.373220 26.816670 PLAYER
1500 202331 17.464080 1.796530 PLAYER
1500 1717 9.963050 27.643500 PLAYER
1500 101114 15.333600 20.796690 PLAYER
1500 101109 5.870300 30.714270 PLAYER
1500 2585 9.291270 19.071750 PLAYER
1500 202083 17.326560 3.887040 PLAYER
1512 -1 4.438700 26.591060 BALL
1512 201588 36.089690 19.090060 PLAYER
1512 101133 12.635890 16.595000 PLAYER
1512 101145 23.123330 43.018580 PLAYER
1512 202730 10.123420 27.377780 PLAYER
1512 202331 18.258070 1.668550 PLAYER
1512 1717 9.735010 27.735400 PLAYER
1512 101114 15.117700 20.981420 PLAYER
1512 101109 5.473850 30.078820 PLAYER
1512 2585 9.612880 19.045690 PLAYER
1512 202083 17.939580 3.736690 PLAYER
1524 -1 4.209850 27.226130 BALL
1524 201588 36.542110 19.155600 PLAYER
1524 101133 13.078750 16.773580 PLAYER
1524 101145 23.839150 42.783000 PLAYER
1524 202730 9.947470 27.993300 PLAYER
1524 202331 19.111340 1.563500 PLAYER
1524 1717 9.745320 27.884320 PLAYER
1524 101114 14.913070 21.172380 PLAYER
1524 101109 5.134230 29.653420 PLAYER
1524 2585 10.075580 19.018760 PLAYER
1524 202083 18.606250 3.662640 PLAYER
1536 -1 3.723080 27.627830 BALL
1536 201588 37.024180 19.185810 PLAYER
1536 101133 13.510710 16.962130 PLAYER
1536 101145 24.657720 42.538510 PLAYER
1536 202730 9.818890 28.333170 PLAYER
1536 202331 20.188510 1.501950 PLAYER
1536 1717 9.801730 28.127640 PLAYER
1536 101114 14.641830 21.366300 PLAYER
1536 101109 4.721760 29.314650 PLAYER
1536 2585 10.399190 19.005280 PLAYER
1536 202083 19.229690 3.634980 PLAYER
1548 -1 3.468520 27.930950 BALL
1548 201588 37.491490 19.240720 PLAYER
1548 101133 14.094930 17.209480 PLAYER
1548 101145 25.491770 42.239840 PLAYER
1548 202730 9.840850 28.576910 PLAYER
1548 202331 21.432110 1.506090 PLAYER
1548 1717 9.831660 28.348120 PLAYER
1548 101114 14.266510 21.573580 PLAYER
1548 101109 4.239540 29.087880 PLAYER
1548 2585 10.790030 19.076960 PLAYER
1548 202083 19.886430 3.632800 PLAYER
1560 -1 3.216430 28.002340 BALL
1560 201588 38.008800 19.299070 PLAYER
1560 101133 14.824410 17.534310 PLAYER
1560 101145 26.362960 41.935110 PLAYER
1560 202730 10.001530 28.855490 PLAYER
1560 202331 22.741610 1.591760 PLAYER
1560 1717 9.963260 28.519490 PLAYER
1560 101114 13.924050 21.777250 PLAYER
1560 101109 3.781230 28.946910 PLAYER
1560 2585 11.192350 19.132540 PLAYER
1560 202083 20.476230 3.669120 PLAYER
1572 -1 2.968020 28.062290 BALL
1572 201588 38.522040 19.416700 PLAYER
1572 101133 15.661670 17.862990 PLAYER
1572 101145 27.247320 41.590320 PLAYER
1572 202730 10.341530 29.111910 PLAYER
1572 202331 24.118440 1.681740 PLAYER
1572 1717 9.507330 28.611180 PLAYER
1572 101114 13.613780 22.009080 PLAYER
1572 101109 3.411200 28.965480 PLAYER
1572 2585 11.666260 19.228660 PLAYER
1572 202083 21.054240 3.670920 PLAYER
1584 -1 2.719120 28.111770 BALL
1584 201588 39.022800 19.547030 PLAYER
1584 101133 16.490000 18.140920 PLAYER
1584 101145 28.186700 41.273400 PLAYER
1584 202730 10.890320 29.336560 PLAYER
1584 202331 25.520840 1.857040 PLAYER
1584 1717 8.463670 28.319230 PLAYER
1584 101114 13.347260 22.213560 PLAYER
1584 101109 2.923670 28.833510 PLAYER
1584 2585 12.212220 19.287700 PLAYER
1584 202083 21.653880 3.606780 PLAYER
1596 -1 2.465550 28.151750 BALL
1596 201588 39.532510 19.689860 PLAYER
1596 101133 17.532580 18.488580 PLAYER
1596 101145 29.093760 40.922160 PLAYER
1596 202730 11.498900 29.546170 PLAYER
1596 202331 26.891580 1.962380 PLAYER
1596 1717 7.342320 27.906480 PLAYER
1596 101114 13.135630 22.383310 PLAYER
1596 101109 2.442380 28.695390 PLAYER
1596 2585 12.803220 19.295380 PLAYER
1596 202083 22.381280 3.502330 PLAYER