0 -1 83.785570 32.799030
0 2199 80.831730 28.578650
0 200782 83.867330 33.873290
0 202339 41.813480 5.018400
0 202688 78.757240 24.201460
0 203141 82.539170 20.818760
0 202702 74.022470 28.732620
0 201568 49.548560 31.464250
0 203115 65.156660 40.290840
0 203914 65.436380 10.271230
0 1626144 48.776330 12.064280
12 -1 82.945820 33.485040
12 2199 80.271610 28.657180
12 200782 83.187530 34.520930
12 202339 40.872730 4.693580
12 202688 77.609470 25.506920
12 203141 81.533100 20.600400
12 202702 72.875610 28.810850
12 201568 48.403380 31.298250
12 203115 64.025920 39.692240
12 203914 64.082220 10.955340
12 1626144 47.256090 12.234350
24 -1 82.065480 34.199130
24 2199 79.636190 28.765580
24 200782 82.389450 35.188080
24 202339 40.086700 4.421720
24 202688 76.370630 26.958810
24 203141 80.464580 20.331200
24 202702 71.556790 28.893810
24 201568 47.238020 31.147860
24 203115 62.842670 39.107320
24 203914 62.665710 11.663900
24 1626144 45.661160 12.351120
36 -1 81.786100 34.669150
36 2199 78.926650 28.896500
36 200782 81.497390 35.767590
36 202339 39.437590 4.175700
36 202688 75.087040 28.501660
36 203141 79.313190 19.986990
36 202702 70.213860 28.965220
36 201568 46.081810 30.978490
36 203115 61.635960 38.548780
36 203914 61.177660 12.420970
36 1626144 44.021890 12.438530
48 -1 80.789230 35.128230
48 2199 78.158030 29.049240
48 200782 80.519000 36.224160
48 202339 38.982060 3.997020
48 202688 73.837930 30.074050
48 203141 78.086560 19.601180
48 202702 68.823450 29.031560
48 201568 44.932110 30.772260
48 203115 60.407020 38.079680
48 203914 59.652660 13.216160
48 1626144 42.402730 12.510120
60 -1 78.239490 35.605020
60 2199 77.290860 29.189600
60 200782 79.437310 36.521760
60 202339 38.707530 3.808100
60 202688 72.546090 31.549160
60 203141 76.773150 19.197120
60 202702 67.392190 29.077250
60 201568 43.807880 30.534180
60 203115 59.096340 37.744200
60 203914 58.095330 14.025910
60 1626144 40.823720 12.474340
72 -1 75.423490 36.203410
72 2199 76.357940 29.287530
72 200782 78.275200 36.756740
72 202339 38.553970 3.728870
72 202688 71.219810 33.036620
72 203141 75.399200 18.759440
72 202702 65.928540 29.160400
72 201568 42.706100 30.220400
72 203115 57.793580 37.482370
72 203914 56.487170 14.860970
72 1626144 39.307040 12.378110
84 -1 72.570710 36.830230
84 2199 75.317400 29.333450
84 200782 77.060530 36.844270
84 202339 38.443600 3.615970
84 202688 69.845220 34.523370
84 203141 73.966280 18.276300
84 202702 64.424970 29.243530
84 201568 41.637710 29.819990
84 203115 56.484150 37.305970
84 203914 54.863670 15.672940
84 1626144 37.872730 12.234380
96 -1 69.679270 37.398070
96 2199 74.183970 29.341800
96 200782 75.796290 36.842570
96 202339 38.350860 3.503800
96 202688 68.374430 35.908900
96 203141 72.466700 17.741240
96 202702 62.898200 29.323820
96 201568 40.575030 29.361560
96 203115 55.132160 37.181180
96 203914 53.233180 16.499680
96 1626144 36.500680 12.059250
108 -1 66.822400 38.354340
108 2199 72.972720 29.325810
108 200782 74.483180 36.739310
108 202339 38.166000 3.388290
108 202688 66.842220 37.214660
108 203141 70.915400 17.195250
108 202702 61.352480 29.388030
108 201568 39.539880 28.852520
108 203115 53.728160 37.095710
108 203914 51.592250 17.339570
108 1626144 35.194340 11.850000
120 -1 64.517640 39.016620
120 2199 71.685220 29.305480
120 200782 73.135920 36.545200
120 202339 37.885820 3.329870
120 202688 65.296690 38.457520
120 203141 69.328270 16.658980
120 202702 59.761750 29.436210
120 201568 38.532760 28.293670
120 203115 52.377910 37.059850
120 203914 49.972620 18.172320
120 1626144 33.905890 11.620790
132 -1 62.315890 39.724280
132 2199 70.305190 29.294930
132 200782 71.778620 36.219170
132 202339 37.507130 3.199340
132 202688 63.704430 39.626940
132 203141 67.674400 16.131630
132 202702 58.146290 29.483580
132 201568 37.561750 27.689250
132 203115 50.978350 37.130040
132 203914 48.327630 18.922830
132 1626144 32.684670 11.363260
144 -1 60.324150 40.362840
144 2199 68.877800 29.276640
144 200782 70.432210 35.839290
144 202339 37.055410 3.075700
144 202688 62.092630 40.690130
144 203141 66.005180 15.593510
144 202702 56.525470 29.519380
144 201568 36.617700 27.021070
144 203115 49.553420 37.271500
144 203914 46.665760 19.628230
144 1626144 31.569750 11.144190
156 -1 58.892430 40.677560
156 2199 67.399050 29.247170
156 200782 69.075370 35.369340
156 202339 36.515960 2.979000
156 202688 60.446250 41.563100
156 203141 64.299130 15.043060
156 202702 54.874840 29.519960
156 201568 35.692980 26.307610
156 203115 48.101390 37.471060
156 203914 44.978320 20.314310
156 1626144 30.552700 10.914450
168 -1 57.920300 40.882060
168 2199 65.756290 29.232620
168 200782 67.726040 34.853650
168 202339 35.902390 2.909130
168 202688 58.739800 42.318370
168 203141 62.552180 14.460240
168 202702 53.198170 29.478670
168 201568 34.782100 25.554490
168 203115 46.616500 37.652730
168 203914 43.348040 20.904860
168 1626144 29.590590 10.655900
180 -1 56.501390 41.444940
180 2199 64.146580 29.229720
180 200782 66.395590 34.291410
180 202339 35.162410 2.821470
180 202688 56.990260 43.061030
180 203141 60.833690 13.886240
180 202702 51.539860 29.408790
180 201568 33.893500 24.809730
180 203115 45.080390 37.900600
180 203914 41.730190 21.403780
180 1626144 28.714600 10.444140
192 -1 54.655620 42.144980
192 2199 62.508260 29.230680
192 200782 65.077750 33.714670
192 202339 34.349450 2.702900
192 202688 55.238350 43.680540
192 203141 59.125630 13.328640
192 202702 49.884180 29.251700
192 201568 33.030980 24.078000
192 203115 43.514830 38.193630
192 203914 40.193440 21.934320
192 1626144 27.816840 10.268660
204 -1 52.260650 42.948060
204 2199 60.866760 29.272740
204 200782 63.832960 33.044450
204 202339 33.429130 2.585150
204 202688 53.477360 44.194330
204 203141 57.431890 12.783250
204 202702 48.265250 29.057860
204 201568 32.200050 23.347700
204 203115 41.989700 38.418920
204 203914 38.679400 22.417130
204 1626144 26.877440 10.099600
216 -1 49.732110 43.856350
216 2199 59.154680 29.377940
216 200782 62.635300 32.337580
216 202339 32.427220 2.436650
216 202688 51.754920 44.730640
216 203141 55.775840 12.302820
216 202702 46.665280 28.862020
216 201568 31.372190 22.587730
216 203115 40.494130 38.677960
216 203914 37.240620 22.778880
216 1626144 25.941680 9.965940
228 -1 47.898900 44.691520
228 2199 57.470340 29.495240
228 200782 61.459900 31.568160
228 202339 31.357480 2.269450
228 202688 50.037430 45.198390
228 203141 54.171890 11.877130
228 202702 45.138240 28.679830
228 201568 30.551730 21.860170
228 203115 39.012400 38.972420
228 203914 35.764840 23.069130
228 1626144 25.015040 9.880570
240 -1 46.643940 45.459420
240 2199 55.723370 29.654590
240 200782 60.320340 30.762570
240 202339 30.263540 2.139630
240 202688 48.250310 45.505780
240 203141 52.539390 11.446100
240 202702 43.632290 28.532870
240 201568 29.817740 21.157820
240 203115 37.614630 39.202170
240 203914 34.359690 23.262690
240 1626144 24.081910 9.827640
252 -1 45.397210 46.236480
252 2199 53.968230 29.875140
252 200782 59.186950 29.943880
252 202339 29.119700 2.057660
252 202688 46.443240 45.740790
252 203141 50.905160 11.010160
252 202702 42.135960 28.428170
252 201568 29.136520 20.505500
252 203115 36.272260 39.329570
252 203914 33.012950 23.323140
252 1626144 23.180270 9.843310
264 -1 43.957130 46.522280
264 2199 52.171000 30.129840
264 200782 58.043550 29.129890
264 202339 27.975970 1.936320
264 202688 44.592740 45.861090
264 203141 49.281430 10.606150
264 202702 40.640250 28.333010
264 201568 28.464820 19.893440
264 203115 34.946650 39.474350
264 203914 31.776890 23.294480
264 1626144 22.297470 9.857240
276 -1 42.224530 46.542820
276 2199 50.412750 30.396960
276 200782 56.932010 28.288650
276 202339 26.818820 1.816730
276 202688 42.643590 45.796440
276 203141 47.680400 10.220340
276 202702 39.169730 28.272220
276 201568 27.837060 19.402540
276 203115 33.625050 39.527980
276 203914 30.643950 23.244540
276 1626144 21.421230 9.860640
288 -1 40.245330 46.705930
288 2199 48.678900 30.696760
288 200782 55.870670 27.407390
288 202339 25.660400 1.687980
288 202688 40.692100 45.512900
288 203141 46.116410 9.872570
288 202702 37.709570 28.258400
288 201568 27.385830 18.886420
288 203115 32.324850 39.591680
288 203914 29.681680 23.193650
288 1626144 20.577020 9.834700
300 -1 37.583510 45.020950
300 2199 46.869200 30.993060
300 200782 54.806050 26.515100
300 202339 24.489370 1.530140
300 202688 38.759280 45.047720
300 203141 44.630960 9.521920
300 202702 36.248680 28.244270
300 201568 26.791950 18.391790
300 203115 31.138710 39.613550
300 203914 28.795940 23.136010
300 1626144 19.803690 9.844230
312 -1 35.928300 43.284010
312 2199 45.045040 31.283630
312 200782 53.773310 25.641770
312 202339 23.334810 1.354090
312 202688 36.825020 44.353880
312 203141 43.186160 9.197040
312 202702 34.827800 28.274150
312 201568 26.248850 17.929130
312 203115 29.906130 39.568770
312 203914 27.972440 23.051000
312 1626144 19.012480 9.861570
324 -1 34.763740 41.573020
324 2199 43.210110 31.600180
324 200782 52.737400 24.807440
324 202339 22.156470 1.265450
324 202688 35.053080 43.215570
324 203141 41.749810 8.923100
324 202702 33.420290 28.358530
324 201568 25.771000 17.488180
324 203115 28.680510 39.321110
324 203914 27.253260 22.977950
324 1626144 18.227370 9.966070
336 -1 33.907570 40.552640
336 2199 41.351300 31.905890
336 200782 51.707640 24.025560
336 202339 20.968670 1.162530
336 202688 33.324760 41.952500
336 203141 40.356020 8.682380
336 202702 32.019760 28.434990
336 201568 25.335210 17.106260
336 203115 27.545400 39.018300
336 203914 26.616650 22.816980
336 1626144 17.421730 10.147930
348 -1 32.368360 39.320430
348 2199 39.546510 32.181740
348 200782 50.669570 23.309910
348 202339 19.779270 1.068900
348 202688 31.537710 40.623600
348 203141 38.976210 8.464960
348 202702 30.549600 28.536360
348 201568 24.761830 16.789920
348 203115 26.504350 38.529410
348 203914 26.006660 22.659160
348 1626144 16.622240 10.422310
360 -1 30.048050 37.814830
360 2199 37.803040 32.414250
360 200782 49.639580 22.642900
360 202339 18.610740 0.996160
360 202688 29.888800 39.093930
360 203141 37.620020 8.370890
360 202702 29.122350 28.651350
360 201568 24.254050 16.479900
360 203115 25.385460 37.859500
360 203914 25.447170 22.583440
360 1626144 15.803660 10.773490
372 -1 28.550650 36.032650
372 2199 36.034520 32.570880
372 200782 48.598840 22.001370
372 202339 17.453570 0.981670
372 202688 28.480870 37.418970
372 203141 36.370080 8.372030
372 202702 27.630630 28.782180
372 201568 23.665140 16.201160
372 203115 24.235910 37.059520
372 203914 24.974500 22.562080
372 1626144 14.987800 11.194820
384 -1 28.024750 35.045560
384 2199 34.267350 32.634490
384 200782 47.559950 21.455630
384 202339 16.319560 0.981040
384 202688 27.087540 35.918850
384 203141 35.220970 8.477010
384 202702 26.059140 28.951340
384 201568 23.000760 15.986460
384 203115 23.099470 36.268000
384 203914 24.540680 22.568500
384 1626144 14.159440 11.672570
396 -1 27.271050 33.640740
396 2199 32.509000 32.640180
396 200782 46.517040 21.043550
396 202339 15.223310 1.041230
396 202688 25.859400 34.386910
396 203141 34.161790 8.677890
396 202702 24.526670 29.105780
396 201568 22.286620 15.749500
396 203115 21.894130 35.353220
396 203914 24.203080 22.650080
396 1626144 13.358720 12.161830
408 -1 26.294940 32.097640
408 2199 30.744730 32.624680
408 200782 45.478590 20.751460
408 202339 14.146610 1.119010
408 202688 24.932630 32.808950
408 203141 33.256230 8.954750
408 202702 23.135090 29.159730
408 201568 21.573490 15.587840
408 203115 20.591220 34.375070
408 203914 23.992440 22.744210
408 1626144 12.593240 12.691270
420 -1 25.660450 30.933100
420 2199 29.038630 32.563280
420 200782 44.486770 20.556500
420 202339 13.078750 1.159580
420 202688 24.414600 31.396750
420 203141 32.486150 9.262250
420 202702 21.734020 29.147690
420 201568 20.936810 15.463180
420 203115 19.285400 33.387660
420 203914 23.936080 22.818930
420 1626144 11.897730 13.204480
432 -1 25.373330 29.966850
432 2199 27.389530 32.452270
432 200782 43.535880 20.490420
432 202339 12.077390 1.194080
432 202688 23.939250 30.052540
432 203141 31.804290 9.562690
432 202702 20.440280 29.000600
432 201568 20.441670 15.327910
432 203115 17.977580 32.456050
432 203914 24.017050 22.902890
432 1626144 11.305500 13.693570
444 -1 24.578030 28.442930
444 2199 25.794100 32.283160
444 200782 42.584810 20.519470
444 202339 11.189070 1.214450
444 202688 23.681570 28.783590
444 203141 31.222360 9.802330
444 202702 19.319860 28.758360
444 201568 20.137940 15.179360
444 203115 16.701470 31.481980
444 203914 24.223060 23.084740
444 1626144 10.831020 14.067880
456 -1 24.745480 27.476310
456 2199 24.303020 32.111870
456 200782 41.625970 20.640420
456 202339 10.390290 1.255160
456 202688 23.688560 27.573120
456 203141 30.712490 9.955780
456 202702 18.336030 28.539400
456 201568 20.049140 14.992030
456 203115 15.591190 30.454590
456 203914 24.472160 23.250020
456 1626144 10.446240 14.342200
468 -1 24.263820 25.866950
468 2199 22.873390 31.908710
468 200782 40.693960 20.896720
468 202339 9.715450 1.307860
468 202688 23.888060 26.455610
468 203141 30.263700 10.083870
468 202702 17.340540 28.253070
468 201568 20.186470 14.750900
468 203115 14.708440 29.354920
468 203914 24.794550 23.364960
468 1626144 10.126860 14.473000
480 -1 24.850890 23.383220
480 2199 21.476490 31.669750
480 200782 39.777640 21.242890
480 202339 9.159930 1.394280
480 202688 23.972910 25.244720
480 203141 29.893080 10.149340
480 202702 16.516910 27.956840
480 201568 20.505490 14.547190
480 203115 14.006380 28.229550
480 203914 25.149470 23.425730
480 1626144 9.848990 14.468720
492 -1 26.290220 20.181070
492 2199 20.182040 31.432120
492 200782 38.948390 21.636890
492 202339 8.702570 1.456660
492 202688 24.159040 24.122420
492 203141 29.618800 10.212090
492 202702 15.827560 27.772710
492 201568 20.839800 14.306310
492 203115 13.537670 27.058150
492 203914 25.517370 23.426800
492 1626144 9.625470 14.307850
504 -1 27.566350 16.922760
504 2199 19.007640 31.201700
504 200782 38.193150 22.018640
504 202339 8.321150 1.470370
504 202688 24.449140 23.122130
504 203141 29.454410 10.315340
504 202702 15.265720 27.662400
504 201568 21.250850 14.088530
504 203115 13.268030 25.910150
504 203914 25.903120 23.322090
504 1626144 9.416710 13.994810
516 -1 28.838600 13.818290
516 2199 17.922740 30.927690
516 200782 37.445170 22.432240
516 202339 8.073970 1.435090
516 202688 24.770280 22.273780
516 203141 29.409290 10.449520
516 202702 14.639780 27.495290
516 201568 21.759100 13.934910
516 203115 13.163660 24.882500
516 203914 26.256590 23.241010
516 1626144 9.245690 13.603760
528 -1 29.823230 11.791740
528 2199 16.870170 30.630140
528 200782 36.759150 22.792670
528 202339 7.967810 1.386710
528 202688 25.015100 21.466480
528 203141 29.439800 10.580400
528 202702 13.998770 27.364350
528 201568 22.218580 13.750120
528 203115 13.309830 24.029420
528 203914 26.584320 23.226500
528 1626144 9.109150 13.157600
540 -1 30.015830 11.274930
540 2199 15.832440 30.420060
540 200782 36.238410 23.199890
540 202339 8.039760 1.329820
540 202688 25.197760 20.799480
540 203141 29.514230 10.760270
540 202702 13.369300 27.291010
540 201568 22.762930 13.567530
540 203115 13.677650 23.301750
540 203914 26.916650 23.274360
540 1626144 9.006020 12.648090
552 -1 30.025470 11.534400
552 2199 14.829580 30.241450
552 200782 35.759220 23.695460
552 202339 8.246880 1.278130
552 202688 25.371830 20.219200
552 203141 29.602320 10.920250
552 202702 12.748680 27.160890
552 201568 23.436190 13.448820
552 203115 14.258550 22.722240
552 203914 27.326830 23.344750
552 1626144 8.963650 12.106030
564 -1 29.787390 12.066880
564 2199 13.898500 30.104800
564 200782 35.374610 24.333330
564 202339 8.546840 1.260720
564 202688 25.446190 19.626910
564 203141 29.692560 10.991310
564 202702 12.184530 27.093500
564 201568 23.963890 13.255550
564 203115 14.980470 22.246560
564 203914 27.753100 23.467620
564 1626144 8.989750 11.601210
576 -1 29.839840 12.517570
576 2199 13.053900 30.033260
576 200782 35.103880 25.167950
576 202339 8.924670 1.274460
576 202688 25.455620 18.987760
576 203141 29.736270 10.989750
576 202702 11.648460 27.154770
576 201568 24.333090 12.994380
576 203115 15.790820 21.811350
576 203914 28.145470 23.632700
576 1626144 9.029050 11.104970
588 -1 30.032410 12.447880
588 2199 12.346280 30.012720
588 200782 34.902930 26.094480
588 202339 9.391170 1.256710
588 202688 25.466530 18.388320
588 203141 29.737070 10.904560
588 202702 11.277260 27.316170
588 201568 24.731320 12.881930
588 203115 16.609080 21.392140
588 203914 28.410920 23.874170
588 1626144 9.106010 10.598910
600 -1 29.542670 11.883360
600 2199 11.803390 29.997400
600 200782 34.641700 27.123600
600 202339 9.943740 1.228730
600 202688 25.487290 17.818870
600 203141 29.693320 10.731540
600 202702 10.924400 27.430530
600 201568 24.949980 12.770710
600 203115 17.404820 21.007070
600 203914 28.524860 24.172680
600 1626144 9.218550 10.136840
612 -1 29.443440 10.812790
612 2199 11.393000 30.050680
612 200782 34.469940 28.229790
612 202339 10.597760 1.212320
612 202688 25.526610 17.223040
612 203141 29.629320 10.530370
612 202702 10.511250 27.658040
612 201568 25.021910 12.642750
612 203115 18.184220 20.549430
612 203914 28.420370 24.514380
612 1626144 9.364060 9.735920
624 -1 29.605670 10.085790
624 2199 11.034610 30.163300
624 200782 34.257030 29.324030
624 202339 11.416840 1.231790
624 202688 25.600830 16.573700
624 203141 29.529850 10.310140
624 202702 10.066510 27.686370
624 201568 25.117400 12.605300
624 203115 18.928270 20.067320
624 203914 28.179470 24.841890
624 1626144 9.628580 9.337790
636 -1 28.145600 9.008100
636 2199 10.699410 30.308530
636 200782 34.011630 30.358970
636 202339 12.380800 1.278900
636 202688 25.665410 15.872860
636 203141 29.438370 10.072890
636 202702 9.743670 27.623420
636 201568 25.204950 12.613250
636 203115 19.579010 19.566330
636 203914 27.845290 25.154010
636 1626144 10.079330 8.937480
648 -1 25.047680 6.983290
648 2199 10.399230 30.458890
648 200782 33.730310 31.361900
648 202339 13.352270 1.318690
648 202688 25.794630 15.249390
648 203141 29.315030 9.933070
648 202702 9.445420 27.575260
648 201568 25.207790 12.550850
648 203115 20.066350 19.058750
648 203914 27.461120 25.393630
648 1626144 10.699040 8.569030
660 -1 21.813660 4.806160
660 2199 10.124860 30.622910
660 200782 33.576950 32.314390
660 202339 14.266800 1.361780
660 202688 25.930910 14.677830
660 203141 29.165400 9.867330
660 202702 9.142530 27.647590
660 201568 25.192400 12.421810
660 203115 20.438920 18.520090
660 203914 27.047120 25.610590
660 1626144 11.400440 8.220080
672 -1 18.805110 2.834090
672 2199 9.869300 30.802050
672 200782 33.357990 33.164170
672 202339 15.130590 1.428540
672 202688 26.047100 14.150310
672 203141 28.943880 9.906420
672 202702 8.951500 27.631290
672 201568 25.150160 12.238930
672 203115 20.742530 18.010380
672 203914 26.612770 25.837960
672 1626144 12.174140 7.828330
684 -1 16.899040 1.379230
684 2199 9.645890 31.027230
684 200782 33.168460 34.006000
684 202339 15.872590 1.524570
684 202688 26.118840 13.802470
684 203141 28.620410 9.966100
684 202702 8.752400 27.709640
684 201568 25.088980 11.981530
684 203115 20.970480 17.547870
684 203914 26.157710 26.094720
684 1626144 12.985530 7.418690
696 -1 17.203120 1.655490
696 2199 9.477810 31.309280
696 200782 32.987360 34.775370
696 202339 16.489800 1.597690
696 202688 26.234940 13.640340
696 203141 28.137750 10.171090
696 202702 8.575600 27.728050
696 201568 24.972070 11.676860
696 203115 21.164480 17.132920
696 203914 25.701810 26.351370
696 1626144 13.786330 7.068000
708 -1 17.868050 1.976770
708 2199 9.313770 31.665140
708 200782 32.818610 35.577740
708 202339 17.039840 1.741030
708 202688 26.372260 13.595270
708 203141 27.650810 10.363260
708 202702 8.391900 27.706240
708 201568 24.840780 11.382620
708 203115 21.332560 16.800750
708 203914 25.260860 26.605080
708 1626144 14.469760 6.808710
720 -1 18.420400 2.286100
720 2199 9.152480 32.054540
720 200782 32.491720 36.338680
720 202339 17.484900 1.946890
720 202688 26.579020 13.831230
720 203141 27.151130 10.517870
720 202702 8.221810 27.631990
720 201568 24.685050 11.211710
720 203115 21.468510 16.541870
720 203914 24.794700 26.823350
720 1626144 15.063910 6.665570
732 -1 19.092330 2.713400
732 2199 8.955050 32.451080
732 200782 32.085050 37.141930
732 202339 17.783350 2.159770
732 202688 26.822520 14.306130
732 203141 26.760020 10.675960
732 202702 8.041420 27.614770
732 201568 24.493360 11.216330
732 203115 21.585350 16.374290
732 203914 24.301940 27.018510
732 1626144 15.525510 6.656090
744 -1 19.023350 2.709480
744 2199 8.732570 32.801230
744 200782 31.623940 37.964010
744 202339 17.968280 2.335140
744 202688 27.168550 14.989920
744 203141 26.443630 10.927340
744 202702 7.849470 27.637100
744 201568 24.263060 11.321120
744 203115 21.673880 16.302700
744 203914 23.787380 27.156860
744 1626144 15.817790 6.767430
756 -1 18.815800 2.957470
756 2199 8.462740 33.112530
756 200782 31.125530 38.741390
756 202339 18.054050 2.488340
756 202688 27.548310 15.788900
756 203141 26.247730 11.030980
756 202702 7.624660 27.736420
756 201568 24.017620 11.534070
756 203115 21.695430 16.316800
756 203914 23.280110 27.312350
756 1626144 15.927660 6.925790
768 -1 18.647490 2.923580
768 2199 8.220270 33.377620
768 200782 30.551660 39.516910
768 202339 18.097820 2.614560
768 202688 27.970560 16.690950
768 203141 26.012940 11.068870
768 202702 7.403500 27.805720
768 201568 23.712680 11.759680
768 203115 21.755840 16.490600
768 203914 22.781910 27.520890
768 1626144 15.933400 7.074330
780 -1 18.830350 3.217340
780 2199 8.018910 33.611350
780 200782 29.939680 40.285670
780 202339 18.198790 2.727330
780 202688 28.428340 17.570970
780 203141 25.725120 11.106490
780 202702 7.190000 27.777770
780 201568 23.364770 11.925140
780 203115 21.747020 16.734390
780 203914 22.293390 27.773790
780 1626144 15.914380 7.170880
792 -1 19.196450 3.447750
792 2199 7.908220 33.817220
792 200782 29.141530 41.060910
792 202339 18.361480 2.805380
792 202688 28.943930 18.500610
792 203141 25.333710 11.085650
792 202702 6.986020 27.646030
792 201568 23.012370 11.974000
792 203115 21.760370 17.100030
792 203914 21.832350 28.077560
792 1626144 15.920820 7.240100
804 -1 19.745570 3.507200
804 2199 7.865920 34.018760
804 200782 28.324870 41.755660
804 202339 18.559890 2.874770
804 202688 29.465280 19.408850
804 203141 24.885230 10.972700
804 202702 6.790650 27.431300
804 201568 22.649020 11.958560
804 203115 21.708710 17.505910
804 203914 21.349810 28.419530
804 1626144 15.972440 7.297650
816 -1 20.410410 2.909330
816 2199 7.866180 34.199030
816 200782 27.589010 42.401640
816 202339 18.707540 3.012330
816 202688 30.027750 20.395650
816 203141 24.364920 10.934760
816 202702 6.590450 27.119620
816 201568 22.353470 11.979730
816 203115 21.642880 17.961260
816 203914 20.857450 28.739040
816 1626144 16.126970 7.360500
828 -1 20.908100 2.330100
828 2199 7.901230 34.378890
828 200782 26.896400 43.004480
828 202339 19.021580 3.256510
828 202688 30.586870 21.413300
828 203141 23.839900 10.950110
828 202702 6.421430 26.822760
828 201568 22.074360 11.964620
828 203115 21.488040 18.389890
828 203914 20.336110 29.017210
828 1626144 16.422100 7.486680
840 -1 21.249970 2.267100
840 2199 7.967960 34.558190
840 200782 26.189350 43.573310
840 202339 19.426340 3.631820
840 202688 31.141380 22.418520
840 203141 23.351470 10.862340
840 202702 6.309420 26.614760
840 201568 21.847820 11.982420
840 203115 21.376520 18.843730
840 203914 19.819450 29.275830
840 1626144 16.790870 7.586980
852 -1 21.831420 2.872870
852 2199 8.068040 34.761260
852 200782 25.617960 44.076360
852 202339 20.085080 4.223390
852 202688 31.700400 23.429920
852 203141 22.847180 11.068680
852 202702 6.238450 26.528420
852 201568 21.700620 12.065600
852 203115 21.239290 19.296660
852 203914 19.293150 29.544740
852 1626144 17.250480 7.660270
864 -1 22.516750 4.509490
864 2199 8.181470 34.960380
864 200782 25.018290 44.573780
864 202339 20.748320 4.943500
864 202688 32.232470 24.438150
864 203141 22.346280 11.240570
864 202702 6.213000 26.552700
864 201568 21.669730 12.255120
864 203115 21.184450 19.802080
864 203914 18.822290 29.841020
864 1626144 17.904170 7.827050
876 -1 23.031700 6.130000
876 2199 8.301200 35.167100
876 200782 24.337050 45.075000
876 202339 21.577320 5.768870
876 202688 32.739180 25.461660
876 203141 21.848000 11.279970
876 202702 6.247620 26.733500
876 201568 21.664970 12.398230
876 203115 21.181880 20.301100
876 203914 18.388060 30.191740
876 1626144 18.604910 7.955540
888 -1 23.910560 7.155630
888 2199 8.382290 35.355640
888 200782 23.627460 45.579100
888 202339 22.382320 6.592500
888 202688 33.193560 26.490420
888 203141 21.392900 11.176110
888 202702 6.303870 26.948410
888 201568 21.679230 12.609490
888 203115 21.255840 20.831560
888 203914 17.981160 30.578510
888 1626144 19.291620 8.030740
900 -1 24.666670 7.251180
900 2199 8.413970 35.533290
900 200782 22.921750 46.096520
900 202339 23.169720 7.473370
900 202688 33.598750 27.548000
900 203141 20.796290 11.192410
900 202702 6.364050 27.289570
900 201568 21.719170 12.849270
900 203115 21.352940 21.373100
900 203914 17.589000 30.996210
900 1626144 20.082000 8.177820
912 -1 25.352340 7.780020
912 2199 8.370200 35.695250
912 200782 22.236320 46.578880
912 202339 23.877500 8.346910
912 202688 33.931330 28.606060
912 203141 20.104740 10.960430
912 202702 6.440840 27.619860
912 201568 21.760200 13.142330
912 203115 21.469740 21.870980
912 203914 17.195700 31.390080
912 1626144 20.716810 8.425300
924 -1 26.021100 9.376010
924 2199 8.275560 35.856720
924 200782 21.566970 47.017740
924 202339 24.662630 9.231090
924 202688 34.195190 29.687350
924 203141 19.284500 10.819880
924 202702 6.552170 27.914550
924 201568 21.746050 13.419820
924 203115 21.611720 22.368780
924 203914 16.767220 31.765750
924 1626144 21.027010 8.704130
936 -1 26.747990 10.999010
936 2199 8.142520 36.029790
936 200782 20.871570 47.378240
936 202339 25.301380 10.237820
936 202688 34.356070 30.755240
936 203141 18.360160 10.877660
936 202702 6.692380 28.181530
936 201568 21.739670 13.761970
936 203115 21.805250 22.930110
936 203914 16.320570 32.128810
936 1626144 21.113540 9.114580
948 -1 27.894080 12.015520
948 2199 8.013540 36.227300
948 200782 20.114430 47.702340
948 202339 25.783820 11.379050
948 202688 34.424990 31.787150
948 203141 17.219310 11.064330
948 202702 6.861890 28.489350
948 201568 21.798460 14.169110
948 203115 21.998610 23.478830
948 203914 15.897950 32.490590
948 1626144 20.942840 9.661490
960 -1 28.361390 12.495570
960 2199 7.896100 36.436410
960 200782 19.348400 48.017910
960 202339 25.997090 12.591420
960 202688 34.396650 32.776330
960 203141 16.033030 11.207330
960 202702 7.052600 28.720740
960 201568 21.844820 14.673920
960 203115 22.223200 24.048950
960 203914 15.486600 32.852300
960 1626144 20.453470 10.282620
972 -1 28.292210 13.474040
972 2199 7.800830 36.651500
972 200782 18.591690 48.262850
972 202339 25.921880 13.839560
972 202688 34.271880 33.700930
972 203141 14.823630 11.267400
972 202702 7.234030 28.973780
972 201568 21.845880 15.281680
972 203115 22.460900 24.629380
972 203914 15.122500 33.247250
972 1626144 19.771120 10.973230
984 -1 27.881070 14.893770
984 2199 7.741150 36.878100
984 200782 17.865380 48.572300
984 202339 25.562260 15.238890
984 202688 34.056880 34.561360
984 203141 13.615370 11.345670
984 202702 7.384030 29.292510
984 201568 21.835040 15.981910
984 203115 22.638880 25.097500
984 203914 14.795690 33.678760
984 1626144 18.970480 11.600410
996 -1 26.541600 17.151150
996 2199 7.708850 37.075810
996 200782 17.155820 48.855100
996 202339 25.036970 16.622790
996 202688 33.785430 35.337560
996 203141 12.405940 11.435740
996 202702 7.484160 29.593480
996 201568 21.735670 16.777420
996 203115 22.754840 25.598430
996 203914 14.501650 34.129490
996 1626144 18.043590 12.173550
1008 -1 25.008180 19.408870
1008 2199 7.679000 37.233530
1008 200782 16.469950 49.083770
1008 202339 24.309030 18.087810
1008 202688 33.465380 36.051790
1008 203141 11.339300 11.595370
1008 202702 7.527340 29.944870
1008 201568 21.504140 17.700870
1008 203115 22.778740 25.920730
1008 203914 14.219530 34.572250
1008 1626144 17.054340 12.647470
1020 -1 24.624300 20.642230
1020 2199 7.651010 37.346010
1020 200782 15.801820 49.253910
1020 202339 23.559830 19.568090
1020 202688 33.101810 36.672430
1020 203141 10.418710 11.866020
1020 202702 7.510190 30.419600
1020 201568 21.100570 18.690910
1020 203115 22.658900 26.059360
1020 203914 13.955940 35.027530
1020 1626144 15.962780 13.042620
1032 -1 23.036140 21.202190
1032 2199 7.644160 37.421340
1032 200782 15.091250 49.375220
1032 202339 22.571050 20.846210
1032 202688 32.681140 37.231620
1032 203141 9.593760 12.271870
1032 202702 7.465460 30.874300
1032 201568 20.544490 19.694430
1032 203115 22.485430 26.274070
1032 203914 13.688030 35.511840
1032 1626144 14.900990 13.290500
1044 -1 21.271370 22.066670
1044 2199 7.644700 37.476210
1044 200782 14.331270 49.385240
1044 202339 21.345760 22.149930
1044 202688 32.202480 37.752370
1044 203141 8.922250 12.724610
1044 202702 7.390610 31.308790
1044 201568 19.760520 20.748950
1044 203115 22.345710 26.649090
1044 203914 13.401870 35.985710
1044 1626144 13.832850 13.477590
1056 -1 19.318160 23.243920
1056 2199 7.691110 37.547620
1056 200782 13.573320 49.405930
1056 202339 20.071230 23.407810
1056 202688 31.706490 38.217160
1056 203141 8.426360 13.304480
1056 202702 7.293810 31.819720
1056 201568 18.754010 21.745790
1056 203115 22.197170 27.002820
1056 203914 13.100460 36.435760
1056 1626144 12.783190 13.758420
1068 -1 17.366780 24.508370
1068 2199 7.750370 37.536990
1068 200782 12.845180 49.423480
1068 202339 18.603390 24.546610
1068 202688 31.195400 38.608740
1068 203141 8.092570 13.992700
1068 202702 7.197250 32.304790
1068 201568 17.622020 22.499350
1068 203115 22.055390 27.596200
1068 203914 12.779090 36.893390
1068 1626144 11.844010 14.158740
1080 -1 15.802340 25.377700
1080 2199 7.897090 37.563010
1080 200782 12.122270 49.401590
1080 202339 16.999950 25.574200
1080 202688 30.685940 38.955790
1080 203141 7.909590 14.819990
1080 202702 7.114560 32.620090
1080 201568 16.377360 23.112120
1080 203115 22.002940 28.426940
1080 203914 12.446880 37.331370
1080 1626144 11.034040 14.641110
1092 -1 14.237910 26.247020
1092 2199 7.979930 37.479740
1092 200782 11.514050 49.409310
1092 202339 15.569210 26.701570
1092 202688 30.209800 39.243500
1092 203141 7.916730 15.714440
1092 202702 7.033180 32.944530
1092 201568 15.025430 23.612210
1092 203115 21.989250 29.197040
1092 203914 12.103540 37.787500
1092 1626144 10.314100 15.306190