0 -1 83.730530 33.627090
0 200768 59.882050 15.674650
0 202335 28.162580 33.227840
0 203082 35.765700 24.030320
0 202709 49.125720 30.800820
0 203512 46.762680 24.755930
0 2749 83.478680 34.225760
0 200751 65.423930 12.815020
0 201568 27.413940 31.341030
0 203115 91.229540 29.408390
0 203999 67.859550 24.622790
12 -1 82.465180 33.828770
12 200768 58.658400 15.611370
12 202335 26.965950 33.329540
12 203082 35.138300 24.409680
12 202709 47.778720 30.720170
12 203512 44.708320 24.635780
12 2749 82.928730 34.580760
12 200751 63.980330 12.518450
12 201568 26.649110 31.190300
12 203115 90.149190 29.288560
12 203999 66.289710 24.582200
24 -1 82.398850 34.140170
24 200768 57.365170 15.611300
24 202335 25.917010 33.426060
24 203082 34.577030 24.818520
24 202709 46.483470 30.703510
24 203512 42.627890 24.493050
24 2749 82.370930 34.858700
24 200751 62.428360 12.301430
24 201568 25.921780 31.092050
24 203115 89.071030 29.088120
24 203999 64.727130 24.560470
36 -1 81.515050 33.874170
36 200768 56.033810 15.615170
36 202335 24.942180 33.397460
36 203082 34.076270 25.239120
36 202709 45.248920 30.781680
36 203512 40.534070 24.292620
36 2749 81.766320 35.058530
36 200751 60.972450 11.928940
36 201568 25.232950 31.020200
36 203115 87.815810 28.925970
36 203999 63.180180 24.479410
48 -1 80.638940 34.434700
48 200768 54.670000 15.636050
48 202335 24.091500 33.316690
48 203082 33.631980 25.622740
48 202709 43.990890 30.874530
48 203512 38.492680 24.107830
48 2749 81.162630 35.279990
48 200751 59.543410 11.501100
48 201568 24.628010 30.970500
48 203115 86.530680 28.792050
48 203999 61.674350 24.368280
60 -1 79.689410 34.473790
60 200768 53.320150 15.589150
60 202335 23.453720 33.173130
60 203082 33.248150 26.003340
60 202709 42.743920 30.911100
60 203512 36.439540 23.839760
60 2749 80.584640 35.388920
60 200751 58.123280 11.000340
60 201568 24.080100 30.942020
60 203115 85.116850 28.758610
60 203999 60.142970 24.243560
72 -1 79.213660 34.426160
72 200768 51.990810 15.485990
72 202335 22.864090 33.024520
72 203082 32.863800 26.297790
72 202709 41.557530 30.887180
72 203512 34.505300 23.559330
72 2749 79.882000 35.512880
72 200751 56.685210 10.507650
72 201568 23.513880 30.914050
72 203115 83.622790 28.763450
72 203999 58.614340 24.153420
84 -1 78.939510 34.390870
84 200768 50.649500 15.354680
84 202335 22.460940 32.844190
84 203082 32.538540 26.533030
84 202709 40.387380 30.933760
84 203512 32.670140 23.241170
84 2749 79.056350 35.695020
84 200751 55.246150 10.055700
84 201568 22.927460 30.929800
84 203115 82.099220 28.725690
84 203999 57.094790 24.062100
96 -1 78.157940 34.401540
96 200768 49.292220 15.223000
96 202335 22.026380 32.708280
96 203082 32.218210 26.680890
96 202709 39.189270 30.892420
96 203512 31.127360 23.066900
96 2749 78.196210 35.909860
96 200751 53.779500 9.686890
96 201568 22.252520 30.760420
96 203115 80.588780 28.607070
96 203999 55.571800 23.981750
108 -1 77.065470 34.656040
108 200768 47.938550 15.105160
108 202335 21.546590 32.537060
108 203082 31.908070 26.832360
108 202709 38.035850 30.835160
108 203512 29.715760 22.904410
108 2749 77.249390 36.055870
108 200751 52.319100 9.337350
108 201568 21.556110 30.498330
108 203115 79.018910 28.415130
108 203999 53.995730 23.997520
120 -1 75.792000 34.769700
120 200768 46.601890 14.973880
120 202335 21.065530 32.284080
120 203082 31.584710 26.875580
120 202709 36.986160 30.852400
120 203512 28.326530 22.775610
120 2749 76.310390 36.149510
120 200751 50.865280 8.993200
120 201568 20.927380 30.160290
120 203115 77.482910 28.181440
120 203999 52.444120 24.060330
132 -1 74.334190 34.898350
132 200768 45.263770 14.833670
132 202335 20.635170 31.996350
132 203082 31.235970 26.749110
132 202709 35.969640 30.892620
132 203512 26.878220 22.641020
132 2749 75.400850 36.088970
132 200751 49.429320 8.628110
132 201568 20.419480 29.719230
132 203115 76.019460 27.894790
132 203999 50.893160 24.096630
144 -1 73.268340 34.993800
144 200768 43.942040 14.685410
144 202335 20.164170 31.838990
144 203082 30.938290 26.667760
144 202709 35.027780 30.897360
144 203512 25.373300 22.429330
144 2749 74.466500 36.013360
144 200751 48.021790 8.237890
144 201568 19.988020 29.158240
144 203115 74.563040 27.699910
144 203999 49.350950 24.140970
156 -1 72.542760 34.714930
156 200768 42.636440 14.521030
156 202335 19.814370 31.611300
156 203082 30.668220 26.624940
156 202709 34.186680 30.861930
156 203512 23.911470 22.307800
156 2749 73.419630 36.014270
156 200751 46.622480 7.860570
156 201568 19.735460 28.647200
156 203115 73.102120 27.558240
156 203999 47.856760 24.129060
168 -1 72.222460 34.564340
168 200768 41.314650 14.361240
168 202335 19.574490 31.350000
168 203082 30.418470 26.565110
168 202709 33.470740 30.832970
168 203512 22.433630 22.098870
168 2749 72.343830 36.108590
168 200751 45.215810 7.498040
168 201568 19.587030 28.130580
168 203115 71.707900 27.467720
168 203999 46.405670 24.086530
180 -1 71.017190 34.677300
180 200768 40.004250 14.201480
180 202335 19.423870 31.132640
180 203082 30.205450 26.567160
180 202709 32.799660 30.791060
180 203512 21.173870 22.020540
180 2749 71.206310 36.096530
180 200751 43.803090 7.175070
180 201568 19.545450 27.673000
180 203115 70.213730 27.393730
180 203999 44.957770 23.989150
192 -1 69.349380 34.717060
192 200768 38.710030 14.038920
192 202335 19.316590 30.832890
192 203082 30.107090 26.790150
192 202709 32.204350 30.719260
192 203512 20.024880 22.031550
192 2749 70.068970 36.002040
192 200751 42.415010 6.863810
192 201568 19.638160 27.262520
192 203115 68.649820 27.288020
192 203999 43.516300 23.870790
204 -1 67.629100 34.945530
204 200768 37.433100 13.861740
204 202335 19.094090 30.277880
204 203082 29.902550 26.894690
204 202709 31.660170 30.645620
204 203512 19.132500 22.234440
204 2749 68.913060 35.922190
204 200751 41.027080 6.554710
204 201568 19.874820 26.883230
204 203115 66.836540 27.428820
204 203999 42.080170 23.760400
216 -1 65.722910 35.012670
216 200768 36.179700 13.663110
216 202335 18.886560 29.686570
216 203082 29.806340 26.990650
216 202709 31.238280 30.715760
216 203512 18.192400 22.291380
216 2749 67.712960 35.896240
216 200751 39.644590 6.190240
216 201568 20.247220 26.730080
216 203115 64.961300 27.634910
216 203999 40.610320 23.615280
228 -1 64.607370 34.859550
228 200768 34.944030 13.437670
228 202335 18.933220 29.180810
228 203082 29.619950 27.053770
228 202709 30.731720 30.721530
228 203512 17.417920 22.423190
228 2749 66.497860 35.625190
228 200751 38.269730 5.854840
228 201568 20.594560 26.578580
228 203115 63.131570 27.720700
228 203999 39.167070 23.416410
240 -1 63.879420 35.007260
240 200768 33.722120 13.217340
240 202335 19.138200 28.748960
240 203082 29.531250 27.080300
240 202709 30.306280 30.744910
240 203512 16.741760 22.380430
240 2749 65.279280 35.497100
240 200751 36.908470 5.530690
240 201568 20.953090 26.430740
240 203115 61.437200 27.621740
240 203999 37.794700 23.195620
252 -1 63.007510 34.981820
252 200768 32.516810 12.984580
252 202335 19.389080 28.340900
252 203082 29.327120 26.944510
252 202709 29.794380 30.719380
252 203512 16.265910 22.400200
252 2749 63.996440 35.622560
252 200751 35.538580 5.199050
252 201568 21.316600 26.346060
252 203115 59.633960 27.681920
252 203999 36.480500 22.956620
264 -1 61.728510 34.954470
264 200768 31.347730 12.774230
264 202335 19.771220 28.060740
264 203082 29.278540 26.868550
264 202709 29.313300 30.714340
264 203512 15.813030 22.331340
264 2749 62.730460 35.722980
264 200751 34.213160 4.909490
264 201568 21.706410 26.362800
264 203115 58.054860 27.474580
264 203999 35.140000 22.595170
276 -1 60.044230 35.245930
276 200768 30.204920 12.587390
276 202335 20.313640 27.895660
276 203082 29.068960 26.648040
276 202709 28.782900 30.602070
276 203512 15.459320 22.234810
276 2749 61.492200 35.747470
276 200751 32.923390 4.684010
276 201568 21.952990 26.069360
276 203115 56.454570 27.135260
276 203999 33.883280 22.270900
288 -1 58.282990 35.408000
288 200768 29.072450 12.383420
288 202335 20.732020 27.666860
288 203082 28.846660 26.326570
288 202709 28.369730 30.558090
288 203512 15.194690 22.164010
288 2749 60.252660 36.047080
288 200751 31.649680 4.404750
288 201568 22.251400 25.786130
288 203115 54.769580 26.912310
288 203999 32.675900 22.016280
300 -1 56.999360 35.467060
300 200768 27.943300 12.172200
300 202335 21.105690 27.421500
300 203082 28.486220 25.955660
300 202709 27.950330 30.558930
300 203512 14.959710 22.200310
300 2749 58.908270 36.342570
300 200751 30.382450 4.124850
300 201568 22.459970 25.444780
300 203115 52.998660 26.926000
300 203999 31.444460 21.764540
312 -1 56.377550 35.632430
312 200768 26.829130 11.989860
312 202335 21.483510 27.153770
312 203082 28.235470 25.728330
312 202709 27.676500 30.749210
312 203512 14.741030 22.136910
312 2749 57.499870 36.542550
312 200751 29.152270 3.919090
312 201568 22.538750 24.972220
312 203115 51.330220 26.835060
312 203999 30.215070 21.478590
324 -1 55.422170 35.668750
324 200768 25.741360 11.836720
324 202335 21.884940 26.907910
324 203082 27.840180 25.427270
324 202709 27.422640 31.039830
324 203512 14.624770 22.035880
324 2749 56.052380 36.772060
324 200751 27.903550 3.681230
324 201568 22.730900 24.524370
324 203115 49.643630 26.780260
324 203999 29.116000 21.154700
336 -1 54.110100 35.704880
336 200768 24.700520 11.684770
336 202335 22.212360 26.493030
336 203082 27.558240 25.403430
336 202709 27.241060 31.418780
336 203512 14.511900 21.824990
336 2749 54.702360 37.029940
336 200751 26.670770 3.439400
336 201568 22.951050 24.204080
336 203115 47.944600 26.888000
336 203999 28.027440 20.847930
348 -1 52.400520 36.148440
348 200768 23.714150 11.550810
348 202335 22.497520 25.978850
348 203082 27.460440 25.639860
348 202709 27.172680 31.927800
348 203512 14.403260 21.516780
348 2749 53.387900 37.225720
348 200751 25.479040 3.271890
348 201568 23.248440 23.983180
348 203115 46.223430 27.030080
348 203999 26.987630 20.548380
360 -1 50.483580 36.461260
360 200768 22.740280 11.403470
360 202335 22.747880 25.438650
360 203082 27.419420 25.921380
360 202709 27.177070 32.428060
360 203512 14.300940 21.168280
360 2749 52.148520 37.481400
360 200751 24.330630 3.074680
360 201568 23.620410 23.950820
360 203115 44.490410 27.220330
360 203999 25.878200 20.285410
372 -1 48.790320 36.846770
372 200768 21.792280 11.276890
372 202335 23.021190 25.092990
372 203082 27.306850 26.178740
372 202709 27.190480 32.739420
372 203512 14.171050 20.811790
372 2749 50.953310 37.771250
372 200751 23.207150 2.821160
372 201568 24.168750 24.052480
372 203115 42.790860 27.497530
372 203999 24.738030 19.819320
384 -1 47.848490 38.003200
384 200768 20.848230 11.144580
384 202335 23.365370 24.889860
384 203082 27.166470 26.559860
384 202709 27.243980 33.142550
384 203512 14.022450 20.528980
384 2749 49.778570 38.097680
384 200751 22.122500 2.634530
384 201568 24.656610 24.081650
384 203115 41.094150 27.789850
384 203999 23.649890 19.432740
396 -1 47.104150 38.740800
396 200768 19.924160 11.014900
396 202335 23.751100 24.908700
396 203082 26.904780 26.871670
396 202709 27.334540 33.645530
396 203512 13.856410 20.365840
396 2749 48.606470 38.355910
396 200751 21.063820 2.455500
396 201568 25.113290 24.057140
396 203115 39.389640 28.132250
396 203999 22.644350 19.145720
408 -1 46.218450 39.301050
408 200768 19.063180 10.915480
408 202335 24.127380 25.121470
408 203082 26.471810 27.149220
408 202709 27.338070 33.987390
408 203512 13.678680 20.274160
408 2749 47.492300 38.575360
408 200751 20.036560 2.233580
408 201568 25.492840 23.975340
408 203115 37.691350 28.559760
408 203999 21.672050 18.708500
420 -1 45.468600 39.823740
420 200768 18.274190 10.816100
420 202335 24.468720 25.407610
420 203082 25.942880 27.496640
420 202709 27.288650 34.317370
420 203512 13.472840 20.208000
420 2749 46.396350 38.747460
420 200751 19.059240 2.039850
420 201568 25.879210 23.768640
420 203115 36.018890 29.049450
420 203999 20.887850 18.109690
432 -1 44.547700 40.141140
432 200768 17.514400 10.666660
432 202335 24.841620 25.542660
432 203082 25.387600 27.867700
432 202709 27.344640 34.944320
432 203512 13.235060 20.103720
432 2749 45.321350 38.993240
432 200751 18.114060 1.894160
432 201568 26.224220 23.649200
432 203115 34.136680 29.465490
432 203999 20.261000 17.623500
444 -1 43.554320 40.504400
444 200768 16.766770 10.501190
444 202335 25.077010 25.527010
444 203082 24.836890 28.286270
444 202709 27.409680 35.338580
444 203512 12.994520 19.943460
444 2749 44.309960 39.244970
444 200751 17.177760 1.725330
444 201568 26.525380 23.659380
444 203115 32.370480 30.079350
444 203999 19.738890 17.170580
456 -1 42.514520 40.711730
456 200768 16.029060 10.371090
456 202335 25.309480 25.519680
456 203082 24.234370 28.748070
456 202709 27.497830 35.571640
456 203512 12.790160 19.724530
456 2749 43.362420 39.478700
456 200751 16.271000 1.572790
456 201568 26.869930 23.780490
456 203115 30.720720 30.792800
456 203999 19.328650 16.644540
468 -1 41.377270 40.866240
468 200768 15.296570 10.268410
468 202335 25.529760 25.404830
468 203082 23.630950 29.229140
468 202709 27.679850 35.838550
468 203512 12.643990 19.502600
468 2749 42.458340 39.737950
468 200751 15.387630 1.480600
468 201568 27.268210 23.976170
468 203115 29.249950 31.444500
468 203999 19.090950 16.274020
480 -1 40.491190 41.233750
480 200768 14.596930 10.204900
480 202335 25.806070 25.257950
480 203082 22.998930 29.725950
480 202709 27.890880 36.038130
480 203512 12.591200 19.302530
480 2749 41.611760 39.991100
480 200751 14.510380 1.454000
480 201568 27.863290 24.277140
480 203115 27.764460 31.950180
480 203999 18.964280 16.033970
492 -1 39.890320 41.599920
492 200768 13.969840 10.213170
492 202335 26.002020 25.205080
492 203082 22.342500 30.360600
492 202709 28.050320 36.099040
492 203512 12.643080 19.140350
492 2749 40.830850 40.219650
492 200751 13.683730 1.427540
492 201568 28.619010 24.526040
492 203115 26.307890 32.640250
492 203999 19.070620 15.814840
504 -1 39.636770 41.779070
504 200768 13.432500 10.270500
504 202335 26.174310 25.318670
504 203082 21.623600 30.884840
504 202709 28.184850 36.256240
504 203512 12.833990 19.108490
504 2749 40.011400 40.440470
504 200751 12.910380 1.407180
504 201568 29.425030 24.662100
504 203115 24.759300 33.226100
504 203999 19.236400 15.533700
516 -1 38.913880 42.121840
516 200768 12.954680 10.341760
516 202335 26.323710 25.356050
516 203082 20.911450 31.363520
516 202709 28.191770 36.383670
516 203512 13.119900 19.110730
516 2749 39.155710 40.602000
516 200751 12.150210 1.382410
516 201568 30.351030 25.024980
516 203115 23.106990 33.663880
516 203999 19.419400 15.430490
528 -1 37.600150 41.889390
528 200768 12.534540 10.405150
528 202335 26.558680 25.215940
528 203082 20.169420 31.803820
528 202709 28.232350 36.560940
528 203512 13.480980 19.149060
528 2749 38.284490 40.636240
528 200751 11.444410 1.331500
528 201568 31.336090 25.336040
528 203115 21.328680 34.039110
528 203999 19.585180 15.308020
540 -1 36.389990 40.314820
540 200768 12.155340 10.483120
540 202335 26.998180 25.182530
540 203082 19.448680 32.284450
540 202709 28.318250 36.712860
540 203512 13.919720 19.220270
540 2749 37.439520 40.658710
540 200751 10.801700 1.230570
540 201568 32.272990 25.629610
540 203115 19.727670 34.527570
540 203999 19.821620 15.242780
552 -1 36.348940 37.730900
552 200768 11.788560 10.524600
552 202335 27.479790 25.101060
552 203082 18.683920 32.576040
552 202709 28.405330 36.828530
552 203512 14.443710 19.347680
552 2749 36.600320 40.616890
552 200751 10.161730 1.204640
552 201568 33.223040 25.946580
552 203115 18.324470 34.832480
552 203999 20.047170 15.372270
564 -1 36.396330 33.925180
564 200768 11.430470 10.510310
564 202335 28.158260 24.972970
564 203082 17.845920 32.819790
564 202709 28.427830 36.871650
564 203512 15.054770 19.426200
564 2749 35.799750 40.626490
564 200751 9.555310 1.195180
564 201568 34.201230 26.247240
564 203115 16.950310 35.023120
564 203999 20.397710 15.652440
576 -1 36.519120 30.137690
576 200768 11.077310 10.439130
576 202335 28.935530 24.886860
576 203082 16.966040 32.974140
576 202709 28.396810 36.973650
576 203512 15.641140 19.338810
576 2749 34.974930 40.686460
576 200751 9.035950 1.223630
576 201568 35.083780 26.215210
576 203115 15.730940 35.191150
576 203999 21.023360 15.826300
588 -1 36.849260 27.725670
588 200768 10.738230 10.318450
588 202335 29.721960 25.044270
588 203082 16.074170 33.058340
588 202709 28.182780 37.031170
588 203512 16.304510 19.162470
588 2749 34.119200 40.838390
588 200751 8.535430 1.258120
588 201568 35.883950 26.187490
588 203115 14.520690 35.501290
588 203999 21.892090 16.176960
600 -1 37.347820 27.185960
600 200768 10.459420 10.149660
600 202335 30.305240 25.092720
600 203082 15.178220 33.062890
600 202709 27.812300 37.099860
600 203512 17.053290 18.922150
600 2749 33.299170 40.869500
600 200751 8.045010 1.356450
600 201568 36.522960 26.069310
600 203115 13.314830 35.802620
600 203999 22.808250 16.565680
612 -1 37.453290 26.726060
612 200768 10.185930 10.041620
612 202335 30.790940 25.091500
612 203082 14.208790 32.932960
612 202709 27.339360 37.164480
612 203512 17.920050 18.615520
612 2749 32.551080 40.803230
612 200751 7.597050 1.413300
612 201568 36.954230 25.891780
612 203115 12.208080 36.118530
612 203999 23.650620 16.946500
624 -1 37.667020 26.818530
624 200768 10.038410 9.973680
624 202335 31.133840 25.030260
624 203082 13.246560 32.818510
624 202709 26.795470 37.242140
624 203512 18.788760 18.311570
624 2749 31.856430 40.558310
624 200751 7.188610 1.443920
624 201568 37.236200 25.703910
624 203115 11.277240 36.511320
624 203999 24.503370 17.439530
636 -1 37.803260 26.983950
636 200768 9.955180 9.942790
636 202335 31.302230 24.915960
636 203082 12.406100 32.724550
636 202709 26.238760 37.311350
636 203512 19.867450 18.178110
636 2749 31.262060 40.437040
636 200751 6.762000 1.441620
636 201568 37.413340 25.558200
636 203115 10.227760 36.885280
636 203999 25.333780 18.033030
648 -1 38.007140 26.176570
648 200768 9.877140 9.971850
648 202335 31.361760 24.788290
648 203082 11.677080 32.725730
648 202709 25.730140 37.315630
648 203512 21.017920 18.141000
648 2749 30.742630 40.118430
648 200751 6.354500 1.488400
648 201568 37.447550 25.300570
648 203115 9.407200 37.195970
648 203999 26.079350 18.394710
660 -1 37.854850 26.487140
660 200768 9.741820 10.033790
660 202335 31.259650 24.565180
660 203082 10.984240 32.758510
660 202709 25.367930 37.258500
660 203512 22.184680 18.146010
660 2749 30.176140 39.833390
660 200751 6.010720 1.496160
660 201568 37.383780 24.860550
660 203115 8.764540 37.607530
660 203999 26.941190 18.807820
672 -1 37.468180 25.688420
672 200768 9.627320 10.010440
672 202335 31.122390 24.366950
672 203082 10.357680 32.946390
672 202709 25.056610 37.202650
672 203512 23.281280 18.136870
672 2749 29.613750 39.802060
672 200751 5.710750 1.472690
672 201568 37.260030 24.211830
672 203115 8.292120 38.116890
672 203999 27.854520 19.346630
684 -1 36.623200 22.564130
684 200768 9.417220 10.006350
684 202335 30.864670 24.046730
684 203082 9.833370 33.097200
684 202709 24.835330 37.114530
684 203512 24.372360 17.990720
684 2749 29.039370 39.969940
684 200751 5.407820 1.550490
684 201568 37.034800 23.430100
684 203115 7.921930 38.625310
684 203999 28.503880 19.892900
696 -1 36.605100 21.020780
696 200768 9.200220 10.060380
696 202335 30.609380 23.691650
696 203082 9.381630 33.288360
696 202709 24.684380 37.000300
696 203512 25.370620 17.659940
696 2749 28.386220 40.040160
696 200751 5.191910 1.650930
696 201568 36.690550 22.502520
696 203115 7.889250 39.179910
696 203999 28.864120 20.310450
708 -1 35.905090 19.810840
708 200768 9.007300 10.129530
708 202335 30.419410 23.224120
708 203082 8.962140 33.377260
708 202709 24.459910 36.916220
708 203512 26.255420 17.156100
708 2749 27.687950 40.294860
708 200751 5.040200 1.722550
708 201568 36.297510 21.416060
708 203115 8.032400 39.720230
708 203999 28.943880 20.902500
720 -1 35.847090 18.102190
720 200768 8.858980 10.197840
720 202335 30.296280 22.839700
720 203082 8.733370 33.504840
720 202709 24.027890 36.879350
720 203512 26.958750 16.442180
720 2749 26.962850 40.586780
720 200751 4.886620 1.779840
720 201568 35.962810 20.295430
720 203115 8.397430 40.208620
720 203999 28.745210 21.491670
732 -1 36.216570 17.083330
732 200768 8.754600 10.346180
732 202335 30.173300 22.329200
732 203082 8.686090 33.464750
732 202709 23.520770 36.776100
732 203512 27.564240 15.569310
732 2749 26.134910 40.731170
732 200751 4.742020 1.841010
732 201568 35.755030 19.155220
732 203115 9.069120 40.673540
732 203999 28.375050 21.963290
744 -1 36.550870 16.187890
744 200768 8.659260 10.374730
744 202335 30.174100 21.688920
744 203082 8.802490 33.280120
744 202709 22.901810 36.649880
744 203512 28.175220 14.715870
744 2749 25.208640 40.788600
744 200751 4.669390 1.821070
744 201568 35.702470 18.002160
744 203115 9.946200 41.070850
744 203999 27.918170 22.206830
756 -1 36.713530 15.113170
756 200768 8.567570 10.272840
756 202335 30.027450 20.787050
756 203082 8.985850 32.865660
756 202709 22.214860 36.501550
756 203512 28.764520 13.935210
756 2749 24.230910 40.902870
756 200751 4.601320 1.773410
756 201568 35.888700 16.864770
756 203115 11.016080 41.422270
756 203999 27.243330 22.378280
768 -1 36.727260 14.310290
768 200768 8.475370 10.068950
768 202335 29.842190 19.887490
768 203082 9.319520 32.368880
768 202709 21.446420 36.281060
768 203512 29.485300 13.352680
768 2749 23.161460 41.086770
768 200751 4.544810 1.693490
768 201568 36.263630 15.792800
768 203115 12.108050 41.639500
768 203999 26.477720 22.522620
780 -1 36.444420 13.259460
780 200768 8.387850 9.858500
780 202335 29.722170 18.980760
780 203082 9.681160 31.509000
780 202709 20.596620 35.989910
780 203512 30.363000 12.952600
780 2749 22.004390 41.387050
780 200751 4.538790 1.601070
780 201568 36.756140 14.798170
780 203115 13.107460 41.591750
780 203999 25.538340 22.480860
792 -1 37.074800 12.095340
792 200768 8.293910 9.615960
792 202335 29.593630 18.235230
792 203082 10.104790 30.387470
792 202709 19.817730 35.773960
792 203512 31.345150 12.676750
792 2749 20.835340 41.798480
792 200751 4.586940 1.518480
792 201568 37.314620 13.993280
792 203115 14.160500 41.327500
792 203999 24.451740 22.242700
804 -1 37.422820 11.517840
804 200768 8.235060 9.476390
804 202335 29.339300 17.645560
804 203082 10.560670 29.296070
804 202709 18.936640 35.509370
804 203512 32.338510 12.368270
804 2749 19.654560 42.269090
804 200751 4.682440 1.462810
804 201568 37.892990 13.402040
804 203115 15.337030 41.227030
804 203999 23.342990 21.974590
816 -1 37.732310 12.132020
816 200768 8.197630 9.434260
816 202335 29.217770 17.432210
816 203082 11.043900 28.179330
816 202709 17.953040 35.255100
816 203512 33.379730 12.192250
816 2749 18.480740 42.714970
816 200751 4.810270 1.437390
816 201568 38.495520 12.972500
816 203115 16.608610 41.026120
816 203999 22.289260 21.875680
828 -1 39.142700 11.800420
828 200768 8.186790 9.480130
828 202335 28.907780 17.408220
828 203082 11.532690 26.909080
828 202709 16.964560 35.136390
828 203512 34.358410 11.994460
828 2749 17.305830 43.242100
828 200751 4.959900 1.448350
828 201568 39.128410 12.834550
828 203115 18.037130 40.796650
828 203999 21.219800 21.795000
840 -1 38.985540 13.606650
840 200768 8.193360 9.556870
840 202335 28.416040 17.465790
840 203082 12.007870 25.741470
840 202709 16.030370 35.115210
840 203512 35.323150 11.872970
840 2749 16.172220 43.775260
840 200751 5.106640 1.482780
840 201568 39.727920 13.006790
840 203115 19.560570 40.615510
840 203999 20.197850 21.750950
852 -1 40.557830 13.634340
852 200768 8.204230 9.613020
852 202335 27.813990 17.644770
852 203082 12.502300 24.945420
852 202709 14.910390 35.146350
852 203512 36.248880 11.970930
852 2749 15.032580 44.248390
852 200751 5.237570 1.506240
852 201568 40.232210 13.374020
852 203115 20.976030 40.552390
852 203999 19.214410 21.923110
864 -1 41.285780 13.632680
864 200768 8.220290 9.737520
864 202335 27.105240 18.287130
864 203082 12.990210 24.553300
864 202709 13.980410 35.233820
864 203512 37.102470 12.296880
864 2749 13.947270 44.696860
864 200751 5.331650 1.512140
864 201568 40.622360 13.856430
864 203115 22.299590 40.299730
864 203999 18.234240 22.196260
876 -1 40.104730 16.949250
876 200768 8.231920 9.918660
876 202335 26.274980 18.835730
876 203082 13.409960 24.459200
876 202709 13.192340 35.346190
876 203512 37.868150 12.709460
876 2749 12.913150 45.200620
876 200751 5.385880 1.497300
876 201568 40.970580 14.479070
876 203115 23.523280 40.153860
876 203999 17.322780 22.429220
888 -1 37.855080 21.868110
888 200768 8.251660 10.046810
888 202335 25.393990 19.551060
888 203082 13.768490 24.732480
888 202709 12.435900 35.575300
888 203512 38.465470 13.269140
888 2749 11.966600 45.663790
888 200751 5.405250 1.478890
888 201568 41.264190 15.078730
888 203115 24.606740 40.140200
888 203999 16.550590 22.656780
900 -1 35.616540 26.789430
900 200768 8.266470 10.367430
900 202335 24.452920 20.330730
900 203082 13.942080 25.223260
900 202709 11.765250 35.905210
900 203512 38.751030 13.903080
900 2749 11.142190 46.142440
900 200751 5.387380 1.470270
900 201568 41.519510 15.580960
900 203115 25.488280 40.214320
900 203999 15.964370 23.126070
912 -1 33.287780 31.562840
912 200768 8.295270 10.617840
912 202335 23.588350 21.233950
912 203082 14.078650 25.863160
912 202709 11.259060 36.266460
912 203512 38.806470 14.519540
912 2749 10.467590 46.625930
912 200751 5.346340 1.482220
912 201568 41.797100 15.989090
912 203115 26.182250 40.312680
912 203999 15.483230 23.547030
924 -1 30.960550 36.285690
924 200768 8.350070 10.981980
924 202335 22.655740 21.894340
924 203082 14.238280 26.508960
924 202709 10.751250 36.965240
924 203512 38.668110 15.156760
924 2749 9.932740 47.073490
924 200751 5.278110 1.501470
924 201568 42.205150 16.247070
924 203115 26.703650 40.449730
924 203999 15.180010 24.009110
936 -1 29.035410 40.554810
936 200768 8.416720 11.326310
936 202335 21.694450 22.742770
936 203082 14.540230 27.336100
936 202709 10.322330 37.694120
936 203512 38.278560 15.829160
936 2749 9.518300 47.452320
936 200751 5.189310 1.535190
936 201568 42.571960 16.372740
936 203115 27.037270 40.574940
936 203999 15.046270 24.486080
948 -1 29.170530 41.465460
948 200768 8.496000 11.818410
948 202335 20.652920 23.466690
948 203082 14.925460 28.285740
948 202709 9.983420 38.380160
948 203512 37.645570 16.456160
948 2749 9.257610 47.777750
948 200751 5.084560 1.566650
948 201568 42.863820 16.400720
948 203115 27.286220 40.688500
948 203999 15.010610 24.968540
960 -1 29.075120 41.779690
960 200768 8.578240 12.199330
960 202335 19.513980 24.127830
960 203082 15.529500 29.400430
960 202709 9.745170 39.054980
960 203512 36.884630 17.083950
960 2749 9.117580 48.037180
960 200751 4.986110 1.593040
960 201568 43.083650 16.359080
960 203115 27.383590 40.710470
960 203999 14.997300 25.297010
972 -1 28.861280 40.934690
972 200768 8.655470 12.754850
972 202335 18.356890 24.633260
972 203082 16.221480 30.590170
972 202709 9.635080 39.744670
972 203512 35.961160 17.696030
972 2749 9.047470 48.207290
972 200751 5.024860 1.468760
972 201568 43.177020 16.257460
972 203115 27.347790 40.657370
972 203999 15.032060 25.684350
984 -1 27.705700 39.703870
984 200768 8.681700 13.212070
984 202335 17.390840 25.086380
984 203082 16.939450 31.723150
984 202709 9.570310 40.228250
984 203512 34.887150 18.282160
984 2749 9.067470 48.334700
984 200751 5.152070 1.314540
984 201568 43.120750 16.126620
984 203115 27.165440 40.490420
984 203999 15.020140 26.144500
996 -1 26.661150 39.434320
996 200768 8.671940 13.708210
996 202335 16.557850 25.471440
996 203082 17.561250 32.543560
996 202709 9.412180 40.734420
996 203512 33.686080 18.879950
996 2749 9.130650 48.412340
996 200751 5.353760 1.149850
996 201568 42.991110 15.956050
996 203115 26.884970 40.251630
996 203999 14.882700 26.605040
1008 -1 25.889970 39.315140
1008 200768 8.618310 14.150960
1008 202335 15.835960 25.774970
1008 203082 18.141720 33.206240
1008 202709 9.367460 41.184020
1008 203512 32.412170 19.422860
1008 2749 9.202320 48.443740
1008 200751 5.610990 0.987900
1008 201568 42.828940 15.774190
1008 203115 26.504970 39.951150
1008 203999 14.597300 27.061720
1020 -1 25.460860 39.260930
1020 200768 8.563370 14.535600
1020 202335 15.404270 26.196220
1020 203082 18.576870 33.375030
1020 202709 9.332880 41.519260
1020 203512 31.051380 19.754170
1020 2749 9.254600 48.442680
1020 200751 5.894990 0.929200
1020 201568 42.609250 15.590710
1020 203115 26.180930 39.654060
1020 203999 14.200140 27.590540
1032 -1 25.449250 38.763810
1032 200768 8.504140 14.843530
1032 202335 15.077080 26.766140
1032 203082 18.987920 33.501820
1032 202709 9.253880 41.677980
1032 203512 29.671600 20.061030
1032 2749 9.292200 48.434790
1032 200751 6.097480 1.049950
1032 201568 42.353480 15.450230
1032 203115 25.902110 39.193740
1032 203999 13.784900 28.188990
1044 -1 25.468150 37.769960
1044 200768 8.462980 15.045020
1044 202335 14.738170 27.334420
1044 203082 19.405400 33.458850
1044 202709 9.211590 41.656230
1044 203512 28.283690 20.357770
1044 2749 9.298880 48.424080
1044 200751 6.294690 1.178780
1044 201568 42.027160 15.346640
1044 203115 25.687280 38.590950
1044 203999 13.388520 28.768300
1056 -1 25.476170 36.542800
1056 200768 8.454970 15.123830
1056 202335 14.322210 27.921710
1056 203082 19.752770 33.298230
1056 202709 9.288570 41.573180
1056 203512 26.935860 20.508760
1056 2749 9.302200 48.421830
1056 200751 6.459040 1.378380
1056 201568 41.560130 15.272740
1056 203115 25.483780 37.703820
1056 203999 13.014270 29.348850
1068 -1 25.477980 35.162250
1068 200768 8.476750 15.127790
1068 202335 13.911350 28.325980
1068 203082 20.016930 32.881990
1068 202709 9.355190 41.389840
1068 203512 25.680070 20.662540
1068 2749 9.297750 48.416560
1068 200751 6.625190 1.618510
1068 201568 40.971440 15.163960
1068 203115 25.219960 36.510650
1068 203999 12.669640 29.954970
1080 -1 25.317130 33.607030
1080 200768 8.512670 15.085590
1080 202335 13.322350 28.484340
1080 203082 20.314730 32.572750
1080 202709 9.419260 41.142040
1080 203512 24.696040 21.042780
1080 2749 9.299920 48.412020
1080 200751 6.818840 1.738520
1080 201568 40.242220 15.055580
1080 203115 24.976050 35.166630
1080 203999 12.309000 30.536010
1092 -1 25.308600 32.643710
1092 200768 8.575030 14.969210
1092 202335 12.724000 28.489020
1092 203082 20.480470 31.934050
1092 202709 9.425500 40.771190
1092 203512 23.663640 21.286870
1092 2749 9.303740 48.413020
1092 200751 7.036970 1.818920
1092 201568 39.414420 14.955660
1092 203115 24.923510 33.956620
1092 203999 11.912030 31.100780
1104 -1 25.139900 32.139970
1104 200768 8.659460 14.741050
1104 202335 12.153410 28.527790
1104 203082 20.530450 31.157690
1104 202709 9.398280 40.413360
1104 203512 22.873890 21.485850
1104 2749 9.305300 48.402730
1104 200751 7.253540 1.898300
1104 201568 38.511420 14.882560
1104 203115 24.992220 32.719870
1104 203999 11.692890 31.729880
1116 -1 25.286070 31.090430
1116 200768 8.774090 14.398100
1116 202335 11.619940 28.587620
1116 203082 20.609980 30.469750
1116 202709 9.405710 40.119870
1116 203512 22.348300 21.645490
1116 2749 9.310140 48.402510
1116 200751 7.492070 1.895860
1116 201568 37.597450 14.840350
1116 203115 25.148010 31.754850
1116 203999 11.314880 32.356490
1128 -1 25.853490 29.458340
1128 200768 8.900040 13.936530
1128 202335 11.179980 28.866030
1128 203082 20.724770 29.909810
1128 202709 9.410370 39.776220
1128 203512 22.189000 21.446600
1128 2749 9.321790 48.405840
1128 200751 7.703630 1.829190
1128 201568 36.646280 14.795690
1128 203115 25.502300 31.059540
1128 203999 10.905860 32.994380
1140 -1 27.723350 25.912790
1140 200768 9.043320 13.377990
1140 202335 10.881130 29.221780
1140 203082 20.853480 29.474190
1140 202709 9.423290 39.417770
1140 203512 22.026630 20.900810
1140 2749 9.324020 48.397400
1140 200751 7.863290 1.787660
1140 201568 35.701670 14.687590
1140 203115 25.943560 30.410880
1140 203999 10.560590 33.630280
1152 -1 29.698690 22.301140
1152 200768 9.189430 12.727200
1152 202335 10.547160 29.510410
1152 203082 21.021980 29.174090
1152 202709 9.505100 39.173680
1152 203512 22.277200 20.373770
1152 2749 9.316960 48.389270
1152 200751 7.946130 1.749940
1152 201568 34.807550 14.567970
1152 203115 26.355500 29.802160
1152 203999 10.291620 34.159540
1164 -1 31.862500 18.529110
1164 200768 9.341350 12.024560
1164 202335 10.245450 29.714130
1164 203082 21.179850 28.902920
1164 202709 9.639470 38.914720
1164 203512 22.588660 19.656030
1164 2749 9.309190 48.387120
1164 200751 7.951650 1.737000
1164 201568 33.934740 14.348730
1164 203115 26.830830 29.470220
1164 203999 9.740830 34.552550
1176 -1 32.752750 16.140210
1176 200768 9.468740 11.353560
1176 202335 9.992060 29.799080
1176 203082 21.267990 28.600510
1176 202709 9.744730 38.489900
1176 203512 22.983050 18.922820
1176 2749 9.299770 48.389500
1176 200751 7.897650 1.766880
1176 201568 33.064260 14.078680
1176 203115 27.513270 29.270780
1176 203999 9.184650 34.802580
1188 -1 31.953820 15.728980
1188 200768 9.581990 10.739770
1188 202335 9.705900 29.825970
1188 203082 21.254650 28.249570
1188 202709 9.855080 38.133650
1188 203512 23.258260 18.406410
1188 2749 9.289100 48.392500
1188 200751 7.823450 1.812380
1188 201568 32.326150 13.916450
1188 203115 28.227900 29.241230
1188 203999 8.549060 34.953530
1200 -1 31.469750 14.306520
1200 200768 9.690570 10.160270
1200 202335 9.365340 29.993260
1200 203082 21.172930 27.869170
1200 202709 9.943550 37.834010
1200 203512 23.656210 18.153440
1200 2749 9.281130 48.405650
1200 200751 7.749810 1.850610
1200 201568 31.702490 13.890940
1200 203115 28.945620 29.475390
1200 203999 7.854950 35.040000
1212 -1 30.253240 15.397740
1212 200768 9.780680 9.654790
1212 202335 8.959800 30.195950
1212 203082 21.070000 27.469850
1212 202709 9.985200 37.562890
1212 203512 23.987260 17.908970
1212 2749 9.268350 48.399260
1212 200751 7.692070 1.886490
1212 201568 31.052980 13.805550
1212 203115 29.572750 29.766320
1212 203999 7.097930 35.110380
1224 -1 29.627850 15.223550
1224 200768 9.838860 9.277630
1224 202335 8.536140 30.362620
1224 203082 20.932440 27.073790
1224 202709 9.974600 37.316090
1224 203512 24.235490 17.689930
1224 2749 9.259720 48.397670
1224 200751 7.659260 1.912760
1224 201568 30.484110 13.789460
1224 203115 30.160980 30.154230
1224 203999 6.300830 35.086320
1236 -1 28.799510 14.230930
1236 200768 9.871420 9.000000
1236 202335 8.099100 30.533450
1236 203082 20.798260 26.722730
1236 202709 9.916540 37.103810
1236 203512 24.310910 17.419730
1236 2749 9.256950 48.397140
1236 200751 7.656700 1.918690
1236 201568 30.126740 13.825290
1236 203115 30.617110 30.591510
1236 203999 5.641600 35.036090
1248 -1 28.370490 13.942280
1248 200768 9.897760 8.814860
1248 202335 7.708550 30.751310
1248 203082 20.668910 26.400150
1248 202709 9.813370 36.834760
1248 203512 24.396150 17.229750
1248 2749 9.251440 48.392600
1248 200751 7.668960 1.934280
1248 201568 29.899470 13.813490
1248 203115 30.920960 30.901970
1248 203999 5.103860 34.893230
1260 -1 28.994600 14.304500
1260 200768 9.896120 8.748660
1260 202335 7.355030 30.710710
1260 203082 20.551590 26.113890
1260 202709 9.711430 36.538340
1260 203512 24.456560 16.994690
1260 2749 9.245060 48.387460
1260 200751 7.687070 1.949790
1260 201568 29.759400 13.732280
1260 203115 31.228120 31.135640
1260 203999 4.647840 34.720510
1272 -1 29.579760 14.556440
1272 200768 9.863840 8.798960
1272 202335 7.045260 30.561820
1272 203082 20.467570 25.912000
1272 202709 9.632400 36.263610
1272 203512 24.569210 16.808340
1272 2749 9.253240 48.400540
1272 200751 7.699050 1.955320
1272 201568 29.857470 13.784510
1272 203115 31.593020 31.355870
1272 203999 4.330110 34.576930
1284 -1 29.538870 15.432260
1284 200768 9.817410 8.918990
1284 202335 6.706770 30.471900
1284 203082 20.450200 25.811650
1284 202709 9.588260 36.061510
1284 203512 24.797110 16.817260
1284 2749 9.260580 48.414420
1284 200751 7.703550 1.955260
1284 201568 30.079950 13.933380
1284 203115 31.885660 31.469800
1284 203999 4.216600 34.505190
1296 -1 29.604530 15.894750
1296 200768 9.776240 9.049740
1296 202335 6.327220 30.379910
1296 203082 20.461600 25.757550
1296 202709 9.603170 35.969000
1296 203512 25.139600 16.886500
1296 2749 9.260360 48.410080
1296 200751 7.694450 1.944470
1296 201568 30.291840 14.097120
1296 203115 32.088840 31.527900
1296 203999 4.226590 34.475080
1308 -1 30.302840 14.863620
1308 200768 9.727830 9.184700
1308 202335 5.984470 30.211880
1308 203082 20.496450 25.749910
1308 202709 9.671600 35.948740
1308 203512 25.536790 16.927790
1308 2749 9.266800 48.416570
1308 200751 7.680990 1.921010
1308 201568 30.481270 14.284840
1308 203115 32.326030 31.673200
1308 203999 4.361300 34.452390
1320 -1 30.641370 14.510600
1320 200768 9.680950 9.329530
1320 202335 5.668770 29.927540
1320 203082 20.521960 25.752440
1320 202709 9.729120 35.923120
1320 203512 26.028550 16.979760
1320 2749 9.268720 48.398820
1320 200751 7.675840 1.897520
1320 201568 30.702290 14.542490
1320 203115 32.478680 31.821630
1320 203999 4.541110 34.407010
1332 -1 30.261180 14.865020
1332 200768 9.649500 9.538630
1332 202335 5.395480 29.709860
1332 203082 20.514620 25.750740
1332 202709 9.707940 35.769330
1332 203512 26.537440 16.971790
1332 2749 9.291540 48.367870
1332 200751 7.704580 1.902030
1332 201568 30.856310 14.772820
1332 203115 32.562520 31.998640
1332 203999 4.683630 34.273520
1344 -1 28.092230 15.404000
1344 200768 9.607950 9.822050
1344 202335 5.268320 29.583590
1344 203082 20.467480 25.730560
1344 202709 9.582520 35.428620
1344 203512 27.003790 16.851340
1344 2749 9.351310 48.307180
1344 200751 7.789200 1.936060
1344 201568 30.981740 14.958940
1344 203115 32.623440 32.157560
1344 203999 4.817760 33.946730
1356 -1 25.696090 16.713950
1356 200768 9.567260 10.196790
1356 202335 5.261890 29.527370
1356 203082 20.315670 25.647690
1356 202709 9.416900 35.021970
1356 203512 27.457150 16.724900
1356 2749 9.475550 48.239430
1356 200751 7.946590 2.005800
1356 201568 31.173460 15.135120
1356 203115 32.719800 32.232070
1356 203999 4.945890 33.529990
1368 -1 23.559110 17.735650
1368 200768 9.531400 10.649320
1368 202335 5.265410 29.541930
1368 203082 20.046910 25.540350
1368 202709 9.185170 34.582950
1368 203512 27.832210 16.658400
1368 2749 9.611970 48.116190
1368 200751 8.167990 2.095420
1368 201568 31.512670 15.327000
1368 203115 32.889350 32.208950
1368 203999 5.005160 33.103980
1380 -1 21.094010 18.612650
1380 200768 9.496480 11.166770
1380 202335 5.278250 29.777770
1380 203082 19.558670 25.433090
1380 202709 8.924080 34.052720
1380 203512 28.091700 16.558860
1380 2749 9.802850 47.940860
1380 200751 8.446780 2.218070
1380 201568 32.001550 15.500120
1380 203115 33.151160 32.125050
1380 203999 5.015780 32.583490
1392 -1 18.928910 19.338170
1392 200768 9.448920 11.695100
1392 202335 5.404380 30.019790
1392 203082 19.019970 25.340290
1392 202709 8.776690 33.510340
1392 203512 28.219780 16.491190
1392 2749 10.003700 47.674300
1392 200751 8.759400 2.382360
1392 201568 32.663230 15.687220
1392 203115 33.483700 32.000510
1392 203999 5.073150 32.205790
1404 -1 16.668340 20.245360
1404 200768 9.447650 12.219010
1404 202335 5.506370 30.193810
1404 203082 18.466040 25.169960
1404 202709 8.702230 33.233870
1404 203512 28.301420 16.492680
1404 2749 10.213990 47.348500
1404 200751 9.083150 2.586930
1404 201568 33.597060 15.965320
1404 203115 33.880410 31.887000
1404 203999 4.997260 31.955780
1416 -1 14.386860 21.343290
1416 200768 9.505790 12.742300
1416 202335 5.525680 30.190830
1416 203082 17.834070 25.025950
1416 202709 8.648960 32.918450
1416 203512 28.298000 16.601340
1416 2749 10.424800 46.959370
1416 200751 9.414430 2.818510
1416 201568 34.693330 16.308410
1416 203115 34.342500 31.832860
1416 203999 4.523370 31.487160
1428 -1 12.197320 22.234540
1428 200768 9.614940 13.226410
1428 202335 5.489910 30.211710
1428 203082 17.125740 24.886080
1428 202709 8.881300 32.559790
1428 203512 28.291820 16.632120
1428 2749 10.685640 46.525200
1428 200751 9.758840 3.085360
1428 201568 35.849440 16.653820
1428 203115 34.844880 31.826340
1428 203999 3.988150 30.987930
1440 -1 9.937000 23.199610
1440 200768 9.783940 13.626510
1440 202335 5.365490 30.272960
1440 203082 16.408110 24.734900
1440 202709 9.085540 32.449510
1440 203512 28.291990 16.630610
1440 2749 10.965240 46.056340
1440 200751 10.136210 3.375610
1440 201568 37.086670 17.040550
1440 203115 35.377750 31.813720
1440 203999 3.458340 30.535100
1452 -1 7.827700 23.795280
1452 200768 10.005710 13.932140
1452 202335 5.096310 30.186090
1452 203082 15.565740 24.598890
1452 202709 9.232860 32.383190
1452 203512 28.335700 16.632310
1452 2749 11.287560 45.584460
1452 200751 10.603570 3.668160
1452 201568 38.385640 17.449100
1452 203115 35.948320 31.789650
1452 203999 2.859610 29.881960
1464 -1 5.602590 24.484890
1464 200768 10.226270 14.143020
1464 202335 4.699080 29.998320
1464 203082 14.571390 24.492450
1464 202709 9.472170 32.199480
1464 203512 28.373990 16.579550
1464 2749 11.620810 45.092700
1464 200751 11.129350 3.931460
1464 201568 39.676000 17.767530
1464 203115 36.557910 31.713430
1464 203999 2.277650 29.041680
1476 -1 4.571240 25.458180
1476 200768 10.393800 14.262220
1476 202335 4.231170 29.811320
1476 203082 13.576830 24.419030
1476 202709 9.772710 32.089150
1476 203512 28.427440 16.427990
1476 2749 11.963040 44.566020
1476 200751 11.647760 4.209380
1476 201568 41.020560 18.061800
1476 203115 37.188280 31.565040
1476 203999 2.042770 28.430550
1488 -1 4.401130 25.535160
1488 200768 10.507000 14.323100
1488 202335 3.684740 29.494540
1488 203082 12.590750 24.401330
1488 202709 9.884970 32.060850
1488 203512 28.428320 16.284480
1488 2749 12.315850 43.990520
1488 200751 12.194900 4.517460
1488 201568 42.409590 18.361770
1488 203115 37.841910 31.429070
1488 203999 1.845550 27.721510
1500 -1 4.387640 25.611850
1500 200768 10.532620 14.340270
1500 202335 3.060120 29.044710
1500 203082 11.778880 24.409220
1500 202709 10.088260 31.949170
1500 203512 28.424610 16.203200
1500 2749 12.716610 43.382090
1500 200751 12.755080 4.847040
1500 201568 43.820760 18.603280
1500 203115 38.512930 31.325700
1500 203999 1.710290 26.947610
1512 -1 3.973030 24.794630
1512 200768 10.491950 14.323590
1512 202335 2.428460 28.570410
1512 203082 11.110600 24.393260
1512 202709 10.272910 31.960840
1512 203512 28.425520 16.133760
1512 2749 13.172310 42.734170
1512 200751 13.310120 5.201170
1512 201568 45.260760 18.788170
1512 203115 39.204340 31.226810
1512 203999 1.613700 26.098270
1524 -1 3.615280 24.078870
1524 200768 10.410740 14.269550
1524 202335 1.702700 28.005630
1524 203082 10.633670 24.469910
1524 202709 10.309640 32.004130
1524 203512 28.439970 16.084690
1524 2749 13.714870 42.086880
1524 200751 13.905520 5.598440
1524 201568 46.714500 18.948040
1524 203115 39.918050 31.168400
1524 203999 1.722290 25.306630
1536 -1 3.480700 23.313680
1536 200768 10.326310 14.199290
1536 202335 1.001160 27.546630
1536 203082 10.425290 24.605450
1536 202709 10.211450 32.117420
1536 203512 28.527720 16.041990
1536 2749 14.362850 41.474200
1536 200751 14.544740 5.822060
1536 201568 48.139860 19.116230
1536 203115 40.649850 31.146150
1536 203999 2.013950 24.493880
1548 -1 3.961640 22.467860
1548 200768 10.247170 14.116240
1548 202335 0.394400 27.209910
1548 203082 10.624680 24.801230
1548 202709 10.025210 32.296630
1548 203512 28.692740 15.982340
1548 2749 15.123050 40.903760
1548 200751 15.304200 6.072440
1548 201568 49.587440 19.227440
1548 203115 41.412580 31.066900
1548 203999 2.468860 23.646600