0 -1 82.855660 34.439760
0 2561 63.926280 21.082720
0 2446 46.901100 29.326370
0 2564 60.556750 32.916120
0 201988 52.244200 23.914720
0 203937 59.124450 27.885330
0 2749 82.703600 33.821700
0 200751 63.843050 32.472390
0 201589 77.418460 19.020430
0 203115 84.344300 26.768590
0 203999 86.546520 33.337270
12 -1 81.922430 35.172100
12 2561 62.361730 21.354070
12 2446 45.957320 29.209410
12 2564 59.301650 32.898510
12 201988 51.502200 24.343740
12 203937 57.462160 28.564200
12 2749 82.496150 34.526520
12 200751 62.267510 33.016360
12 201589 76.670610 18.988860
12 203115 83.252590 26.428980
12 203999 85.654420 33.232340
24 -1 80.981940 35.616650
24 2561 60.816690 21.622400
24 2446 45.009520 29.016910
24 2564 58.027860 32.962890
24 201988 50.840240 24.799930
24 203937 55.758040 29.147260
24 2749 82.087130 35.178460
24 200751 60.603460 33.501180
24 201589 75.982320 19.053730
24 203115 81.968690 26.066090
24 203999 84.694160 32.915700
36 -1 80.143350 36.031130
36 2561 59.465380 21.731300
36 2446 44.061750 28.759430
36 2564 56.799730 32.927200
36 201988 50.268120 25.265220
36 203937 53.963860 29.773850
36 2749 81.508580 35.883560
36 200751 58.927710 33.962630
36 201589 75.284030 19.201740
36 203115 80.564360 25.652850
36 203999 83.615250 32.631110
48 -1 79.202180 36.198500
48 2561 57.938360 21.972140
48 2446 43.115460 28.426540
48 2564 55.562760 32.877540
48 201988 49.721260 25.792610
48 203937 52.272260 30.414270
48 2749 80.718990 36.419890
48 200751 57.225150 34.362990
48 201589 74.578720 19.285200
48 203115 79.096650 25.210830
48 203999 82.424770 32.217510
60 -1 78.750410 35.942770
60 2561 56.482460 22.257440
60 2446 42.202680 28.119450
60 2564 54.303310 32.811740
60 201988 49.214210 26.299200
60 203937 50.538440 31.129690
60 2749 79.687200 36.957960
60 200751 55.498930 34.733950
60 201589 73.864810 19.494220
60 203115 77.538860 24.751420
60 203999 81.138580 31.817590
72 -1 77.735860 36.297980
72 2561 55.114540 22.592430
72 2446 41.344840 27.796610
72 2564 53.028920 32.779910
72 201988 48.728210 26.825120
72 203937 48.813540 31.915780
72 2749 78.512650 37.463550
72 200751 53.743800 35.069750
72 201589 73.192460 19.713760
72 203115 75.886300 24.323380
72 203999 79.777860 31.407900
84 -1 76.353140 36.885870
84 2561 53.758010 22.995070
84 2446 40.541910 27.382550
84 2564 51.752900 32.719580
84 201988 48.261550 27.328570
84 203937 47.100710 32.722940
84 2749 77.332900 37.916220
84 200751 51.984080 35.331340
84 201589 72.462570 19.848720
84 203115 74.178930 23.843780
84 203999 78.247540 31.177780
96 -1 74.700090 37.337200
96 2561 52.303890 23.514630
96 2446 39.788990 26.879860
96 2564 50.493190 32.644440
96 201988 47.808550 27.851030
96 203937 45.428510 33.453250
96 2749 76.093160 38.148600
96 200751 50.184860 35.545800
96 201589 71.743080 19.885550
96 203115 72.389810 23.340850
96 203999 76.774970 30.675680
108 -1 72.855490 37.518180
108 2561 51.067810 23.895180
108 2446 39.064640 26.348280
108 2564 49.269070 32.453630
108 201988 47.384930 28.387820
108 203937 43.735910 34.079860
108 2749 74.700380 38.509280
108 200751 48.383580 35.774300
108 201589 71.011320 20.000050
108 203115 70.610130 22.821890
108 203999 75.237150 30.328210
120 -1 71.903670 37.633860
120 2561 49.733830 24.202930
120 2446 38.361580 25.777450
120 2564 48.072490 32.273800
120 201988 46.981570 28.939220
120 203937 42.083090 34.608850
120 2749 73.333820 38.763290
120 200751 46.599290 35.971690
120 201589 70.247070 20.107710
120 203115 68.723490 22.295350
120 203999 73.673240 29.878010
132 -1 70.991800 37.646480
132 2561 48.412050 24.464660
132 2446 37.650290 25.152740
132 2564 46.864540 32.081940
132 201988 46.596180 29.527380
132 203937 40.448440 35.032560
132 2749 71.851720 39.052630
132 200751 44.842110 36.186470
132 201589 69.470880 20.281390
132 203115 66.862280 21.619600
132 203999 72.041550 29.501380
144 -1 69.522430 37.833930
144 2561 47.128070 24.688150
144 2446 36.943010 24.512630
144 2564 45.699320 31.926410
144 201988 46.192030 30.029390
144 203937 38.904710 35.351310
144 2749 70.318910 39.215960
144 200751 43.101600 36.401410
144 201589 68.702210 20.451160
144 203115 65.007930 20.992530
144 203999 70.397470 29.144540
156 -1 67.772260 38.045050
156 2561 45.914080 24.878580
156 2446 36.225100 23.886730
156 2564 44.532050 31.781890
156 201988 45.756860 30.526600
156 203937 37.381600 35.798590
156 2749 68.731420 39.416320
156 200751 41.393840 36.608830
156 201589 67.921080 20.687440
156 203115 63.206950 20.286630
156 203999 68.745300 28.754240
168 -1 65.629760 38.165140
168 2561 44.757690 24.998660
168 2446 35.501470 23.255130
168 2564 43.322790 31.663750
168 201988 45.240600 31.013870
168 203937 35.869870 35.991410
168 2749 67.162940 39.568470
168 200751 39.699190 36.824340
168 201589 67.024000 20.936940
168 203115 61.365140 19.429590
168 203999 67.031150 28.322590
180 -1 63.721660 38.033610
180 2561 43.693180 25.139630
180 2446 34.771030 22.612290
180 2564 42.126760 31.512090
180 201988 44.623430 31.501930
180 203937 34.313480 36.073610
180 2749 65.594720 39.565940
180 200751 38.023960 37.040410
180 201589 66.067780 21.246320
180 203115 59.632380 18.534560
180 203999 65.227110 28.150210
192 -1 62.586590 38.128510
192 2561 42.670320 25.184120
192 2446 34.027790 21.996680
192 2564 40.975580 31.379020
192 201988 43.957110 31.906940
192 203937 32.806730 36.045940
192 2749 64.026290 39.416040
192 200751 36.310220 37.236230
192 201589 65.059830 21.507530
192 203115 57.876820 17.721600
192 203999 63.375910 28.123150
204 -1 61.708340 38.044350
204 2561 41.651520 25.193010
204 2446 33.243480 21.390530
204 2564 39.775820 31.204950
204 201988 43.239730 32.361490
204 203937 31.310400 36.096320
204 2749 62.420860 39.342950
204 200751 34.610630 37.421160
204 201589 63.947550 21.807260
204 203115 56.135740 16.858330
204 203999 61.596320 27.873730
216 -1 60.287010 38.132330
216 2561 40.678520 25.203850
216 2446 32.434020 20.866830
216 2564 38.599030 31.063630
216 201988 42.463230 32.770740
216 203937 29.900910 36.153540
216 2749 60.864780 39.319220
216 200751 32.994540 37.713830
216 201589 62.739920 22.074680
216 203115 54.391590 16.037490
216 203999 59.723420 27.814250
228 -1 58.631970 38.270010
228 2561 39.857070 25.321000
228 2446 31.604970 20.356480
228 2564 37.484520 30.893910
228 201988 41.653600 33.152050
228 203937 28.497550 36.340660
228 2749 59.351040 39.198800
228 200751 31.359850 37.861830
228 201589 61.564250 22.283290
228 203115 52.686170 15.266590
228 203999 58.025450 27.630670
240 -1 56.422360 38.564030
240 2561 39.138000 25.400020
240 2446 30.798980 19.787740
240 2564 36.373900 30.684710
240 201988 40.851500 33.459410
240 203937 27.210050 36.548140
240 2749 57.880360 39.211200
240 200751 29.842150 38.076820
240 201589 60.340950 22.442550
240 203115 51.015110 14.439910
240 203999 56.305720 27.336010
252 -1 54.096550 39.136940
252 2561 38.452480 25.465540
252 2446 30.014710 19.178510
252 2564 35.235280 30.455180
252 201988 40.009940 33.721320
252 203937 26.015600 36.603670
252 2749 56.416780 39.279600
252 200751 28.516930 38.319320
252 201589 59.009200 22.742040
252 203115 49.362470 13.641140
252 203999 54.660840 26.858560
264 -1 52.718600 39.628080
264 2561 37.844060 25.522760
264 2446 29.162750 18.669900
264 2564 34.125570 30.301730
264 201988 39.181330 33.903960
264 203937 24.865020 36.651890
264 2749 54.930350 39.382040
264 200751 27.371030 38.618590
264 201589 57.723850 22.861150
264 203115 47.724800 12.832040
264 203999 52.988890 26.489600
276 -1 51.772910 40.068620
276 2561 37.309520 25.544130
276 2446 28.239460 18.191190
276 2564 32.977240 30.042380
276 201988 38.341020 34.033920
276 203937 23.777500 36.573940
276 2749 53.446280 39.431440
276 200751 26.360550 38.914750
276 201589 56.392770 23.001830
276 203115 46.134520 11.989030
276 203999 51.272750 26.172220
288 -1 50.889000 40.399790
288 2561 36.669520 25.576720
288 2446 27.280060 17.773120
288 2564 31.792220 29.783050
288 201988 37.477560 34.046630
288 203937 22.861280 36.638030
288 2749 51.940040 39.519970
288 200751 25.710960 39.395800
288 201589 55.017840 23.199780
288 203115 44.580620 11.221240
288 203999 49.455360 26.002360
300 -1 49.828930 40.168980
300 2561 36.057020 25.632900
300 2446 26.274890 17.473200
300 2564 30.671030 29.657490
300 201988 36.610120 34.012660
300 203937 22.082340 36.848150
300 2749 50.345510 39.659080
300 200751 25.321600 39.887470
300 201589 53.653570 23.387830
300 203115 43.021310 10.521180
300 203999 47.759400 25.809970
312 -1 48.614100 40.016590
312 2561 35.499980 25.799360
312 2446 25.232890 17.311480
312 2564 29.587720 29.530650
312 201988 35.783610 33.950460
312 203937 21.416860 37.322980
312 2749 48.720990 39.832110
312 200751 25.220590 40.431340
312 201589 52.319230 23.425200
312 203115 41.530150 9.847230
312 203999 46.082380 25.565320
324 -1 45.849360 40.237820
324 2561 34.959140 25.987950
324 2446 24.248450 17.134760
324 2564 28.534740 29.416720
324 201988 34.882140 33.861480
324 203937 20.918290 37.751540
324 2749 47.210660 40.002320
324 200751 25.516690 41.050480
324 201589 50.878040 23.627030
324 203115 40.073920 9.190070
324 203999 44.446370 25.207540
336 -1 40.751790 41.173770
336 2561 34.436940 26.280200
336 2446 23.313240 16.882470
336 2564 27.538970 29.195150
336 201988 33.948040 33.852380
336 203937 20.601150 38.206730
336 2749 45.690680 40.189480
336 200751 25.837010 41.511470
336 201589 49.454400 23.799240
336 203115 38.607860 8.589070
336 203999 42.874330 24.818810
348 -1 35.628240 42.116010
348 2561 33.965280 26.426860
348 2446 22.410890 16.619880
348 2564 26.613290 28.962600
348 201988 33.060690 33.963270
348 203937 20.466070 38.590770
348 2749 44.157800 40.389610
348 200751 26.248590 42.023050
348 201589 48.017540 23.974550
348 203115 37.151080 7.950670
348 203999 41.351540 24.303780
360 -1 30.307130 43.023250
360 2561 33.532630 26.505510
360 2446 21.497090 16.597000
360 2564 25.609080 28.719740
360 201988 32.102000 34.221560
360 203937 20.459580 38.864400
360 2749 42.656940 40.568830
360 200751 26.642940 42.461600
360 201589 46.566810 24.150860
360 203115 35.773770 7.452300
360 203999 39.880830 23.711840
372 -1 27.789410 43.446570
372 2561 33.206690 26.457080
372 2446 20.536950 16.444480
372 2564 24.597710 28.486930
372 201988 31.179250 34.514230
372 203937 20.570180 39.060250
372 2749 41.190820 40.637650
372 200751 26.961800 42.871040
372 201589 45.155910 24.304370
372 203115 34.382130 6.929790
372 203999 38.498270 23.089840
384 -1 27.737970 43.549840
384 2561 32.886550 26.411450
384 2446 19.555240 16.198850
384 2564 23.592840 28.251300
384 201988 30.320860 34.915070
384 203937 20.749210 39.199420
384 2749 39.645870 40.627540
384 200751 27.069820 43.140790
384 201589 43.767950 24.484540
384 203115 33.015930 6.443760
384 203999 37.217200 22.469570
396 -1 28.057120 43.810740
396 2561 32.441040 26.307070
396 2446 18.653340 15.933440
396 2564 22.564960 28.158970
396 201988 29.539280 35.294000
396 203937 20.926160 39.261410
396 2749 38.071210 40.565220
396 200751 27.257090 43.414160
396 201589 42.364860 24.577890
396 203115 31.689470 5.978870
396 203999 36.025970 21.779840
408 -1 28.150820 43.739740
408 2561 31.976620 26.294290
408 2446 17.791230 15.703570
408 2564 21.530860 28.076850
408 201988 28.771970 35.660720
408 203937 21.067210 39.312070
408 2749 36.502230 40.400100
408 200751 27.303380 43.531160
408 201589 41.038700 24.730330
408 203115 30.371470 5.583600
408 203999 34.912500 21.114090
420 -1 28.134030 43.300920
420 2561 31.517420 26.289680
420 2446 17.041210 15.477230
420 2564 20.580410 27.887410
420 201988 28.061480 35.933080
420 203937 21.172070 39.358690
420 2749 34.973730 40.102990
420 200751 27.234790 43.616760
420 201589 39.774890 24.910480
420 203115 29.023990 5.100050
420 203999 33.896320 20.423570
432 -1 27.647410 43.315200
432 2561 30.946330 26.485770
432 2446 16.325690 15.183250
432 2564 19.693830 27.685360
432 201988 27.303970 36.115010
432 203937 21.232800 39.426200
432 2749 33.479870 39.754210
432 200751 27.049070 43.605320
432 201589 38.525760 25.186730
432 203115 27.719860 4.703860
432 203999 32.938870 19.556120
444 -1 26.863550 43.337170
444 2561 30.345230 26.659970
444 2446 15.738870 15.002390
444 2564 18.849390 27.383210
444 201988 26.624390 36.201300
444 203937 21.283160 39.478010
444 2749 32.012620 39.293600
444 200751 26.778990 43.540400
444 201589 37.331530 25.381960
444 203115 26.431750 4.380600
444 203999 32.073050 18.823110
456 -1 26.113230 43.355880
456 2561 29.835410 26.809710
456 2446 15.185940 14.905190
456 2564 18.094880 27.025400
456 201988 25.978850 36.088320
456 203937 21.315460 39.526870
456 2749 30.573020 38.778960
456 200751 26.503950 43.484890
456 201589 36.239470 25.570170
456 203115 25.137450 4.085040
456 203999 31.257370 18.083700
468 -1 25.714530 43.361500
468 2561 29.369340 26.883740
468 2446 14.689700 14.741010
468 2564 17.393240 26.608880
468 201988 25.354030 35.840090
468 203937 21.451060 39.503530
468 2749 29.206020 38.217880
468 200751 26.260020 43.338710
468 201589 35.139900 25.656680
468 203115 23.908640 3.829880
468 203999 30.526860 17.341240
480 -1 25.520130 43.216510
480 2561 28.885650 26.997140
480 2446 14.139950 14.451160
480 2564 16.758470 26.182270
480 201988 24.738580 35.499470
480 203937 21.702040 39.378520
480 2749 27.977120 37.588000
480 200751 26.105140 43.214410
480 201589 34.078190 25.611670
480 203115 22.699610 3.580480
480 203999 29.876420 16.579800
492 -1 25.412010 43.131340
492 2561 28.402430 26.946700
492 2446 13.686250 14.340040
492 2564 16.193230 25.728450
492 201988 24.164610 35.186660
492 203937 22.130200 39.337000
492 2749 26.857790 36.910680
492 200751 26.056450 43.083040
492 201589 33.033120 25.652630
492 203115 21.495790 3.320680
492 203999 29.322450 16.004220
504 -1 25.276920 43.018270
504 2561 27.970090 26.823150
504 2446 13.259810 14.170040
504 2564 15.734740 25.280850
504 201988 23.649320 34.868220
504 203937 22.498690 39.387480
504 2749 25.902190 36.239670
504 200751 26.023630 42.984130
504 201589 32.140860 25.805090
504 203115 20.309310 3.059050
504 203999 28.795170 15.412290
516 -1 25.320310 43.114350
516 2561 27.534990 26.671150
516 2446 12.849430 14.032200
516 2564 15.407450 24.800380
516 201988 23.070140 34.450650
516 203937 23.019340 39.391150
516 2749 25.187230 35.451980
516 200751 26.037820 42.921740
516 201589 31.307580 26.222870
516 203115 19.210130 2.882800
516 203999 28.336380 14.953210
528 -1 25.176130 43.250720
528 2561 27.182680 26.376020
528 2446 12.470220 13.976640
528 2564 15.227540 24.326730
528 201988 22.495920 34.181820
528 203937 23.503500 39.506640
528 2749 24.646920 34.619350
528 200751 26.081500 42.988690
528 201589 30.573540 26.796360
528 203115 18.109740 2.724000
528 203999 27.886890 14.546090
540 -1 25.175650 43.551550
540 2561 26.857410 26.045320
540 2446 12.185930 13.848960
540 2564 15.188590 23.805460
540 201988 21.977820 33.881370
540 203937 23.881830 39.757460
540 2749 24.193540 33.804540
540 200751 26.108460 43.040390
540 201589 29.842590 27.626270
540 203115 17.048670 2.623460
540 203999 27.454370 14.298330
552 -1 25.249560 43.737720
552 2561 26.527020 25.832370
552 2446 11.965230 13.706620
552 2564 15.293210 23.299130
552 201988 21.481690 33.544120
552 203937 23.853330 39.963450
552 2749 23.875020 33.014430
552 200751 26.115380 43.128070
552 201589 29.167230 28.496600
552 203115 16.058250 2.512850
552 203999 27.011820 14.183210
564 -1 25.461830 44.089990
564 2561 26.188800 25.822320
564 2446 11.782630 13.609760
564 2564 15.510680 22.786140
564 201988 20.977570 33.092040
564 203937 23.893750 40.030890
564 2749 23.667910 32.300920
564 200751 26.144660 43.218390
564 201589 28.287650 29.544490
564 203115 15.112560 2.419300
564 203999 26.567730 14.036670
576 -1 25.586600 44.305550
576 2561 25.997390 25.961110
576 2446 11.623830 13.493480
576 2564 15.809370 22.348350
576 201988 20.538570 32.667400
576 203937 23.807800 40.104550
576 2749 23.533610 31.760420
576 200751 26.169930 43.211870
576 201589 27.273370 30.586710
576 203115 14.161400 2.295400
576 203999 26.108230 13.883520
588 -1 25.331680 44.318750
588 2561 25.904040 26.483970
588 2446 11.475170 13.394820
588 2564 16.122550 21.902090
588 201988 20.142030 32.147170
588 203937 23.690510 40.108450
588 2749 23.533790 31.385250
588 200751 26.253900 43.065950
588 201589 26.127690 31.683760
588 203115 13.255040 2.198410
588 203999 25.649060 13.862230
600 -1 25.268360 43.692320
600 2561 25.865880 27.394300
600 2446 11.307120 13.326790
600 2564 16.454960 21.545320
600 201988 19.752590 31.667100
600 203937 23.574190 39.986930
600 2749 23.748240 31.114130
600 200751 26.413490 42.858610
600 201589 24.889480 32.786410
600 203115 12.423880 2.112880
600 203999 25.156360 13.835410
612 -1 26.045530 42.639450
612 2561 25.939220 28.513800
612 2446 11.078850 13.380110
612 2564 16.733930 21.148700
612 201988 19.340940 31.265850
612 203937 23.646420 39.720340
612 2749 24.041320 30.947750
612 200751 26.569310 42.650610
612 201589 23.505160 33.758660
612 203115 11.617080 2.135800
612 203999 24.662750 13.788670
624 -1 26.733380 40.463770
624 2561 26.137290 29.693900
624 2446 10.773630 13.584170
624 2564 16.924350 20.737730
624 201988 18.899590 30.981630
624 203937 23.679140 39.567470
624 2749 24.327020 30.884190
624 200751 26.702850 42.500920
624 201589 22.090960 34.531820
624 203115 10.885080 2.188560
624 203999 24.195840 13.875230
636 -1 26.450220 40.569170
636 2561 26.161700 30.933460
636 2446 10.420040 13.851840
636 2564 16.996850 20.369490
636 201988 18.469150 30.906050
636 203937 23.633810 39.368820
636 2749 24.588310 30.902910
636 200751 26.790700 42.477430
636 201589 20.750060 35.244990
636 203115 10.208400 2.225190
636 203999 23.729510 14.094970
648 -1 26.155450 42.732390
648 2561 25.680580 31.942520
648 2446 10.030030 14.105790
648 2564 16.966840 20.098250
648 201988 18.054080 30.843070
648 203937 23.563900 39.203590
648 2749 24.799330 30.922950
648 200751 26.792570 42.560890
648 201589 19.326280 35.725000
648 203115 9.600000 2.258640
648 203999 23.246770 14.370200
660 -1 26.030360 43.019530
660 2561 25.118630 32.679310
660 2446 9.636400 14.359030
660 2564 16.779790 19.883560
660 201988 17.711250 30.819950
660 203937 23.556560 39.086800
660 2749 24.938810 30.874210
660 200751 26.808390 42.710530
660 201589 17.877720 36.053520
660 203115 9.014070 2.302370
660 203999 23.009620 14.817310
672 -1 26.016530 42.808100
672 2561 24.447310 33.306960
672 2446 9.287360 14.567460
672 2564 16.464070 19.730510
672 201988 17.517250 30.734550
672 203937 23.550920 39.047630
672 2749 25.134290 30.811920
672 200751 26.899060 42.808050
672 201589 16.443170 36.296780
672 203115 8.483740 2.307690
672 203999 22.858920 15.368090
684 -1 26.925750 42.205950
684 2561 23.494070 33.859560
684 2446 8.991450 14.717880
684 2564 16.078460 19.659760
684 201988 17.549890 30.540550
684 203937 23.705410 38.997470
684 2749 25.468550 30.706780
684 200751 27.061840 42.811350
684 201589 15.037330 36.492540
684 203115 8.036880 2.270300
684 203999 22.789950 15.999090
696 -1 28.256130 42.051850
696 2561 22.260540 34.222080
696 2446 8.737340 14.861770
696 2564 15.640840 19.618020
696 201988 17.929020 30.269850
696 203937 23.876110 39.058670
696 2749 25.935160 30.578580
696 200751 27.324290 42.756250
696 201589 13.594960 36.530700
696 203115 7.692210 2.265200
696 203999 22.807060 16.713930
708 -1 29.369750 41.450750
708 2561 21.264020 34.612040
708 2446 8.521270 14.996690
708 2564 15.220300 19.591970
708 201988 18.570450 29.960920
708 203937 24.001520 39.035190
708 2749 26.575510 30.432600
708 200751 27.579020 42.667890
708 201589 12.282090 36.532810
708 203115 7.418560 2.265680
708 203999 22.918670 17.512180
720 -1 29.862250 38.424100
720 2561 20.021240 34.801890
720 2446 8.342820 15.059680
720 2564 14.891930 19.579140
720 201988 19.407790 29.522680
720 203937 24.026030 38.970020
720 2749 27.367740 30.369850
720 200751 27.698120 42.602570
720 201589 11.078080 36.412110
720 203115 7.263010 2.260810
720 203999 22.921870 18.290650
732 -1 30.102800 35.013890
732 2561 18.676420 35.039670
732 2446 8.208680 14.993800
732 2564 14.730200 19.624300
732 201988 20.437620 29.059270
732 203937 23.986470 38.897340
732 2749 28.244210 30.274070
732 200751 27.677360 42.649220
732 201589 10.010330 36.182050
732 203115 7.219740 2.217260
732 203999 22.988960 18.960490
744 -1 30.574320 31.722630
744 2561 17.325830 35.090610
744 2446 8.134270 14.751210
744 2564 14.718760 19.687840
744 201988 21.664460 28.665190
744 203937 23.717610 38.859880
744 2749 29.172690 30.053800
744 200751 27.596190 42.770110
744 201589 9.081200 35.872420
744 203115 7.220970 2.177890
744 203999 23.060920 19.682410
756 -1 30.978720 29.996130
756 2561 16.125070 34.950370
756 2446 8.090430 14.318870
756 2564 14.868300 19.816860
756 201988 22.905270 28.314780
756 203937 23.431310 38.827860
756 2749 30.050560 29.881160
756 200751 27.375340 42.947900
756 201589 8.205660 35.333620
756 203115 7.289640 2.165630
756 203999 23.308770 20.316550
768 -1 31.536070 29.773400
768 2561 14.911820 34.742540
768 2446 8.081540 13.785950
768 2564 15.195530 20.010390
768 201988 24.224880 27.773940
768 203937 23.110030 38.802910
768 2749 30.881100 29.595090
768 200751 27.125750 43.178150
768 201589 7.407100 34.594840
768 203115 7.403210 2.129430
768 203999 23.841700 20.950450
780 -1 32.462640 29.650000
780 2561 13.835980 34.490930
780 2446 8.102460 13.187280
780 2564 15.650210 20.217100
780 201988 25.707620 27.227690
780 203937 22.730610 38.786760
780 2749 31.622800 29.171220
780 200751 26.866710 43.362610
780 201589 6.694630 33.741950
780 203115 7.513190 2.105890
780 203999 24.458600 21.373080
792 -1 32.839520 29.117310
792 2561 12.780240 33.827550
792 2446 8.163630 12.553830
792 2564 16.144050 20.467500
792 201988 27.093230 26.706840
792 203937 22.382030 38.705960
792 2749 32.225170 28.661210
792 200751 26.595180 43.452230
792 201589 6.013160 32.741380
792 203115 7.583820 2.109710
792 203999 25.174640 21.836190
804 -1 32.876570 28.837040
804 2561 11.857020 32.861690
804 2446 8.244370 11.956080
804 2564 16.648960 20.855540
804 201988 28.296840 26.223190
804 203937 22.017050 38.553900
804 2749 32.667690 28.013660
804 200751 26.275490 43.523660
804 201589 5.368440 31.537560
804 203115 7.599860 2.123670
804 203999 26.023180 22.148360
816 -1 32.893990 28.273740
816 2561 11.061820 31.988570
816 2446 8.368560 11.490570
816 2564 17.190220 21.174800
816 201988 29.710510 25.728880
816 203937 21.618350 38.309560
816 2749 32.986960 27.155180
816 200751 25.942870 43.569840
816 201589 4.823830 30.341170
816 203115 7.508840 2.111500
816 203999 26.729260 22.467980
828 -1 33.272160 27.088000
828 2561 10.363830 30.935350
828 2446 8.523960 11.105010
828 2564 17.633020 21.536130
828 201988 30.980880 25.613370
828 203937 21.146490 38.021290
828 2749 33.217760 26.562570
828 200751 25.601840 43.631430
828 201589 4.352040 29.140490
828 203115 7.351480 2.094020
828 203999 27.255580 22.536460
840 -1 33.348020 26.612620
840 2561 9.773030 29.837270
840 2446 8.696040 10.788940
840 2564 17.984720 21.964760
840 201988 31.867320 25.745940
840 203937 20.663980 37.762020
840 2749 33.278400 26.246030
840 200751 25.267100 43.735960
840 201589 3.934750 27.844510
840 203115 7.179200 2.068780
840 203999 27.659360 22.752880
852 -1 33.428220 26.938670
852 2561 9.310700 28.694020
852 2446 8.851470 10.542140
852 2564 18.270150 22.480180
852 201988 32.482710 26.053570
852 203937 20.174810 37.555530
852 2749 33.163740 26.183840
852 200751 24.989650 43.885410
852 201589 3.618070 26.500570
852 203115 7.041500 2.049580
852 203999 27.901010 22.971900
864 -1 33.333330 27.561030
864 2561 8.908420 27.677420
864 2446 8.975920 10.382650
864 2564 18.454800 22.931060
864 201988 32.829510 26.396890
864 203937 19.702000 37.311570
864 2749 32.912590 26.412710
864 200751 24.751140 44.010800
864 201589 3.337030 25.056820
864 203115 6.958010 2.025910
864 203999 28.034640 23.267400
876 -1 32.390120 28.279260
876 2561 8.546750 26.582930
876 2446 9.043820 10.276880
876 2564 18.466570 23.502330
876 201988 32.636110 26.929180
876 203937 19.233380 37.019880
876 2749 32.592000 26.970560
876 200751 24.573390 44.120450
876 201589 3.167470 23.714030
876 203115 6.997560 2.015720
876 203999 28.144860 23.562830
888 -1 31.733850 29.059490
888 2561 8.259710 25.545640
888 2446 9.046370 10.259600
888 2564 18.338690 24.180090
888 201988 32.351130 27.321520
888 203937 18.860490 36.845340
888 2749 32.233840 27.431300
888 200751 24.476540 44.202190
888 201589 3.061310 22.422610
888 203115 7.178660 2.067700
888 203999 28.086180 24.002150
900 -1 31.711950 29.420770
900 2561 7.924530 24.656620
900 2446 8.981520 10.326460
900 2564 18.100140 24.866220
900 201988 32.196730 27.627590
900 203937 18.572790 36.702380
900 2749 32.079440 27.737360
900 200751 24.461310 44.259510
900 201589 3.074510 21.314720
900 203115 7.479400 2.101200
900 203999 28.038620 24.492110
912 -1 33.037360 28.938240
912 2561 7.551820 23.862890
912 2446 8.863550 10.476040
912 2564 17.752080 25.461430
912 201988 32.233490 27.842650
912 203937 18.369630 36.630190
912 2749 32.116200 27.952430
912 200751 24.491410 44.308310
912 201589 3.137890 20.237660
912 203115 7.827380 2.094850
912 203999 27.949270 24.998800
924 -1 34.551430 27.770110
924 2561 7.180410 23.202950
924 2446 8.756400 10.672380
924 2564 17.391580 26.034530
924 201988 32.437940 28.110100
924 203937 18.250100 36.645140
924 2749 32.320650 28.219880
924 200751 24.555570 44.363680
924 201589 3.304090 19.403960
924 203115 8.237050 2.122970
924 203999 27.779840 25.385330
936 -1 35.102980 28.016110
936 2561 6.812490 22.651990
936 2446 8.695740 10.861210
936 2564 17.092330 26.480890
936 201988 32.741780 27.903240
936 203937 18.235610 36.781450
936 2749 32.478950 28.271270
936 200751 24.634960 44.414610
936 201589 3.448140 18.431140
936 203115 8.687240 2.178100
936 203999 27.687190 25.725440
948 -1 35.404930 28.419790
948 2561 6.433830 22.203620
948 2446 8.715220 11.017190
948 2564 16.945760 26.702790
948 201988 32.982920 27.524820
948 203937 18.269560 36.863270
948 2749 32.840980 28.304090
948 200751 24.686250 44.459540
948 201589 3.603620 17.597360
948 203115 9.108570 2.198570
948 203999 27.767970 26.028930
960 -1 35.563530 28.882750
960 2561 6.145570 21.750620
960 2446 8.867700 11.161840
960 2564 16.970460 27.002870
960 201988 33.217470 27.090210
960 203937 18.310040 36.889940
960 2749 33.261650 28.716880
960 200751 24.676480 44.518320
960 201589 3.701600 16.743770
960 203115 9.482670 2.183070
960 203999 27.874430 26.328840
972 -1 35.621420 29.856350
972 2561 5.949030 21.389770
972 2446 9.132470 11.273660
972 2564 17.188860 27.258650
972 201988 33.440230 26.638300
972 203937 18.335780 36.868870
972 2749 33.695580 29.220990
972 200751 24.604120 44.579630
972 201589 3.798900 16.067530
972 203115 9.811530 2.165490
972 203999 28.114950 26.491950
984 -1 35.751110 30.978900
984 2561 5.798290 21.115150
984 2446 9.483650 11.364200
984 2564 17.514150 27.440440
984 201988 33.717610 26.176890
984 203937 18.349070 36.789600
984 2749 34.143120 29.727660
984 200751 24.493510 44.645830
984 201589 3.863740 15.430220
984 203115 10.064630 2.123870
984 203999 28.474750 26.743460
996 -1 35.795030 31.043410
996 2561 5.726760 20.885060
996 2446 9.909850 11.437720
996 2564 17.903450 27.544180
996 201988 33.878330 26.202040
996 203937 18.353250 36.699410
996 2749 34.795270 30.367920
996 200751 24.365260 44.722480
996 201589 3.914850 15.019420
996 203115 10.231740 2.071310
996 203999 28.874920 27.033590
1008 -1 36.014220 30.829410
1008 2561 5.702820 20.678390
1008 2446 10.386370 11.475020
1008 2564 18.310160 27.564120
1008 201988 34.070450 26.547860
1008 203937 18.361880 36.674480
1008 2749 35.180660 31.074770
1008 200751 24.242280 44.801480
1008 201589 3.963990 14.624480
1008 203115 10.338460 2.052080
1008 203999 29.284470 27.386910
1020 -1 36.296620 30.868680
1020 2561 5.758090 20.539500
1020 2446 10.828440 11.485330
1020 2564 18.695170 27.455390
1020 201988 34.263330 27.082820
1020 203937 18.376930 36.728760
1020 2749 35.173830 31.607930
1020 200751 24.140690 44.857110
1020 201589 4.002150 14.307880
1020 203115 10.370230 2.102040
1020 203999 29.735820 27.751360
1032 -1 34.912740 31.349240
1032 2561 5.815850 20.423700
1032 2446 11.253450 11.537550
1032 2564 18.980420 27.389580
1032 201988 34.323720 27.788090
1032 203937 18.388420 36.815240
1032 2749 34.929290 32.157610
1032 200751 24.034190 44.902100
1032 201589 4.033330 14.013150
1032 203115 10.355360 2.166630
1032 203999 30.179540 28.291190
1044 -1 33.202180 32.803570
1044 2561 5.894000 20.308880
1044 2446 11.631320 11.610850
1044 2564 19.146940 27.440380
1044 201988 34.070380 28.506960
1044 203937 18.395080 36.896400
1044 2749 34.372160 32.681370
1044 200751 23.895050 44.957060
1044 201589 4.047570 13.715170
1044 203115 10.315160 2.236260
1044 203999 30.572650 28.853810
1056 -1 32.193450 34.244170
1056 2561 5.981530 20.181310
1056 2446 11.953680 11.761810
1056 2564 19.049330 27.764490
1056 201988 33.888570 29.363700
1056 203937 18.388570 36.960780
1056 2749 33.513310 33.148700
1056 200751 23.701110 45.026080
1056 201589 4.033720 13.419150
1056 203115 10.301040 2.279740
1056 203999 30.884340 29.370250
1068 -1 31.255740 35.105820
1068 2561 5.988970 20.019930
1068 2446 12.190210 12.039620
1068 2564 18.798760 28.221030
1068 201988 33.562640 30.251030
1068 203937 18.359660 36.997630
1068 2749 32.444570 33.569340
1068 200751 23.469970 45.116770
1068 201589 3.969810 13.131610
1068 203115 10.343510 2.314880
1068 203999 31.084660 29.826340
1080 -1 30.282010 35.308660
1080 2561 5.915140 19.834920
1080 2446 12.360090 12.388270
1080 2564 18.430890 28.826160
1080 201988 32.997710 30.989990
1080 203937 18.296670 36.984230
1080 2749 31.303400 33.793250
1080 200751 23.227820 45.233620
1080 201589 3.865200 12.863780
1080 203115 10.532490 2.354170
1080 203999 31.143180 30.103710
1092 -1 29.337160 34.817550
1092 2561 5.823010 19.700440
1092 2446 12.442460 12.730900
1092 2564 18.063720 29.458740
1092 201988 32.223470 31.485250
1092 203937 18.213470 36.907900
1092 2749 30.156340 33.745310
1092 200751 22.991360 45.359220
1092 201589 3.724070 12.654360
1092 203115 10.924850 2.397620
1092 203999 31.008720 30.298820
1104 -1 27.730880 34.298870
1104 2561 5.708420 19.630720
1104 2446 12.447490 13.118860
1104 2564 17.674610 29.881700
1104 201988 31.267700 32.024550
1104 203937 18.115800 36.754860
1104 2749 28.961090 33.505890
1104 200751 22.700750 45.505240
1104 201589 3.544800 12.528770
1104 203115 11.501440 2.457910
1104 203999 30.711410 30.369870
1116 -1 26.212360 33.959370
1116 2561 5.548940 19.643480
1116 2446 12.357300 13.458260
1116 2564 17.316310 29.952000
1116 201988 30.134250 32.066320
1116 203937 17.985010 36.530230
1116 2749 27.776120 33.045620
1116 200751 22.358320 45.679420
1116 201589 3.340840 12.478260
1116 203115 12.144570 2.527530
1116 203999 30.241120 30.244670
1128 -1 25.294060 33.396240
1128 2561 5.436340 19.799680
1128 2446 12.174770 13.827170
1128 2564 16.959920 29.832650
1128 201988 28.855800 31.676620
1128 203937 17.810740 36.299610
1128 2749 26.621390 32.280450
1128 200751 21.888400 45.881280
1128 201589 3.122350 12.475700
1128 203115 12.979830 2.639270
1128 203999 29.596600 30.155140
1140 -1 24.292600 31.614740
1140 2561 5.339920 20.061560
1140 2446 11.972220 14.175950
1140 2564 16.542620 29.389750
1140 201988 27.546670 31.161130
1140 203937 17.632230 36.208910
1140 2749 25.537610 31.353230
1140 200751 21.254500 46.093610
1140 201589 2.902920 12.465630
1140 203115 13.897100 2.800700
1140 203999 28.838890 30.020650
1152 -1 23.035820 30.294310
1152 2561 5.236790 20.316100
1152 2446 11.739680 14.341930
1152 2564 16.012040 28.817830
1152 201988 26.465480 30.609360
1152 203937 17.437130 36.236060
1152 2749 24.450700 30.324230
1152 200751 20.499410 46.318140
1152 201589 2.689000 12.428360
1152 203115 14.898750 3.015220
1152 203999 27.989170 29.792790
1164 -1 22.753290 27.985110
1164 2561 5.119670 20.474080
1164 2446 11.606170 14.433020
1164 2564 15.428220 28.257710
1164 201988 25.545800 29.871440
1164 203937 17.117070 36.301210
1164 2749 23.486750 29.211790
1164 200751 19.712810 46.513330
1164 201589 2.512650 12.334180
1164 203115 15.979260 3.308190
1164 203999 27.103230 29.486390
1176 -1 22.336790 23.304050
1176 2561 5.029860 20.504440
1176 2446 11.653680 14.409420
1176 2564 14.835110 27.637060
1176 201988 24.533810 29.064360
1176 203937 16.721710 36.452970
1176 2749 22.585090 28.045680
1176 200751 18.893000 46.680710
1176 201589 2.384180 12.152380
1176 203115 17.201770 3.686810
1176 203999 26.192190 29.287830
1188 -1 22.007630 18.177570
1188 2561 4.944360 20.418310
1188 2446 11.951410 14.154570
1188 2564 14.199390 27.060740
1188 201988 23.704770 28.274180
1188 203937 16.273860 36.566360
1188 2749 21.817320 26.970550
1188 200751 18.084610 46.822330
1188 201589 2.314030 11.867270
1188 203115 18.346120 4.144860
1188 203999 25.310710 28.976370
1200 -1 21.675580 13.221200
1200 2561 4.875980 20.188260
1200 2446 12.508360 13.798630
1200 2564 13.531360 26.521560
1200 201988 22.943920 27.603790
1200 203937 15.747760 36.472120
1200 2749 21.263170 26.008810
1200 200751 17.369560 46.978540
1200 201589 2.303870 11.529190
1200 203115 19.459470 4.672960
1200 203999 24.441860 28.698740
1212 -1 21.390540 8.408640
1212 2561 4.827050 19.867120
1212 2446 13.303560 13.508720
1212 2564 12.827220 25.969180
1212 201988 22.161050 26.936850
1212 203937 15.186060 36.310850
1212 2749 20.937250 25.225140
1212 200751 16.794580 47.092840
1212 201589 2.364020 11.167090
1212 203115 20.447100 5.294370
1212 203999 23.591550 28.423710
1224 -1 21.944910 7.131840
1224 2561 4.810660 19.425680
1224 2446 14.183240 13.128960
1224 2564 12.138890 25.490510
1224 201988 21.673130 26.044130
1224 203937 14.677070 36.269810
1224 2749 20.864470 24.669720
1224 200751 16.372500 47.167490
1224 201589 2.484680 10.803850
1224 203115 21.294170 5.923650
1224 203999 22.725070 28.112990
1236 -1 22.362520 7.197400
1236 2561 4.817520 18.986120
1236 2446 15.266910 12.864740
1236 2564 11.541260 25.216680
1236 201988 21.524820 25.412200
1236 203937 14.212090 36.201540
1236 2749 21.032610 24.373540
1236 200751 16.113130 47.188000
1236 201589 2.658300 10.487840
1236 203115 21.925980 6.500870
1236 203999 21.909330 27.784790
1248 -1 23.220320 7.916820
1248 2561 4.912490 18.597760
1248 2446 16.410300 12.601600
1248 2564 10.964130 25.031660
1248 201988 21.630380 25.021840
1248 203937 13.781850 36.173400
1248 2749 21.455020 24.269610
1248 200751 16.073570 47.153850
1248 201589 2.875680 10.209880
1248 203115 22.341880 6.996860
1248 203999 21.500470 27.323090
1260 -1 23.459410 8.484820
1260 2561 5.059030 18.200530
1260 2446 17.430380 12.325930
1260 2564 10.462160 24.898480
1260 201988 22.063150 24.675270
1260 203937 13.411750 36.238130
1260 2749 21.828290 24.376980
1260 200751 16.211720 47.035730
1260 201589 3.107380 9.955560
1260 203115 22.401200 7.407820
1260 203999 21.416280 26.730780
1272 -1 22.596240 8.328950
1272 2561 5.236940 17.776160
1272 2446 18.306550 12.048700
1272 2564 10.059750 24.769940
1272 201988 22.761310 24.446990
1272 203937 13.073970 36.276550
1272 2749 22.541800 24.485420
1272 200751 16.435820 46.885710
1272 201589 3.313980 9.708310
1272 203115 22.093880 7.745190
1272 203999 20.908370 26.507180
1284 -1 20.515010 7.670540
1284 2561 5.435000 17.425120
1284 2446 19.046240 11.820640
1284 2564 9.737110 24.678840
1284 201988 23.561780 24.589160
1284 203937 12.807060 36.196630
1284 2749 23.344500 24.670570
1284 200751 16.726510 46.721610
1284 201589 3.497460 9.463000
1284 203115 21.350310 7.990360
1284 203999 20.475330 26.374310
1296 -1 18.915650 7.690040
1296 2561 5.630400 17.075350
1296 2446 18.955230 11.566630
1296 2564 9.493560 24.624460
1296 201988 24.471710 24.833530
1296 203937 12.602800 36.076980
1296 2749 24.254430 24.914940
1296 200751 17.089360 46.521910
1296 201589 3.646920 9.195830
1296 203115 20.457910 8.353400
1296 203999 20.149040 26.258500
1308 -1 17.310240 8.147660
1308 2561 5.768210 16.673630
1308 2446 18.499190 11.533780
1308 2564 9.361140 24.551970
1308 201988 25.408470 25.088960
1308 203937 12.475000 35.904290
1308 2749 25.191200 25.170370
1308 200751 17.496890 46.272400
1308 201589 3.758960 8.906130
1308 203115 19.290120 8.775460
1308 203999 19.514810 26.306630
1320 -1 15.706240 8.401220
1320 2561 5.905670 16.333800
1320 2446 17.897010 11.697030
1320 2564 9.268700 24.436510
1320 201988 26.342290 25.334570
1320 203937 12.404630 35.690050
1320 2749 26.342290 25.334570
1320 200751 17.915620 46.008350
1320 201589 3.869520 8.547160
1320 203115 18.006010 9.286410
1320 203999 18.683980 26.535840
1332 -1 15.072790 8.492610
1332 2561 6.057490 16.099590
1332 2446 17.050230 12.050140
1332 2564 9.161630 24.281210
1332 201988 27.227350 25.554670
1332 203937 12.411440 35.496280
1332 2749 27.227350 25.554670
1332 200751 18.355120 45.772490
1332 201589 4.013240 8.037200
1332 203115 16.725500 9.912640
1332 203999 18.386240 26.468270
1344 -1 14.359220 9.033160
1344 2561 6.228120 15.991100
1344 2446 15.966420 12.577040
1344 2564 8.995010 23.935760
1344 201988 28.040700 25.696330
1344 203937 12.483900 35.343140
1344 2749 28.040700 25.696330
1344 200751 18.802540 45.543400
1344 201589 4.113950 7.494390
1344 203115 15.539230 10.739220
1344 203999 17.944760 26.394510
1356 -1 13.481800 9.854330
1356 2561 6.412450 15.996620
1356 2446 15.277380 13.295080
1356 2564 8.731350 23.532520
1356 201988 28.764180 25.764240
1356 203937 12.585100 35.208100
1356 2749 28.764180 25.764240
1356 200751 19.210860 45.364540
1356 201589 4.197240 6.884240
1356 203115 14.246790 11.604470
1356 203999 17.353870 26.411820
1368 -1 12.386140 10.649580
1368 2561 6.498620 15.925580
1368 2446 14.427140 14.021420
1368 2564 8.379760 23.114160
1368 201988 29.407400 25.761790
1368 203937 12.725790 35.108450
1368 2749 29.407400 25.761790
1368 200751 19.526370 45.285460
1368 201589 4.270250 6.285930
1368 203115 13.163340 12.497030
1368 203999 16.669640 26.512830
1380 -1 10.684870 12.819500
1380 2561 6.591190 16.015340
1380 2446 13.460980 14.851090
1380 2564 8.017850 22.705040
1380 201988 29.931940 25.658030
1380 203937 12.915930 35.039880
1380 2749 29.931940 25.658030
1380 200751 19.732040 45.286360
1380 201589 4.353010 5.722680
1380 203115 12.258390 13.400370
1380 203999 15.858240 26.605550
1392 -1 10.750050 14.508790
1392 2561 6.637920 16.119510
1392 2446 12.421670 15.795170
1392 2564 7.688800 22.353250
1392 201988 30.383900 25.486370
1392 203937 13.201030 34.913400
1392 2749 30.383900 25.486370
1392 200751 19.816730 45.341500
1392 201589 4.461960 5.294130
1392 203115 11.490720 14.253450
1392 203999 14.978270 26.690730
1404 -1 11.476070 15.095270
1404 2561 6.639640 16.165000
1404 2446 11.489020 16.753630
1404 2564 7.447440 22.232540
1404 201988 30.768510 25.250810
1404 203937 13.661480 34.713500
1404 2749 30.768510 25.250810
1404 200751 19.821270 45.461890
1404 201589 4.658830 4.896910
1404 203115 10.922730 15.019160
1404 203999 14.242330 26.854340
1416 -1 14.034910 16.656180
1416 2561 6.629170 16.180500
1416 2446 10.631150 17.616570
1416 2564 7.302260 22.307020
1416 201988 31.054770 24.967190
1416 203937 14.282550 34.460490
1416 2749 31.054770 24.967190
1416 200751 19.793490 45.634980
1416 201589 4.880540 4.560420
1416 203115 10.528790 15.675720
1416 203999 13.554080 27.040240
1428 -1 17.684810 18.582900
1428 2561 6.724920 16.009110
1428 2446 10.020530 18.517280
1428 2564 7.272620 22.446880
1428 201988 31.159190 24.698270
1428 203937 15.048970 34.131950
1428 2749 31.159190 24.698270
1428 200751 19.791100 45.821750
1428 201589 5.122760 4.270560
1428 203115 10.134240 16.337960
1428 203999 12.814590 27.093210
1440 -1 21.184240 20.602600
1440 2561 6.714230 15.682890
1440 2446 9.525640 19.286990
1440 2564 7.259900 22.767720
1440 201988 31.088200 24.554930
1440 203937 15.971330 33.717890
1440 2749 31.088200 24.554930
1440 200751 19.861090 46.008210
1440 201589 5.336490 4.093450
1440 203115 9.750480 16.966970
1440 203999 12.151240 27.166890
1452 -1 24.727420 22.421250
1452 2561 6.696160 15.295670
1452 2446 9.303320 19.782590
1452 2564 7.289290 23.224170
1452 201988 30.918000 24.500460
1452 203937 16.975960 33.307250
1452 2749 30.918000 24.500460
1452 200751 20.000500 46.178330
1452 201589 5.504350 4.020790
1452 203115 9.347590 17.575320
1452 203999 11.516890 27.275520
1464 -1 28.251500 24.297990
1464 2561 6.730200 15.016870
1464 2446 9.134340 20.262910
1464 2564 7.366370 23.744030
1464 201988 30.611090 24.500820
1464 203937 17.861630 33.052470
1464 2749 30.611090 24.500820
1464 200751 20.144740 46.323350
1464 201589 5.637110 4.059630
1464 203115 8.893050 18.073340
1464 203999 10.910210 27.377960
1476 -1 29.246000 25.098380
1476 2561 6.779440 14.770110
1476 2446 8.938890 20.629560
1476 2564 7.500400 24.235770
1476 201988 30.124480 24.334480
1476 203937 18.585130 32.970130
1476 2749 30.161310 24.452850
1476 200751 20.246660 46.454730
1476 201589 5.777100 4.186730
1476 203115 8.365070 18.579730
1476 203999 10.305780 27.365720
1488 -1 29.238510 24.261910
1488 2561 6.815630 14.867220
1488 2446 8.683290 20.678260
1488 2564 7.571440 24.738860
1488 201988 29.356340 24.005670
1488 203937 19.066120 33.007950
1488 2749 29.565010 24.264160
1488 200751 20.279760 46.576760
1488 201589 5.925910 4.350610
1488 203115 7.790010 18.927250
1488 203999 9.844740 27.373390
1500 -1 28.370650 22.875850
1500 2561 6.940000 14.985100
1500 2446 8.354540 20.675550
1500 2564 7.695120 25.133880
1500 201988 28.517410 23.891130
1500 203937 19.296310 33.352700
1500 2749 28.862450 23.904060
1500 200751 20.248730 46.687820
1500 201589 6.111340 4.430460
1500 203115 7.165110 19.131210
1500 203999 9.429780 27.508160
1512 -1 27.120800 22.022490
1512 2561 7.099140 15.134740
1512 2446 7.959570 20.789120
1512 2564 7.842320 25.446080
1512 201988 27.647190 23.789800
1512 203937 19.269880 33.884670
1512 2749 27.981670 23.452530
1512 200751 20.217540 46.785890
1512 201589 6.302480 4.492370
1512 203115 6.510400 19.191720
1512 203999 9.090730 27.670440
1524 -1 25.222460 21.389810
1524 2561 7.227370 15.175360
1524 2446 7.532360 20.772300
1524 2564 7.956570 25.697520
1524 201988 26.846090 23.501660
1524 203937 19.107440 34.384010
1524 2749 26.905200 22.898430
1524 200751 20.280610 46.877110
1524 201589 6.504660 4.452180
1524 203115 5.809120 19.198400
1524 203999 8.786320 27.838880
1536 -1 23.908440 20.513010
1536 2561 7.328980 15.104600
1536 2446 7.086280 20.721750
1536 2564 7.995010 25.787830
1536 201988 26.120960 23.254480
1536 203937 18.869250 34.795240
1536 2749 25.641130 22.346230
1536 200751 20.457570 46.929450
1536 201589 6.623640 4.387790
1536 203115 5.127660 19.093350
1536 203999 8.570350 28.188990
1548 -1 23.093570 20.103570
1548 2561 7.416500 14.935300
1548 2446 6.690060 20.799660
1548 2564 8.131880 25.765290
1548 201988 25.653970 23.024270
1548 203937 18.610410 35.080680
1548 2749 24.248460 21.907590
1548 200751 20.723700 46.914650
1548 201589 6.698320 4.339990
1548 203115 4.454010 18.781200
1548 203999 8.318090 28.613470
1560 -1 21.679100 21.277820
1560 2561 7.473210 14.712190
1560 2446 6.361830 20.877410
1560 2564 8.270150 25.800820
1560 201988 25.146050 22.523810
1560 203937 18.281670 35.278730
1560 2749 22.735750 21.617480
1560 200751 21.055090 46.814250
1560 201589 6.701700 4.439330
1560 203115 3.914080 18.496770
1560 203999 8.051810 29.000910
1572 -1 20.394580 21.397900
1572 2561 7.472960 14.678250
1572 2446 6.065470 20.909250
1572 2564 8.371950 25.669540
1572 201988 24.497720 22.045700
1572 203937 17.855930 35.303530
1572 2749 21.117090 21.480380
1572 200751 21.390410 46.627310
1572 201589 6.655400 4.516790
1572 203115 3.362680 18.279240
1572 203999 7.799810 29.439300
1584 -1 18.846020 21.657070
1584 2561 7.468870 14.557620
1584 2446 5.779820 20.893250
1584 2564 8.522530 25.443050
1584 201988 23.747010 21.777360
1584 203937 17.330950 35.285430
1584 2749 19.439530 21.506500
1584 200751 21.673440 46.364760
1584 201589 6.560940 4.623350
1584 203115 2.867980 18.100230
1584 203999 7.580930 29.884410
1596 -1 17.202760 21.835720
1596 2561 7.440830 14.592300
1596 2446 5.493180 20.916970
1596 2564 8.792680 25.201380
1596 201988 22.986180 21.699760
1596 203937 16.739040 35.277620
1596 2749 17.878240 21.589040
1596 200751 21.922510 46.018410
1596 201589 6.542940 4.721220
1596 203115 2.473290 17.949930
1596 203999 7.304820 30.146250
1608 -1 15.180460 22.374300
1608 2561 7.403740 14.828590
1608 2446 5.206430 20.956450
1608 2564 8.953930 25.040810
1608 201988 22.148680 21.847570
1608 203937 16.043890 35.290560
1608 2749 16.465270 21.664410
1608 200751 22.170760 45.626610
1608 201589 6.587300 4.695840
1608 203115 2.216530 18.000870
1608 203999 7.073460 30.392440
1620 -1 14.584450 22.100980
1620 2561 7.365240 15.228300
1620 2446 4.907090 20.921330
1620 2564 9.070530 24.695720
1620 201988 21.356780 22.067340
1620 203937 15.221840 35.018310
1620 2749 15.202590 21.783070
1620 200751 22.414660 45.239230
1620 201589 6.694680 4.692060
1620 203115 1.980180 18.034420
1620 203999 6.832270 30.391250
1632 -1 13.810990 22.135160
1632 2561 7.360800 15.462710
1632 2446 4.584980 20.867410
1632 2564 9.160730 24.451080
1632 201988 20.657150 22.355770
1632 203937 14.293330 34.606710
1632 2749 14.045030 21.848870
1632 200751 22.704480 44.833380
1632 201589 6.889070 4.722690
1632 203115 1.996460 18.022430
1632 203999 6.586680 30.360160
1644 -1 12.804510 22.617930
1644 2561 7.343780 15.908760
1644 2446 4.309420 20.817210
1644 2564 9.200890 24.228220
1644 201988 19.947740 22.738760
1644 203937 13.464640 34.148350
1644 2749 13.039370 21.998280
1644 200751 23.040460 44.422330
1644 201589 7.160380 4.767370
1644 203115 2.146390 17.910590
1644 203999 6.348390 30.209590
1656 -1 11.646240 22.946980
1656 2561 7.350560 16.385310
1656 2446 4.100740 20.764820
1656 2564 9.137790 24.093100
1656 201988 19.263980 23.201970
1656 203937 12.639930 33.487120
1656 2749 12.116320 22.248200
1656 200751 23.410280 44.036740
1656 201589 7.490270 4.831550
1656 203115 2.317340 17.621910
1656 203999 6.212180 30.005210
1668 -1 10.563710 23.256050
1668 2561 7.382310 16.804540
1668 2446 3.907100 20.677440
1668 2564 9.118230 23.962380
1668 201988 18.660510 23.677390
1668 203937 11.788360 32.714060
1668 2749 11.381140 22.568180
1668 200751 23.790790 43.665320
1668 201589 7.888710 5.042070
1668 203115 2.557250 17.298990
1668 203999 6.065890 29.691840
1680 -1 9.432570 23.613460
1680 2561 7.442260 17.172700
1680 2446 3.763740 20.582080
1680 2564 9.114050 23.906040
1680 201988 18.109470 24.199630
1680 203937 11.006000 32.011770
1680 2749 10.643560 22.672570
1680 200751 24.179130 43.262210
1680 201589 8.441270 5.253450
1680 203115 2.876560 16.998820
1680 203999 6.033350 29.426970
1692 -1 8.408840 23.826610
1692 2561 7.526810 17.676440
1692 2446 3.734210 20.475480
1692 2564 9.081780 23.900820
1692 201988 17.584880 24.711910
1692 203937 10.357630 31.325780
1692 2749 10.111550 22.761530
1692 200751 24.546620 42.837350
1692 201589 9.045900 5.465770
1692 203115 3.198020 16.789160
1692 203999 6.089980 29.021830
1704 -1 7.277190 24.254640
1704 2561 7.595020 18.186870
1704 2446 3.678990 20.423940
1704 2564 8.909280 23.935830
1704 201988 17.131910 25.202360
1704 203937 9.617940 30.533010
1704 2749 9.781430 22.801290
1704 200751 24.895490 42.378330
1704 201589 9.781590 5.702300
1704 203115 3.610740 16.633290
1704 203999 6.182350 28.598190
1716 -1 6.218100 24.462420
1716 2561 7.696660 18.707820
1716 2446 3.621590 20.258420
1716 2564 8.647810 23.963550
1716 201988 16.744570 25.717510
1716 203937 8.893440 29.789760
1716 2749 9.642390 22.875060
1716 200751 25.223750 41.897680
1716 201589 10.691380 6.066350
1716 203115 4.158470 16.624050
1716 203999 6.278160 28.216440
1728 -1 5.029920 24.771830
1728 2561 7.732190 19.190640
1728 2446 3.619990 20.109580
1728 2564 8.433200 23.815520
1728 201988 16.381350 26.268010
1728 203937 8.374170 29.306840
1728 2749 9.643840 22.885560
1728 200751 25.558090 41.374650
1728 201589 11.698880 6.427640
1728 203115 4.850630 16.631740
1728 203999 6.417870 27.921180
1740 -1 4.459110 25.088000
1740 2561 7.707940 19.657720
1740 2446 3.868860 19.821340
1740 2564 8.164710 23.735860
1740 201988 16.056610 26.838840
1740 203937 7.971960 28.969360
1740 2749 9.965710 22.867750
1740 200751 25.924120 40.846990
1740 201589 12.809530 6.702680
1740 203115 5.709710 16.599110
1740 203999 6.578090 27.636800
1752 -1 4.226180 25.481330
1752 2561 7.671330 19.998790
1752 2446 4.036510 19.545290
1752 2564 7.928160 23.643800
1752 201988 15.813210 27.414750
1752 203937 7.644410 28.851410
1752 2749 10.453240 22.871130
1752 200751 26.330990 40.362230
1752 201589 14.155700 7.034600
1752 203115 6.703850 16.463690
1752 203999 6.776560 27.275210
1764 -1 3.714130 25.661100
1764 2561 7.688470 20.277420
1764 2446 4.359950 19.199470
1764 2564 7.741800 23.534760
1764 201988 15.597400 28.025790
1764 203937 7.346120 28.913190
1764 2749 11.121960 22.838990
1764 200751 26.759800 39.910500
1764 201589 15.582970 7.384970
1764 203115 7.821780 16.403770
1764 203999 6.987430 27.128630