0 -1 11.266540 27.332020
0 2755 34.988370 9.434970
0 201937 12.911640 30.516940
0 203897 27.734220 14.193100
0 203952 38.258620 37.254250
0 1626157 49.224390 23.104210
0 202704 11.903650 28.770870
0 202694 10.236970 27.705140
0 203484 10.156430 15.797390
0 203083 23.970740 25.350830
0 1626169 10.471920 18.740900
12 -1 11.653340 27.648090
12 2755 36.516030 9.459130
12 201937 13.756130 30.294490
12 203897 28.975520 14.476010
12 203952 39.218100 36.904010
12 1626157 50.821200 23.280100
12 202704 12.124830 28.522490
12 202694 10.420640 28.007900
12 203484 11.195090 14.889570
12 203083 25.197480 25.662360
12 1626169 10.972760 18.197180
24 -1 11.724780 27.446010
24 2755 38.006860 9.408820
24 201937 14.788390 29.921930
24 203897 30.243170 14.789940
24 203952 40.207250 36.560970
24 1626157 52.360450 23.479180
24 202704 12.291100 28.160430
24 202694 10.706160 28.356310
24 203484 12.410030 14.020360
24 203083 26.562140 25.963270
24 1626169 11.598830 17.623050
36 -1 11.715830 27.353480
36 2755 39.467870 9.271950
36 201937 15.858680 29.559920
36 203897 31.519750 15.124530
36 203952 41.151480 36.252140
36 1626157 53.888420 23.718800
36 202704 12.518580 27.684350
36 202694 10.886740 28.692360
36 203484 13.763150 13.180710
36 203083 28.016590 26.266480
36 1626169 12.316690 16.987720
48 -1 12.243540 27.271840
48 2755 40.920690 9.210230
48 201937 17.033180 29.181490
48 203897 32.787000 15.476020
48 203952 42.060060 36.019100
48 1626157 55.327530 23.972390
48 202704 12.876480 27.194080
48 202694 11.119360 29.115530
48 203484 15.308650 12.347080
48 203083 29.478170 26.576480
48 1626169 13.231710 16.308700
60 -1 12.970780 27.323000
60 2755 42.404000 9.174960
60 201937 18.277820 28.786950
60 203897 34.023080 15.790460
60 203952 42.969070 35.852820
60 1626157 56.726510 24.241890
60 202704 13.457920 26.583120
60 202694 11.423190 29.540320
60 203484 16.953860 11.558480
60 203083 31.018670 26.921950
60 1626169 14.341940 15.773980
72 -1 14.044630 26.861810
72 2755 43.881820 9.127070
72 201937 19.608760 28.324340
72 203897 35.258110 16.115230
72 203952 43.866740 35.801470
72 1626157 58.121320 24.552720
72 202704 14.122830 25.906430
72 202694 11.851750 30.011710
72 203484 18.718540 10.772060
72 203083 32.633780 27.233850
72 1626169 15.628460 15.165840
84 -1 15.373610 25.159510
84 2755 45.385830 9.094130
84 201937 20.986650 27.908110
84 203897 36.573760 16.403770
84 203952 44.765510 35.793960
84 1626157 59.451520 24.892180
84 202704 14.936660 25.292840
84 202694 12.325820 30.566100
84 203484 20.602330 10.043660
84 203083 34.244290 27.422190
84 1626169 17.044330 14.543880
96 -1 16.478020 23.963430
96 2755 46.903840 9.056840
96 201937 22.392280 27.417810
96 203897 37.944460 16.658590
96 203952 45.702930 35.800220
96 1626157 60.704210 25.237460
96 202704 15.947710 24.614230
96 202694 13.057100 31.236340
96 203484 22.606200 9.339540
96 203083 35.915460 27.576710
96 1626169 18.584750 13.969490
108 -1 17.733880 22.603830
108 2755 48.416790 8.944670
108 201937 23.858130 27.001050
108 203897 39.363490 16.883040
108 203952 46.676940 35.803590
108 1626157 61.909630 25.522730
108 202704 17.088760 23.938100
108 202694 13.952060 31.956700
108 203484 24.656430 8.709250
108 203083 37.682310 27.687230
108 1626169 20.152240 13.491250
120 -1 18.127420 21.762390
120 2755 49.896060 8.867880
120 201937 25.378400 26.579610
120 203897 40.866640 17.098570
120 203952 47.693220 35.829300
120 1626157 63.041180 25.804000
120 202704 18.316020 23.287270
120 202694 14.951690 32.722250
120 203484 26.790010 8.136070
120 203083 39.492730 27.758740
120 1626169 21.841000 12.718420
132 -1 19.029150 21.144620
132 2755 51.381470 8.804930
132 201937 26.960260 26.204820
132 203897 42.412340 17.248200
132 203952 48.700990 35.811740
132 1626157 64.070810 26.067130
132 202704 19.686730 22.651690
132 202694 16.067650 33.496720
132 203484 29.005560 7.612850
132 203083 41.374930 27.798340
132 1626169 23.633740 12.077210
144 -1 20.334500 20.601220
144 2755 52.820240 8.707200
144 201937 28.590270 25.837180
144 203897 43.912030 17.317880
144 203952 49.657040 35.804220
144 1626157 65.066870 26.318580
144 202704 21.178800 22.058850
144 202694 17.305470 34.257320
144 203484 31.289090 7.104090
144 203083 43.338840 27.871120
144 1626169 25.471160 11.489790
156 -1 22.416470 19.977310
156 2755 54.231980 8.606410
156 201937 30.289730 25.560890
156 203897 45.450520 17.316460
156 203952 50.545230 35.852190
156 1626157 65.865410 26.670340
156 202704 22.776390 21.523810
156 202694 18.663140 34.964490
156 203484 33.641510 6.622150
156 203083 45.369300 27.860670
156 1626169 27.358520 10.898180
168 -1 24.471980 19.778470
168 2755 55.622340 8.511200
168 201937 31.968130 25.188860
168 203897 46.963950 17.264000
168 203952 51.378960 35.936250
168 1626157 66.597990 26.919210
168 202704 24.422940 21.021150
168 202694 20.078000 35.651040
168 203484 35.981840 6.163570
168 203083 47.457990 27.838830
168 1626169 29.305500 10.256880
180 -1 26.854040 19.408760
180 2755 57.006150 8.414080
180 201937 33.630610 24.698980
180 203897 48.444580 17.150500
180 203952 52.183540 36.049670
180 1626157 67.225570 27.028260
180 202704 26.157800 20.610880
180 202694 21.561330 36.335960
180 203484 38.437790 5.689420
180 203083 49.574450 27.764140
180 1626169 31.237770 9.778180
192 -1 29.063970 18.886810
192 2755 58.375800 8.331960
192 201937 35.394950 24.299020
192 203897 49.896320 16.956250
192 203952 52.970820 36.211500
192 1626157 67.734510 27.024770
192 202704 27.895480 20.260970
192 202694 23.107610 37.023530
192 203484 40.905330 5.309890
192 203083 51.657780 27.654970
192 1626169 33.188970 9.255570
204 -1 30.184500 18.569020
204 2755 59.724640 8.338290
204 201937 37.202560 23.875320
204 203897 51.385390 16.744810
204 203952 53.808970 36.360010
204 1626157 68.129490 26.929260
204 202704 29.633660 19.934630
204 202694 24.736200 37.690360
204 203484 43.364720 4.953880
204 203083 53.779370 27.532290
204 1626169 35.122110 8.705940
216 -1 31.498800 18.429290
216 2755 61.069400 8.384460
216 201937 39.010320 23.426350
216 203897 52.786660 16.493250
216 203952 54.695640 36.433990
216 1626157 68.552280 26.667420
216 202704 31.355540 19.468660
216 202694 26.378520 38.308310
216 203484 45.824360 4.646930
216 203083 55.951860 27.426130
216 1626169 37.039720 8.182670
228 -1 33.155900 18.297900
228 2755 62.405910 8.429460
228 201937 40.775860 23.016780
228 203897 54.170370 16.227180
228 203952 55.639990 36.458740
228 1626157 68.869000 26.516130
228 202704 33.046880 19.100940
228 202694 28.087200 38.922250
228 203484 48.379810 4.356150
228 203083 57.982140 27.154750
228 1626169 38.935640 7.651700
240 -1 35.143060 18.130910
240 2755 63.721350 8.483310
240 201937 42.625030 22.714070
240 203897 55.520120 15.938070
240 203952 56.559260 36.439570
240 1626157 69.087360 26.418140
240 202704 34.817120 18.854650
240 202694 29.827560 39.507550
240 203484 50.901530 4.059210
240 203083 60.088170 26.951700
240 1626169 40.842800 7.153750
252 -1 37.434620 17.934930
252 2755 65.015760 8.576170
252 201937 44.396830 22.303510
252 203897 56.835900 15.611630
252 203952 57.472740 36.413750
252 1626157 69.264760 26.269480
252 202704 36.553830 18.652460
252 202694 31.617520 40.067230
252 203484 53.389090 3.762800
252 203083 62.114790 26.736880
252 1626169 42.715300 6.668200
264 -1 39.625780 17.604440
264 2755 66.363650 8.664580
264 201937 46.135500 21.963150
264 203897 58.117400 15.226480
264 203952 58.387310 36.424030
264 1626157 69.392550 26.101690
264 202704 38.285210 18.488890
264 202694 33.383350 40.598790
264 203484 55.878330 3.563860
264 203083 64.037740 26.439760
264 1626169 44.602020 6.241840
276 -1 40.915440 17.286600
276 2755 67.717780 8.767630
276 201937 47.743290 21.668880
276 203897 59.371480 14.874630
276 203952 59.271700 36.455280
276 1626157 69.434010 25.952130
276 202704 39.982790 18.429960
276 202694 35.165390 41.105190
276 203484 58.319380 3.225560
276 203083 65.761980 26.070310
276 1626169 46.444920 5.879220
288 -1 41.771400 16.962520
288 2755 69.050960 8.898730
288 201937 49.306190 21.400180
288 203897 60.591080 14.514390
288 203952 60.092150 36.570840
288 1626157 69.682300 25.657640
288 202704 41.713910 18.355420
288 202694 36.960950 41.566650
288 203484 60.704320 3.037990
288 203083 67.277690 25.816400
288 1626169 48.231050 5.532120
300 -1 43.255050 16.929210
300 2755 70.377360 9.080840
300 201937 50.787820 21.147610
300 203897 61.724960 14.196220
300 203952 60.916230 36.697110
300 1626157 70.144290 25.275140
300 202704 43.341660 18.233630
300 202694 38.761830 42.016480
300 203484 62.999130 2.894500
300 203083 68.388880 25.478480
300 1626169 49.941800 5.184570
312 -1 45.210040 17.097840
312 2755 71.676110 9.265080
312 201937 52.193910 20.907360
312 203897 62.778330 13.852130
312 203952 61.729650 36.794080
312 1626157 70.764820 24.930870
312 202704 44.940670 18.134100
312 202694 40.553310 42.462230
312 203484 65.276240 2.757380
312 203083 69.427430 25.176800
312 1626169 51.660290 4.907410
324 -1 47.264640 17.265830
324 2755 72.919970 9.418410
324 201937 53.499080 20.602340
324 203897 63.760770 13.488700
324 203952 62.507330 36.790030
324 1626157 71.570760 24.590970
324 202704 46.455320 18.062490
324 202694 42.350390 42.903050
324 203484 67.503360 2.569670
324 203083 70.265070 24.923160
324 1626169 53.249800 4.628370
336 -1 48.894710 17.180110
336 2755 74.115290 9.566930
336 201937 54.792270 20.285920
336 203897 64.713500 13.061170
336 203952 63.313750 36.803860
336 1626157 72.593880 24.153740
336 202704 47.930630 18.092240
336 202694 44.078080 43.325720
336 203484 69.666630 2.522730
336 203083 70.981410 24.759490
336 1626169 54.824290 4.333660
348 -1 49.983420 16.848640
348 2755 75.291710 9.741360
348 201937 55.989560 20.004410
348 203897 65.614850 12.660850
348 203952 64.148830 36.817020
348 1626157 73.531650 23.799420
348 202704 49.300050 18.073220
348 202694 45.800230 43.743400
348 203484 71.729630 2.410450
348 203083 71.800840 24.604430
348 1626169 56.369240 4.115630
360 -1 50.629390 16.644640
360 2755 76.443300 9.906290
360 201937 57.042230 19.875560
360 203897 66.509610 12.244190
360 203952 64.937410 36.835340
360 1626157 74.330200 23.506740
360 202704 50.634510 18.080570
360 202694 47.537920 44.127170
360 203484 73.739100 2.344210
360 203083 72.696850 24.457490
360 1626169 57.793080 3.985960
372 -1 51.963550 16.531520
372 2755 77.569600 10.072950
372 201937 57.967560 19.904060
372 203897 67.369560 11.866190
372 203952 65.713660 36.886370
372 1626157 75.022220 23.272610
372 202704 51.884420 18.107580
372 202694 49.259670 44.489090
372 203484 75.621630 2.290210
372 203083 73.555820 24.378350
372 1626169 59.045390 3.789330
384 -1 54.012500 16.937750
384 2755 78.687110 10.261350
384 201937 58.784260 20.067680
384 203897 68.144060 11.587170
384 203952 66.515220 37.019190
384 1626157 75.609620 23.164520
384 202704 53.087220 18.222490
384 202694 50.945560 44.820310
384 203484 77.359450 2.260390
384 203083 74.350360 24.409180
384 1626169 60.294810 3.695200
396 -1 55.235650 18.049780
396 2755 79.747790 10.431300
396 201937 59.514140 20.434830
396 203897 68.825080 11.406790
396 203952 67.248210 37.151610
396 1626157 76.067450 23.207830
396 202704 54.196690 18.459720
396 202694 52.622550 45.148620
396 203484 78.984470 2.279600
396 203083 74.991090 24.499860
396 1626169 61.308010 3.710800
408 -1 55.393810 19.222830
408 2755 80.730040 10.607660
408 201937 60.153960 21.004750
408 203897 69.393460 11.240390
408 203952 67.943130 37.197580
408 1626157 76.485540 23.405990
408 202704 55.163750 18.854610
408 202694 54.231510 45.446750
408 203484 80.507870 2.306730
408 203083 75.456970 24.654340
408 1626169 62.102790 3.772280
420 -1 55.203790 19.886570
420 2755 81.644300 10.804260
420 201937 60.812310 21.488280
420 203897 69.884580 11.108300
420 203952 68.610250 37.220880
420 1626157 76.860750 23.708760
420 202704 55.963210 19.302430
420 202694 55.800330 45.701310
420 203484 81.904240 2.376160
420 203083 75.855530 24.864970
420 1626169 62.984700 3.745090
432 -1 55.717440 20.671720
432 2755 82.523990 11.022550
432 201937 61.429100 21.973990
432 203897 70.331220 11.072720
432 203952 69.270490 37.238710
432 1626157 77.273460 24.098090
432 202704 56.624980 19.829280
432 202694 57.332050 45.891130
432 203484 83.164760 2.472470
432 203083 76.081330 25.029390
432 1626169 63.718140 3.766170
444 -1 56.548700 21.310250
444 2755 83.315750 11.240510
444 201937 61.979540 22.599780
444 203897 70.747350 11.115260
444 203952 69.909070 37.272160
444 1626157 77.654310 24.441650
444 202704 57.308740 20.279690
444 202694 58.753990 46.046850
444 203484 84.268530 2.575490
444 203083 76.335510 25.212060
444 1626169 64.272820 3.715000
456 -1 57.624680 21.938090
456 2755 84.046610 11.432340
456 201937 62.531290 23.037360
456 203897 71.130700 11.239370
456 203952 70.542630 37.290200
456 1626157 78.013120 24.684330
456 202704 58.031050 20.597290
456 202694 60.135860 46.169560
456 203484 85.216560 2.675200
456 203083 76.636700 25.426970
456 1626169 64.795960 3.591560
468 -1 58.924600 22.141650
468 2755 84.722010 11.597930
468 201937 63.172640 23.219980
468 203897 71.523710 11.474350
468 203952 71.192420 37.328990
468 1626157 78.272500 24.930570
468 202704 58.801870 20.794010
468 202694 61.353000 46.264740
468 203484 86.003300 2.738480
468 203083 76.846170 25.571110
468 1626169 65.285030 3.433830
480 -1 60.629370 21.050860
480 2755 85.323220 11.719520
480 201937 63.834840 23.275830
480 203897 71.890420 11.797500
480 203952 71.869710 37.348600
480 1626157 78.498780 25.173980
480 202704 59.573710 20.885030
480 202694 62.466840 46.351020
480 203484 86.642590 2.781940
480 203083 76.929670 25.624010
480 1626169 65.495450 3.337410
492 -1 62.299970 20.146330
492 2755 85.792740 11.796370
492 201937 64.415380 23.262910
492 203897 72.209050 12.179120
492 203952 72.543560 37.311070
492 1626157 78.675820 25.379920
492 202704 60.343480 20.973610
492 202694 63.379780 46.459630
492 203484 87.146150 2.782030
492 203083 77.093790 25.739940
492 1626169 65.671590 3.267230
504 -1 65.274180 20.243830
504 2755 86.154320 11.867560
504 201937 65.016170 23.096260
504 203897 72.461350 12.601710
504 203952 73.161840 37.280540
504 1626157 78.909180 25.539280
504 202704 60.892810 21.031620
504 202694 64.365390 46.490220
504 203484 87.548540 2.753410
504 203083 77.301320 25.802260
504 1626169 65.806540 3.188960
516 -1 68.661120 20.758220
516 2755 86.447760 11.955640
516 201937 65.730020 22.865520
516 203897 72.660190 13.055960
516 203952 73.732790 37.244010
516 1626157 79.196660 25.721210
516 202704 61.262600 21.037030
516 202694 65.361410 46.473690
516 203484 87.841680 2.713760
516 203083 77.570580 25.844280
516 1626169 65.870550 3.142550
528 -1 71.261990 21.208610
528 2755 86.653530 12.011190
528 201937 66.462700 22.619580
528 203897 72.823510 13.550020
528 203952 74.255860 37.196970
528 1626157 79.545470 25.743330
528 202704 61.574080 20.963540
528 202694 66.374760 46.388050
528 203484 88.016220 2.678700
528 203083 78.079530 25.863820
528 1626169 65.887400 3.158590
540 -1 72.851290 21.553920
540 2755 86.785270 12.040830
540 201937 67.035830 22.514670
540 203897 72.960610 14.072220
540 203952 74.696190 37.204830
540 1626157 79.942260 25.608580
540 202704 61.745390 20.970610
540 202694 67.305410 46.275860
540 203484 88.084510 2.604100
540 203083 78.859670 25.769900
540 1626169 65.869140 3.205890
552 -1 74.417690 21.830210
552 2755 86.892250 12.054650
552 201937 67.615460 22.357020
552 203897 73.137970 14.617470
552 203952 75.079810 37.256300
552 1626157 80.328780 25.350490
552 202704 61.963290 20.965210
552 202694 68.301390 46.114720
552 203484 88.089020 2.538580
552 203083 79.586470 25.519270
552 1626169 65.821770 3.286920
564 -1 75.855520 22.071960
564 2755 86.973870 12.072510
564 201937 68.243130 22.142690
564 203897 73.439740 15.126460
564 203952 75.394700 37.292960
564 1626157 80.664410 24.979870
564 202704 62.188870 20.956680
564 202694 69.145870 45.997610
564 203484 88.054440 2.480560
564 203083 79.897890 25.039410
564 1626169 65.767120 3.434780
576 -1 77.048650 22.001020
576 2755 87.026540 12.117370
576 201937 68.765210 22.103420
576 203897 73.879790 15.567220
576 203952 75.722710 37.315650
576 1626157 80.907120 24.418400
576 202704 62.434610 21.080910
576 202694 69.843060 45.866970
576 203484 88.015790 2.437720
576 203083 80.093450 24.381950
576 1626169 65.760440 3.598010
588 -1 78.107950 21.647770
588 2755 87.054570 12.206520
588 201937 69.198350 22.120440
588 203897 74.460410 15.938480
588 203952 76.061570 37.301020
588 1626157 81.156560 23.887000
588 202704 62.585370 21.329810
588 202694 70.510810 45.750320
588 203484 87.979210 2.375540
588 203083 80.227550 23.789490
588 1626169 65.799150 3.759900
600 -1 78.551420 21.699050
600 2755 87.052540 12.291240
600 201937 69.811880 22.166280
600 203897 75.280660 16.267210
600 203952 76.448780 37.209340
600 1626157 81.471130 23.377200
600 202704 62.708030 21.552890
600 202694 71.171800 45.615160
600 203484 87.965830 2.341120
600 203083 80.175700 23.447860
600 1626169 65.916150 3.906480
612 -1 79.327150 21.880560
612 2755 87.031680 12.375330
612 201937 70.570110 22.351640
612 203897 76.224660 16.639720
612 203952 76.909570 37.041680
612 1626157 81.885590 23.003620
612 202704 62.709970 21.753930
612 202694 71.757290 45.456500
612 203484 87.978430 2.321040
612 203083 80.167910 23.227730
612 1626169 66.092470 4.049150
624 -1 79.556290 22.734370
624 2755 87.008660 12.432550
624 201937 71.361920 22.665570
624 203897 77.210920 17.111300
624 203952 77.445500 36.787060
624 1626157 82.336870 22.769310
624 202704 62.686050 22.047200
624 202694 72.299010 45.252530
624 203484 87.994980 2.315150
624 203083 80.411840 23.265850
624 1626169 66.317140 4.171390
636 -1 80.541150 23.739820
636 2755 86.963830 12.496040
636 201937 72.239650 22.999540
636 203897 78.226470 17.670210
636 203952 77.987810 36.475610
636 1626157 82.830140 22.839490
636 202704 62.624760 22.334460
636 202694 72.790920 45.079320
636 203484 88.000440 2.302290
636 203083 80.648790 23.508150
636 1626169 66.552210 4.260450
648 -1 81.094860 24.396900
648 2755 86.951180 12.623330
648 201937 73.253090 23.365660
648 203897 79.292810 18.301020
648 203952 78.477010 36.143350
648 1626157 83.375790 23.002080
648 202704 62.568870 22.637830
648 202694 73.233890 44.942490
648 203484 88.014030 2.309910
648 203083 80.791670 23.953230
648 1626169 66.777360 4.302200
660 -1 81.408470 25.310810
660 2755 86.990150 12.843130
660 201937 74.244580 23.737440
660 203897 80.263220 18.979190
660 203952 78.910180 35.787650
660 1626157 83.847300 23.308390
660 202704 62.529430 22.913240
660 202694 73.614240 44.835510
660 203484 88.027110 2.313390
660 203083 80.862430 24.317750
660 1626169 66.955810 4.381310
672 -1 81.401730 25.796870
672 2755 87.054280 13.127020
672 201937 75.282440 24.042110
672 203897 81.107080 19.588100
672 203952 79.268880 35.436100
672 1626157 84.202440 23.598800
672 202704 62.478050 23.147230
672 202694 73.952880 44.756790
672 203484 88.028600 2.312150
672 203083 80.853320 24.648130
672 1626169 67.065670 4.455950
684 -1 80.810390 25.423930
684 2755 87.106970 13.462420
684 201937 76.349650 24.307090
684 203897 81.915930 20.179260
684 203952 79.610240 35.106760
684 1626157 84.427040 23.950360
684 202704 62.401940 23.302470
684 202694 74.239510 44.717920
684 203484 88.029590 2.322060
684 203083 80.909470 25.111660
684 1626169 67.069080 4.530430
696 -1 80.998250 25.283510
696 2755 87.129520 13.832030
696 201937 77.268280 24.437300
696 203897 82.649740 20.784920
696 203952 79.950280 34.816890
696 1626157 84.545340 24.260070
696 202704 62.302880 23.383860
696 202694 74.456680 44.681240
696 203484 88.043410 2.333580
696 203083 80.888600 25.425680
696 1626169 66.995260 4.667990
708 -1 82.053490 25.254340
708 2755 87.080380 14.180750
708 201937 77.994080 24.444780
708 203897 83.251680 21.267220
708 203952 80.320720 34.525710
708 1626157 84.469090 24.533770
708 202704 62.169880 23.406390
708 202694 74.607680 44.619940
708 203484 88.055600 2.363210
708 203083 80.934550 25.574180
708 1626169 66.853970 4.868900
720 -1 83.329990 25.236790
720 2755 86.942920 14.509970
720 201937 78.595800 24.326590
720 203897 83.763780 21.724860
720 203952 80.740780 34.202330
720 1626157 84.383550 24.781340
720 202704 61.971600 23.445550
720 202694 74.673900 44.549720
720 203484 88.040660 2.427740
720 203083 80.962500 25.771710
720 1626169 66.660040 5.077730
732 -1 84.553680 25.166360
732 2755 86.766060 14.838070
732 201937 79.073970 24.112620
732 203897 84.309430 22.141630
732 203952 81.161670 33.889570
732 1626157 84.253900 25.024480
732 202704 61.736580 23.484340
732 202694 74.653690 44.459450
732 203484 88.035140 2.589460
732 203083 80.972470 25.989090
732 1626169 66.440840 5.316960
744 -1 85.690520 25.136130
744 2755 86.582710 15.170230
744 201937 79.444160 23.753450
744 203897 84.720840 22.488750
744 203952 81.522090 33.612750
744 1626157 84.207650 25.286510
744 202704 61.465550 23.525880
744 202694 74.526320 44.366260
744 203484 87.955650 2.760710
744 203083 80.861780 26.069610
744 1626169 66.228580 5.595700
756 -1 86.909340 25.046510
756 2755 86.428430 15.481560
756 201937 79.805380 23.373130
756 203897 85.235140 22.659060
756 203952 81.836550 33.359990
756 1626157 84.380000 25.487540
756 202704 61.144260 23.590380
756 202694 74.284730 44.251030
756 203484 87.758490 2.938570
756 203083 80.580920 26.119460
756 1626169 66.009870 5.899070
768 -1 88.009630 25.097860
768 2755 86.294800 15.753830
768 201937 80.221610 23.094570
768 203897 85.781270 22.863970
768 203952 82.082000 33.165460
768 1626157 84.691640 25.616390
768 202704 60.811690 23.674730
768 202694 73.921500 44.117100
768 203484 87.523710 3.190070
768 203083 79.971340 26.100170
768 1626169 65.776270 6.235300
780 -1 89.377010 24.859900
780 2755 86.164410 15.958530
780 201937 80.629090 22.861680
780 203897 86.396450 23.029670
780 203952 82.224760 33.088340
780 1626157 85.022440 25.635880
780 202704 60.462120 23.770600
780 202694 73.463440 43.981110
780 203484 87.177000 3.485580
780 203083 79.171190 26.018310
780 1626169 65.504430 6.616130
792 -1 89.474490 24.951560
792 2755 85.997580 16.090610
792 201937 81.013510 22.674160
792 203897 86.989950 23.275580
792 203952 82.264080 33.098170
792 1626157 85.419310 25.640320
792 202704 60.074220 23.890760
792 202694 72.947510 43.851890
792 203484 86.607350 3.807990
792 203083 78.173060 25.931080
792 1626169 65.164280 7.040980
804 -1 89.735920 25.226800
804 2755 85.813710 16.141280
804 201937 81.416750 22.549020
804 203897 87.638090 23.462310
804 203952 82.204010 33.171970
804 1626157 85.790010 25.559500
804 202704 59.665560 24.009070
804 202694 72.394560 43.691940
804 203484 86.021460 4.239170
804 203083 77.018450 25.829200
804 1626169 64.856490 7.382790
816 -1 89.926800 25.273160
816 2755 85.562680 16.120640
816 201937 81.874970 22.444870
816 203897 88.111490 23.698260
816 203952 82.018990 33.307130
816 1626157 85.930470 25.515240
816 202704 59.245450 24.088570
816 202694 71.795820 43.514620
816 203484 85.367810 4.788190
816 203083 75.903530 25.836240
816 1626169 64.495550 7.717990
828 -1 90.117840 25.512990
828 2755 85.221870 16.022460
828 201937 82.403430 22.282740
828 203897 88.609220 23.884460
828 203952 81.734970 33.491320
828 1626157 85.853190 25.577550
828 202704 58.738900 24.172890
828 202694 71.119440 43.347700
828 203484 84.565440 5.323020
828 203083 74.829000 25.923220
828 1626169 63.971790 8.025470
840 -1 90.547800 25.580620
840 2755 84.804440 15.912460
840 201937 82.921710 22.154960
840 203897 89.015860 24.117520
840 203952 81.362280 33.720530
840 1626157 85.642870 25.744530
840 202704 58.284840 24.233300
840 202694 70.360010 43.174550
840 203484 83.696840 5.908860
840 203083 73.681320 26.094720
840 1626169 63.353050 8.368050
852 -1 90.401930 25.690200
852 2755 84.332090 15.805100
852 201937 83.434810 21.998560
852 203897 89.482110 24.384980
852 203952 80.945900 33.979380
852 1626157 85.282790 25.993280
852 202704 57.805150 24.239060
852 202694 69.491060 42.994540
852 203484 82.787820 6.499560
852 203083 72.478650 26.220130
852 1626169 62.679850 8.695420
864 -1 90.131030 25.932030
864 2755 83.755670 15.684780
864 201937 83.896200 21.830490
864 203897 89.996250 24.706120
864 203952 80.499080 34.252570
864 1626157 84.731880 26.347100
864 202704 57.278690 24.198360
864 202694 68.535510 42.788300
864 203484 81.773060 7.044000
864 203083 71.225200 26.338870
864 1626169 61.833810 9.146400
876 -1 89.985160 26.175730
876 2755 83.136370 15.538290
876 201937 84.335640 21.662040
876 203897 90.585040 25.115360
876 203952 80.028130 34.550060
876 1626157 84.080320 26.773160
876 202704 56.728090 24.209210
876 202694 67.545080 42.548660
876 203484 80.694150 7.562480
876 203083 69.894270 26.450900
876 1626169 60.900050 9.641320
888 -1 89.814050 26.327910
888 2755 82.523810 15.399910
888 201937 84.720480 21.509030
888 203897 91.162930 25.588380
888 203952 79.491710 34.892590
888 1626157 83.358920 27.250010
888 202704 56.198830 24.219740
888 202694 66.526250 42.266600
888 203484 79.513600 8.080570
888 203083 68.473520 26.491370
888 1626169 60.020520 10.179150
900 -1 89.841810 26.333980
900 2755 81.875290 15.224380
900 201937 85.090710 21.324310
900 203897 91.750120 26.022250
900 203952 78.906380 35.273990
900 1626157 82.493760 27.800650
900 202704 55.617220 24.217800
900 202694 65.480350 41.977330
900 203484 78.288120 8.521910
900 203083 67.046370 26.445830
900 1626169 59.155190 10.656060