0 -1 83.941230 37.902770
0 202329 56.918210 23.206080
0 203081 84.264880 36.908680
0 203486 89.077000 26.709340
0 203459 34.253140 2.548160
0 203086 57.290010 29.398430
0 101141 35.958330 16.514780
0 202704 28.620800 14.891000
0 203484 58.458050 35.907470
0 203083 44.823450 26.985880
0 1626169 40.285590 32.105830
12 -1 83.149410 38.143550
12 202329 55.364000 23.646260
12 203081 83.502750 37.143520
12 203486 87.913940 26.748260
12 203459 33.591810 2.532060
12 203086 56.105220 29.566240
12 101141 35.336520 16.864790
12 202704 27.509170 14.415150
12 203484 57.338960 35.812160
12 203083 43.462440 26.970830
12 1626169 39.212180 32.345620
24 -1 82.222150 38.423700
24 202329 53.810470 24.089190
24 203081 82.715930 37.357870
24 203486 86.731620 26.696010
24 203459 32.986630 2.566950
24 203086 54.916170 29.740510
24 101141 34.693120 17.211660
24 202704 26.454880 13.966040
24 203484 56.209980 35.742080
24 203083 42.122900 26.918250
24 1626169 38.154050 32.498900
36 -1 81.101260 38.532290
36 202329 52.257740 24.496650
36 203081 81.926850 37.554640
36 203486 85.545390 26.667550
36 203459 32.394700 2.603610
36 203086 53.825150 29.902790
36 101141 34.042540 17.578220
36 202704 25.497170 13.578540
36 203484 55.134680 35.664730
36 203083 40.816970 26.887910
36 1626169 37.090590 32.594840
48 -1 80.187790 38.606410
48 202329 50.781630 24.899150
48 203081 81.123320 37.755280
48 203486 84.345400 26.619680
48 203459 31.842120 2.643900
48 203086 52.746560 30.024130
48 101141 33.410880 17.988830
48 202704 24.642330 13.206800
48 203484 54.073520 35.563860
48 203083 39.507290 26.875920
48 1626169 36.022530 32.676050
60 -1 79.182290 38.716620
60 202329 49.349540 25.318600
60 203081 80.285820 37.887800
60 203486 83.078410 26.541920
60 203459 31.225730 2.643980
60 203086 51.625810 30.147790
60 101141 32.781630 18.434230
60 202704 23.950160 12.823180
60 203484 53.012650 35.422750
60 203083 38.253280 26.849270
60 1626169 34.963500 32.723460
72 -1 78.269890 38.998720
72 202329 47.931180 25.772220
72 203081 79.434650 38.019420
72 203486 81.825690 26.410220
72 203459 30.583350 2.651060
72 203086 50.524760 30.238780
72 101141 32.213140 18.905180
72 202704 23.417330 12.403930
72 203484 51.994660 35.322790
72 203083 37.052220 26.818900
72 1626169 33.871270 32.787460
84 -1 77.922720 39.241940
84 202329 46.529410 26.196040
84 203081 78.538520 38.227350
84 203486 80.524670 26.308360
84 203459 29.940430 2.639510
84 203086 49.520150 30.288050
84 101141 31.719440 19.426450
84 202704 23.006400 11.978590
84 203484 51.053400 35.286130
84 203083 35.946760 26.778510
84 1626169 32.800110 32.876480
96 -1 77.422710 39.399580
96 202329 45.133120 26.645330
96 203081 77.536190 38.481950
96 203486 79.148440 26.121270
96 203459 29.357630 2.635940
96 203086 48.526600 30.346050
96 101141 31.277860 19.858880
96 202704 22.661100 11.570990
96 203484 50.151600 35.320000
96 203083 34.926940 26.798010
96 1626169 31.782690 32.928380
108 -1 76.202550 39.573310
108 202329 43.713320 27.065290
108 203081 76.497190 38.770440
108 203486 77.796350 25.955580
108 203459 28.769600 2.645670
108 203086 47.514730 30.444160
108 101141 30.841140 20.297140
108 202704 22.379070 11.240770
108 203484 49.171950 35.381990
108 203083 33.886580 26.716520
108 1626169 30.824700 32.945630
120 -1 74.750270 39.925710
120 202329 42.326180 27.459860
120 203081 75.457350 39.093400
120 203486 76.441530 25.774440
120 203459 28.190900 2.693720
120 203086 46.565530 30.512790
120 101141 30.398920 20.743280
120 202704 22.121970 10.982580
120 203484 48.210700 35.494630
120 203083 32.805040 26.686980
120 1626169 29.866370 32.951030
132 -1 73.211110 40.202790
132 202329 40.953890 27.826930
132 203081 74.361320 39.388280
132 203486 75.018300 25.626600
132 203459 27.654360 2.776870
132 203086 45.688550 30.552660
132 101141 29.895620 21.168030
132 202704 21.864300 10.792210
132 203484 47.299160 35.641240
132 203083 31.781630 26.676130
132 1626169 28.907650 32.946460
144 -1 71.799690 40.625370
144 202329 39.592670 28.218610
144 203081 73.207220 39.615800
144 203486 73.563700 25.406750
144 203459 27.156520 2.910410
144 203086 44.735330 30.556560
144 101141 29.337310 21.558730
144 202704 21.594990 10.620610
144 203484 46.346600 35.769820
144 203083 30.836840 26.713250
144 1626169 27.942140 32.949800
156 -1 71.154840 40.960250
156 202329 38.243740 28.575370
156 203081 72.048990 39.856920
156 203486 72.134700 25.204210
156 203459 26.741790 3.098310
156 203086 43.796490 30.494260
156 101141 28.739030 22.027530
156 202704 21.368460 10.429650
156 203484 45.358550 35.886290
156 203083 29.949620 26.688470
156 1626169 27.003430 32.950810
168 -1 70.556680 41.168670
168 202329 36.922020 28.940140
168 203081 70.855790 40.123470
168 203486 70.606680 24.969870
168 203459 26.405990 3.360780
168 203086 42.878440 30.348950
168 101141 28.202480 22.462680
168 202704 21.149410 10.243220
168 203484 44.506130 36.062620
168 203083 29.231430 26.762800
168 1626169 26.057230 32.972950
180 -1 69.590030 41.685030
180 202329 35.566450 29.309510
180 203081 69.660570 40.397400
180 203486 69.095500 24.726380
180 203459 26.137670 3.690600
180 203086 41.925450 30.167300
180 101141 27.746800 22.832450
180 202704 20.939640 10.095630
180 203484 43.704390 36.241490
180 203083 28.663820 26.794190
180 1626169 25.071010 33.036580
192 -1 68.217630 41.881530
192 202329 34.243820 29.687260
192 203081 68.494710 40.672160
192 203486 67.617920 24.466910
192 203459 25.928600 4.068040
192 203086 40.897300 29.936190
192 101141 27.389290 23.123890
192 202704 20.748050 10.001460
192 203484 42.912470 36.436720
192 203083 28.158550 26.804160
192 1626169 24.158560 33.097530
204 -1 66.478040 42.177430
204 202329 32.939510 30.080770
204 203081 67.339220 40.973900
204 203486 66.120350 24.191650
204 203459 25.768420 4.521700
204 203086 39.910000 29.643070
204 101141 27.075640 23.353480
204 202704 20.600290 9.998000
204 203484 42.151490 36.653250
204 203083 27.653610 26.768340
204 1626169 23.286050 33.142760
216 -1 64.814560 42.399190
216 202329 31.675340 30.516560
216 203081 66.182130 41.239380
216 203486 64.591290 23.915140
216 203459 25.640390 5.012990
216 203086 38.911620 29.288320
216 101141 26.795500 23.523780
216 202704 20.481420 10.118230
216 203484 41.442440 36.872260
216 203083 27.165640 26.680320
216 1626169 22.466310 33.179040
228 -1 63.057720 42.318070
228 202329 30.365930 31.034280
228 203081 65.055540 41.475890
228 203486 63.097430 23.622940
228 203459 25.546000 5.523250
228 203086 37.886150 28.869170
228 101141 26.533190 23.706180
228 202704 20.396910 10.330370
228 203484 40.736620 37.073520
228 203083 26.670690 26.585120
228 1626169 21.671900 33.196470
240 -1 62.112040 42.111590
240 202329 29.122980 31.581350
240 203081 63.858110 41.671960
240 203486 61.571950 23.310790
240 203459 25.517580 6.025600
240 203086 36.873740 28.377350
240 101141 26.211790 23.862380
240 202704 20.344050 10.593060
240 203484 40.011180 37.261250
240 203083 26.162620 26.483820
240 1626169 20.936000 33.199170
252 -1 61.218790 42.004030
252 202329 27.862850 32.149050
252 203081 62.619120 41.840830
252 203486 59.987240 22.972550
252 203459 25.606150 6.542160
252 203086 35.903920 27.862820
252 101141 25.792540 23.974600
252 202704 20.337700 10.912990
252 203484 39.288590 37.437520
252 203083 25.620810 26.329200
252 1626169 20.186250 33.205030
264 -1 60.309350 41.631200
264 202329 26.590820 32.776900
264 203081 61.395490 42.019680
264 203486 58.465880 22.678790
264 203459 25.806720 7.056980
264 203086 34.909670 27.311390
264 101141 25.334360 24.061820
264 202704 20.396230 11.283540
264 203484 38.605890 37.624030
264 203083 25.044310 26.182950
264 1626169 19.468970 33.212490
276 -1 59.317420 41.584480
276 202329 25.344560 33.463540
276 203081 60.200560 42.204710
276 203486 56.976790 22.379340
276 203459 26.074970 7.563260
276 203086 33.889450 26.757240
276 101141 24.850220 24.103050
276 202704 20.538800 11.668080
276 203484 37.933970 37.821920
276 203083 24.466280 26.054100
276 1626169 18.736010 33.252060
288 -1 58.291830 41.522780
288 202329 24.134290 34.198130
288 203081 58.956810 42.384060
288 203486 55.442030 22.110430
288 203459 26.414230 8.079310
288 203086 32.892730 26.193940
288 101141 24.425690 23.963500
288 202704 20.786650 12.055230
288 203484 37.261160 38.046230
288 203083 23.907150 25.865700
288 1626169 18.008440 33.385510
300 -1 57.037870 41.708320
300 202329 22.927240 35.015960
300 203081 57.771920 42.601690
300 203486 53.911100 21.899260
300 203459 26.775790 8.595600
300 203086 31.908860 25.617260
300 101141 23.911870 23.788630
300 202704 21.100620 12.452760
300 203484 36.613490 38.292390
300 203083 23.401840 25.716820
300 1626169 17.323580 33.567850
312 -1 55.858170 42.048920
312 202329 21.747790 35.917620
312 203081 56.654200 42.873060
312 203486 52.430900 21.759280
312 203459 27.108960 9.128440
312 203086 30.932970 24.974310
312 101141 23.358170 23.650870
312 202704 21.449920 12.857910
312 203484 35.976330 38.502610
312 203083 22.960770 25.638780
312 1626169 16.679540 33.775000
324 -1 54.286220 42.390420
324 202329 20.601290 36.804180
324 203081 55.558270 43.154320
324 203486 50.890650 21.674490
324 203459 27.414130 9.659760
324 203086 29.972570 24.309560
324 101141 22.826800 23.469230
324 202704 21.801460 13.268360
324 203484 35.341430 38.689680
324 203083 22.546500 25.537680
324 1626169 16.048920 34.017170
336 -1 52.678660 42.811850
336 202329 19.406830 37.727350
336 203081 54.449050 43.437660
336 203486 49.313160 21.659800
336 203459 27.727530 10.182700
336 203086 29.036310 23.684330
336 101141 22.301980 23.279390
336 202704 22.150600 13.694290
336 203484 34.701510 38.858560
336 203083 22.137130 25.419870
336 1626169 15.390820 34.301180
348 -1 51.145780 43.452240
348 202329 18.283140 38.613870
348 203081 53.386200 43.709160
348 203486 47.808450 21.715720
348 203459 28.043850 10.664700
348 203086 28.110800 23.073770
348 101141 21.707950 23.156510
348 202704 22.492160 14.122160
348 203484 34.087770 38.996360
348 203083 21.810690 25.333380
348 1626169 14.730700 34.560950
360 -1 50.467310 43.889040
360 202329 17.113990 39.492350
360 203081 52.308620 43.960520
360 203486 46.305250 21.853000
360 203459 28.361870 11.121840
360 203086 27.225220 22.471790
360 101141 21.208100 22.989600
360 202704 22.855800 14.576910
360 203484 33.517190 39.119460
360 203083 21.470850 25.223540
360 1626169 14.057160 34.868000
372 -1 49.735350 44.267270
372 202329 15.870530 40.404510
372 203081 51.192490 44.150780
372 203486 44.775070 22.070570
372 203459 28.732110 11.558130
372 203086 26.449820 21.926240
372 101141 20.687010 22.760460
372 202704 23.250330 15.018090
372 203484 32.989310 39.285380
372 203083 21.227430 25.089990
372 1626169 13.389240 35.221180
384 -1 49.032040 44.694180
384 202329 14.908140 41.301930
384 203081 50.086740 44.290350
384 203486 43.301180 22.325480
384 203459 29.114360 11.996430
384 203086 25.804970 21.395750
384 101141 20.158490 22.527530
384 202704 23.652700 15.423230
384 203484 32.473960 39.482690
384 203083 21.052640 24.991930
384 1626169 12.709630 35.680620
396 -1 47.972280 44.921800
396 202329 14.184050 42.035630
396 203081 48.982240 44.390780
396 203486 41.829430 22.629070
396 203459 29.491880 12.438370
396 203086 25.028450 20.846510
396 101141 19.614230 22.270270
396 202704 24.044300 15.817760
396 203484 31.989450 39.694040
396 203083 20.989220 24.966950
396 1626169 12.075180 36.211750
408 -1 46.921440 45.002710
408 202329 13.432300 42.737500
408 203081 47.900990 44.477150
408 203486 40.346860 23.001000
408 203459 29.861700 12.903820
408 203086 24.265470 20.333120
408 101141 19.039330 21.986190
408 202704 24.366750 16.216710
408 203484 31.510230 39.873690
408 203083 21.002960 24.936450
408 1626169 11.487630 36.823620
420 -1 45.842110 44.713520
420 202329 12.725180 43.382800
420 203081 46.875340 44.562730
420 203486 38.911680 23.416300
420 203459 30.217970 13.391570
420 203086 23.620690 19.911690
420 101141 18.436330 21.741360
420 202704 24.774360 16.585950
420 203484 31.021320 40.009820
420 203083 21.028170 24.988690
420 1626169 10.991880 37.446310
432 -1 44.648600 44.285000
432 202329 12.249870 43.881080
432 203081 45.874280 44.643420
432 203486 37.522090 23.873840
432 203459 30.515390 13.898840
432 203086 22.904630 19.417980
432 101141 17.910500 21.583860
432 202704 25.134340 17.004560
432 203484 30.535360 40.051990
432 203083 21.005950 25.040730
432 1626169 10.568050 38.105880
444 -1 43.482220 43.969440
444 202329 11.375830 44.407160
444 203081 44.864180 44.726850
444 203486 36.113020 24.394590
444 203459 30.791800 14.380020
444 203086 22.115910 19.087110
444 101141 17.359670 21.439320
444 202704 25.501420 17.469460
444 203484 30.071190 40.025140
444 203083 20.987970 25.105180
444 1626169 10.179920 38.735990
456 -1 42.860440 44.066900
456 202329 10.409520 45.000060
456 203081 43.873910 44.743870
456 203486 34.748270 24.929870
456 203459 31.044070 14.838430
456 203086 21.542130 18.828430
456 101141 16.809310 21.315530
456 202704 25.850950 17.933070
456 203484 29.628630 39.975610
456 203083 20.899600 25.166430
456 1626169 9.778170 39.369320
468 -1 42.122570 43.727790
468 202329 9.559660 45.526040
468 203081 42.912600 44.744360
468 203486 33.402740 25.467780
468 203459 31.268350 15.279240
468 203086 21.044340 18.556360
468 101141 16.227100 21.111180
468 202704 26.214650 18.395890
468 203484 29.244110 39.955180
468 203083 20.713740 25.336000
468 1626169 9.350250 39.982850
480 -1 41.347860 43.741880
480 202329 8.791790 45.988630
480 203081 41.976950 44.737500
480 203486 32.058380 25.986900
480 203459 31.484670 15.698200
480 203086 20.504520 18.226380
480 101141 15.744880 20.951500
480 202704 26.430520 18.890560
480 203484 28.905060 39.980620
480 203083 20.535760 25.512270
480 1626169 8.859790 40.562880
492 -1 40.366080 43.772290
492 202329 8.006070 46.438540
492 203081 41.073290 44.749720
492 203486 30.760140 26.507310
492 203459 31.707140 16.067200
492 203086 20.024910 18.002940
492 101141 15.340730 20.738030
492 202704 26.647910 19.359610
492 203484 28.628390 40.003740
492 203083 20.298140 25.780590
492 1626169 8.311310 41.087130
504 -1 39.458040 43.814760
504 202329 7.504430 46.777020
504 203081 40.243150 44.838220
504 203486 29.549510 26.975810
504 203459 31.931110 16.431170
504 203086 19.600180 17.685540
504 101141 15.044420 20.510460
504 202704 26.815430 19.778960
504 203484 28.447210 39.990550
504 203083 20.031480 26.126900
504 1626169 7.759460 41.554680
516 -1 38.499360 44.062530
516 202329 7.038690 47.072360
516 203081 39.487020 44.957140
516 203486 28.404820 27.444260
516 203459 32.140760 16.823800
516 203086 19.244860 17.301650
516 101141 14.876170 20.251210
516 202704 26.944370 20.168640
516 203484 28.376080 39.904820
516 203083 19.734820 26.535450
516 1626169 7.211210 41.942370
528 -1 37.355640 44.222700
528 202329 6.641680 47.351660
528 203081 38.758770 45.050380
528 203486 27.194760 27.892710
528 203459 32.328110 17.201390
528 203086 18.968390 16.931410
528 101141 14.818700 20.060790
528 202704 27.045240 20.536790
528 203484 28.387470 39.783820
528 203083 19.419280 26.980630
528 1626169 6.668160 42.280840
540 -1 36.168790 44.456100
540 202329 6.353250 47.609610
540 203081 38.031570 45.098420
540 203486 26.086420 28.329460
540 203459 32.480100 17.554460
540 203086 18.741620 16.604670
540 101141 14.756610 19.803830
540 202704 27.123600 20.868880
540 203484 28.481050 39.648210
540 203083 19.104130 27.440210
540 1626169 6.156220 42.602920
552 -1 35.705070 44.817250
552 202329 6.139040 47.834160
552 203081 37.287400 45.105490
552 203486 25.017580 28.694150
552 203459 32.583270 17.856860
552 203086 18.607000 16.294120
552 101141 14.699650 19.485590
552 202704 27.162200 21.139000
552 203484 28.649090 39.567370
552 203083 18.792870 27.921930
552 1626169 5.670010 42.889600
564 -1 35.172280 44.952100
564 202329 5.924020 48.031530
564 203081 36.574410 45.018640
564 203486 23.976620 29.054180
564 203459 32.653270 18.108130
564 203086 18.570380 15.983150
564 101141 14.636370 19.249030
564 202704 27.193200 21.349850
564 203484 28.887500 39.551000
564 203083 18.524570 28.369420
564 1626169 5.224750 43.129420
576 -1 34.611230 45.169090
576 202329 5.764370 48.168650
576 203081 35.887830 44.946830
576 203486 22.993830 29.376020
576 203459 32.706910 18.283380
576 203086 18.625560 15.699570
576 101141 14.597420 19.048240
576 202704 27.244980 21.484680
576 203484 29.152720 39.606590
576 203083 18.258970 28.792010
576 1626169 4.854180 43.327280
588 -1 34.142450 45.283480
588 202329 5.641460 48.277970
588 203081 35.226940 44.863770
588 203486 22.118990 29.709810
588 203459 32.751420 18.408990
588 203086 18.749400 15.448590
588 101141 14.603790 18.890690
588 202704 27.308280 21.553690
588 203484 29.405150 39.660830
588 203083 17.981580 29.188080
588 1626169 4.563910 43.471870
600 -1 33.591970 45.419280
600 202329 5.519180 48.356880
600 203081 34.653900 44.725650
600 203486 21.108520 30.011350
600 203459 32.809490 18.498280
600 203086 18.895400 15.255770
600 101141 14.670450 18.741680
600 202704 27.373030 21.587450
600 203484 29.632190 39.701360
600 203083 17.644780 29.568390
600 1626169 4.323850 43.532760
612 -1 33.121970 45.191050
612 202329 5.401210 48.421430
612 203081 34.185390 44.576330
612 203486 20.253730 30.294340
612 203459 32.878860 18.571680
612 203086 19.061550 15.122960
612 101141 14.814120 18.633970
612 202704 27.442860 21.647340
612 203484 29.805540 39.733760
612 203083 17.273480 29.928490
612 1626169 4.137060 43.553680
624 -1 32.578210 44.355400
624 202329 5.358800 48.472760
624 203081 33.714670 44.450630
624 203486 19.515110 30.358180
624 203459 32.949270 18.626790
624 203086 19.222460 15.067090
624 101141 15.061150 18.439950
624 202704 27.497390 21.789100
624 203484 29.881490 39.765690
624 203083 16.914590 30.290770
624 1626169 4.000910 43.550930
636 -1 32.525250 43.849650
636 202329 5.345500 48.515190
636 203081 33.233820 44.326970
636 203486 19.029040 30.460350
636 203459 33.019920 18.667330
636 203086 19.342640 15.079270
636 101141 15.381980 18.190320
636 202704 27.528560 21.976380
636 203484 29.811040 39.772500
636 203083 16.667950 30.588360
636 1626169 3.912200 43.532180
648 -1 31.658030 42.613620
648 202329 5.368190 48.540500
648 203081 32.737110 44.227830
648 203486 18.874550 30.571160
648 203459 33.092630 18.690650
648 203086 19.432660 15.127500
648 101141 15.719390 17.930370
648 202704 27.540240 22.163980
648 203484 29.600140 39.820960
648 203083 16.409310 30.852220
648 1626169 3.869750 43.509080
660 -1 30.009990 40.648730
660 202329 5.439290 48.560240
660 203081 32.143150 44.177000
660 203486 19.072880 30.696970
660 203459 33.130670 18.684870
660 203086 19.556470 15.173890
660 101141 15.945890 17.696780
660 202704 27.541170 22.301800
660 203484 29.332130 39.899860
660 203083 16.199190 31.026980
660 1626169 3.860930 43.513130
672 -1 28.439520 38.689030
672 202329 5.546670 48.557200
672 203081 31.454260 44.059410
672 203486 19.427630 30.776690
672 203459 33.130300 18.638410
672 203086 19.687680 15.219310
672 101141 16.161610 17.527870
672 202704 27.518760 22.369300
672 203484 28.937500 40.013680
672 203083 16.009090 31.091760
672 1626169 3.894500 43.527660
684 -1 26.764690 36.479790
684 202329 5.657800 48.517970
684 203081 30.700320 43.873620
684 203486 19.885190 31.006770
684 203459 33.097750 18.581640
684 203086 19.854880 15.223260
684 101141 16.336070 17.427310
684 202704 27.491100 22.371030
684 203484 28.322190 40.137270
684 203083 15.749400 31.078970
684 1626169 3.958140 43.545080
696 -1 25.208250 34.682800
696 202329 5.773790 48.450190
696 203081 29.875000 43.701840
696 203486 20.263880 31.178520
696 203459 33.045080 18.534610
696 203086 20.072890 15.168450
696 101141 16.416810 17.396000
696 202704 27.452050 22.349690
696 203484 27.608350 40.284420
696 203083 15.440070 31.042420
696 1626169 4.060800 43.546140
708 -1 23.807690 32.780170
708 202329 5.923260 48.333040
708 203081 29.007730 43.499080
708 203486 20.587640 31.322510
708 203459 32.973330 18.514180
708 203086 20.328090 15.087500
708 101141 16.466560 17.371190
708 202704 27.404910 22.298850
708 203484 26.839290 40.393440
708 203083 15.238930 30.926550
708 1626169 4.172970 43.525190
720 -1 22.925470 31.558480
720 202329 6.204150 48.075910
720 203081 28.118890 43.223240
720 203486 21.026540 31.435220
720 203459 32.906650 18.517440
720 203086 20.600240 14.963630
720 101141 16.605990 17.336790
720 202704 27.346060 22.216520
720 203484 25.982310 40.497390
720 203083 15.147390 30.778120
720 1626169 4.350280 43.471980
732 -1 23.024960 31.142500
732 202329 6.612020 47.613280
732 203081 27.197080 42.954610
732 203486 21.480000 31.557300
732 203459 32.867440 18.565670
732 203086 20.823290 14.795220
732 101141 16.728420 17.275650
732 202704 27.284350 22.119180
732 203484 25.194680 40.492060
732 203083 15.163170 30.606320
732 1626169 4.624610 43.410440
744 -1 23.291680 31.811680
744 202329 7.239430 47.163500
744 203081 26.286650 42.692630
744 203486 21.937710 31.707230
744 203459 32.843010 18.621130
744 203086 21.005380 14.635900
744 101141 16.816770 17.198480
744 202704 27.226490 22.018210
744 203484 24.548100 40.387240
744 203083 15.284500 30.401840
744 1626169 5.080460 43.277960
756 -1 23.428380 32.415850
756 202329 8.084130 46.492810
756 203081 25.365190 42.439250
756 203486 22.421490 31.847660
756 203459 32.822120 18.670480
756 203086 21.100160 14.513570
756 101141 16.880220 17.137780
756 202704 27.176880 21.937650
756 203484 23.947360 40.212720
756 203083 15.428580 30.205220
756 1626169 5.698390 43.043250
768 -1 23.598650 32.492660
768 202329 9.071320 45.605690
768 203081 24.502070 42.024210
768 203486 22.885940 31.944290
768 203459 32.802050 18.688710
768 203086 21.106690 14.405560
768 101141 16.895320 17.114550
768 202704 27.137720 21.896970
768 203484 23.367060 39.973860
768 203083 15.547190 30.073450
768 1626169 6.474360 42.714160
780 -1 23.837430 32.507470
780 202329 10.074590 44.706720
780 203081 23.873830 41.593990
780 203486 23.189900 32.029430
780 203459 32.809880 18.695240
780 203086 21.036710 14.315530
780 101141 16.846100 17.130500
780 202704 27.116570 21.926190
780 203484 22.840440 39.594830
780 203083 15.613440 30.019770
780 1626169 7.431850 42.303050
792 -1 23.892790 32.406740
792 202329 11.039250 43.906630
792 203081 23.451040 41.105920
792 203486 23.362300 32.113420
792 203459 32.804660 18.679170
792 203086 20.938320 14.257580
792 101141 16.732400 17.184740
792 202704 27.107800 21.988280
792 203484 22.365160 39.149930
792 203083 15.630340 30.048060
792 1626169 8.501400 41.775310
804 -1 24.035100 32.676940
804 202329 12.022610 42.949310
804 203081 23.043730 40.519220
804 203486 23.478030 32.159340
804 203459 32.787600 18.642500
804 203086 20.801990 14.218400
804 101141 16.577900 17.252450
804 202704 27.105030 22.020090
804 203484 22.059910 38.642290
804 203083 15.604070 30.140760
804 1626169 9.584000 41.168540
816 -1 24.014090 32.655610
816 202329 12.814340 42.115000
816 203081 22.742210 39.929670
816 203486 23.524160 32.165340
816 203459 32.765410 18.582350
816 203086 20.677280 14.194360
816 101141 16.390330 17.315610
816 202704 27.109320 22.017400
816 203484 22.072430 38.100430
816 203083 15.556080 30.197160
816 1626169 10.664130 40.514330
828 -1 24.006620 32.756090
828 202329 13.405670 41.445780
828 203081 22.492100 39.653970
828 203486 23.491110 32.139040
828 203459 32.741650 18.519340
828 203086 20.610840 14.187210
828 101141 16.188700 17.400140
828 202704 27.119730 21.993130
828 203484 22.276780 37.491670
828 203083 15.501040 30.199890
828 1626169 11.737880 39.868590
840 -1 24.107050 32.755170
840 202329 13.823270 40.876120
840 203081 22.135110 39.516360
840 203486 23.462520 32.100100
840 203459 32.697350 18.442950
840 203086 20.569090 14.210860
840 101141 16.010020 17.403010
840 202704 27.124280 21.953900
840 203484 22.550580 36.936100
840 203083 15.443420 30.136080
840 1626169 12.688000 39.255730
852 -1 23.909140 32.324930
852 202329 14.235420 40.310180
852 203081 21.616600 39.610550
852 203486 23.462930 32.044980
852 203459 32.657470 18.365700
852 203086 20.602910 14.263800
852 101141 15.862520 17.367360
852 202704 27.121220 21.918280
852 203484 22.744250 36.500410
852 203083 15.367540 30.047490
852 1626169 13.500840 38.699830
864 -1 23.906660 32.276880
864 202329 14.530910 39.909720
864 203081 20.983550 40.020910
864 203486 23.482200 31.987190
864 203459 32.630070 18.308010
864 203086 20.716830 14.338360
864 101141 15.729720 17.320160
864 202704 27.118170 21.901050
864 203484 22.740800 36.179370
864 203083 15.255280 29.976600
864 1626169 14.171590 38.241600
876 -1 23.856280 32.164700
876 202329 14.836290 39.633270
876 203081 20.263400 40.590940
876 203486 23.503950 31.918610
876 203459 32.614700 18.272860
876 203086 20.889190 14.450260
876 101141 15.619550 17.258770
876 202704 27.114010 21.896110
876 203484 22.372630 35.935920
876 203083 15.093800 29.984120
876 1626169 14.714240 37.932370
888 -1 23.919200 32.153780
888 202329 15.046400 39.512300
888 203081 19.473590 41.155940
888 203486 23.568390 31.844220
888 203459 32.615060 18.248080
888 203086 21.061220 14.622980
888 101141 15.527760 17.136000
888 202704 27.110770 21.901260
888 203484 21.797670 35.842110
888 203083 14.898480 30.046590
888 1626169 15.046730 37.769290
900 -1 23.968760 32.288630
900 202329 15.179860 39.410100
900 203081 18.554680 41.816090
900 203486 23.580210 31.744660
900 203459 32.618530 18.242860
900 203086 21.249710 14.848550
900 101141 15.431160 17.083040
900 202704 27.116210 21.895890
900 203484 21.232870 35.888920
900 203083 14.691390 30.140680
900 1626169 15.311150 37.722020
912 -1 24.028490 32.420130
912 202329 15.320360 39.382000
912 203081 17.567870 42.529640
912 203486 23.549880 31.660230
912 203459 32.626700 18.251060
912 203086 21.416770 15.128760
912 101141 15.333920 17.056150
912 202704 27.130230 21.879110
912 203484 20.542070 35.897000
912 203083 14.511630 30.205090
912 1626169 15.450860 37.664330
924 -1 23.940860 32.346240
924 202329 15.371470 39.330600
924 203081 16.538470 43.214080
924 203486 23.529240 31.598370
924 203459 32.629640 18.250790
924 203086 21.566430 15.461620
924 101141 15.246080 17.051220
924 202704 27.148520 21.860550
924 203484 20.011630 35.970700
924 203083 14.392300 30.204490
924 1626169 15.602400 37.620190
936 -1 23.812670 32.476230
936 202329 15.444280 39.265140
936 203081 15.528680 43.849160
936 203486 23.479530 31.546010
936 203459 32.636000 18.246250
936 203086 21.698430 15.864070
936 101141 15.142650 17.114560
936 202704 27.172540 21.832870
936 203484 19.651410 36.058120
936 203083 14.356570 30.131110
936 1626169 15.674850 37.501930
948 -1 23.573300 32.576910
948 202329 15.728190 39.101220
948 203081 14.476770 44.475900
948 203486 23.435900 31.501690
948 203459 32.638350 18.236670
948 203086 21.802040 16.301790
948 101141 14.985490 17.259510
948 202704 27.197360 21.793820
948 203484 19.337910 36.144020
948 203083 14.431980 29.849660
948 1626169 15.813120 37.369680
960 -1 23.594710 32.532530
960 202329 16.243990 38.895570
960 203081 13.375000 45.076030
960 203486 23.408280 31.474080
960 203459 32.636850 18.215780
960 203086 21.993510 16.745950
960 101141 14.828170 17.445770
960 202704 27.218300 21.719360
960 203484 18.983690 36.179400
960 203083 14.533920 29.565460
960 1626169 15.901730 37.192080
972 -1 23.508540 32.105910
972 202329 16.855650 38.697550
972 203081 12.280970 45.583700
972 203486 23.377820 31.447010
972 203459 32.634490 18.194460
972 203086 22.267460 17.094460
972 101141 14.598800 17.709580
972 202704 27.243000 21.581130
972 203484 18.662200 36.099000
972 203083 14.647560 29.343310
972 1626169 16.049570 37.055580
984 -1 23.205550 31.613150
984 202329 17.554840 38.543590
984 203081 11.256150 46.009730
984 203486 23.262090 31.406140
984 203459 32.635270 18.175090
984 203086 22.683850 17.325810
984 101141 14.219820 18.186780
984 202704 27.276100 21.391140
984 203484 18.186850 36.044650
984 203083 14.781230 29.127520
984 1626169 16.164650 36.936000
996 -1 22.314410 32.319130
996 202329 18.283510 38.318980
996 203081 10.208850 46.328820
996 203486 22.920290 31.328440
996 203459 32.627080 18.153210
996 203086 23.122600 17.484080
996 101141 13.925900 18.585260
996 202704 27.319560 21.158850
996 203484 17.403600 36.000010
996 203083 14.898990 28.995270
996 1626169 16.430760 36.933510
1008 -1 18.969150 34.917850
1008 202329 19.109170 38.056530
1008 203081 9.205030 46.560910
1008 203486 22.745050 31.364300
1008 203459 32.613800 18.128230
1008 203086 23.601110 17.584660
1008 101141 13.651760 19.032590
1008 202704 27.379920 20.933470
1008 203484 16.627210 35.974290
1008 203083 14.983160 29.042880
1008 1626169 16.665320 36.864640
1020 -1 15.920400 37.625390
1020 202329 19.954350 37.904290
1020 203081 8.300390 46.739490
1020 203486 22.618750 31.385850
1020 203459 32.597070 18.105650
1020 203086 24.017430 17.686250
1020 101141 13.343070 19.493010
1020 202704 27.466160 20.744870
1020 203484 15.704440 35.941120
1020 203083 15.131320 29.144590
1020 1626169 16.889190 36.749890
1032 -1 12.911890 40.441870
1032 202329 20.749560 37.731410
1032 203081 7.447620 46.907440
1032 203486 22.562420 31.394960
1032 203459 32.574380 18.070440
1032 203086 24.400180 17.867080
1032 101141 13.054490 19.884700
1032 202704 27.549570 20.621530
1032 203484 14.609660 36.177070
1032 203083 15.374640 29.245120
1032 1626169 17.103730 36.649950
1044 -1 9.957320 43.065700
1044 202329 21.578290 37.492770
1044 203081 6.669260 47.024860
1044 203486 22.570150 31.442710
1044 203459 32.550690 18.036520
1044 203086 24.680410 18.109510
1044 101141 12.878000 20.115080
1044 202704 27.608360 20.487690
1044 203484 13.343190 36.547580
1044 203083 15.612390 29.351580
1044 1626169 17.297020 36.578020
1056 -1 6.795430 45.863680
1056 202329 22.459860 37.284990
1056 203081 5.928080 47.180610
1056 203486 22.801470 31.592680
1056 203459 32.545070 18.004390
1056 203086 25.078370 18.321090
1056 101141 12.541300 20.416330
1056 202704 27.649390 20.319300
1056 203484 12.175040 37.119520
1056 203083 15.815060 29.377410
1056 1626169 17.382240 36.476480
1068 -1 5.312720 46.407430
1068 202329 23.227810 37.131380
1068 203081 5.237640 47.323770
1068 203486 22.801000 31.706590
1068 203459 32.559870 17.981880
1068 203086 25.581500 18.569160
1068 101141 12.154310 20.653940
1068 202704 27.619590 20.051810
1068 203484 10.935590 37.890940
1068 203083 15.932790 29.355700
1068 1626169 17.471390 36.391320
1080 -1 4.186430 46.401480
1080 202329 23.963090 36.943370
1080 203081 4.659640 47.487260
1080 203486 22.716590 31.902320
1080 203459 32.609800 17.974400
1080 203086 26.182670 18.634860
1080 101141 11.792310 20.835920
1080 202704 27.603800 19.642590
1080 203484 9.645350 38.863760
1080 203083 15.852720 29.257840
1080 1626169 17.625510 36.360210
1092 -1 3.457650 46.404130
1092 202329 24.746750 36.800590
1092 203081 4.239070 47.654170
1092 203486 22.519880 32.123520
1092 203459 32.688070 17.990620
1092 203086 26.774710 18.606490
1092 101141 11.492760 20.998350
1092 202704 27.639740 19.206260
1092 203484 8.555380 40.031700
1092 203083 15.647300 29.093010
1092 1626169 17.730460 36.359730
1104 -1 3.351250 47.002650
1104 202329 25.539020 36.724950
1104 203081 3.936590 47.818920
1104 203486 22.276960 32.336480
1104 203459 32.824610 18.043250
1104 203086 27.297290 18.447610
1104 101141 11.252660 21.085090
1104 202704 27.721150 18.978690
1104 203484 7.530580 41.166590
1104 203083 15.349880 28.919060
1104 1626169 17.713640 36.336480
1116 -1 3.411020 47.357160
1116 202329 26.324390 36.729880
1116 203081 3.721780 47.906020
1116 203486 21.873930 32.520010
1116 203459 33.028300 18.143430
1116 203086 27.703770 18.368290
1116 101141 11.217010 21.109500
1116 202704 27.831930 18.667610
1116 203484 6.530820 42.290350
1116 203083 15.002730 28.726540
1116 1626169 17.501970 36.268610
1128 -1 3.889550 46.757460
1128 202329 27.125720 36.775800
1128 203081 3.591380 48.012690
1128 203486 21.497910 32.650210
1128 203459 33.299460 18.292610
1128 203086 28.056750 18.268080
1128 101141 11.143560 21.267880
1128 202704 28.081990 18.520650
1128 203484 5.578580 43.371210
1128 203083 14.625400 28.537170
1128 1626169 17.245650 36.210450
1140 -1 4.009480 44.397360
1140 202329 27.903480 36.830330
1140 203081 3.420660 48.067380
1140 203486 21.154090 32.734340
1140 203459 33.628500 18.466420
1140 203086 28.282250 18.327850
1140 101141 11.013410 21.417080
1140 202704 28.307500 18.580410
1140 203484 4.731430 44.368330
1140 203083 14.310240 28.326780
1140 1626169 16.829480 36.125870
1152 -1 4.131190 42.156750
1152 202329 28.582060 36.876960
1152 203081 3.230170 48.158550
1152 203486 20.835810 32.805450
1152 203459 34.018330 18.664540
1152 203086 28.381420 18.338580
1152 101141 10.841710 21.535290
1152 202704 28.451530 18.752530
1152 203484 4.000680 45.182000
1152 203083 13.952040 28.105400
1152 1626169 16.328640 35.993890
1164 -1 4.371120 39.888600
1164 202329 29.212460 36.863320
1164 203081 3.234280 48.174850
1164 203486 20.541580 32.869180
1164 203459 34.431590 18.848870
1164 203086 28.637780 18.530270
1164 101141 10.620930 21.587870
1164 202704 28.682640 18.691650
1164 203484 3.428930 45.998370
1164 203083 13.585190 27.894650
1164 1626169 15.770270 35.867120
1176 -1 4.513710 37.737450
1176 202329 29.845930 36.813480
1176 203081 3.308600 48.249010
1176 203486 20.441140 32.906010
1176 203459 34.853550 18.979740
1176 203086 28.770010 18.650890
1176 101141 10.299800 21.634260
1176 202704 28.814870 18.812270
1176 203484 3.019450 46.627580
1176 203083 13.218880 27.725190
1176 1626169 15.252790 35.736330
1188 -1 4.803690 35.630140
1188 202329 30.496910 36.742460
1188 203081 3.319280 48.375990
1188 203486 20.408170 32.933650
1188 203459 35.297220 19.043230
1188 203086 28.774730 18.733030
1188 101141 10.037870 21.478210
1188 202704 28.819580 18.894410
1188 203484 2.771200 47.085170
1188 203083 12.863000 27.611720
1188 1626169 14.630350 35.565770
1200 -1 4.972640 33.283890
1200 202329 31.117620 36.647070
1200 203081 3.434200 48.625950
1200 203486 20.413680 32.982330
1200 203459 35.712230 19.058140
1200 203086 28.766770 18.774610
1200 101141 9.827710 21.306260
1200 202704 28.811630 18.935990
1200 203484 2.667070 47.428660
1200 203083 12.512620 27.466980
1200 1626169 14.005010 35.377160
1212 -1 5.234300 31.216260
1212 202329 31.621730 36.560490
1212 203081 3.572400 48.793860
1212 203486 20.444440 33.040610
1212 203459 36.043300 19.037430
1212 203086 28.829990 18.897250
1212 101141 9.667940 21.161670
1212 202704 28.829990 18.897250
1212 203484 2.595680 47.651770
1212 203083 12.229140 27.365050
1212 1626169 13.501270 35.222400
1224 -1 5.246430 29.095840
1224 202329 32.541090 36.564060
1224 203081 4.324900 48.563140
1224 203486 20.749350 33.286600
1224 203459 36.692180 18.981480
1224 203086 28.835810 18.995230
1224 101141 9.382680 21.126290
1224 202704 28.835810 18.995230
1224 203484 2.710520 47.889040
1224 203083 11.637870 27.179910
1224 1626169 12.663390 34.778060
1236 -1 5.490010 26.951020
1236 202329 33.183360 36.602980
1236 203081 4.804460 48.423250
1236 203486 21.020490 33.491390
1236 203459 37.214040 18.940190
1236 203086 28.866310 19.060050
1236 101141 9.140140 21.171580
1236 202704 28.866310 19.060050
1236 203484 2.853140 47.982060
1236 203083 11.166590 26.986360
1236 1626169 12.018630 34.462840
1248 -1 5.704790 24.994450
1248 202329 33.805940 36.656550
1248 203081 5.458490 48.120810
1248 203486 21.353130 33.686830
1248 203459 37.748320 18.930230
1248 203086 28.991030 19.111280
1248 101141 8.906930 21.312170
1248 202704 28.885100 19.151530
1248 203484 2.955640 48.019560
1248 203083 10.595390 26.838850
1248 1626169 11.420640 34.135680
1260 -1 5.645950 24.159330
1260 202329 34.419960 36.719030
1260 203081 6.166940 47.675220
1260 203486 21.734240 33.858160
1260 203459 38.329930 18.946420
1260 203086 29.154830 19.093270
1260 101141 8.647840 21.527070
1260 202704 28.790940 19.290390
1260 203484 3.076520 47.945870
1260 203083 10.025270 26.755620
1260 1626169 10.829500 33.820220
1272 -1 5.390530 23.999300
1272 202329 35.024600 36.735200
1272 203081 7.025790 47.186660
1272 203486 22.181530 33.922130
1272 203459 38.918700 18.963310
1272 203086 29.501320 19.049870
1272 101141 8.349150 21.761820
1272 202704 28.549840 19.403530
1272 203484 3.254370 47.743670
1272 203083 9.447300 26.707700
1272 1626169 10.257060 33.530980
1284 -1 5.059190 23.687530
1284 202329 35.662320 36.708500
1284 203081 7.953020 46.706480
1284 203486 22.681830 33.913310
1284 203459 39.525020 18.976480
1284 203086 29.903460 18.995100
1284 101141 7.996530 21.990060
1284 202704 28.207620 19.453280
1284 203484 3.471410 47.480540
1284 203083 8.842990 26.676160
1284 1626169 9.789620 33.306430
1296 -1 4.851720 23.684550
1296 202329 36.327860 36.633520
1296 203081 8.928780 46.197580
1296 203486 23.273610 33.891930
1296 203459 40.146170 18.973340
1296 203086 30.417350 18.935090
1296 101141 7.547420 22.182490
1296 202704 27.794040 19.468160
1296 203484 3.741840 47.211460
1296 203083 8.357320 26.670930
1296 1626169 9.415680 33.121190
1308 -1 4.669330 23.551450
1308 202329 37.021260 36.557480
1308 203081 10.049860 45.648660
1308 203486 23.946940 33.860380
1308 203459 40.757330 18.933960
1308 203086 30.982300 18.894270
1308 101141 7.040810 22.307270
1308 202704 27.342570 19.390580
1308 203484 4.120540 46.975990
1308 203083 8.059370 26.575070
1308 1626169 9.139440 32.959760
1320 -1 4.351290 23.347270
1320 202329 37.725100 36.510130
1320 203081 11.199130 45.031850
1320 203486 24.737750 33.823490
1320 203459 41.358970 18.861730
1320 203086 31.638880 18.922810
1320 101141 6.458090 22.391550
1320 202704 26.878330 19.202930
1320 203484 4.558800 46.764570
1320 203083 7.917180 26.460980
1320 1626169 9.079900 32.867110
1332 -1 4.124810 23.179720
1332 202329 38.418500 36.494560
1332 203081 12.336230 44.442660
1332 203486 25.615270 33.858920
1332 203459 41.950910 18.758790
1332 203086 32.250210 18.952560
1332 101141 5.743200 22.673990
1332 202704 26.432100 18.958320
1332 203484 5.104460 46.678390
1332 203083 7.847480 26.218540
1332 1626169 9.259680 32.924680
1344 -1 3.807280 23.454140
1344 202329 39.114820 36.494510
1344 203081 13.553540 43.857860
1344 203486 26.579960 33.913810
1344 203459 42.540950 18.682080
1344 203086 32.956190 18.978820
1344 101141 5.003120 22.934810
1344 202704 25.979300 18.683870
1344 203484 5.645320 46.579990
1344 203083 7.952560 25.929240
1344 1626169 9.504250 32.977010
1356 -1 4.553360 22.644350
1356 202329 39.814470 36.507970
1356 203081 14.803680 43.285240
1356 203486 27.609700 33.874330
1356 203459 43.140010 18.608950
1356 203086 33.758720 19.040220
1356 101141 4.268330 23.056320
1356 202704 25.527940 18.387670
1356 203484 6.178510 46.430050
1356 203083 8.123730 25.659010
1356 1626169 9.806730 32.977490
1368 -1 3.620470 22.384050
1368 202329 40.514350 36.492060
1368 203081 16.017040 42.715130
1368 203486 28.656830 33.846320
1368 203459 43.737330 18.570540
1368 203086 34.660220 19.147180
1368 101141 3.522560 23.172060
1368 202704 25.090770 18.069070
1368 203484 6.751590 46.224920
1368 203083 8.358590 25.480030
1368 1626169 10.172420 33.024490
1380 -1 1.988420 22.694670
1380 202329 41.214890 36.449750
1380 203081 17.239460 42.172410
1380 203486 29.750580 33.755930
1380 203459 44.330030 18.558060
1380 203086 35.622770 19.311670
1380 101141 2.818260 23.263970
1380 202704 24.696290 17.702140
1380 203484 7.342140 45.974950
1380 203083 8.615750 25.479020
1380 1626169 10.564690 33.043690
1392 -1 1.144830 22.723440
1392 202329 41.903110 36.396260
1392 203081 18.460700 41.606730
1392 203486 30.852000 33.607550
1392 203459 44.895800 18.551110
1392 203086 36.635700 19.562110
1392 101141 2.207850 23.102870
1392 202704 24.324280 17.312150
1392 203484 7.928750 45.643970
1392 203083 9.007800 25.661530
1392 1626169 10.975550 32.947590