0 -1 9.368020 35.847120 BALL
0 2734 8.577100 17.253290 PLAYER
0 101109 17.107010 39.639510 PLAYER
0 2585 8.099730 29.557570 PLAYER
0 202083 10.114540 32.114620 PLAYER
0 203939 18.620310 22.931410 PLAYER
0 2738 4.816960 6.288550 PLAYER
0 101106 10.556200 29.487150 PLAYER
0 202691 10.468360 33.839980 PLAYER
0 203110 29.783760 16.438860 PLAYER
0 203546 25.260560 45.246690 PLAYER
12 -1 8.768130 35.916910 BALL
12 2734 8.332430 17.406120 PLAYER
12 101109 16.757690 39.375740 PLAYER
12 2585 7.678490 29.682580 PLAYER
12 202083 9.246330 32.186330 PLAYER
12 203939 18.126080 22.947030 PLAYER
12 2738 4.810320 6.310540 PLAYER
12 101106 10.273970 30.075440 PLAYER
12 202691 9.308780 34.069840 PLAYER
12 203110 29.810880 16.432830 PLAYER
12 203546 25.642320 44.910550 PLAYER
24 -1 8.686650 35.889440 BALL
24 2734 8.111930 17.506410 PLAYER
24 101109 16.518690 39.175850 PLAYER
24 2585 7.440530 29.644890 PLAYER
24 202083 8.684530 32.320700 PLAYER
24 203939 17.842720 22.987760 PLAYER
24 2738 4.802000 6.334020 PLAYER
24 101106 9.993950 30.500540 PLAYER
24 202691 8.291200 34.496280 PLAYER
24 203110 29.822250 16.407170 PLAYER
24 203546 26.084190 44.584930 PLAYER
36 -1 6.264610 35.790890 BALL
36 2734 7.924860 17.520010 PLAYER
36 101109 16.373820 39.029960 PLAYER
36 2585 7.359760 29.611390 PLAYER
36 202083 8.314140 32.617190 PLAYER
36 203939 17.651100 23.024160 PLAYER
36 2738 4.784260 6.362580 PLAYER
36 101106 9.844980 30.883990 PLAYER
36 202691 7.423330 35.110250 PLAYER
36 203110 29.824340 16.386680 PLAYER
36 203546 26.586210 44.225770 PLAYER
48 -1 6.256680 36.648460 BALL
48 2734 7.771880 17.455360 PLAYER
48 101109 16.258210 38.905330 PLAYER
48 2585 7.436250 29.640530 PLAYER
48 202083 7.772520 33.007610 PLAYER
48 203939 17.598620 23.075140 PLAYER
48 2738 4.759080 6.391660 PLAYER
48 101106 9.649150 31.125270 PLAYER
48 202691 6.740900 35.613800 PLAYER
48 203110 29.809590 16.370650 PLAYER
48 203546 27.113800 43.838810 PLAYER
60 -1 5.906820 37.016340 BALL
60 2734 7.608820 17.393870 PLAYER
60 101109 16.109820 38.759430 PLAYER
60 2585 7.509070 29.672100 PLAYER
60 202083 7.212830 33.454490 PLAYER
60 203939 17.658410 23.152270 PLAYER
60 2738 4.741810 6.402470 PLAYER
60 101106 9.436500 31.372740 PLAYER
60 202691 6.101140 36.127180 PLAYER
60 203110 29.788600 16.360680 PLAYER
60 203546 27.708480 43.466060 PLAYER
72 -1 5.657340 36.709860 BALL
72 2734 7.402170 17.396350 PLAYER
72 101109 15.936540 38.527870 PLAYER
72 2585 7.636580 29.725090 PLAYER
72 202083 6.414010 33.901950 PLAYER
72 203939 17.768490 23.265870 PLAYER
72 2738 4.724250 6.419690 PLAYER
72 101106 9.262030 31.802230 PLAYER
72 202691 5.524800 36.672680 PLAYER
72 203110 29.762330 16.364140 PLAYER
72 203546 28.279400 43.091670 PLAYER
84 -1 5.375270 36.094050 BALL
84 2734 7.148510 17.473990 PLAYER
84 101109 15.719350 38.187520 PLAYER
84 2585 7.735480 29.857070 PLAYER
84 202083 5.693020 34.488850 PLAYER
84 203939 17.694460 23.380160 PLAYER
84 2738 4.732570 6.430050 PLAYER
84 101106 9.183090 32.318370 PLAYER
84 202691 4.912910 37.216350 PLAYER
84 203110 29.742260 16.368960 PLAYER
84 203546 28.869260 42.691350 PLAYER
96 -1 5.164300 34.868130 BALL
96 2734 6.872230 17.680830 PLAYER
96 101109 15.458350 37.803840 PLAYER
96 2585 7.844430 29.976870 PLAYER
96 202083 5.101580 35.060990 PLAYER
96 203939 17.442280 23.460060 PLAYER
96 2738 4.781630 6.435920 PLAYER
96 101106 9.094460 32.740550 PLAYER
96 202691 4.274380 37.782170 PLAYER
96 203110 29.743570 16.388500 PLAYER
96 203546 29.507500 42.283760 PLAYER
108 -1 5.074130 33.303030 BALL
108 2734 6.571830 17.994690 PLAYER
108 101109 15.172680 37.409810 PLAYER
108 2585 7.918150 30.045430 PLAYER
108 202083 4.713130 35.614330 PLAYER
108 203939 17.000860 23.533850 PLAYER
108 2738 4.856890 6.437990 PLAYER
108 101106 9.152330 33.340070 PLAYER
108 202691 3.657340 38.647390 PLAYER
108 203110 29.771410 16.436910 PLAYER
108 203546 30.175840 41.874410 PLAYER
120 -1 4.984650 32.057310 BALL
120 2734 6.296410 18.397740 PLAYER
120 101109 14.864430 37.092020 PLAYER
120 2585 8.045900 30.151240 PLAYER
120 202083 4.392760 36.158270 PLAYER
120 203939 16.392480 23.616340 PLAYER
120 2738 4.982610 6.466700 PLAYER
120 101106 9.290670 33.876670 PLAYER
120 202691 3.015770 39.448960 PLAYER
120 203110 29.841160 16.520460 PLAYER
120 203546 30.837300 41.485600 PLAYER
132 -1 4.993200 30.395580 BALL
132 2734 6.072220 18.875570 PLAYER
132 101109 14.568160 36.824400 PLAYER
132 2585 8.071210 30.105170 PLAYER
132 202083 4.270840 36.670590 PLAYER
132 203939 15.609690 23.709620 PLAYER
132 2738 5.182550 6.517850 PLAYER
132 101106 9.579340 34.467820 PLAYER
132 202691 2.508210 40.285310 PLAYER
132 203110 29.975530 16.631840 PLAYER
132 203546 31.548240 41.121920 PLAYER
144 -1 4.935500 29.141540 BALL
144 2734 5.885770 19.432620 PLAYER
144 101109 14.278820 36.592070 PLAYER
144 2585 8.030740 30.059460 PLAYER
144 202083 4.200450 37.145250 PLAYER
144 203939 14.659180 23.794170 PLAYER
144 2738 5.424920 6.590960 PLAYER
144 101106 10.016440 35.029830 PLAYER
144 202691 2.124170 41.274540 PLAYER
144 203110 30.197350 16.750800 PLAYER
144 203546 32.244040 40.761990 PLAYER
156 -1 4.718080 27.681330 BALL
156 2734 5.726980 20.004930 PLAYER
156 101109 14.019780 36.361260 PLAYER
156 2585 7.941400 29.938400 PLAYER
156 202083 4.246030 37.573530 PLAYER
156 203939 13.696180 23.925010 PLAYER
156 2738 5.713520 6.712050 PLAYER
156 101106 10.529460 35.719640 PLAYER
156 202691 1.882400 42.383690 PLAYER
156 203110 30.488810 16.875340 PLAYER
156 203546 32.899040 40.397910 PLAYER
168 -1 4.860660 26.154510 BALL
168 2734 5.608490 20.571590 PLAYER
168 101109 13.809720 36.155460 PLAYER
168 2585 7.774420 29.746840 PLAYER
168 202083 4.340450 37.964660 PLAYER
168 203939 12.699440 24.103160 PLAYER
168 2738 6.090770 6.896850 PLAYER
168 101106 11.066660 36.286530 PLAYER
168 202691 1.788840 43.333080 PLAYER
168 203110 30.836970 16.963840 PLAYER
168 203546 33.567820 40.017280 PLAYER
180 -1 4.797120 25.073380 BALL
180 2734 5.521280 21.070150 PLAYER
180 101109 13.750940 35.939720 PLAYER
180 2585 7.523420 29.499170 PLAYER
180 202083 4.659530 38.420420 PLAYER
180 203939 11.612120 24.266830 PLAYER
180 2738 6.545720 7.124570 PLAYER
180 101106 11.635020 36.797440 PLAYER
180 202691 2.007340 44.355210 PLAYER
180 203110 31.227790 16.994710 PLAYER
180 203546 34.245190 39.629220 PLAYER
192 -1 5.146830 24.482370 BALL
192 2734 5.494700 21.445550 PLAYER
192 101109 13.712400 35.760740 PLAYER
192 2585 7.313760 29.337750 PLAYER
192 202083 4.941880 38.783250 PLAYER
192 203939 10.493230 24.408940 PLAYER
192 2738 7.068590 7.384530 PLAYER
192 101106 12.235690 37.293950 PLAYER
192 202691 2.387380 45.324270 PLAYER
192 203110 31.677410 17.021440 PLAYER
192 203546 34.938310 39.257290 PLAYER
204 -1 5.538070 24.068070 BALL
204 2734 5.520260 21.671840 PLAYER
204 101109 13.644420 35.614900 PLAYER
204 2585 7.069560 29.110590 PLAYER
204 202083 5.328430 39.143320 PLAYER
204 203939 9.410590 24.607190 PLAYER
204 2738 7.669870 7.705950 PLAYER
204 101106 12.923640 37.739660 PLAYER
204 202691 2.980070 46.150790 PLAYER
204 203110 32.142110 17.069640 PLAYER
204 203546 35.651490 38.853680 PLAYER
216 -1 6.035910 23.957550 BALL
216 2734 5.648950 21.735310 PLAYER
216 101109 13.517440 35.506500 PLAYER
216 2585 6.815390 28.902390 PLAYER
216 202083 5.753030 39.505500 PLAYER
216 203939 8.302780 24.843290 PLAYER
216 2738 8.372670 8.055880 PLAYER
216 101106 13.663310 38.084690 PLAYER
216 202691 3.730890 46.806320 PLAYER
216 203110 32.635630 17.138090 PLAYER
216 203546 36.397380 38.479630 PLAYER
228 -1 5.879770 24.024130 BALL
228 2734 5.891770 21.663240 PLAYER
228 101109 13.339260 35.403760 PLAYER
228 2585 6.638430 28.708780 PLAYER
228 202083 6.257920 39.853350 PLAYER
228 203939 7.309990 25.034610 PLAYER
228 2738 9.138370 8.409810 PLAYER
228 101106 14.531700 38.371320 PLAYER
228 202691 4.621790 47.338240 PLAYER
228 203110 33.186270 17.286540 PLAYER
228 203546 37.159970 38.148160 PLAYER
240 -1 5.564050 23.875280 BALL
240 2734 6.308910 21.469270 PLAYER
240 101109 13.050640 35.307790 PLAYER
240 2585 6.596670 28.509210 PLAYER
240 202083 6.652100 40.078950 PLAYER
240 203939 6.528950 25.179910 PLAYER
240 2738 9.950080 8.782510 PLAYER
240 101106 15.559200 38.590640 PLAYER
240 202691 5.662280 47.756920 PLAYER
240 203110 33.803310 17.510010 PLAYER
240 203546 37.939880 37.846180 PLAYER
252 -1 5.393630 23.904620 BALL
252 2734 6.877840 21.126740 PLAYER
252 101109 12.719130 35.218470 PLAYER
252 2585 6.619770 28.366380 PLAYER
252 202083 7.145080 40.347820 PLAYER
252 203939 5.951950 25.254920 PLAYER
252 2738 10.852310 9.186470 PLAYER
252 101106 16.683590 38.670820 PLAYER
252 202691 6.844190 48.052360 PLAYER
252 203110 34.436350 17.741830 PLAYER
252 203546 38.728520 37.521880 PLAYER
264 -1 5.280470 23.821860 BALL
264 2734 7.611010 20.689590 PLAYER
264 101109 12.381800 35.116550 PLAYER
264 2585 6.744250 28.252900 PLAYER
264 202083 7.663540 40.554750 PLAYER
264 203939 5.479210 25.205160 PLAYER
264 2738 11.862170 9.578530 PLAYER
264 101106 17.862710 38.705200 PLAYER
264 202691 8.071830 48.229760 PLAYER
264 203110 35.120200 17.984200 PLAYER
264 203546 39.534620 37.183000 PLAYER