0 -1 84.156810 32.460970
0 2210 57.449840 38.852740
0 2592 46.273040 36.486520
0 2760 29.884400 26.319460
0 203099 69.374180 18.312600
0 203521 40.399970 19.690910
0 2571 70.379100 14.845070
0 201574 93.918800 29.178450
0 201575 54.364930 42.499320
0 201578 68.227780 7.649760
0 203546 79.464350 32.437270
12 -1 82.812620 32.923380
12 2210 55.718920 38.824990
12 2592 45.165660 36.373070
12 2760 28.970480 26.226940
12 203099 68.950280 19.618050
12 203521 39.735320 19.161890
12 2571 69.069250 14.737030
12 201574 93.312640 29.257300
12 201575 53.037700 42.963880
12 201578 66.541600 7.208010
12 203546 79.407270 33.235080
24 -1 81.391410 33.549700
24 2210 53.944720 38.848250
24 2592 44.068780 36.267940
24 2760 28.136100 26.093800
24 203099 68.556140 20.929490
24 203521 39.046630 18.632810
24 2571 67.732790 14.623460
24 201574 92.464120 29.219520
24 201575 51.690500 43.398210
24 201578 64.828270 6.829730
24 203546 79.307640 34.052900
36 -1 80.255590 35.202410
36 2210 52.157600 38.972360
36 2592 42.995240 36.220230
36 2760 27.293980 25.947270
36 203099 68.166120 22.207870
36 203521 38.339200 18.130470
36 2571 66.374420 14.470850
36 201574 91.558810 29.183340
36 201575 50.326120 43.810400
36 201578 63.115790 6.474960
36 203546 79.016190 34.897790
48 -1 79.579840 36.552300
48 2210 50.375840 39.119280
48 2592 41.944460 36.057000
48 2760 26.486550 25.812620
48 203099 67.787190 23.433670
48 203521 37.609690 17.646510
48 2571 64.999930 14.252120
48 201574 90.519030 29.120870
48 201575 48.923740 44.198100
48 201578 61.406050 6.136330
48 203546 78.621880 35.674900
60 -1 78.432110 37.784650
60 2210 48.532480 39.234860
60 2592 40.939680 35.905670
60 2760 25.713930 25.691260
60 203099 67.354720 24.686790
60 203521 36.850030 17.176600
60 2571 63.625620 14.087500
60 201574 89.347840 29.021800
60 201575 47.554510 44.569240
60 201578 59.694550 5.784800
60 203546 78.064100 36.459540
72 -1 77.174110 38.799020
72 2210 46.711090 39.395060
72 2592 40.026870 35.721930
72 2760 25.033350 25.581940
72 203099 66.912800 25.896940
72 203521 36.090380 16.744630
72 2571 62.262680 13.947890
72 201574 88.016290 28.738030
72 201575 46.213880 44.940420
72 201578 57.974090 5.466180
72 203546 77.331030 37.232180
84 -1 76.625070 39.406250
84 2210 44.933610 39.548770
84 2592 39.153820 35.472500
84 2760 24.452870 25.679820
84 203099 66.453900 27.081590
84 203521 35.310380 16.349660
84 2571 60.882540 13.873760
84 201574 86.686990 28.596760
84 201575 44.876670 45.356380
84 201578 56.256890 5.162440
84 203546 76.452240 37.946570
96 -1 76.192750 39.823770
96 2210 43.167260 39.705720
96 2592 38.314630 35.157530
96 2760 23.876510 25.661970
96 203099 65.931130 28.293740
96 203521 34.507540 15.973540
96 2571 59.503670 13.798700
96 201574 85.215110 28.408500
96 201575 43.584680 45.749870
96 201578 54.542190 4.886820
96 203546 75.517750 38.600130
108 -1 75.192500 40.345150
108 2210 41.382350 39.899440
108 2592 37.524660 34.972730
108 2760 23.362920 25.604430
108 203099 65.346550 29.476550
108 203521 33.696690 15.641420
108 2571 58.112410 13.729780
108 201574 83.727260 28.238560
108 201575 42.214290 46.217530
108 201578 52.806130 4.620240
108 203546 74.490110 39.255180
120 -1 73.649900 40.834890
120 2210 39.662910 40.160140
120 2592 36.740850 34.765150
120 2760 22.895950 25.460390
120 203099 64.729550 30.579240
120 203521 32.866030 15.354790
120 2571 56.720710 13.608370
120 201574 82.212650 28.081840
120 201575 40.819790 46.648030
120 201578 51.081020 4.381470
120 203546 73.411440 39.857250
132 -1 72.056310 41.271290
132 2210 37.959490 40.430650
132 2592 35.897060 34.572600
132 2760 22.493010 25.325490
132 203099 64.102170 31.630060
132 203521 32.026710 15.098290
132 2571 55.321300 13.495300
132 201574 80.644690 27.890880
132 201575 39.516030 46.994580
132 201578 49.357850 4.132430
132 203546 72.281500 40.372490
144 -1 70.298220 41.819190
144 2210 36.343660 40.693680
144 2592 35.073480 34.374050
144 2760 22.124660 24.963900
144 203099 63.468640 32.598610
144 203521 31.198150 14.864230
144 2571 53.952980 13.376340
144 201574 79.014270 27.593160
144 201575 38.438080 47.031960
144 201578 47.652570 3.902060
144 203546 71.081550 40.789720
156 -1 68.859780 42.643790
156 2210 34.695550 40.960550
156 2592 34.324730 34.184300
156 2760 21.946880 24.659320
156 203099 62.823560 33.462990
156 203521 30.366270 14.636130
156 2571 52.592060 13.290400
156 201574 77.358640 27.372070
156 201575 37.381820 47.034360
156 201578 45.952080 3.688440
156 203546 69.811900 41.220660
168 -1 68.278870 43.164550
168 2210 33.221370 41.152850
168 2592 33.599950 33.925690
168 2760 21.882190 24.320190
168 203099 62.120270 34.261830
168 203521 29.535320 14.411390
168 2571 51.292640 13.237280
168 201574 75.689220 27.120070
168 201575 36.414990 47.064050
168 201578 44.258220 3.499860
168 203546 68.470480 41.667240
180 -1 67.416110 43.719700
180 2210 31.792970 41.314100
180 2592 32.930150 33.616570
180 2760 21.908890 24.030910
180 203099 61.310260 35.041950
180 203521 28.714640 14.214910
180 2571 50.028600 13.266850
180 201574 73.987070 26.773710
180 201575 35.476790 47.102060
180 201578 42.554810 3.320810
180 203546 67.026580 42.138160
192 -1 65.998690 44.104100
192 2210 30.442120 41.422470
192 2592 32.359570 33.300600
192 2760 22.012350 23.700710
192 203099 60.364210 35.798770
192 203521 27.880830 14.028630
192 2571 48.782850 13.259870
192 201574 72.279950 26.462470
192 201575 34.527630 47.176690
192 201578 40.872080 3.151220
192 203546 65.512360 42.625420
204 -1 63.937470 44.285000
204 2210 29.225750 41.416340
204 2592 31.824340 33.010640
204 2760 22.184800 23.406710
204 203099 59.244960 36.550590
204 203521 27.071710 13.882090
204 2571 47.541910 13.249480
204 201574 70.599820 26.235760
204 201575 33.502100 47.461000
204 201578 39.182100 2.966330
204 203546 63.919880 43.074640
216 -1 61.813910 44.740070
216 2210 28.199460 41.378140
216 2592 31.291880 32.707510
216 2760 22.347570 23.156590
216 203099 57.983850 37.303570
216 203521 26.311040 13.732640
216 2571 46.359580 13.264160
216 201574 68.892620 25.955080
216 201575 32.553130 47.719550
216 201578 37.512570 2.810130
216 203546 62.249100 43.431800
228 -1 60.467010 45.177130
228 2210 27.127590 41.459290
228 2592 30.768720 32.427920
228 2760 22.505080 22.906540
228 203099 56.587410 37.991330
228 203521 25.563030 13.555930
228 2571 45.181840 13.293780
228 201574 67.159140 25.707830
228 201575 31.743430 47.761180
228 201578 35.857740 2.678820
228 203546 60.516400 43.730040
240 -1 59.387030 45.291820
240 2210 26.037750 41.628730
240 2592 30.268330 32.172790
240 2760 22.662000 22.618330
240 203099 55.098940 38.576070
240 203521 24.796830 13.383520
240 2571 44.019000 13.319210
240 201574 65.432340 25.524490
240 201575 31.063550 47.760800
240 201578 34.239940 2.574470
240 203546 58.667440 43.954100
252 -1 57.518470 44.636330
252 2210 24.941200 41.895930
252 2592 29.806480 31.916170
252 2760 22.776700 22.299490
252 203099 53.479630 39.124240
252 203521 24.039170 13.249950
252 2571 42.933250 13.352970
252 201574 63.703360 25.303140
252 201575 30.417710 47.911280
252 201578 32.659620 2.485640
252 203546 56.741860 44.055040
264 -1 54.655970 45.127100
264 2210 23.820270 42.217220
264 2592 29.393310 31.667730
264 2760 22.837010 21.945280
264 203099 51.777540 39.631170
264 203521 23.246480 13.139860
264 2571 41.883600 13.369690
264 201574 61.929410 25.066120
264 201575 29.682850 48.070210
264 201578 31.136830 2.400960
264 203546 54.755000 44.083900
276 -1 52.187780 45.664140
276 2210 22.804120 42.488720
276 2592 29.039750 31.390870
276 2760 22.877770 21.583090
276 203099 49.977760 40.115790
276 203521 22.409110 13.134260
276 2571 40.808780 13.363630
276 201574 60.186740 24.849550
276 201575 29.103050 48.227800
276 201578 29.632960 2.318750
276 203546 52.735030 44.046850
288 -1 50.360810 45.809630
288 2210 21.934280 42.640660
288 2592 28.771780 31.075280
288 2760 22.916240 21.227900
288 203099 48.126820 40.595350
288 203521 21.573350 13.202720
288 2571 39.741560 13.351210
288 201574 58.500400 24.688670
288 201575 28.636740 48.342740
288 201578 28.174220 2.253450
288 203546 50.669130 44.044630
300 -1 48.904620 45.828230
300 2210 21.298000 42.685810
300 2592 28.585820 30.767310
300 2760 22.953980 20.895670
300 203099 46.228230 41.096960
300 203521 20.773350 13.319590
300 2571 38.744710 13.333840
300 201574 56.810210 24.579280
300 201575 28.252860 48.440300
300 201578 26.774340 2.206990
300 203546 48.679800 43.999780
312 -1 46.315260 46.089810
312 2210 20.866320 42.634150
312 2592 28.426230 30.509990
312 2760 23.007360 20.616010
312 203099 44.328710 41.610170
312 203521 20.003290 13.444650
312 2571 37.727130 13.349560
312 201574 55.122290 24.533540
312 201575 27.985700 48.383510
312 201578 25.429430 2.216680
312 203546 46.671330 43.969860
324 -1 42.733020 46.473610
324 2210 20.566370 42.709790
324 2592 28.320740 30.279210
324 2760 23.079480 20.384690
324 203099 42.465900 42.074410
324 203521 19.273430 13.579940
324 2571 36.726600 13.380140
324 201574 53.499250 24.534930
324 201575 27.943230 48.317580
324 201578 24.127600 2.259630
324 203546 44.666980 44.024830
336 -1 38.617560 46.733940
336 2210 20.387130 42.715780
336 2592 28.296690 30.096380
336 2760 23.147230 20.201050
336 203099 40.645250 42.439400
336 203521 18.557290 13.663770
336 2571 35.812200 13.393100
336 201574 51.892850 24.561850
336 201575 27.913370 48.277670
336 201578 22.903950 2.304870
336 203546 42.687570 44.091760
348 -1 34.705110 47.063300
348 2210 20.325050 42.711880
348 2592 28.352060 29.964700
348 2760 23.177220 20.063550
348 203099 38.845060 42.697130
348 203521 17.825470 13.780310
348 2571 34.947260 13.356870
348 201574 50.291900 24.605900
348 201575 27.916990 48.324080
348 201578 21.728480 2.347240
348 203546 40.751290 44.043430
360 -1 30.706030 47.513000
360 2210 20.349080 42.659440
360 2592 28.479480 29.873310
360 2760 23.144840 19.929550
360 203099 37.062500 42.861390
360 203521 17.104180 13.877560
360 2571 34.093370 13.315740
360 201574 48.813240 24.699520
360 201575 27.964020 48.373860
360 201578 20.596010 2.434870
360 203546 38.798840 44.003470
372 -1 30.036840 47.815100
372 2210 20.429770 42.665520
372 2592 28.761130 29.777900
372 2760 23.020690 19.776060
372 203099 35.326960 42.826340
372 203521 16.397440 13.993940
372 2571 33.305740 13.274190
372 201574 47.430030 24.855550
372 201575 28.218420 48.308900
372 201578 19.525640 2.548250
372 203546 36.875420 43.966200
384 -1 29.700240 48.223280
384 2210 20.553770 42.617480
384 2592 29.171990 29.669620
384 2760 22.812890 19.627180
384 203099 33.571700 42.730230
384 203521 15.712810 14.078010
384 2571 32.581820 13.264160
384 201574 46.120830 25.071600
384 201575 28.576060 48.343170
384 201578 18.523600 2.698890
384 203546 34.914090 44.233410
396 -1 29.904020 48.155220
396 2210 20.692740 42.690970
396 2592 29.577560 29.576360
396 2760 22.533840 19.484850
396 203099 31.771380 42.578830
396 203521 15.110210 14.134570
396 2571 31.854890 13.301670
396 201574 44.932340 25.290780
396 201575 28.948140 48.239360
396 201578 17.633080 2.869640
396 203546 32.994510 44.415430
408 -1 30.642870 47.837590
408 2210 20.877300 42.762300
408 2592 29.917100 29.499870
408 2760 22.225520 19.383270
408 203099 30.144090 42.332110
408 203521 14.545270 14.172700
408 2571 31.145570 13.370080
408 201574 43.930580 25.535490
408 201575 29.297690 48.078550
408 201578 16.873110 3.027850
408 203546 30.926570 44.532030
420 -1 30.789860 48.036850
420 2210 21.048120 42.914150
420 2592 30.176950 29.443760
420 2760 21.916880 19.473590
420 203099 28.610890 42.014690
420 203521 14.027420 14.213460
420 2571 30.472840 13.422150
420 201574 43.052760 25.858340
420 201575 29.646570 47.929790
420 201578 16.244170 3.170120
420 203546 28.875880 44.489200
432 -1 31.231630 47.910070
432 2210 21.278530 43.005600
432 2592 30.328310 29.392320
432 2760 21.527460 19.407900
432 203099 27.069470 41.744490
432 203521 13.543170 14.192670
432 2571 29.807470 13.430440
432 201574 42.368650 26.228200
432 201575 29.843310 47.846180
432 201578 15.773070 3.257020
432 203546 26.955760 44.638990
444 -1 31.934070 46.865660
444 2210 21.545290 42.971080
444 2592 30.392720 29.308380
444 2760 21.150180 19.443210
444 203099 25.534290 41.328780
444 203521 13.147350 14.172710
444 2571 29.118230 13.421300
444 201574 41.892610 26.613140
444 201575 29.904690 47.672170
444 201578 15.520900 3.282190
444 203546 25.094420 44.451330
456 -1 33.642390 43.302930
456 2210 21.817300 42.891060
456 2592 30.429150 29.198680
456 2760 20.763820 19.559810
456 203099 24.175560 40.907530
456 203521 12.845820 14.145480
456 2571 28.426220 13.372210
456 201574 41.600590 26.992630
456 201575 29.923870 47.647400
456 201578 15.424620 3.274150
456 203546 23.296420 44.306500
468 -1 34.937560 39.982140
468 2210 22.056050 42.777390
468 2592 30.449530 29.050550
468 2760 20.364920 19.621620
468 203099 22.754390 40.560740
468 203521 12.671500 14.006080
468 2571 27.753350 13.260120
468 201574 41.390970 27.350460
468 201575 29.948260 47.647840
468 201578 15.497430 3.263600
468 203546 21.739330 44.261430
480 -1 36.533190 36.586860
480 2210 22.352690 42.586650
480 2592 30.452330 28.874830
480 2760 19.923650 19.499320
480 203099 21.346290 40.253300
480 203521 12.682850 13.749330
480 2571 27.066980 13.176130
480 201574 41.255040 27.588960
480 201575 29.925840 47.616710
480 201578 15.778080 3.185740
480 203546 20.229600 44.405300
492 -1 38.040250 33.139020
492 2210 22.603680 42.348520
492 2592 30.412920 28.701830
492 2760 19.547770 19.544680
492 203099 20.030000 39.898290
492 203521 12.907630 13.487900
492 2571 26.375430 13.138710
492 201574 41.090330 27.751010
492 201575 29.818710 47.464160
492 201578 16.280420 3.090190
492 203546 18.660870 44.527290
504 -1 39.542170 29.849870
504 2210 22.795590 42.173350
504 2592 30.309890 28.534770
504 2760 19.163650 19.478140
504 203099 18.800810 39.624310
504 203521 13.322890 13.276260
504 2571 25.688040 13.108680
504 201574 40.909730 27.834360
504 201575 29.668350 47.148530
504 201578 16.927060 3.017180
504 203546 17.231000 44.700350
516 -1 39.475910 29.242870
516 2210 22.916700 41.995400
516 2592 30.169970 28.320070
516 2760 18.805290 19.351210
516 203099 17.575060 39.368910
516 203521 13.864200 13.120980
516 2571 25.012280 13.091410
516 201574 40.749840 27.891590
516 201575 29.427440 46.808380
516 201578 17.727370 2.961220
516 203546 15.867810 44.943930
528 -1 39.549410 28.589410
528 2210 22.956860 41.867460
528 2592 30.013190 28.039250
528 2760 18.491000 19.249910
528 203099 16.395720 39.209840
528 203521 14.533870 13.016450
528 2571 24.320990 13.149750
528 201574 40.618690 27.926070
528 201575 29.094540 46.471910
528 201578 18.684110 2.945340
528 203546 14.623080 45.179090
540 -1 39.754260 28.179640
540 2210 22.827030 41.836190
540 2592 29.842200 27.685040
540 2760 18.150140 19.072480
540 203099 15.302560 39.112290
540 203521 15.280480 12.995080
540 2571 23.636050 13.167200
540 201574 40.471450 27.914900
540 201575 28.681520 46.125220
540 201578 19.729120 2.985130
540 203546 13.578330 45.463810
552 -1 39.729850 28.034240
552 2210 22.578510 41.732430
552 2592 29.661590 27.289710
552 2760 17.892770 18.843250
552 203099 14.288880 39.102350
552 203521 16.080260 13.046630
552 2571 22.977960 13.204490
552 201574 40.352740 27.817200
552 201575 28.223460 45.893610
552 201578 20.790790 3.048490
552 203546 12.708780 45.615830
564 -1 40.059680 27.889110
564 2210 22.288220 41.553090
564 2592 29.468230 26.926070
564 2760 17.676120 18.624150
564 203099 13.355580 39.092820
564 203521 16.848050 13.056980
564 2571 22.364910 13.277150
564 201574 40.238910 27.697670
564 201575 27.690580 45.854720
564 201578 21.872180 3.158250
564 203546 11.989330 45.684860
576 -1 39.076330 25.960740
576 2210 21.992370 41.285990
576 2592 29.310110 26.550040
576 2760 17.507710 18.466180
576 203099 12.471180 39.015510
576 203521 17.547750 13.030830
576 2571 21.795850 13.408540
576 201574 40.039810 27.532770
576 201575 27.167040 45.777220
576 201578 23.029100 3.253030
576 203546 11.433180 45.748640
588 -1 36.888960 21.646310
588 2210 21.605920 41.116830
588 2592 29.123590 26.336420
588 2760 17.343240 18.136680
588 203099 11.724160 39.037130
588 203521 18.154630 12.943230
588 2571 21.324000 13.531770
588 201574 39.729630 27.339290
588 201575 26.644840 45.657510
588 201578 24.100200 3.382320
588 203546 11.017220 45.805770
600 -1 34.641570 17.151850
600 2210 21.202570 40.869380
600 2592 28.921710 26.151520
600 2760 17.251330 17.820810
600 203099 11.100730 39.032260
600 203521 18.674590 12.810050
600 2571 20.926950 13.663210
600 201574 39.338540 27.188220
600 201575 26.037600 45.587390
600 201578 25.079230 3.499520
600 203546 10.708350 45.750260
612 -1 32.734750 12.963620
612 2210 20.855310 40.614260
612 2592 28.706720 25.945950
612 2760 17.163660 17.543600
612 203099 10.607840 39.007010
612 203521 19.091010 12.549420
612 2571 20.605300 13.707230
612 201574 38.828490 27.085080
612 201575 25.433110 45.433930
612 201578 26.008120 3.676580
612 203546 10.537940 45.579070
624 -1 30.772370 8.575760
624 2210 20.468990 40.418090
624 2592 28.469160 25.681420
624 2760 17.120680 17.281260
624 203099 10.286040 39.021630
624 203521 19.477910 12.205310
624 2571 20.367830 13.688800
624 201574 38.136770 26.988600
624 201575 24.858810 45.244410
624 201578 26.856700 3.774810
624 203546 10.478180 45.490680
636 -1 28.939580 4.538290
636 2210 20.042340 40.316400
636 2592 28.153000 25.481400
636 2760 17.137970 16.918710
636 203099 10.139680 39.083870
636 203521 19.885510 11.825020
636 2571 20.237450 13.596740
636 201574 37.315280 26.987720
636 201575 24.235240 45.112750
636 201578 27.558060 3.852730
636 203546 10.506250 45.344640
648 -1 29.164310 3.624010
648 2210 19.623630 40.067810
648 2592 27.830650 25.191930
648 2760 17.210580 16.702310
648 203099 10.101540 38.966450
648 203521 20.388540 11.507860
648 2571 20.137570 13.477840
648 201574 36.374630 27.036800
648 201575 23.582790 44.996480
648 201578 28.251330 3.823390
648 203546 10.602360 45.140850
660 -1 29.812310 3.315030
660 2210 19.206610 39.898750
660 2592 27.453120 24.941010
660 2760 17.329760 16.466760
660 203099 10.184100 38.783160
660 203521 20.959900 11.243980
660 2571 20.082940 13.389020
660 201574 35.305300 27.119540
660 201575 23.009680 44.780480
660 201578 28.897230 3.759880
660 203546 10.829530 44.949500
672 -1 30.284290 3.238700
672 2210 18.757280 39.818100
672 2592 27.018230 24.804710
672 2760 17.455570 16.180860
672 203099 10.397660 38.494300
672 203521 21.567380 11.037450
672 2571 20.081060 13.448050
672 201574 34.143660 27.266120
672 201575 22.395530 44.617120
672 201578 29.454250 3.626760
672 203546 11.250800 44.781370
684 -1 30.734590 3.315520
684 2210 18.284260 39.608560
684 2592 26.526860 24.727270
684 2760 17.559050 15.785890
684 203099 10.735520 38.083850
684 203521 22.220660 10.900720
684 2571 20.034620 13.476640
684 201574 32.949060 27.535300
684 201575 21.795520 44.381920
684 201578 29.901940 3.531390
684 203546 11.860480 44.466100
696 -1 31.135850 3.464300
696 2210 17.787280 39.350940
696 2592 25.990630 24.617440
696 2760 17.660000 15.427640
696 203099 11.179710 37.608040
696 203521 22.936520 10.816970
696 2571 20.071310 13.547570
696 201574 31.724380 27.881180
696 201575 21.221970 44.069430
696 201578 30.219000 3.456570
696 203546 12.567550 44.033170
708 -1 31.241580 3.422580
708 2210 17.211410 39.185470
708 2592 25.339530 24.581480
708 2760 17.706120 15.045850
708 203099 11.704180 37.097990
708 203521 23.659630 10.764590
708 2571 20.197830 13.687670
708 201574 30.495740 28.310680
708 201575 20.654340 43.828310
708 201578 30.373890 3.389330
708 203546 13.417640 43.487190
720 -1 31.136050 3.227850
720 2210 16.639470 38.965980
720 2592 24.652140 24.543160
720 2760 17.831160 14.771030
720 203099 12.325600 36.538860
720 203521 24.339570 10.705430
720 2571 20.400220 13.849620
720 201574 29.284790 28.744150
720 201575 20.084170 43.630360
720 201578 30.437610 3.314200
720 203546 14.322830 42.820890
732 -1 31.061510 3.070160
732 2210 16.130980 38.788670
732 2592 23.948440 24.480720
732 2760 18.034580 14.613080
732 203099 12.971350 35.939360
732 203521 24.985670 10.666200
732 2571 20.629710 13.871790
732 201574 28.065850 29.301380
732 201575 19.503450 43.632460
732 201578 30.413020 3.212130
732 203546 15.277460 41.953050
744 -1 30.870380 2.895200
744 2210 15.677100 38.695220
744 2592 23.216250 24.457070
744 2760 18.215340 14.529620
744 203099 13.653060 35.275790
744 203521 25.507620 10.606250
744 2571 21.061470 13.888320
744 201574 26.797550 29.879850
744 201575 18.927640 43.477190
744 201578 30.363800 3.094840
744 203546 16.234090 40.977240
756 -1 30.848290 2.853650
756 2210 15.240270 38.458910
756 2592 22.421610 24.590520
756 2760 18.270420 14.410460
756 203099 14.373330 34.598010
756 203521 25.905510 10.515570
756 2571 21.318720 13.784300
756 201574 25.604080 30.447640
756 201575 18.422180 43.372740
756 201578 30.335750 3.003810
756 203546 17.242750 39.904420
768 -1 30.707400 2.799180
768 2210 14.889410 38.250720
768 2592 21.663160 24.672270
768 2760 18.318900 14.312560
768 203099 15.140600 33.813650
768 203521 26.239150 10.398970
768 2571 21.413590 13.566410
768 201574 24.448770 30.965320
768 201575 17.929690 43.219980
768 201578 30.365890 2.940640
768 203546 18.286420 38.743720
780 -1 30.861470 2.895120
780 2210 14.545360 38.011500
780 2592 20.865000 24.849840
780 2760 18.292580 14.165060
780 203099 15.914710 33.012480
780 203521 26.560360 10.268200
780 2571 21.443130 13.291820
780 201574 23.299390 31.497960
780 201575 17.370580 43.249220
780 201578 30.442820 2.950300
780 203546 19.364100 37.437930
792 -1 31.033800 2.924430
792 2210 14.132620 37.711350
792 2592 20.043580 25.035340
792 2760 18.129760 13.970170
792 203099 16.700420 32.170570
792 203521 26.870600 10.130930
792 2571 21.525220 12.837730
792 201574 22.207120 31.852780
792 201575 16.835770 43.241170
792 201578 30.577070 2.986230
792 203546 20.464170 36.243520
804 -1 31.263510 3.058210
804 2210 13.701010 37.459610
804 2592 19.227810 25.262810
804 2760 18.104690 13.746770
804 203099 17.496710 31.385410
804 203521 27.168460 10.023410
804 2571 21.604680 12.323590
804 201574 21.205400 32.127100
804 201575 16.309310 43.497130
804 201578 30.708300 3.018700
804 203546 21.675200 35.126100
816 -1 31.402150 3.160780
816 2210 13.269040 37.437210
816 2592 18.404970 25.512150
816 2760 18.235100 13.509470
816 203099 18.302670 30.561570
816 203521 27.444860 9.966980
816 2571 21.823760 11.823850
816 201574 20.221170 32.379230
816 201575 15.740310 43.782700
816 201578 30.814020 3.060300
816 203546 22.980950 34.027100
828 -1 31.426140 5.212120
828 2210 12.894340 37.344060
828 2592 17.577240 25.848930
828 2760 18.414700 13.252660
828 203099 19.097300 29.712520
828 203521 27.637940 9.916340
828 2571 22.154280 11.275730
828 201574 19.306480 32.606450
828 201575 15.198280 44.147770
828 201578 30.815270 3.070610
828 203546 24.294530 32.954820
840 -1 31.602120 9.225200
840 2210 12.571760 37.292870
840 2592 16.775060 26.203300
840 2760 18.559350 13.011160
840 203099 19.906780 28.845460
840 203521 27.744930 9.904750
840 2571 22.533460 10.635050
840 201574 18.498240 32.775900
840 201575 14.752160 44.421560
840 201578 30.743150 3.073590
840 203546 25.663310 32.041500
852 -1 31.856140 13.002360
852 2210 12.279710 37.359010
852 2592 16.004750 26.609480
852 2760 18.711190 12.750600
852 203099 20.745730 28.118860
852 203521 27.772830 9.933130
852 2571 22.847780 10.082590
852 201574 17.817000 32.872510
852 201575 14.449290 44.656220
852 201578 30.586360 3.091380
852 203546 27.007950 31.207250
864 -1 31.866400 16.945940
864 2210 12.012160 37.538330
864 2592 15.289010 27.030170
864 2760 18.697690 12.543660
864 203099 21.550750 27.438550
864 203521 27.843670 9.988850
864 2571 23.054890 9.566140
864 201574 17.240360 32.917090
864 201575 14.182180 44.968360
864 201578 30.372250 3.098850
864 203546 28.262590 30.437810
876 -1 32.207850 20.539580
876 2210 11.799120 37.750490
876 2592 14.702820 27.442280
876 2760 18.544040 12.377580
876 203099 22.329980 26.886400
876 203521 27.775810 10.007700
876 2571 23.219530 9.137730
876 201574 16.731950 32.958440
876 201575 14.036520 45.241580
876 201578 30.075130 3.089710
876 203546 29.469830 29.831210
888 -1 32.464410 24.430790
888 2210 11.634940 37.994080
888 2592 14.302570 27.882520
888 2760 18.315310 12.271580
888 203099 23.105160 26.552110
888 203521 27.596700 10.053520
888 2571 23.377950 8.803090
888 201574 16.432880 32.878750
888 201575 13.969390 45.496250
888 201578 29.719100 3.113350
888 203546 30.680640 29.412820
900 -1 32.636830 27.921190
900 2210 11.525560 38.221410
900 2592 14.108310 28.296700
900 2760 18.060810 12.240980
900 203099 23.834100 26.446760
900 203521 27.329510 10.122420
900 2571 23.414540 8.580740
900 201574 16.198480 32.803030
900 201575 13.961260 45.720680
900 201578 29.277370 3.118320
900 203546 31.792010 29.032030
912 -1 33.559100 28.329520
912 2210 11.488800 38.404770
912 2592 14.157260 28.550430
912 2760 17.779490 12.341570
912 203099 24.514990 26.427260
912 203521 26.997430 10.243210
912 2571 23.420030 8.521430
912 201574 16.067200 32.723700
912 201575 13.896080 45.961400
912 201578 28.759450 3.121490
912 203546 32.790530 28.636080
924 -1 34.364470 27.955010
924 2210 11.521410 38.519410
924 2592 14.362370 28.861310
924 2760 17.477580 12.522880
924 203099 25.158360 26.507890
924 203521 26.474220 10.373360
924 2571 23.387400 8.542930
924 201574 16.054550 32.617780
924 201575 13.859480 46.057500
924 201578 28.129160 3.132380
924 203546 33.668910 28.214710
936 -1 35.184480 27.158110
936 2210 11.601500 38.597470
936 2592 14.615020 29.199720
936 2760 17.185250 12.752220
936 203099 25.752680 26.584060
936 203521 25.905870 10.487960
936 2571 23.280910 8.603830
936 201574 16.191500 32.459550
936 201575 13.726360 46.408790
936 201578 27.401400 3.146890
936 203546 34.372790 27.762670
948 -1 35.599240 26.642120
948 2210 11.680980 38.662240
948 2592 14.905060 29.486530
948 2760 16.890570 13.016620
948 203099 26.327150 26.585540
948 203521 25.247740 10.624490
948 2571 23.102370 8.746060
948 201574 16.359380 32.489450
948 201575 13.555290 46.865280
948 201578 26.625690 3.169850
948 203546 34.896520 27.250580
960 -1 35.631870 25.997120
960 2210 11.734150 38.748760
960 2592 15.235510 29.706130
960 2760 16.608500 13.271400
960 203099 26.869950 26.466170
960 203521 24.531270 10.788980
960 2571 22.971550 9.005240
960 201574 16.685130 32.584580
960 201575 13.362080 47.316110
960 201578 25.762340 3.180300
960 203546 35.260180 26.835480
972 -1 35.556820 25.748360
972 2210 11.765270 38.836500
972 2592 15.508360 30.080040
972 2760 16.366830 13.510790
972 203099 27.359300 26.297240
972 203521 23.792890 10.956280
972 2571 22.822860 9.282300
972 201574 17.081830 32.725860
972 201575 13.175390 47.622180
972 201578 24.818870 3.183960
972 203546 35.496270 26.574800
984 -1 34.977450 25.823880
984 2210 11.741460 38.959010
984 2592 15.778500 30.377270
984 2760 16.169850 13.757110
984 203099 27.786530 26.145110
984 203521 23.096370 11.105860
984 2571 22.673820 9.653970
984 201574 17.577640 32.900220
984 201575 13.000170 48.107130
984 201578 23.848400 3.204320
984 203546 35.610500 26.370360
996 -1 34.641170 26.544420
996 2210 11.669650 39.113200
996 2592 16.145690 30.613100
996 2760 15.986990 14.062130
996 203099 28.135000 26.057340
996 203521 22.368740 11.361830
996 2571 22.621020 10.039030
996 201574 18.120970 33.101590
996 201575 12.869280 48.293140
996 201578 22.856940 3.218590
996 203546 35.615360 26.262820
1008 -1 32.851610 28.140440
1008 2210 11.597310 39.259480
1008 2592 16.593330 30.890430
1008 2760 15.825410 14.428880
1008 203099 28.373900 26.055310
1008 203521 21.671580 11.596230
1008 2571 22.669650 10.476940
1008 201574 18.793430 33.077970
1008 201575 12.778460 48.326800
1008 201578 21.830610 3.244860
1008 203546 35.486310 26.304310
1020 -1 30.589730 30.106590
1020 2210 11.541100 39.380050
1020 2592 17.115670 31.235460
1020 2760 15.686230 14.840380
1020 203099 28.480560 26.091650
1020 203521 20.917900 11.749270
1020 2571 22.760850 10.870760
1020 201574 19.421980 33.237850
1020 201575 12.734070 48.355170
1020 201578 20.830210 3.293640
1020 203546 35.303870 26.267320
1032 -1 28.558370 31.941810
1032 2210 11.493170 39.482350
1032 2592 17.704770 31.580410
1032 2760 15.575810 15.240050
1032 203099 28.469000 26.120100
1032 203521 20.086560 11.848470
1032 2571 22.897460 11.308470
1032 201574 20.168500 33.464970
1032 201575 12.720370 48.462490
1032 201578 19.845380 3.345600
1032 203546 34.983800 26.097690
1044 -1 26.573660 33.712330
1044 2210 11.502650 39.529530
1044 2592 18.342750 31.902030
1044 2760 15.485910 15.658380
1044 203099 28.326810 26.053400
1044 203521 19.159060 11.931690
1044 2571 23.042590 11.722540
1044 201574 20.981930 33.853120
1044 201575 12.706090 48.367400
1044 201578 18.850740 3.413320
1044 203546 34.515320 25.868230
1056 -1 24.331530 35.765740
1056 2210 11.548780 39.537860
1056 2592 18.963700 32.209130
1056 2760 15.477930 16.041330
1056 203099 28.041270 25.867030
1056 203521 18.289190 11.913380
1056 2571 23.113600 12.155580
1056 201574 21.837160 34.360910
1056 201575 12.688930 48.388940
1056 201578 17.881330 3.485360
1056 203546 33.973700 25.545550
1068 -1 24.111220 36.676090
1068 2210 11.612300 39.540070
1068 2592 19.513670 32.489780
1068 2760 15.555500 16.423030
1068 203099 27.608030 25.620860
1068 203521 17.474680 11.853650
1068 2571 23.087380 12.583530
1068 201574 22.554350 35.115320
1068 201575 12.642730 48.326030
1068 201578 17.004370 3.554380
1068 203546 33.359290 25.082200
1080 -1 24.404390 36.081620
1080 2210 11.696920 39.529600
1080 2592 19.959720 32.798420
1080 2760 15.690800 16.843840
1080 203099 27.073390 25.336400
1080 203521 16.701350 11.803160
1080 2571 23.010130 13.006260
1080 201574 23.335580 35.774860
1080 201575 12.578930 48.244610
1080 201578 16.151300 3.669900
1080 203546 32.654160 24.621180
1092 -1 25.083220 36.602460
1092 2210 11.777330 39.517360
1092 2592 20.289550 33.136990
1092 2760 15.859720 17.301980
1092 203099 26.422050 24.989050
1092 203521 15.934950 11.789150
1092 2571 22.882500 13.386820
1092 201574 24.160810 36.281250
1092 201575 12.463270 48.104700
1092 201578 15.342010 3.784820
1092 203546 31.874010 24.093510
1104 -1 25.582860 36.748080
1104 2210 11.822380 39.532510
1104 2592 20.566060 33.490540
1104 2760 16.058200 17.764750
1104 203099 25.661440 24.578960
1104 203521 15.237500 11.856820
1104 2571 22.738890 13.746800
1104 201574 24.810830 36.686450
1104 201575 12.348180 47.937220
1104 201578 14.603180 3.940130
1104 203546 31.039430 23.515000
1116 -1 25.924630 36.658730
1116 2210 11.837340 39.578150
1116 2592 20.832580 33.817650
1116 2760 16.192190 18.246930
1116 203099 24.873290 24.142360
1116 203521 14.594150 11.939200
1116 2571 22.602940 14.107260
1116 201574 25.202660 37.040150
1116 201575 12.229590 47.709840
1116 201578 13.913090 4.171830
1116 203546 30.085500 22.887310
1128 -1 26.188400 36.501120
1128 2210 11.841900 39.598540
1128 2592 21.100900 34.079010
1128 2760 16.239330 18.684260
1128 203099 24.063130 23.668050
1128 203521 13.976900 12.025370
1128 2571 22.464980 14.428030
1128 201574 25.387530 37.192980
1128 201575 12.113810 47.545070
1128 201578 13.252630 4.435690
1128 203546 29.046240 22.243230
1140 -1 26.358300 36.283200
1140 2210 11.814420 39.634400
1140 2592 21.360090 34.276910
1140 2760 16.235850 19.052820
1140 203099 23.227710 23.146250
1140 203521 13.431810 12.121650
1140 2571 22.299860 14.720920
1140 201574 25.445400 37.235990
1140 201575 12.020610 47.369810
1140 201578 12.660910 4.691210
1140 203546 27.895060 21.530320
1152 -1 26.418450 36.012900
1152 2210 11.789940 39.663370
1152 2592 21.629690 34.417660
1152 2760 16.182620 19.124840
1152 203099 22.368170 22.565480
1152 203521 13.019850 12.154060
1152 2571 22.085660 14.967320
1152 201574 25.262300 37.330120
1152 201575 11.976740 47.289410
1152 201578 12.142380 4.999310
1152 203546 26.670860 20.838590
1164 -1 25.994340 35.848610
1164 2210 11.773150 39.674620
1164 2592 21.850930 34.540030
1164 2760 16.097680 19.137570
1164 203099 21.506230 21.972910
1164 203521 12.709380 12.127080
1164 2571 21.845090 15.122360
1164 201574 25.070030 37.362610
1164 201575 11.953920 47.302090
1164 201578 11.701090 5.355120
1164 203546 25.365010 20.146450
1176 -1 25.763560 36.195990
1176 2210 11.770180 39.662190
1176 2592 22.032130 34.612570
1176 2760 15.990960 19.200860
1176 203099 20.642300 21.363920
1176 203521 12.512120 12.090290
1176 2571 21.548710 15.190060
1176 201574 24.981730 37.252090
1176 201575 11.991820 47.317920
1176 201578 11.456900 5.756610
1176 203546 24.067310 19.466670
1188 -1 25.925790 36.079070
1188 2210 11.772140 39.659270
1188 2592 22.158640 34.682800
1188 2760 15.908810 19.319050
1188 203099 19.733570 20.589500
1188 203521 12.487080 12.011720
1188 2571 21.213600 15.186990
1188 201574 25.005990 37.172910
1188 201575 12.074130 47.314230
1188 201578 11.493000 6.137840
1188 203546 22.736850 18.790240
1200 -1 26.291650 35.806640
1200 2210 11.780410 39.660940
1200 2592 22.254380 34.743860
1200 2760 15.923950 19.588020
1200 203099 18.884640 19.931240
1200 203521 12.674580 11.934650
1200 2571 20.838390 15.108330
1200 201574 25.310710 36.761860
1200 201575 12.177590 47.435420
1200 201578 11.816320 6.554850
1200 203546 21.453660 18.322870
1212 -1 26.683310 35.411860
1212 2210 11.785050 39.670050
1212 2592 22.325080 34.759200
1212 2760 15.824830 20.039310
1212 203099 18.000550 19.413840
1212 203521 13.011190 11.881510
1212 2571 20.405740 15.025770
1212 201574 25.632220 36.236130
1212 201575 12.313260 47.538820
1212 201578 12.459560 7.047240
1212 203546 20.242680 17.848650
1224 -1 27.215390 35.253370
1224 2210 11.793110 39.683610
1224 2592 22.402500 34.725530
1224 2760 15.694010 20.478520
1224 203099 17.024310 19.089080
1224 203521 13.548130 11.860810
1224 2571 19.972190 14.893870
1224 201574 26.181060 35.710440
1224 201575 12.472980 47.688510
1224 201578 13.411920 7.575330
1224 203546 19.212040 17.295850
1236 -1 27.483030 35.262230
1236 2210 11.798250 39.700480
1236 2592 22.470690 34.705050
1236 2760 15.475280 20.693380
1236 203099 16.154650 18.787660
1236 203521 14.378920 11.767440
1236 2571 19.529510 14.505520
1236 201574 26.730970 35.166440
1236 201575 12.616320 47.848710
1236 201578 14.582740 8.075720
1236 203546 18.419720 16.670080
1248 -1 27.849330 34.894220
1248 2210 11.790760 39.724740
1248 2592 22.533870 34.667500
1248 2760 15.203590 20.732580
1248 203099 15.372360 18.658220
1248 203521 15.281800 11.892680
1248 2571 18.892620 13.963000
1248 201574 27.261370 34.582050
1248 201575 12.750260 48.047670
1248 201578 15.810310 8.767950
1248 203546 17.683230 16.006100
1260 -1 28.025580 34.714420
1260 2210 11.785180 39.724880
1260 2592 22.610380 34.607770
1260 2760 14.845360 20.564700
1260 203099 14.488250 18.488330
1260 203521 16.348590 12.020240
1260 2571 18.645460 13.460070
1260 201574 27.515340 34.263460
1260 201575 12.864660 48.122450
1260 201578 17.036390 9.565770
1260 203546 17.197070 15.209770
1272 -1 28.036850 34.609530
1272 2210 11.758090 39.737160
1272 2592 22.716620 34.567270
1272 2760 14.591160 20.385220
1272 203099 13.759370 18.110030
1272 203521 17.253270 12.093260
1272 2571 18.489420 12.912240
1272 201574 27.755010 34.119370
1272 201575 12.942230 48.205640
1272 201578 18.177730 10.508610
1272 203546 16.930980 14.420880
1284 -1 28.088100 34.556350
1284 2210 11.708400 39.759970
1284 2592 22.843880 34.564870
1284 2760 14.441640 20.183330
1284 203099 13.216910 17.607070
1284 203521 18.108020 11.948150
1284 2571 18.804290 12.713780
1284 201574 27.793490 33.957700
1284 201575 12.995890 48.248420
1284 201578 18.822580 11.233310
1284 203546 17.018980 13.642720
1296 -1 28.254170 34.292490
1296 2210 11.648010 39.783510
1296 2592 22.948340 34.495530
1296 2760 14.427970 20.039920
1296 203099 12.641770 17.120220
1296 203521 18.673060 11.874980
1296 2571 19.453260 13.237180
1296 201574 27.760600 33.780400
1296 201575 13.022040 48.249870
1296 201578 18.852290 11.821060
1296 203546 17.349230 12.955020
1308 -1 28.426630 33.777890
1308 2210 11.590910 39.798560
1308 2592 23.140010 34.442250
1308 2760 14.488130 19.910910
1308 203099 12.116060 16.636070
1308 203521 19.193420 11.669790
1308 2571 20.425620 14.266000
1308 201574 27.681350 33.650540
1308 201575 13.028730 48.248110
1308 201578 18.905270 12.300660
1308 203546 17.576710 12.393840
1320 -1 28.076770 32.371620
1320 2210 11.542550 39.816200
1320 2592 23.402940 34.409790
1320 2760 14.627390 19.749250
1320 203099 11.729570 16.127140
1320 203521 19.532670 11.632880
1320 2571 21.127390 15.624590
1320 201574 27.531910 33.707700
1320 201575 13.018000 48.244110
1320 201578 18.729100 12.636860
1320 203546 17.796830 11.796170
1332 -1 26.334400 29.120510
1332 2210 11.509280 39.812240
1332 2592 23.697940 34.203570
1332 2760 14.840000 19.716340
1332 203099 11.369430 15.762670
1332 203521 20.025400 11.854840
1332 2571 21.802070 17.296650
1332 201574 27.283360 33.742810
1332 201575 13.002500 48.201760
1332 201578 18.342310 12.646230
1332 203546 18.008060 11.258060
1344 -1 24.569570 25.729050
1344 2210 11.468940 39.818790
1344 2592 23.877280 34.106010
1344 2760 14.959430 20.072670
1344 203099 11.098200 15.391180
1344 203521 20.335070 12.460530
1344 2571 21.958000 18.983880
1344 201574 26.868970 33.576700
1344 201575 12.959350 48.187380
1344 201578 18.196350 12.727700
1344 203546 18.004970 10.835710
1356 -1 22.651080 22.355550
1356 2210 11.392240 39.828030
1356 2592 24.024970 34.098670
1356 2760 15.080220 20.549840
1356 203099 10.895080 15.049740
1356 203521 20.562580 13.257550
1356 2571 21.743310 20.454070
1356 201574 26.433350 33.423160
1356 201575 12.907600 48.250940
1356 201578 18.382560 12.873070
1356 203546 17.813130 10.446550
1368 -1 21.890760 22.947610
1368 2210 11.267080 39.858060
1368 2592 24.047320 34.099880
1368 2760 15.146220 21.220620
1368 203099 10.752140 14.731730
1368 203521 20.627890 14.162120
1368 2571 21.430740 21.809630
1368 201574 25.950230 33.406320
1368 201575 12.845690 48.093250
1368 201578 18.287040 12.951710
1368 203546 18.005580 9.978360
1380 -1 21.469530 24.206760
1380 2210 11.109940 39.895180
1380 2592 23.921410 34.162810
1380 2760 15.234420 22.037280
1380 203099 10.668420 14.442620
1380 203521 20.441650 15.008230
1380 2571 21.025610 23.017620
1380 201574 25.460930 33.320420
1380 201575 12.754860 47.899690
1380 201578 18.210080 13.011030
1380 203546 18.264250 9.495770
1392 -1 19.769000 25.352500
1392 2210 10.918440 39.952800
1392 2592 23.630930 34.330280
1392 2760 15.344080 22.880730
1392 203099 10.628740 14.252020
1392 203521 20.007050 15.777410
1392 2571 20.763980 24.020340
1392 201574 24.991440 33.193210
1392 201575 12.675970 47.684410
1392 201578 18.136520 13.209890
1392 203546 18.577000 9.028220
1404 -1 19.290260 25.467250
1404 2210 10.730650 39.957110
1404 2592 23.270420 34.280890
1404 2760 15.536970 23.519980
1404 203099 10.617990 14.178720
1404 203521 19.494530 16.353430
1404 2571 20.601850 24.764840
1404 201574 24.622460 33.370920
1404 201575 12.626500 47.415890
1404 201578 18.016300 13.485620
1404 203546 18.966930 8.607180
1416 -1 19.992530 25.425670
1416 2210 10.589280 39.891010
1416 2592 22.865320 34.136190
1416 2760 15.772710 24.193670
1416 203099 10.633680 14.210820
1416 203521 18.875420 16.725270
1416 2571 20.582040 25.305210
1416 201574 24.285660 33.710110
1416 201575 12.598280 47.165790
1416 201578 17.840050 13.810470
1416 203546 19.427300 8.226730
1428 -1 20.358920 25.669610
1428 2210 10.452820 39.662210
1428 2592 22.383160 33.894340
1428 2760 16.157870 24.814440
1428 203099 10.670460 14.304290
1428 203521 18.141050 16.991820
1428 2571 20.639570 25.659910
1428 201574 24.026660 33.961500
1428 201575 12.633640 47.056500
1428 201578 17.570930 14.107290
1428 203546 19.961470 7.928210
1440 -1 19.830320 25.710260
1440 2210 10.231770 39.241510
1440 2592 21.845430 33.498100
1440 2760 16.554860 25.473640
1440 203099 10.716110 14.438860
1440 203521 17.548720 17.190390
1440 2571 20.778600 25.837710
1440 201574 23.853010 34.072130
1440 201575 12.751310 46.971930
1440 201578 17.193490 14.476580
1440 203546 20.531790 7.701350
1452 -1 18.222230 25.606330
1452 2210 9.978190 38.612390
1452 2592 21.316450 32.936220
1452 2760 16.967240 26.027220
1452 203099 10.733060 14.584750
1452 203521 16.960030 17.329040
1452 2571 20.954480 26.034720
1452 201574 23.728340 34.302330
1452 201575 12.923710 47.068290
1452 201578 16.672750 14.798560
1452 203546 21.156520 7.518840
1464 -1 16.767210 25.623560
1464 2210 9.701740 37.785990
1464 2592 20.830200 32.525140
1464 2760 17.430500 26.478750
1464 203099 10.738230 14.750770
1464 203521 16.262480 17.542270
1464 2571 21.272120 26.309660
1464 201574 23.601910 34.433290
1464 201575 13.131900 47.152080
1464 201578 16.005140 15.192410
1464 203546 21.798140 7.388210
1476 -1 15.272620 25.578930
1476 2210 9.380860 36.828630
1476 2592 20.268580 32.187190
1476 2760 17.928010 26.957650
1476 203099 10.545840 14.911270
1476 203521 15.498490 17.918930
1476 2571 21.673810 26.617180
1476 201574 23.611770 34.387700
1476 201575 13.364300 47.155950
1476 201578 15.234640 15.631440
1476 203546 22.442670 7.291910
1488 -1 13.822630 25.495210
1488 2210 9.052800 35.808810
1488 2592 19.689970 31.967180
1488 2760 18.433180 27.407160
1488 203099 10.213990 15.203300
1488 203521 14.788450 18.405610
1488 2571 22.199830 26.934480
1488 201574 23.756960 34.234330
1488 201575 13.581270 47.207120
1488 201578 14.402300 16.195060
1488 203546 23.058040 7.212950
1500 -1 12.364270 25.380610
1500 2210 8.759260 34.806800
1500 2592 19.163600 31.803040
1500 2760 18.997200 27.788170
1500 203099 9.776120 15.617290
1500 203521 14.007660 18.935980
1500 2571 22.903840 27.280000
1500 201574 23.845940 34.149280
1500 201575 13.783720 47.235900
1500 201578 13.467320 16.805750
1500 203546 23.656350 7.216620
1512 -1 10.975950 25.303710
1512 2210 8.490480 33.821940
1512 2592 18.705000 31.819600
1512 2760 19.527750 28.347760
1512 203099 9.257760 16.140820
1512 203521 13.161460 19.463650
1512 2571 23.780380 27.637980
1512 201574 23.980560 33.959400
1512 201575 13.966440 47.047430
1512 201578 12.539050 17.498180
1512 203546 24.233870 7.266570
1524 -1 9.493440 25.196140
1524 2210 8.200370 32.931490
1524 2592 18.262000 31.775500
1524 2760 20.015720 29.006470
1524 203099 8.677810 16.797780
1524 203521 12.315760 20.059840
1524 2571 24.745430 28.058250
1524 201574 24.206690 33.754500
1524 201575 14.142480 46.811830
1524 201578 11.655710 18.178710
1524 203546 24.784600 7.345130
1536 -1 8.119310 25.033180
1536 2210 7.938290 32.070660
1536 2592 17.886610 31.710710
1536 2760 20.660620 29.507250
1536 203099 8.165410 17.550850
1536 203521 11.637770 20.608740
1536 2571 25.863270 28.453530
1536 201574 24.399880 33.567070
1536 201575 14.335340 46.537790
1536 201578 10.806210 18.865200
1536 203546 25.330730 7.489300
1548 -1 6.593380 25.054500
1548 2210 7.710770 31.303940
1548 2592 17.549920 31.611200
1548 2760 21.338020 30.033910
1548 203099 7.742460 18.316230
1548 203521 11.023920 21.044150
1548 2571 27.109310 28.848560
1548 201574 24.727460 33.352210
1548 201575 14.557760 46.242950
1548 201578 10.003480 19.540430
1548 203546 25.911270 7.669890
1560 -1 5.260020 24.828810
1560 2210 7.538250 30.577310
1560 2592 17.212000 31.558830
1560 2760 21.992460 30.553400
1560 203099 7.332330 19.039200
1560 203521 10.356730 21.488660
1560 2571 28.419220 29.282570
1560 201574 25.169180 33.073490
1560 201575 14.824310 45.964330
1560 201578 9.268700 20.178770
1560 203546 26.515460 7.871300
1572 -1 4.308690 24.851440
1572 2210 7.442090 29.903640
1572 2592 16.845620 31.599090
1572 2760 22.758630 30.897930
1572 203099 6.981870 19.695120
1572 203521 9.791630 21.912100
1572 2571 29.717520 29.697730
1572 201574 25.818190 32.974120
1572 201575 15.132320 45.822990
1572 201578 8.540270 20.825620
1572 203546 27.140250 8.102150
1584 -1 3.662440 24.883140
1584 2210 7.475580 29.305320
1584 2592 16.487700 31.692640
1584 2760 23.615670 31.165630
1584 203099 6.652260 20.228590
1584 203521 9.305700 22.198050
1584 2571 31.068780 30.043820
1584 201574 26.538250 32.908320
1584 201575 15.490430 45.599380
1584 201578 7.964300 21.436460
1584 203546 27.804870 8.370300
1596 -1 3.219070 24.789810
1596 2210 7.670140 28.905310
1596 2592 16.178280 31.885900
1596 2760 24.335520 31.518230
1596 203099 6.380620 20.662740
1596 203521 8.872020 22.427280
1596 2571 32.444430 30.377260
1596 201574 27.360910 32.867500
1596 201575 15.908120 45.344280
1596 201578 7.576450 21.980790
1596 203546 28.433300 8.640430
1608 -1 2.702830 24.768680
1608 2210 8.042150 28.630470
1608 2592 15.953130 32.158220
1608 2760 25.010230 31.858250
1608 203099 6.081230 20.902740
1608 203521 8.662790 22.631790
1608 2571 33.815930 30.684270
1608 201574 28.119600 32.901850
1608 201575 16.362980 45.112010
1608 201578 7.258450 22.422650
1608 203546 29.024930 8.959390
1620 -1 2.349730 24.750720
1620 2210 8.607240 28.463970
1620 2592 15.793660 32.469360
1620 2760 25.704160 32.110160
1620 203099 5.798130 21.045990
1620 203521 8.478030 22.661420
1620 2571 35.202250 30.941630
1620 201574 29.008620 32.965120
1620 201575 16.847040 44.830030
1620 201578 7.139510 22.837830
1620 203546 29.581130 9.305800
1632 -1 2.550330 24.637060
1632 2210 9.325380 28.450040
1632 2592 15.695410 32.797500
1632 2760 26.386970 32.370360
1632 203099 5.504410 21.306940
1632 203521 8.474920 22.794320
1632 2571 36.605020 31.134900
1632 201574 29.851320 32.897970
1632 201575 17.378180 44.379220
1632 201578 7.254170 23.231660
1632 203546 30.122640 9.673990
1644 -1 2.812380 24.620480
1644 2210 10.180620 28.587050
1644 2592 15.714420 33.188570
1644 2760 27.110380 32.606650
1644 203099 5.045090 21.407820
1644 203521 8.692990 22.892590
1644 2571 37.987320 31.233310
1644 201574 30.776320 32.804370
1644 201575 17.976380 43.976520
1644 201578 7.535550 23.579510
1644 203546 30.653690 10.049370
1656 -1 2.958560 24.731770
1656 2210 11.087900 28.746640
1656 2592 15.802290 33.623730
1656 2760 27.867670 32.780700
1656 203099 4.544630 21.507690
1656 203521 8.946620 22.992620
1656 2571 39.372790 31.330830
1656 201574 31.768040 32.732910
1656 201575 18.639070 43.612130
1656 201578 7.956610 23.946960
1656 203546 31.225300 10.430240
1668 -1 3.032340 24.575460
1668 2210 12.103860 29.007430
1668 2592 15.998730 34.063520
1668 2760 28.663680 32.875450
1668 203099 4.008320 21.741350
1668 203521 9.023540 23.028530
1668 2571 40.747520 31.399000
1668 201574 32.786950 32.703060
1668 201575 19.395690 43.215130
1668 201578 8.637690 24.362220
1668 203546 31.810130 10.807830
1680 -1 3.199210 24.606040
1680 2210 13.173920 29.386870
1680 2592 16.323630 34.460970
1680 2760 29.444020 33.004720
1680 203099 3.439120 22.102130
1680 203521 9.160880 23.081100
1680 2571 42.106590 31.424160
1680 201574 33.846680 32.658210
1680 201575 20.269010 42.704080
1680 201578 9.489270 24.818540
1680 203546 32.420390 11.189200
1692 -1 3.489090 24.612790
1692 2210 14.318520 29.801810
1692 2592 16.699560 34.952730
1692 2760 30.230720 33.087400
1692 203099 2.842340 22.335370
1692 203521 9.196470 22.954010
1692 2571 43.479200 31.436940
1692 201574 34.926720 32.600390
1692 201575 21.211580 42.203520
1692 201578 10.557630 25.202050
1692 203546 33.025830 11.574660
1704 -1 3.328480 24.699540
1704 2210 15.504920 30.244690
1704 2592 17.119780 35.366750
1704 2760 31.022350 33.077370
1704 203099 2.350400 22.679840
1704 203521 9.130970 22.802290
1704 2571 44.861390 31.441240
1704 201574 36.038140 32.562040
1704 201575 22.180940 41.713080
1704 201578 11.789230 25.503870
1704 203546 33.617100 11.972390
1716 -1 2.612030 24.759680
1716 2210 16.765090 30.739430
1716 2592 17.603960 35.732200
1716 2760 31.817700 33.016400
1716 203099 1.849300 22.994530
1716 203521 9.002850 22.581580
1716 2571 46.223720 31.402660
1716 201574 37.172550 32.525550
1716 201575 23.135420 41.184800
1716 201578 13.087230 25.837610
1716 203546 34.197690 12.391100
1728 -1 1.616960 24.707850
1728 2210 18.058920 31.182420
1728 2592 18.056060 36.103810
1728 2760 32.629550 32.904080
1728 203099 1.317370 23.231890
1728 203521 8.846730 22.398920
1728 2571 47.586420 31.360560
1728 201574 38.349490 32.494210
1728 201575 24.277260 40.508650
1728 201578 14.528590 26.142250
1728 203546 34.761950 12.810670
1740 -1 1.233520 24.808650
1740 2210 19.429200 31.631890
1740 2592 18.474930 36.540540
1740 2760 33.470680 32.751370
1740 203099 0.820030 23.332340
1740 203521 8.706410 22.255680
1740 2571 48.945400 31.304630
1740 201574 39.534820 32.467940
1740 201575 25.508060 40.000370
1740 201578 16.119750 26.428220
1740 203546 35.319880 13.213940
1752 -1 0.976780 24.869110
1752 2210 20.828660 32.118740
1752 2592 18.929450 36.917870
1752 2760 34.349050 32.573600
1752 203099 0.379330 23.369070
1752 203521 8.563450 22.132810
1752 2571 50.252890 31.205330
1752 201574 40.755360 32.433860
1752 201575 26.774740 39.569590
1752 201578 17.849810 26.557250
1752 203546 35.915030 13.604400
1764 -1 0.843100 24.896140
1764 2210 22.267160 32.612700
1764 2592 19.409220 37.283020
1764 2760 35.224330 32.357340
1764 203099 0.054560 23.432240
1764 203521 8.433660 22.053450
1764 2571 51.550800 31.080550
1764 201574 41.988740 32.400200
1764 201575 28.124790 39.196340
1764 201578 19.627700 26.786840
1764 203546 36.548190 13.970490