0 -1 43.091500 24.698820 BALL
0 2200 10.012490 18.940500 PLAYER
0 202734 35.563850 9.945910 PLAYER
0 202710 35.111290 24.105360 PLAYER
0 203926 6.646530 8.063990 PLAYER
0 202703 21.806910 37.702430 PLAYER
0 2738 30.591450 43.534190 PLAYER
0 2571 7.413250 5.204220 PLAYER
0 201939 40.587820 8.313180 PLAYER
0 203105 6.547680 18.604640 PLAYER
0 203110 44.279810 25.578780 PLAYER
12 -1 42.399740 26.331610 BALL
12 2200 9.593420 19.205750 PLAYER
12 202734 34.731020 10.420110 PLAYER
12 202710 35.107030 24.078310 PLAYER
12 203926 6.642550 8.073280 PLAYER
12 202703 21.511100 37.803980 PLAYER
12 2738 30.323890 43.467530 PLAYER
12 2571 7.595430 5.401520 PLAYER
12 201939 39.829010 8.509630 PLAYER
12 203105 6.253530 19.426260 PLAYER
12 203110 43.536140 25.941620 PLAYER
24 -1 42.002260 27.301550 BALL
24 2200 9.227330 19.629450 PLAYER
24 202734 33.924900 10.883240 PLAYER
24 202710 35.053620 24.205650 PLAYER
24 203926 6.722290 8.204020 PLAYER
24 202703 21.492570 38.057930 PLAYER
24 2738 30.280150 43.415450 PLAYER
24 2571 7.829620 5.688640 PLAYER
24 201939 39.079830 8.668920 PLAYER
24 203105 5.957590 20.333950 PLAYER
24 203110 42.754850 26.476740 PLAYER
36 -1 41.236720 28.252200 BALL
36 2200 8.934890 20.228910 PLAYER
36 202734 33.135370 11.319680 PLAYER
36 202710 34.899010 24.489090 PLAYER
36 203926 6.866040 8.361480 PLAYER
36 202703 21.662080 38.381970 PLAYER
36 2738 30.618420 43.168570 PLAYER
36 2571 8.302850 6.018320 PLAYER
36 201939 38.356580 8.797180 PLAYER
36 203105 5.609240 21.428280 PLAYER
36 203110 41.925070 27.205970 PLAYER
48 -1 40.635350 29.232090 BALL
48 2200 8.798170 20.691920 PLAYER
48 202734 32.337460 11.791910 PLAYER
48 202710 34.638190 24.969590 PLAYER
48 203926 7.083910 8.575280 PLAYER
48 202703 22.027170 38.634690 PLAYER
48 2738 31.181920 42.790950 PLAYER
48 2571 8.897920 6.394620 PLAYER
48 201939 37.657230 8.898630 PLAYER
48 203105 5.325890 22.447050 PLAYER
48 203110 41.070760 28.049780 PLAYER
60 -1 40.756090 29.841030 BALL
60 2200 8.872980 21.180120 PLAYER
60 202734 31.654540 12.117360 PLAYER
60 202710 34.313540 25.599710 PLAYER
60 203926 7.402730 8.865850 PLAYER
60 202703 22.530960 38.764420 PLAYER
60 2738 31.906870 42.307820 PLAYER
60 2571 9.435090 7.011810 PLAYER
60 201939 37.003190 8.927980 PLAYER
60 203105 5.143090 23.301930 PLAYER
60 203110 40.219210 28.934440 PLAYER
72 -1 40.011140 30.686930 BALL
72 2200 8.952660 21.963500 PLAYER
72 202734 31.105090 12.444670 PLAYER
72 202710 33.947280 26.362900 PLAYER
72 203926 7.845300 9.286600 PLAYER
72 202703 23.099280 38.707220 PLAYER
72 2738 32.767590 41.651020 PLAYER
72 2571 10.064170 7.864980 PLAYER
72 201939 36.358170 8.948410 PLAYER
72 203105 4.961670 24.145270 PLAYER
72 203110 39.346380 29.755330 PLAYER
84 -1 39.153050 32.161370 BALL
84 2200 9.123010 22.696700 PLAYER
84 202734 30.628200 12.757780 PLAYER
84 202710 33.493490 27.198630 PLAYER
84 203926 8.377720 9.755370 PLAYER
84 202703 23.711220 38.478780 PLAYER
84 2738 33.629210 40.970270 PLAYER
84 2571 10.718560 8.665560 PLAYER
84 201939 35.712910 8.960620 PLAYER
84 203105 4.778190 25.076420 PLAYER
84 203110 38.467570 30.647600 PLAYER
96 -1 38.359350 33.835850 BALL
96 2200 9.371460 23.367190 PLAYER
96 202734 30.203480 13.021860 PLAYER
96 202710 32.911740 27.862560 PLAYER
96 203926 8.998950 10.523140 PLAYER
96 202703 24.219350 37.986240 PLAYER
96 2738 34.481840 40.257930 PLAYER
96 2571 11.252210 9.441520 PLAYER
96 201939 35.065650 8.985910 PLAYER
96 203105 4.622730 26.012550 PLAYER
96 203110 37.679930 31.499170 PLAYER
108 -1 37.641050 35.558420 BALL
108 2200 9.523610 24.232720 PLAYER
108 202734 29.900120 13.159750 PLAYER
108 202710 32.254320 28.612700 PLAYER
108 203926 9.808610 11.161180 PLAYER
108 202703 24.666450 37.383640 PLAYER
108 2738 35.389010 39.393110 PLAYER
108 2571 11.883090 10.375100 PLAYER
108 201939 34.461960 8.983380 PLAYER
108 203105 4.433230 27.061230 PLAYER
108 203110 36.916240 32.217490 PLAYER
120 -1 36.910330 37.056680 BALL
120 2200 9.624230 25.286160 PLAYER
120 202734 29.581600 13.375340 PLAYER
120 202710 31.501690 29.353080 PLAYER
120 203926 10.632750 12.013880 PLAYER
120 202703 25.033050 36.494560 PLAYER
120 2738 36.328060 38.380860 PLAYER
120 2571 12.571030 11.393370 PLAYER
120 201939 33.840980 9.006760 PLAYER
120 203105 4.226700 28.299740 PLAYER
120 203110 36.079860 33.009890 PLAYER
132 -1 37.353640 36.508660 BALL
132 2200 9.637130 26.145880 PLAYER
132 202734 29.237180 13.472740 PLAYER
132 202710 30.622510 30.021880 PLAYER
132 203926 11.468110 12.892080 PLAYER
132 202703 25.297590 35.521670 PLAYER
132 2738 37.085770 37.401450 PLAYER
132 2571 13.299470 12.532570 PLAYER
132 201939 33.220420 8.986630 PLAYER
132 203105 4.058510 29.505460 PLAYER
132 203110 35.221080 33.727840 PLAYER
144 -1 37.707930 35.843930 BALL
144 2200 9.509820 27.030670 PLAYER
144 202734 28.864190 13.537740 PLAYER
144 202710 29.743310 30.679740 PLAYER
144 203926 12.347150 13.894610 PLAYER
144 202703 25.438820 34.400820 PLAYER
144 2738 37.789430 36.213150 PLAYER
144 2571 14.148230 13.784570 PLAYER
144 201939 32.645630 8.977370 PLAYER
144 203105 3.973200 30.624090 PLAYER
144 203110 34.297430 34.355030 PLAYER
156 -1 39.069280 35.091710 BALL
156 2200 9.326220 27.931990 PLAYER
156 202734 28.568040 13.596420 PLAYER
156 202710 28.976680 31.449550 PLAYER
156 203926 13.208240 14.800920 PLAYER
156 202703 25.646180 33.255680 PLAYER
156 2738 38.381960 34.933630 PLAYER
156 2571 15.095500 15.127590 PLAYER
156 201939 32.295030 8.913280 PLAYER
156 203105 3.914580 31.712660 PLAYER
156 203110 33.253880 34.874790 PLAYER
168 -1 39.699650 32.783860 BALL
168 2200 9.195080 28.757280 PLAYER
168 202734 28.411060 13.586060 PLAYER
168 202710 28.238740 32.118670 PLAYER
168 203926 14.010430 16.019660 PLAYER
168 202703 25.816030 32.007980 PLAYER
168 2738 38.870510 33.559120 PLAYER
168 2571 15.879540 16.472670 PLAYER
168 201939 32.209110 8.790410 PLAYER
168 203105 3.892800 32.675140 PLAYER
168 203110 32.155130 35.238180 PLAYER
180 -1 39.751210 30.520450 BALL
180 2200 9.042760 29.425800 PLAYER
180 202734 28.492790 13.471070 PLAYER
180 202710 27.554540 32.676470 PLAYER
180 203926 14.756330 17.193270 PLAYER
180 202703 25.974610 30.856530 PLAYER
180 2738 39.113580 32.256280 PLAYER
180 2571 16.600240 17.804660 PLAYER
180 201939 32.343740 8.665330 PLAYER
180 203105 3.874060 33.596680 PLAYER
180 203110 31.082090 35.410560 PLAYER
192 -1 39.811870 29.416920 BALL
192 2200 8.880050 30.066130 PLAYER
192 202734 28.797720 13.300020 PLAYER
192 202710 26.972790 33.114080 PLAYER
192 203926 15.392890 18.435730 PLAYER
192 202703 26.138730 29.669800 PLAYER
192 2738 39.267840 30.870810 PLAYER
192 2571 17.254350 18.994990 PLAYER
192 201939 32.743270 8.510400 PLAYER
192 203105 3.867050 34.514020 PLAYER
192 203110 30.008310 35.416370 PLAYER
204 -1 39.688650 28.809830 BALL
204 2200 8.735970 30.682250 PLAYER
204 202734 29.415660 12.996290 PLAYER
204 202710 26.420170 33.375950 PLAYER
204 203926 15.932420 19.731510 PLAYER
204 202703 26.317400 28.517470 PLAYER
204 2738 39.359510 29.457740 PLAYER
204 2571 17.827520 20.243190 PLAYER
204 201939 33.462810 8.287640 PLAYER
204 203105 3.873660 35.368340 PLAYER
204 203110 28.880020 35.384120 PLAYER
216 -1 39.019740 27.962950 BALL
216 2200 8.557480 31.192860 PLAYER
216 202734 30.205920 12.596890 PLAYER
216 202710 25.858770 33.470640 PLAYER
216 203926 16.413560 20.913400 PLAYER
216 202703 26.416470 27.392590 PLAYER
216 2738 39.393440 28.022970 PLAYER
216 2571 18.272120 21.530640 PLAYER
216 201939 34.299380 8.133780 PLAYER
216 203105 3.926890 36.119390 PLAYER
216 203110 27.919390 35.122610 PLAYER
228 -1 39.502700 25.828290 BALL
228 2200 8.283830 31.695970 PLAYER
228 202734 31.165730 12.203520 PLAYER
228 202710 25.281060 33.409120 PLAYER
228 203926 16.792730 22.014840 PLAYER
228 202703 26.435300 26.299300 PLAYER
228 2738 39.307260 26.778830 PLAYER
228 2571 18.739480 22.669460 PLAYER
228 201939 35.179570 8.015980 PLAYER
228 203105 4.056240 36.846280 PLAYER
228 203110 27.008730 34.780170 PLAYER
240 -1 40.025770 24.184430 BALL
240 2200 7.979650 32.226460 PLAYER
240 202734 32.152600 11.802830 PLAYER
240 202710 24.656600 33.165140 PLAYER
240 203926 17.132540 23.055600 PLAYER
240 202703 26.372340 25.253990 PLAYER
240 2738 39.231050 25.566890 PLAYER
240 2571 19.186270 23.663710 PLAYER
240 201939 36.126920 7.771810 PLAYER
240 203105 4.233970 37.520460 PLAYER
240 203110 26.238260 34.281490 PLAYER
252 -1 39.620800 23.409310 BALL
252 2200 7.703890 32.656810 PLAYER
252 202734 33.122810 11.429910 PLAYER
252 202710 23.898150 32.838620 PLAYER
252 203926 17.465850 24.051020 PLAYER
252 202703 26.274110 24.261220 PLAYER
252 2738 39.203170 24.529160 PLAYER
252 2571 19.534140 24.718010 PLAYER
252 201939 37.119680 7.574220 PLAYER
252 203105 4.436450 38.098870 PLAYER
252 203110 25.533480 33.806140 PLAYER
264 -1 39.927080 20.382420 BALL
264 2200 7.470130 32.969790 PLAYER
264 202734 34.020560 11.096910 PLAYER
264 202710 23.008650 32.417000 PLAYER
264 203926 17.857690 24.855460 PLAYER
264 202703 26.154050 23.432480 PLAYER
264 2738 39.153880 23.844430 PLAYER
264 2571 19.927290 25.730190 PLAYER
264 201939 37.933870 7.383760 PLAYER
264 203105 4.613150 38.612440 PLAYER
264 203110 25.021930 33.216140 PLAYER
276 -1 40.447820 15.968830 BALL
276 2200 7.301260 33.181970 PLAYER
276 202734 34.809070 10.799880 PLAYER
276 202710 21.986440 31.901990 PLAYER
276 203926 18.309450 25.571800 PLAYER
276 202703 26.057090 22.650100 PLAYER
276 2738 39.052220 23.523280 PLAYER
276 2571 20.166560 26.662530 PLAYER
276 201939 38.794920 7.107160 PLAYER
276 203105 4.809790 39.126170 PLAYER
276 203110 24.545370 32.630190 PLAYER
288 -1 41.071790 11.612370 BALL
288 2200 7.188090 33.270900 PLAYER
288 202734 35.440130 10.488910 PLAYER
288 202710 20.937220 31.273100 PLAYER
288 203926 18.786290 26.182670 PLAYER
288 202703 25.911120 22.197350 PLAYER
288 2738 39.002530 23.454200 PLAYER
288 2571 20.251080 27.430620 PLAYER
288 201939 39.424460 6.798970 PLAYER
288 203105 5.016750 39.580870 PLAYER
288 203110 24.276120 31.841360 PLAYER
300 -1 41.718980 7.284700 BALL
300 2200 7.091590 33.148070 PLAYER
300 202734 35.893560 10.251770 PLAYER
300 202710 19.855550 30.575860 PLAYER
300 203926 19.290720 26.661070 PLAYER
300 202703 25.791060 22.009840 PLAYER
300 2738 39.017080 23.577460 PLAYER
300 2571 20.027710 28.245070 PLAYER
300 201939 39.821310 6.635510 PLAYER
300 203105 5.222140 39.923810 PLAYER
300 203110 23.889970 30.763210 PLAYER
312 -1 41.869760 6.386830 BALL
312 2200 7.006230 32.973870 PLAYER
312 202734 36.123270 10.035300 PLAYER
312 202710 18.746070 29.992420 PLAYER
312 203926 19.708710 27.005950 PLAYER
312 202703 25.686820 21.976330 PLAYER
312 2738 39.025890 23.856550 PLAYER
312 2571 19.811190 28.898800 PLAYER
312 201939 39.885330 6.470250 PLAYER
312 203105 5.426370 40.156890 PLAYER
312 203110 23.715780 29.630840 PLAYER
324 -1 41.191120 6.701690 BALL
324 2200 6.938710 32.751040 PLAYER
324 202734 36.050670 9.874660 PLAYER
324 202710 17.682980 29.304960 PLAYER
324 203926 19.962930 27.350140 PLAYER
324 202703 25.673680 21.934910 PLAYER
324 2738 39.054170 24.132300 PLAYER
324 2571 19.378900 29.625870 PLAYER
324 201939 39.758840 6.232330 PLAYER
324 203105 5.676890 40.316760 PLAYER
324 203110 23.634600 28.340140 PLAYER
336 -1 39.282020 6.657780 BALL
336 2200 6.864830 32.549200 PLAYER
336 202734 35.783100 9.704690 PLAYER
336 202710 16.773840 28.455430 PLAYER
336 203926 20.003010 27.754040 PLAYER
336 202703 25.701490 22.023990 PLAYER
336 2738 39.107710 24.360390 PLAYER
336 2571 19.023570 30.290990 PLAYER
336 201939 39.248330 5.978030 PLAYER
336 203105 5.965450 40.339100 PLAYER
336 203110 23.564100 26.659720 PLAYER
348 -1 37.722880 5.754550 BALL
348 2200 6.832530 32.455730 PLAYER
348 202734 35.319470 9.550980 PLAYER
348 202710 15.982920 27.487540 PLAYER
348 203926 19.814270 28.227580 PLAYER
348 202703 25.769370 22.104980 PLAYER
348 2738 39.093660 24.554500 PLAYER
348 2571 18.715920 31.060010 PLAYER
348 201939 38.630470 5.792120 PLAYER
348 203105 6.268340 40.274880 PLAYER
348 203110 23.652570 24.910230 PLAYER
360 -1 36.862020 5.542920 BALL
360 2200 6.842750 32.471800 PLAYER
360 202734 34.721150 9.366730 PLAYER
360 202710 15.382280 26.433320 PLAYER
360 203926 19.455730 28.802530 PLAYER
360 202703 25.843330 22.211800 PLAYER
360 2738 39.023340 24.778990 PLAYER
360 2571 18.560610 31.856140 PLAYER
360 201939 37.923480 5.608220 PLAYER
360 203105 6.591910 40.145910 PLAYER
360 203110 23.994120 23.267600 PLAYER
372 -1 36.073620 5.041690 BALL
372 2200 6.877310 32.622890 PLAYER
372 202734 33.954360 9.207670 PLAYER
372 202710 15.013120 25.065700 PLAYER
372 203926 19.010620 29.453290 PLAYER
372 202703 25.938340 22.421640 PLAYER
372 2738 38.891340 25.055630 PLAYER
372 2571 18.382550 32.765020 PLAYER
372 201939 37.188550 5.401740 PLAYER
372 203105 6.965310 39.974590 PLAYER
372 203110 24.305310 21.552010 PLAYER
384 -1 35.630030 4.204900 BALL
384 2200 6.940960 32.895860 PLAYER
384 202734 33.101710 9.049560 PLAYER
384 202710 14.860630 23.583860 PLAYER
384 203926 18.488860 30.092630 PLAYER
384 202703 25.987440 22.719090 PLAYER
384 2738 38.660280 25.433980 PLAYER
384 2571 18.459380 33.474310 PLAYER
384 201939 36.350450 5.146730 PLAYER
384 203105 7.334920 39.782030 PLAYER
384 203110 24.776950 19.808650 PLAYER
396 -1 34.787770 3.644660 BALL
396 2200 7.033580 33.247030 PLAYER
396 202734 32.189510 8.932020 PLAYER
396 202710 14.834770 22.140420 PLAYER
396 203926 17.977420 30.724800 PLAYER
396 202703 25.917100 23.208840 PLAYER
396 2738 38.366070 25.920070 PLAYER
396 2571 18.644980 34.173790 PLAYER
396 201939 35.470750 5.074300 PLAYER
396 203105 7.673980 39.585070 PLAYER
396 203110 25.334650 18.353660 PLAYER
408 -1 33.978930 3.726940 BALL
408 2200 7.106110 33.496010 PLAYER
408 202734 31.190390 8.872420 PLAYER
408 202710 14.975200 20.702510 PLAYER
408 203926 17.532540 31.322380 PLAYER
408 202703 25.898960 23.652000 PLAYER
408 2738 38.033210 26.504580 PLAYER
408 2571 18.803980 34.822590 PLAYER
408 201939 34.589950 5.112870 PLAYER
408 203105 7.963260 39.370960 PLAYER
408 203110 25.776700 17.078740 PLAYER
420 -1 32.788100 4.525360 BALL
420 2200 7.179950 33.649590 PLAYER
420 202734 30.163180 8.932830 PLAYER
420 202710 15.359100 19.361880 PLAYER
420 203926 17.122650 31.815770 PLAYER
420 202703 25.908080 23.997740 PLAYER
420 2738 37.628410 27.123950 PLAYER
420 2571 19.061870 35.360230 PLAYER
420 201939 33.822680 5.291910 PLAYER
420 203105 8.183950 39.139420 PLAYER
420 203110 26.205900 15.798630 PLAYER
432 -1 33.311050 5.664150 BALL
432 2200 7.268970 33.686270 PLAYER
432 202734 29.247720 8.988310 PLAYER
432 202710 15.964780 18.176040 PLAYER
432 203926 16.729820 32.189440 PLAYER
432 202703 25.765670 24.374300 PLAYER
432 2738 37.164690 27.771030 PLAYER
432 2571 19.429790 35.812120 PLAYER
432 201939 33.214990 5.744110 PLAYER
432 203105 8.346860 38.937200 PLAYER
432 203110 26.698450 14.501180 PLAYER
444 -1 33.993670 6.443350 BALL
444 2200 7.357580 33.610190 PLAYER
444 202734 28.470340 9.091900 PLAYER
444 202710 16.789280 17.085640 PLAYER
444 203926 16.387900 32.491900 PLAYER
444 202703 25.540720 24.571360 PLAYER
444 2738 36.676440 28.462020 PLAYER
444 2571 19.662050 36.279230 PLAYER
444 201939 32.796670 6.607740 PLAYER
444 203105 8.484350 38.746460 PLAYER
444 203110 27.027090 13.327940 PLAYER
456 -1 33.827950 8.088630 BALL
456 2200 7.451150 33.440850 PLAYER
456 202734 27.819470 9.188360 PLAYER
456 202710 17.847890 16.219080 PLAYER
456 203926 16.047530 32.672680 PLAYER
456 202703 25.318660 24.552550 PLAYER
456 2738 36.160160 29.276030 PLAYER
456 2571 19.848020 36.743430 PLAYER
456 201939 32.466080 7.587670 PLAYER
456 203105 8.570920 38.621650 PLAYER
456 203110 27.236470 12.416780 PLAYER
468 -1 33.460800 9.740170 BALL
468 2200 7.556180 33.343420 PLAYER
468 202734 27.406020 9.278830 PLAYER
468 202710 19.082470 15.585110 PLAYER
468 203926 15.675330 32.762720 PLAYER
468 202703 25.030970 24.495120 PLAYER
468 2738 35.708500 30.048500 PLAYER
468 2571 20.054060 37.277790 PLAYER
468 201939 32.259400 8.710140 PLAYER
468 203105 8.674150 38.378500 PLAYER
468 203110 27.340020 11.749610 PLAYER
480 -1 33.315840 10.927030 BALL
480 2200 7.665160 33.267670 PLAYER
480 202734 27.112950 9.336710 PLAYER
480 202710 20.261320 15.156240 PLAYER
480 203926 15.368520 32.728220 PLAYER
480 202703 24.684470 24.547030 PLAYER
480 2738 35.247930 31.000420 PLAYER
480 2571 20.184000 37.889720 PLAYER
480 201939 32.054830 9.966860 PLAYER
480 203105 8.664840 38.047190 PLAYER
480 203110 27.164080 11.383650 PLAYER
492 -1 32.778890 11.996780 BALL
492 2200 7.750180 33.172340 PLAYER
492 202734 27.045800 9.502770 PLAYER
492 202710 21.419490 14.926780 PLAYER
492 203926 15.109620 32.693920 PLAYER
492 202703 24.450090 24.781860 PLAYER
492 2738 34.766160 32.099520 PLAYER
492 2571 20.246750 38.625460 PLAYER
492 201939 31.827020 11.131760 PLAYER
492 203105 8.533970 37.565660 PLAYER
492 203110 26.736540 11.146230 PLAYER
504 -1 31.464100 13.357700 BALL
504 2200 7.785510 33.075950 PLAYER
504 202734 27.293360 9.725030 PLAYER
504 202710 22.515000 14.997150 PLAYER
504 203926 14.872810 32.659840 PLAYER
504 202703 24.240060 25.215720 PLAYER
504 2738 34.308670 33.199390 PLAYER
504 2571 20.268030 39.467050 PLAYER
504 201939 31.667950 12.091760 PLAYER
504 203105 8.380860 37.013140 PLAYER
504 203110 26.111570 11.039160 PLAYER
516 -1 30.852210 14.000840 BALL
516 2200 7.779850 32.994270 PLAYER
516 202734 27.754260 10.083180 PLAYER
516 202710 23.550340 15.217000 PLAYER
516 203926 14.710710 32.699860 PLAYER
516 202703 24.087000 25.734040 PLAYER
516 2738 33.832650 34.246540 PLAYER
516 2571 20.223000 40.389310 PLAYER
516 201939 31.545560 12.876940 PLAYER
516 203105 8.116470 36.428960 PLAYER
516 203110 25.166580 10.972620 PLAYER
528 -1 31.097930 13.722110 BALL
528 2200 7.757180 32.895880 PLAYER
528 202734 28.219160 10.616850 PLAYER
528 202710 24.462860 15.505310 PLAYER
528 203926 14.671700 32.794520 PLAYER
528 202703 23.973230 26.337620 PLAYER
528 2738 33.258350 35.339500 PLAYER
528 2571 20.102510 41.256550 PLAYER
528 201939 31.419660 13.454590 PLAYER
528 203105 7.827060 35.985420 PLAYER
528 203110 23.932720 10.982170 PLAYER
540 -1 29.408310 13.998690 BALL
540 2200 7.723230 32.834030 PLAYER
540 202734 28.785670 11.256710 PLAYER
540 202710 25.415720 15.711570 PLAYER
540 203926 14.698190 33.078050 PLAYER
540 202703 23.897200 26.957390 PLAYER
540 2738 32.823150 36.335780 PLAYER
540 2571 19.829150 42.159690 PLAYER
540 201939 31.132840 13.934790 PLAYER
540 203105 7.667980 35.675340 PLAYER
540 203110 22.546310 11.291000 PLAYER
552 -1 26.934450 14.830810 BALL
552 2200 7.674280 32.914900 PLAYER
552 202734 29.325960 11.833670 PLAYER
552 202710 26.427610 15.930560 PLAYER
552 203926 14.782880 33.418710 PLAYER
552 202703 23.707260 27.338580 PLAYER
552 2738 32.442950 37.177980 PLAYER
552 2571 19.419750 42.996050 PLAYER
552 201939 30.872140 14.456650 PLAYER
552 203105 7.588960 35.539790 PLAYER
552 203110 21.039360 11.882560 PLAYER
564 -1 24.499620 14.862320 BALL
564 2200 7.629020 33.025500 PLAYER
564 202734 29.656570 12.339630 PLAYER
564 202710 27.461890 16.120090 PLAYER
564 203926 14.891570 33.923300 PLAYER
564 202703 23.302050 27.701530 PLAYER
564 2738 32.069920 37.959120 PLAYER
564 2571 18.879200 43.738420 PLAYER
564 201939 30.838920 14.826550 PLAYER
564 203105 7.464390 35.499560 PLAYER
564 203110 19.490780 12.608450 PLAYER
576 -1 22.210140 14.952760 BALL
576 2200 7.567390 33.106840 PLAYER
576 202734 29.877440 12.739940 PLAYER
576 202710 28.412570 16.279690 PLAYER
576 203926 14.892930 34.539620 PLAYER
576 202703 22.728130 28.006800 PLAYER
576 2738 31.760020 38.602940 PLAYER
576 2571 18.147830 44.505500 PLAYER
576 201939 30.953800 15.048810 PLAYER
576 203105 7.460620 35.489250 PLAYER
576 203110 18.087470 13.361580 PLAYER
588 -1 19.857560 15.323150 BALL
588 2200 7.497070 33.128930 PLAYER
588 202734 30.137230 13.000160 PLAYER
588 202710 29.316810 16.496310 PLAYER
588 203926 14.877210 35.249840 PLAYER
588 202703 21.968630 28.201390 PLAYER
588 2738 31.543800 39.117690 PLAYER
588 2571 17.310690 45.140480 PLAYER
588 201939 31.170360 15.317180 PLAYER
588 203105 7.485460 35.397190 PLAYER
588 203110 16.709930 14.191730 PLAYER
600 -1 17.573940 15.424930 BALL
600 2200 7.422900 33.038320 PLAYER
600 202734 30.318950 13.151500 PLAYER
600 202710 30.151060 16.817960 PLAYER
600 203926 14.725890 36.033950 PLAYER
600 202703 20.966780 28.147640 PLAYER
600 2738 31.229150 39.453010 PLAYER
600 2571 16.553100 45.499350 PLAYER
600 201939 31.820880 15.497820 PLAYER
600 203105 7.591170 35.212620 PLAYER
600 203110 15.460980 14.950530 PLAYER
612 -1 15.515140 15.758780 BALL
612 2200 7.387280 32.700310 PLAYER
612 202734 30.369540 13.277600 PLAYER
612 202710 30.923820 17.096820 PLAYER
612 203926 14.390390 36.905180 PLAYER
612 202703 19.830600 27.856940 PLAYER
612 2738 30.894240 39.646730 PLAYER
612 2571 15.713640 45.795090 PLAYER
612 201939 32.657360 15.647530 PLAYER
612 203105 7.660740 34.932830 PLAYER
612 203110 14.251900 15.797420 PLAYER
624 -1 13.685940 17.335640 BALL
624 2200 7.374000 32.189360 PLAYER
624 202734 30.311280 13.427250 PLAYER
624 202710 31.655620 17.365090 PLAYER
624 203926 13.969490 37.710300 PLAYER
624 202703 18.674260 27.388760 PLAYER
624 2738 30.602820 39.660870 PLAYER
624 2571 14.796550 46.121010 PLAYER
624 201939 33.221670 15.858070 PLAYER
624 203105 7.696640 34.649180 PLAYER
624 203110 13.027820 16.760550 PLAYER
636 -1 11.804360 19.034660 BALL
636 2200 7.366070 31.518740 PLAYER
636 202734 30.122340 13.531380 PLAYER
636 202710 32.396270 17.640040 PLAYER
636 203926 13.559230 38.485720 PLAYER
636 202703 17.390850 26.807560 PLAYER
636 2738 30.361190 39.539430 PLAYER
636 2571 13.987100 46.241880 PLAYER
636 201939 34.077720 16.269730 PLAYER
636 203105 7.815230 34.332080 PLAYER
636 203110 11.742730 17.945690 PLAYER
648 -1 10.988300 20.106890 BALL
648 2200 7.388650 30.733030 PLAYER
648 202734 29.685600 13.649990 PLAYER
648 202710 33.136990 17.886570 PLAYER
648 203926 13.006690 39.373120 PLAYER
648 202703 16.062920 26.131200 PLAYER
648 2738 30.146990 39.355460 PLAYER
648 2571 13.177670 46.402860 PLAYER
648 201939 35.038480 16.643020 PLAYER
648 203105 7.933180 34.043850 PLAYER
648 203110 10.432670 19.285790 PLAYER
660 -1 9.223640 21.409030 BALL
660 2200 7.397850 29.943370 PLAYER
660 202734 29.105830 13.771020 PLAYER
660 202710 33.813750 18.138160 PLAYER
660 203926 12.439530 40.248850 PLAYER
660 202703 14.786610 25.432610 PLAYER
660 2738 30.025280 39.100300 PLAYER
660 2571 12.338000 46.543480 PLAYER
660 201939 36.028820 16.970590 PLAYER
660 203105 7.948260 33.757950 PLAYER
660 203110 9.224650 20.419470 PLAYER
672 -1 8.136380 22.177600 BALL
672 2200 7.367590 29.344920 PLAYER
672 202734 28.549440 13.953860 PLAYER
672 202710 34.371860 18.417280 PLAYER
672 203926 11.994730 41.060650 PLAYER
672 202703 13.545510 24.719010 PLAYER
672 2738 30.037050 38.786580 PLAYER
672 2571 11.592680 46.642150 PLAYER
672 201939 36.949760 17.178560 PLAYER
672 203105 8.001460 33.362100 PLAYER
672 203110 8.127150 21.418850 PLAYER
684 -1 6.983310 22.593610 BALL
684 2200 7.331090 28.959860 PLAYER
684 202734 27.912160 14.116310 PLAYER
684 202710 34.876290 18.691370 PLAYER
684 203926 11.586640 41.862650 PLAYER
684 202703 12.424150 24.044050 PLAYER
684 2738 30.144690 38.463220 PLAYER
684 2571 10.976150 46.682280 PLAYER
684 201939 38.082010 17.443680 PLAYER
684 203105 8.148010 32.824000 PLAYER
684 203110 7.120090 22.298940 PLAYER
696 -1 6.343040 22.579180 BALL
696 2200 7.432090 28.774480 PLAYER
696 202734 27.321300 14.285030 PLAYER
696 202710 35.367870 18.933650 PLAYER
696 203926 11.293200 42.597040 PLAYER
696 202703 11.420950 23.328740 PLAYER
696 2738 30.335350 38.148980 PLAYER
696 2571 10.406650 46.734670 PLAYER
696 201939 39.031800 17.626350 PLAYER
696 203105 8.249080 32.146390 PLAYER
696 203110 6.232080 23.070140 PLAYER
708 -1 5.527200 24.818370 BALL
708 2200 7.515570 28.696510 PLAYER
708 202734 26.761870 14.424260 PLAYER
708 202710 35.854600 19.027830 PLAYER
708 203926 11.117050 43.126810 PLAYER
708 202703 10.502480 22.721080 PLAYER
708 2738 30.584600 37.812520 PLAYER
708 2571 9.965140 46.716650 PLAYER
708 201939 39.994530 17.752390 PLAYER
708 203105 8.435190 31.404090 PLAYER
708 203110 5.485690 23.732920 PLAYER
720 -1 4.953620 26.233680 BALL
720 2200 7.431000 28.664020 PLAYER
720 202734 26.255540 14.505790 PLAYER
720 202710 36.324500 18.995450 PLAYER
720 203926 11.035530 43.497400 PLAYER
720 202703 9.718240 22.268720 PLAYER
720 2738 30.805260 37.507760 PLAYER
720 2571 9.692850 46.812750 PLAYER
720 201939 40.875910 17.860660 PLAYER
720 203105 8.693280 30.642770 PLAYER
720 203110 4.750820 24.372180 PLAYER
732 -1 4.478500 26.501530 BALL
732 2200 7.295680 28.389490 PLAYER
732 202734 25.741130 14.483030 PLAYER
732 202710 36.748050 18.861370 PLAYER
732 203926 11.016130 43.803510 PLAYER
732 202703 9.056290 21.936520 PLAYER
732 2738 31.012180 37.158510 PLAYER
732 2571 9.604310 46.912280 PLAYER
732 201939 41.860320 17.925390 PLAYER
732 203105 9.036440 29.949830 PLAYER
732 203110 4.016100 24.964160 PLAYER
744 -1 3.718670 27.466910 BALL
744 2200 7.154110 27.953530 PLAYER
744 202734 25.355090 14.434580 PLAYER
744 202710 37.255540 18.806930 PLAYER
744 203926 11.149750 44.039260 PLAYER
744 202703 8.333010 21.601920 PLAYER
744 2738 31.389520 36.706940 PLAYER
744 2571 9.728580 46.860610 PLAYER
744 201939 42.852540 17.954910 PLAYER
744 203105 9.547800 29.256270 PLAYER
744 203110 3.242520 25.701750 PLAYER
756 -1 3.663370 27.921190 BALL
756 2200 6.870700 27.479160 PLAYER
756 202734 24.899780 14.402920 PLAYER
756 202710 37.747720 18.716470 PLAYER
756 203926 11.510850 44.264770 PLAYER
756 202703 7.676240 21.364310 PLAYER
756 2738 31.864710 36.159900 PLAYER
756 2571 10.071520 46.855180 PLAYER
756 201939 43.836990 17.936820 PLAYER
756 203105 10.228600 28.558820 PLAYER
756 203110 2.685390 26.354590 PLAYER
768 -1 3.062490 28.551320 BALL
768 2200 6.466580 27.041360 PLAYER
768 202734 24.540350 14.350650 PLAYER
768 202710 38.243030 18.715630 PLAYER
768 203926 12.026950 44.479250 PLAYER
768 202703 7.190840 21.108170 PLAYER
768 2738 32.467850 35.578050 PLAYER
768 2571 10.563030 46.954710 PLAYER
768 201939 44.828090 17.878980 PLAYER
768 203105 11.014870 27.914270 PLAYER
768 203110 2.388690 26.810350 PLAYER
780 -1 2.571620 29.314010 BALL
780 2200 5.948090 26.790090 PLAYER
780 202734 24.234830 14.324450 PLAYER
780 202710 38.804290 18.743220 PLAYER
780 203926 12.659130 44.693780 PLAYER
780 202703 6.764290 20.834450 PLAYER
780 2738 33.247680 34.906330 PLAYER
780 2571 11.241650 47.005820 PLAYER
780 201939 45.825450 17.795170 PLAYER
780 203105 12.012010 27.300660 PLAYER
780 203110 2.393250 27.153930 PLAYER
792 -1 2.225970 29.440690 BALL
792 2200 5.393420 26.825090 PLAYER
792 202734 23.916360 14.332000 PLAYER
792 202710 39.481680 18.781030 PLAYER
792 203926 13.483800 44.860650 PLAYER
792 202703 6.425040 20.592280 PLAYER
792 2738 34.177260 34.218300 PLAYER
792 2571 12.052100 47.010030 PLAYER
792 201939 46.789100 17.694380 PLAYER
792 203105 13.213020 26.717930 PLAYER
792 203110 2.634370 27.466210 PLAYER
804 -1 1.999770 29.220650 BALL
804 2200 4.975690 27.114960 PLAYER
804 202734 23.585680 14.337890 PLAYER
804 202710 40.075820 18.664450 PLAYER
804 203926 14.437700 45.013100 PLAYER
804 202703 6.280750 20.421690 PLAYER
804 2738 35.089100 33.561070 PLAYER
804 2571 12.913670 47.118970 PLAYER
804 201939 47.742030 17.587060 PLAYER
804 203105 14.513060 26.185850 PLAYER
804 203110 3.187480 27.643830 PLAYER
816 -1 1.614210 29.320330 BALL
816 2200 4.508290 27.337540 PLAYER
816 202734 23.290360 14.331860 PLAYER
816 202710 40.695920 18.522330 PLAYER
816 203926 15.381890 45.135800 PLAYER
816 202703 6.302510 20.277930 PLAYER
816 2738 36.049910 32.934410 PLAYER
816 2571 13.798620 47.196540 PLAYER
816 201939 48.707390 17.493380 PLAYER
816 203105 15.918870 25.714380 PLAYER
816 203110 3.848600 27.699200 PLAYER
828 -1 1.287940 29.384570 BALL
828 2200 4.123310 27.474180 PLAYER
828 202734 23.022680 14.274010 PLAYER
828 202710 41.321500 18.342360 PLAYER
828 203926 16.515900 45.307270 PLAYER
828 202703 6.372120 20.159310 PLAYER
828 2738 37.038100 32.300250 PLAYER
828 2571 14.916150 47.020580 PLAYER
828 201939 49.664380 17.450110 PLAYER
828 203105 17.405650 25.274230 PLAYER
828 203110 4.614280 27.703120 PLAYER
840 -1 1.010570 29.307460 BALL
840 2200 4.008360 27.468950 PLAYER
840 202734 22.788190 14.172520 PLAYER
840 202710 41.937100 18.133480 PLAYER
840 203926 17.849760 45.517910 PLAYER
840 202703 6.580260 20.062540 PLAYER
840 2738 38.119000 31.662220 PLAYER
840 2571 16.014590 46.684730 PLAYER
840 201939 50.560510 17.397880 PLAYER
840 203105 18.936360 24.939810 PLAYER
840 203110 5.406570 27.843710 PLAYER