0 -1 82.875200 24.293340
0 2210 57.185490 16.534630
0 2760 63.921640 20.925710
0 202697 66.239720 32.878140
0 203099 48.141140 15.351450
0 203521 50.289550 26.677970
0 2738 85.376980 35.889130
0 2571 61.631410 14.588100
0 2733 83.346480 24.676610
0 203105 73.690340 13.514980
0 203084 93.969550 20.602270
12 -1 82.049680 24.840620
12 2210 56.346430 16.812740
12 2760 62.271080 20.840200
12 202697 64.891680 32.384670
12 203099 47.164340 15.479260
12 203521 49.752280 26.585770
12 2738 84.690360 36.139190
12 2571 60.002580 14.754410
12 2733 83.005810 24.736430
12 203105 72.353010 13.512830
12 203084 93.182910 20.931710
24 -1 81.277790 25.091380
24 2210 55.438990 17.121980
24 2760 60.609680 20.822060
24 202697 63.519910 31.860030
24 203099 46.145860 15.650560
24 203521 49.221090 26.518330
24 2738 83.951950 36.428810
24 2571 58.409890 14.959370
24 2733 82.620070 24.783280
24 203105 70.949290 13.494490
24 203084 92.290630 21.323520
36 -1 80.703580 25.460290
36 2210 54.575460 17.427740
36 2760 58.944410 20.839250
36 202697 62.161430 31.632670
36 203099 45.122790 15.925560
36 203521 48.725640 26.458020
36 2738 83.167470 36.696210
36 2571 56.760760 15.292300
36 2733 82.181880 24.796690
36 203105 69.569710 13.492690
36 203084 91.300830 21.727720
48 -1 80.174660 25.544270
48 2210 53.624550 17.759900
48 2760 57.315570 20.867060
48 202697 60.871100 31.731040
48 203099 44.069140 16.228630
48 203521 48.274280 26.378900
48 2738 82.309240 36.938170
48 2571 55.063350 15.635420
48 2733 81.700410 24.786840
48 203105 68.223420 13.495850
48 203084 90.263810 22.186440
60 -1 80.071130 25.740610
60 2210 52.699220 18.031460
60 2760 55.680080 20.949680
60 202697 59.605290 31.951070
60 203099 43.003100 16.539020
60 203521 47.865520 26.295020
60 2738 81.403600 37.201940
60 2571 53.309670 15.966340
60 2733 81.190190 24.807850
60 203105 66.846430 13.552990
60 203084 89.198940 22.625030
72 -1 79.880850 25.984750
72 2210 51.785830 18.325860
72 2760 54.048920 21.046660
72 202697 58.423480 32.301440
72 203099 41.880990 16.871700
72 203521 47.481560 26.191690
72 2738 80.436630 37.472980
72 2571 51.555450 16.396270
72 2733 80.614970 24.806990
72 203105 65.444940 13.669320
72 203084 87.958500 23.243340
84 -1 79.569550 25.995270
84 2210 50.977490 18.578810
84 2760 52.477840 21.139230
84 202697 57.274600 32.769970
84 203099 40.744400 17.221940
84 203521 47.125990 26.115810
84 2738 79.395930 37.743720
84 2571 49.768480 16.889430
84 2733 80.013440 24.832090
84 203105 64.081190 13.775880
84 203084 86.665960 23.877100
96 -1 79.041210 26.053590
96 2210 50.155960 18.819210
96 2760 50.932430 21.254430
96 202697 56.146680 33.232600
96 203099 39.552160 17.557970
96 203521 46.790020 26.067460
96 2738 78.283530 38.052190
96 2571 48.054500 17.445270
96 2733 79.371550 24.799260
96 203105 62.708630 13.898160
96 203084 85.346130 24.549900
108 -1 78.253290 25.827450
108 2210 49.409820 19.033100
108 2760 49.377120 21.397930
108 202697 55.101710 33.767880
108 203099 38.331290 17.880050
108 203521 46.453100 26.039050
108 2738 77.135930 38.389350
108 2571 46.304710 17.947100
108 2733 78.736650 24.770330
108 203105 61.293630 14.002410
108 203084 83.922840 25.239770
120 -1 77.253680 25.596030
120 2210 48.640810 19.311410
120 2760 47.841390 21.503480
120 202697 54.156440 34.353070
120 203099 37.085410 18.269630
120 203521 46.097630 26.013300
120 2738 75.925780 38.716490
120 2571 44.637660 18.605750
120 2733 78.073860 24.661820
120 203105 59.936570 14.085300
120 203084 82.458940 25.938470
132 -1 76.013810 25.571110
132 2210 47.856840 19.600710
132 2760 46.337320 21.584020
132 202697 53.296200 34.941790
132 203099 35.855410 18.734450
132 203521 45.729870 25.958920
132 2738 74.680650 39.035710
132 2571 42.986310 19.349840
132 2733 77.369780 24.520500
132 203105 58.626910 14.138670
132 203084 80.928600 26.648770
144 -1 75.114940 25.588740
144 2210 47.058170 19.886740
144 2760 44.824950 21.627140
144 202697 52.489420 35.549720
144 203099 34.653660 19.222490
144 203521 45.380090 25.878520
144 2738 73.390950 39.310170
144 2571 41.395270 20.112700
144 2733 76.615460 24.352630
144 203105 57.290210 14.225860
144 203084 79.321160 27.357260
156 -1 74.587380 25.532800
156 2210 46.251570 20.209400
156 2760 43.364450 21.635050
156 202697 51.722820 36.195120
156 203099 33.497320 19.731570
156 203521 45.005530 25.770760
156 2738 72.012540 39.573230
156 2571 39.815540 20.811480
156 2733 75.863500 24.303220
156 203105 55.990080 14.317740
156 203084 77.628730 28.097760
168 -1 73.981460 25.567950
168 2210 45.425080 20.558420
168 2760 41.971990 21.614720
168 202697 50.945570 36.829570
168 203099 32.358920 20.317880
168 203521 44.666570 25.646410
168 2738 70.551360 39.752850
168 2571 38.309960 21.654540
168 2733 75.118920 24.202720
168 203105 54.733010 14.383760
168 203084 75.918200 28.768470
180 -1 73.400140 25.458410
180 2210 44.621170 20.932280
180 2760 40.642150 21.560180
180 202697 50.154230 37.434790
180 203099 31.181280 20.920860
180 203521 44.359730 25.504160
180 2738 69.085740 39.883100
180 2571 36.823240 22.582800
180 2733 74.354680 24.035530
180 203105 53.446120 14.429160
180 203084 74.154110 29.389400
192 -1 73.038740 25.423620
192 2210 43.811330 21.352120
192 2760 39.383800 21.484410
192 202697 49.359850 38.017050
192 203099 30.000880 21.561010
192 203521 44.072120 25.415970
192 2738 67.552890 39.938340
192 2571 35.354860 23.565730
192 2733 73.578810 23.925900
192 203105 52.168060 14.489480
192 203084 72.395430 29.935530
204 -1 72.371360 25.405550
204 2210 43.000760 21.788160
204 2760 38.202940 21.372280
204 202697 48.576900 38.513570
204 203099 28.797900 22.223290
204 203521 43.765890 25.341510
204 2738 65.935610 39.893250
204 2571 33.921920 24.586140
204 2733 72.770030 23.877550
204 203105 50.969690 14.583840
204 203084 70.648320 30.549620
216 -1 71.439740 25.062460
216 2210 42.197030 22.251430
216 2760 37.024780 21.250650
216 202697 47.783660 38.930990
216 203099 27.596060 22.972450
216 203521 43.462460 25.267950
216 2738 64.283870 39.756070
216 2571 32.573120 25.619790
216 2733 71.988960 23.707760
216 203105 49.763580 14.714660
216 203084 68.881640 31.024530
228 -1 70.172590 24.811140
228 2210 41.395770 22.757300
228 2760 35.835380 21.102470
228 202697 46.988910 39.238470
228 203099 26.462550 23.742870
228 203521 43.107830 25.194530
228 2738 62.594670 39.533630
228 2571 31.229250 26.605920
228 2733 71.156180 23.553610
228 203105 48.578800 14.890610
228 203084 67.071120 31.488820
240 -1 68.842480 24.445920
240 2210 40.573250 23.260670
240 2760 34.757130 20.892810
240 202697 46.173100 39.422350
240 203099 25.441650 24.538710
240 203521 42.783900 25.102270
240 2738 60.840670 39.180440
240 2571 29.925080 27.573600
240 2733 70.302270 23.440900
240 203105 47.459800 15.092770
240 203084 65.228930 31.948860
252 -1 67.912030 24.244910
252 2210 39.738130 23.776030
252 2760 33.703190 20.707100
252 202697 45.339030 39.486690
252 203099 24.474090 25.312260
252 203521 42.490280 24.933710
252 2738 59.074230 38.696380
252 2571 28.736760 28.435520
252 2733 69.415740 23.287380
252 203105 46.340010 15.334220
252 203084 63.402960 32.419380
264 -1 66.683350 24.101310
264 2210 38.915710 24.299620
264 2760 32.681670 20.551410
264 202697 44.502470 39.409540
264 203099 23.557620 26.086500
264 203521 42.225990 24.709000
264 2738 57.318800 38.100190
264 2571 27.471360 29.315430
264 2733 68.495150 23.158550
264 203105 45.197810 15.589810
264 203084 61.538020 32.795060
276 -1 65.811350 23.765710
276 2210 38.106340 24.819200
276 2760 31.742970 20.424850
276 202697 43.659280 39.134690
276 203099 22.626220 26.812300
276 203521 41.970300 24.472500
276 2738 55.557730 37.381950
276 2571 26.261570 30.201040
276 2733 67.440940 23.077500
276 203105 44.110420 15.896180
276 203084 59.647030 33.150030
288 -1 66.096570 24.242650
288 2210 37.285680 25.353580
288 2760 30.928760 20.391270
288 202697 42.822040 38.698900
288 203099 21.657180 27.547090
288 203521 41.719600 24.222990
288 2738 53.811040 36.582300
288 2571 25.083840 31.138270
288 2733 66.386160 22.959040
288 203105 43.066960 16.285280
288 203084 57.827630 33.501950
300 -1 65.352140 24.141220
300 2210 36.466160 25.893740
300 2760 30.144190 20.453710
300 202697 41.987460 38.094260
300 203099 20.668790 28.203140
300 203521 41.417800 23.998000
300 2738 52.098690 35.699420
300 2571 23.953030 32.030980
300 2733 65.321300 22.827450
300 203105 42.032620 16.725380
300 203084 56.048720 33.797520
312 -1 63.819090 23.969970
312 2210 35.646450 26.415150
312 2760 29.431550 20.604170
312 202697 41.147120 37.318750
312 203099 19.699930 28.853330
312 203521 41.088280 23.800250
312 2738 50.381330 34.776450
312 2571 22.784800 32.963600
312 2733 64.217250 22.671310
312 203105 41.057750 17.200340
312 203084 54.242590 34.067520
324 -1 61.488710 23.177530
324 2210 34.828340 26.942830
324 2760 28.795710 20.814590
324 202697 40.311650 36.451480
324 203099 18.790550 29.559970
324 203521 40.732150 23.620760
324 2738 48.720270 33.828260
324 2571 21.744060 33.822370
324 2733 63.115560 22.402780
324 203105 40.093480 17.721080
324 203084 52.498000 34.321340
336 -1 60.545580 23.195250
336 2210 34.004650 27.471340
336 2760 28.233480 21.152510
336 202697 39.505500 35.509330
336 203099 17.967640 30.291620
336 203521 40.399370 23.420570
336 2738 47.102360 32.800720
336 2571 20.689270 34.688910
336 2733 62.025710 22.168390
336 203105 39.113010 18.210370
336 203084 50.783550 34.601760
348 -1 59.983380 23.156190
348 2210 33.188950 27.971740
348 2760 27.719850 21.512060
348 202697 38.708100 34.456500
348 203099 17.229530 30.932160
348 203521 40.071230 23.196900
348 2738 45.513430 31.731460
348 2571 19.711360 35.529930
348 2733 60.871290 21.980970
348 203105 38.168280 18.705900
348 203084 49.026050 34.876040
360 -1 58.966550 23.081300
360 2210 32.339960 28.491480
360 2760 27.263210 21.915620
360 202697 37.892020 33.358920
360 203099 16.539630 31.614650
360 203521 39.732170 22.921290
360 2738 43.947530 30.649030
360 2571 18.809840 36.372730
360 2733 59.710630 21.783780
360 203105 37.278180 19.229300
360 203084 47.278990 35.107070
372 -1 57.822250 22.937240
372 2210 31.507040 28.975440
372 2760 26.848060 22.338230
372 202697 37.093020 32.224500
372 203099 15.876400 32.262190
372 203521 39.376180 22.629390
372 2738 42.461160 29.528240
372 2571 17.976040 37.216220
372 2733 58.525840 21.612450
372 203105 36.404240 19.776600
372 203084 45.557550 35.262600
384 -1 55.923140 22.265670
384 2210 30.674590 29.435970
384 2760 26.440070 22.866960
384 202697 36.319140 31.037400
384 203099 15.191210 32.870900
384 203521 39.002340 22.316960
384 2738 40.927860 28.366070
384 2571 17.191170 38.049540
384 2733 57.307800 21.419670
384 203105 35.565020 20.361580
384 203084 43.815170 35.372500
396 -1 54.096620 21.273370
396 2210 29.806080 29.905200
396 2760 26.059310 23.337910
396 202697 35.590710 29.825050
396 203099 14.495510 33.417300
396 203521 38.578080 22.010750
396 2738 39.476620 27.221200
396 2571 16.480140 38.842980
396 2733 56.063180 21.118420
396 203105 34.787390 20.961850
396 203084 42.089590 35.437030
408 -1 52.971030 20.600550
408 2210 29.005050 30.284460
408 2760 25.676840 23.819720
408 202697 34.741970 28.480560
408 203099 13.798070 33.999690
408 203521 38.125410 21.715590
408 2738 38.073840 26.072910
408 2571 15.815900 39.584910
408 2733 54.864030 20.854060
408 203105 33.971330 21.546680
408 203084 40.416550 35.468730
420 -1 51.907320 19.981520
420 2210 28.193860 30.544300
420 2760 25.276540 24.277010
420 202697 34.032160 27.203770
420 203099 13.144040 34.587330
420 203521 37.673670 21.453330
420 2738 36.646070 24.873530
420 2571 15.199280 40.312790
420 2733 53.669520 20.631940
420 203105 33.124640 22.130090
420 203084 38.753010 35.506600
432 -1 50.743960 19.456890
432 2210 27.361180 30.877810
432 2760 24.884380 24.681290
432 202697 33.476110 25.942120
432 203099 12.541720 35.206480
432 203521 37.229590 21.196140
432 2738 35.253950 23.725290
432 2571 14.669070 41.021090
432 2733 52.484910 20.391600
432 203105 32.415790 22.710670
432 203084 37.130870 35.557440
444 -1 49.703680 18.889820
444 2210 26.498940 31.121150
444 2760 24.525830 25.030120
444 202697 32.893520 24.713750
444 203099 12.023640 35.785750
444 203521 36.798480 20.952330
444 2738 33.935150 22.622060
444 2571 14.229550 41.711970
444 2733 51.330660 20.168080
444 203105 31.724050 23.213200
444 203084 35.556370 35.564130
456 -1 48.623620 18.601240
456 2210 25.610210 31.287230
456 2760 24.202850 25.365600
456 202697 32.214680 23.511390
456 203099 11.573560 36.373570
456 203521 36.372630 20.705120
456 2738 32.574530 21.540570
456 2571 13.865850 42.375040
456 2733 50.165320 19.969360
456 203105 31.019910 23.709530
456 203084 34.076490 35.572990
468 -1 47.595010 18.400500
468 2210 24.684360 31.413340
468 2760 23.888350 25.601990
468 202697 31.586850 22.470330
468 203099 11.130690 36.959130
468 203521 35.974840 20.458640
468 2738 31.199230 20.497740
468 2571 13.568750 43.026050
468 2733 48.991430 19.744310
468 203105 30.379130 24.203830
468 203084 32.706680 35.517090
480 -1 46.653520 18.441460
480 2210 23.859060 31.524930
480 2760 23.613680 25.837770
480 202697 30.795560 21.440370
480 203099 10.715010 37.506840
480 203521 35.587870 20.247180
480 2738 29.903140 19.513010
480 2571 13.315580 43.639460
480 2733 47.834390 19.513150
480 203105 29.818790 24.711630
480 203084 31.601900 35.434250
492 -1 45.198760 18.356100
492 2210 23.145590 31.593810
492 2760 23.373040 26.133210
492 202697 29.791240 20.460170
492 203099 10.328840 38.010500
492 203521 35.214430 20.103520
492 2738 28.530470 18.502270
492 2571 13.110640 44.209570
492 2733 46.699660 19.297510
492 203105 29.215400 25.274240
492 203084 30.834300 35.407720
504 -1 43.789260 18.189790
504 2210 22.490700 31.549460
504 2760 23.279490 26.493320
504 202697 28.689880 19.545170
504 203099 9.973240 38.499420
504 203521 34.826970 20.018170
504 2738 27.147150 17.559300
504 2571 12.973410 44.787800
504 2733 45.564680 19.116020
504 203105 28.662950 25.842320
504 203084 30.375940 35.404300
516 -1 42.989650 18.034170
516 2210 22.066420 31.425400
516 2760 23.174870 26.835110
516 202697 27.515980 18.727590
516 203099 9.673180 38.947960
516 203521 34.437070 19.972390
516 2738 25.828790 16.674710
516 2571 12.928990 45.323990
516 2733 44.522970 19.079460
516 203105 28.125440 26.399600
516 203084 30.196330 35.375060
528 -1 42.225670 18.678630
528 2210 21.850140 31.287350
528 2760 23.124930 27.147480
528 202697 26.291600 17.947030
528 203099 9.520340 39.377710
528 203521 34.039970 19.949500
528 2738 24.558320 15.940870
528 2571 12.921360 45.722070
528 2733 43.439140 19.221150
528 203105 27.681310 26.980440
528 203084 30.277100 35.368950
540 -1 41.864610 19.605580
540 2210 21.785410 31.181550
540 2760 23.092030 27.347770
540 202697 25.016450 17.238430
540 203099 9.466770 39.804370
540 203521 33.643470 19.956560
540 2738 23.219320 15.241900
540 2571 13.042680 46.147210
540 2733 42.286580 19.563680
540 203105 27.237580 27.536360
540 203084 30.613340 35.315480
552 -1 40.358870 21.486850
552 2210 21.865580 30.714030
552 2760 23.101510 27.741810
552 202697 23.688600 16.596020
552 203099 9.541720 40.162260
552 203521 33.230030 19.978260
552 2738 21.945120 14.534430
552 2571 13.196870 46.538030
552 2733 41.119420 20.028310
552 203105 26.725370 27.877260
552 203084 31.026130 35.175470
564 -1 38.061500 25.326530
564 2210 22.120610 30.028530
564 2760 23.068660 28.334940
564 202697 22.362450 16.020200
564 203099 9.713680 40.520000
564 203521 32.795300 20.061260
564 2738 20.723440 13.825830
564 2571 13.362020 46.856510
564 2733 39.961840 20.662120
564 203105 26.232640 28.197370
564 203084 31.486660 34.983580
576 -1 36.105760 28.960560
576 2210 22.384240 29.374320
576 2760 23.283800 28.861910
576 202697 21.058840 15.487540
576 203099 9.973470 40.879410
576 203521 32.305300 20.275590
576 2738 19.498800 13.152960
576 2571 13.554170 47.124440
576 2733 38.763440 21.409420
576 203105 25.827880 28.617630
576 203084 31.990980 34.753310
588 -1 33.993690 32.670430
588 2210 22.642710 28.703200
588 2760 23.568470 29.320650
588 202697 19.792670 15.045480
588 203099 10.253980 41.202880
588 203521 31.774820 20.677480
588 2738 18.289630 12.388690
588 2571 13.830130 47.524690
588 2733 37.562720 22.216410
588 203105 25.311200 29.077010
588 203084 32.520000 34.422870
600 -1 33.943890 33.498370
600 2210 23.015960 28.026010
600 2760 23.694880 29.877060
600 202697 18.567600 14.543290
600 203099 10.552350 41.506050
600 203521 31.235150 21.245070
600 2738 17.211730 11.696100
600 2571 14.056510 47.945550
600 2733 36.371160 23.038230
600 203105 24.763930 29.562580
600 203084 32.945680 34.060580
612 -1 34.608850 33.553980
612 2210 23.345360 27.580990
612 2760 23.627970 30.277000
612 202697 17.381960 14.041210
612 203099 10.849090 41.830350
612 203521 30.640220 21.924960
612 2738 16.164000 11.122780
612 2571 14.290160 48.301300
612 2733 35.116610 24.001550
612 203105 24.295620 29.877080
612 203084 33.293320 33.603570
624 -1 35.037680 32.536290
624 2210 23.633820 27.419060
624 2760 23.425690 30.356490
624 202697 16.201150 13.453850
624 203099 11.171040 42.091780
624 203521 30.036200 22.772310
624 2738 15.142340 10.568650
624 2571 14.580540 48.570080
624 2733 33.803680 25.073090
624 203105 23.920440 30.098660
624 203084 33.582700 33.010970
636 -1 35.459840 32.023410
636 2210 23.942730 27.170870
636 2760 22.982190 30.466120
636 202697 15.171930 12.991930
636 203099 11.504890 42.296800
636 203521 29.455900 23.766470
636 2738 14.164320 10.040290
636 2571 14.899940 48.737890
636 2733 32.490550 26.191980
636 203105 23.526930 30.109640
636 203084 33.857880 32.317070
648 -1 35.793900 31.661070
648 2210 24.211130 26.854080
648 2760 22.411770 30.706200
648 202697 14.177220 12.592100
648 203099 11.879250 42.449330
648 203521 28.848120 24.753380
648 2738 13.277970 9.536750
648 2571 15.214260 48.768560
648 2733 31.177340 27.300630
648 203105 23.115980 29.896820
648 203084 34.035790 31.559300
660 -1 35.871890 30.953700
660 2210 24.301800 26.393360
660 2760 21.885690 30.924060
660 202697 13.256420 12.363140
660 203099 12.337840 42.480700
660 203521 28.137070 25.745580
660 2738 12.488380 9.063120
660 2571 15.557410 48.549120
660 2733 29.873640 28.420780
660 203105 22.696580 29.469910
660 203084 34.141720 30.702200
672 -1 35.870160 30.288340
672 2210 24.327390 25.831040
672 2760 21.379590 30.961980
672 202697 12.455540 12.302930
672 203099 12.843150 42.434550
672 203521 27.406250 26.810200
672 2738 11.815480 8.625410
672 2571 15.945470 48.189070
672 2733 28.632690 29.548820
672 203105 22.245270 29.296770
672 203084 34.265660 29.774710
684 -1 35.950650 29.115490
684 2210 24.348280 25.234930
684 2760 21.014650 30.824630
684 202697 11.828740 12.408600
684 203099 13.369980 42.366190
684 203521 26.643040 27.761070
684 2738 11.306840 8.250440
684 2571 16.323660 47.843980
684 2733 27.232260 30.696260
684 203105 21.707220 29.258180
684 203084 34.347970 28.798890
696 -1 35.707920 27.424580
696 2210 24.312830 24.636380
696 2760 20.594040 30.668700
696 202697 11.272100 12.459080
696 203099 13.928160 42.245400
696 203521 25.810350 28.480420
696 2738 10.971500 7.967190
696 2571 16.649720 47.571490
696 2733 25.776420 31.788750
696 203105 21.173600 29.080660
696 203084 34.334940 27.837380
708 -1 35.396790 25.995740
708 2210 24.232430 24.053960
708 2760 20.275010 30.381600
708 202697 10.873500 12.522980
708 203099 14.516060 42.047560
708 203521 24.897070 29.398100
708 2738 10.813640 7.846740
708 2571 16.971650 47.313360
708 2733 24.324030 33.037790
708 203105 20.720640 28.774980
708 203084 34.306900 26.902370
720 -1 35.095580 24.519330
720 2210 24.124320 23.491470
720 2760 20.009420 30.016320
720 202697 10.604840 12.520830
720 203099 15.078240 41.831810
720 203521 23.972160 30.239660
720 2738 10.865830 7.902620
720 2571 17.297930 47.157000
720 2733 22.793480 34.204480
720 203105 20.369640 28.478970
720 203084 34.227560 26.003080
732 -1 35.206420 23.690910
732 2210 23.990810 22.937050
732 2760 19.904200 29.561610
732 202697 10.451950 12.397670
732 203099 15.639310 41.556040
732 203521 22.937370 30.949760
732 2738 11.217870 8.045420
732 2571 17.578320 47.162170
732 2733 21.193430 35.348580
732 203105 20.067180 28.095630
732 203084 34.115490 25.088860
744 -1 35.324100 23.162960
744 2210 23.800100 22.346680
744 2760 19.716910 29.186040
744 202697 10.503150 12.325210
744 203099 16.121710 41.238650
744 203521 21.867230 31.622540
744 2738 11.876390 8.288520
744 2571 17.857410 47.151220
744 2733 19.753960 36.385700
744 203105 19.665110 27.536620
744 203084 33.987870 24.251130
756 -1 35.264190 22.626020
756 2210 23.610480 21.791340
756 2760 19.630590 28.740050
756 202697 10.808520 12.269110
756 203099 16.607820 40.938030
756 203521 20.767190 32.330810
756 2738 12.774310 8.554260
756 2571 18.145460 47.110950
756 2733 18.277570 37.378140
756 203105 19.380160 27.028690
756 203084 33.855590 23.388030
768 -1 35.314150 22.042340
768 2210 23.440720 21.295830
768 2760 19.342940 28.235160
768 202697 11.392470 12.192610
768 203099 17.026220 40.672940
768 203521 19.693920 32.706890
768 2738 13.892940 8.893620
768 2571 18.397780 47.069920
768 2733 16.793590 38.192810
768 203105 19.234650 26.648560
768 203084 33.693160 22.545390
780 -1 34.712380 20.994160
780 2210 23.306900 20.875050
780 2760 19.209520 27.792150
780 202697 12.244190 12.114020
780 203099 17.371970 40.374890
780 203521 18.613320 32.975030
780 2738 15.226400 9.175260
780 2571 18.624720 46.991410
780 2733 15.388470 39.084680
780 203105 19.000120 26.246890
780 203084 33.517850 21.752270
792 -1 33.887810 19.667230
792 2210 23.235930 20.505500
792 2760 19.019260 27.361450
792 202697 13.378110 12.158080
792 203099 17.633920 40.048750
792 203521 17.635050 33.202970
792 2738 16.731140 9.466240
792 2571 18.841090 46.860010
792 2733 14.008200 39.933590
792 203105 18.960230 25.809700
792 203084 33.276460 21.030500
804 -1 33.536380 18.710160
804 2210 23.222100 20.133510
804 2760 18.845960 26.916530
804 202697 14.702200 12.232110
804 203099 17.887510 39.675560
804 203521 16.703170 33.408320
804 2738 18.374800 9.801940
804 2571 19.014460 46.714220
804 2733 12.662700 40.863630
804 203105 19.162440 25.350820
804 203084 33.043320 20.278540
816 -1 33.600690 18.265930
816 2210 23.257420 19.716420
816 2760 18.674360 26.500360
816 202697 16.127930 12.364700
816 203099 18.017500 39.250410
816 203521 15.858560 33.561180
816 2738 20.152790 10.175760
816 2571 19.180950 46.555770
816 2733 11.416420 41.853910
816 203105 19.317750 24.981670
816 203084 32.828840 19.574630
828 -1 33.804540 18.088050
828 2210 23.312160 19.297440
828 2760 18.668860 26.215180
828 202697 17.704090 12.666270
828 203099 18.088340 38.812330
828 203521 15.085990 33.684400
828 2738 22.043240 10.570170
828 2571 19.365190 46.308100
828 2733 10.208490 42.807620
828 203105 19.429290 24.648300
828 203084 32.620230 18.920460
840 -1 33.690750 17.752990
840 2210 23.364330 18.902100
840 2760 18.603340 25.898710
840 202697 19.377240 13.137830
840 203099 18.145030 38.419050
840 203521 14.373670 33.855530
840 2738 23.965330 11.123830
840 2571 19.533940 45.975000
840 2733 9.056910 43.676310
840 203105 19.674590 24.398800
840 203084 32.411680 18.256410
852 -1 32.899280 17.230810
852 2210 23.392420 18.523730
852 2760 18.589850 25.678980
852 202697 21.124320 13.719740
852 203099 18.189500 38.099990
852 203521 13.709380 34.029810
852 2738 25.855250 11.744590
852 2571 19.719670 45.609150
852 2733 8.036170 44.447910
852 203105 19.774850 24.230510
852 203084 32.189600 17.613710
864 -1 32.218780 16.282540
864 2210 23.392040 18.207480
864 2760 18.588700 25.519800
864 202697 22.801640 14.455170
864 203099 18.233310 37.844400
864 203521 13.062860 34.231270
864 2738 27.629220 12.421370
864 2571 19.963720 45.285830
864 2733 7.083880 45.164520
864 203105 19.837660 24.173480
864 203084 31.860210 17.079170
876 -1 32.020230 15.624960
876 2210 23.285810 17.905370
876 2760 18.614890 25.423190
876 202697 24.534710 15.283950
876 203099 18.316830 37.660200
876 203521 12.448890 34.503320
876 2738 29.305880 13.106010
876 2571 20.293140 45.071690
876 2733 6.198860 45.821140
876 203105 19.908790 24.136860
876 203084 31.370980 16.575950
888 -1 31.491840 15.624050
888 2210 23.096810 17.583180
888 2760 18.655650 25.328600
888 202697 26.176500 16.247480
888 203099 18.444370 37.532610
888 203521 11.887960 34.881180
888 2738 30.873680 13.891600
888 2571 20.747460 44.894460
888 2733 5.394370 46.503970
888 203105 19.996560 24.131050
888 203084 30.958700 16.149650
900 -1 32.799630 15.258770
900 2210 22.834230 17.255970
900 2760 18.710810 25.229930
900 202697 27.693520 17.261100
900 203099 18.625750 37.454550
900 203521 11.401820 35.284340
900 2738 32.224210 14.784100
900 2571 21.325020 44.758480
900 2733 4.702700 46.989270
900 203105 20.119960 24.079410
900 203084 30.503150 15.723370
912 -1 34.389840 15.421280
912 2210 22.482840 16.978050
912 2760 18.841210 25.080210
912 202697 29.038870 18.369580
912 203099 18.903400 37.416740
912 203521 10.981960 35.667200
912 2738 33.340650 15.839420
912 2571 22.000380 44.581660
912 2733 4.056940 47.397460
912 203105 20.305970 23.944770
912 203084 29.943650 15.185700
924 -1 35.552210 16.684900
924 2210 22.040100 16.703420
924 2760 19.155580 25.000650
924 202697 30.270140 19.517650
924 203099 19.330230 37.362450
924 203521 10.639430 36.009720
924 2738 34.273900 17.031850
924 2571 22.712010 44.296050
924 2733 3.541780 47.654420
924 203105 20.524520 23.739490
924 203084 29.362060 14.698670
936 -1 36.680460 18.513940
936 2210 21.594700 16.455590
936 2760 19.412420 24.875320
936 202697 31.241550 20.784350
936 203099 19.874010 37.244900
936 203521 10.353790 36.337250
936 2738 34.997260 18.498080
936 2571 23.414760 43.750220
936 2733 3.115710 47.858680
936 203105 20.724730 23.415700
936 203084 28.829640 14.162890
948 -1 37.123350 20.703240
948 2210 21.102700 16.219450
948 2760 19.667470 24.676510
948 202697 32.095750 21.961050
948 203099 20.486310 37.063100
948 203521 10.106720 36.633230
948 2738 35.370690 20.048940
948 2571 24.308170 43.054030
948 2733 2.853760 47.866780
948 203105 21.025490 22.952250
948 203084 28.090680 13.488090
960 -1 36.982730 22.942790
960 2210 20.575510 15.935510
960 2760 19.979000 24.495760
960 202697 32.853800 23.334610
960 203099 21.133490 36.830660
960 203521 9.891240 36.894880
960 2738 35.547440 21.602210
960 2571 25.322390 42.392500
960 2733 2.629070 47.943260
960 203105 21.311310 22.531970
960 203084 27.289930 12.742610
972 -1 37.531660 24.336110
972 2210 20.031860 15.624460
972 2760 20.320930 24.369920
972 202697 33.502520 24.704500
972 203099 21.800120 36.561620
972 203521 9.690060 37.157260
972 2738 35.601870 23.110980
972 2571 26.446030 41.771630
972 2733 2.543880 48.027220
972 203105 21.672320 22.317680
972 203084 26.468720 12.046920
984 -1 37.873610 24.943050
984 2210 19.497890 15.325930
984 2760 20.580620 24.197420
984 202697 34.025950 25.997690
984 203099 22.448900 36.249230
984 203521 9.526990 37.383050
984 2738 35.490480 24.521100
984 2571 27.698280 41.166180
984 2733 2.513880 48.068560
984 203105 22.160260 22.113990
984 203084 25.583850 11.250250
996 -1 37.559410 25.246800
996 2210 18.953940 15.069380
996 2760 20.964540 24.022640
996 202697 34.392790 27.222130
996 203099 23.087120 35.802220
996 203521 9.395970 37.519420
996 2738 35.324540 25.777670
996 2571 29.093270 40.610960
996 2733 2.548850 48.239880
996 203105 22.873160 21.998230
996 203084 24.614610 10.449110
1008 -1 37.308300 26.737500
1008 2210 18.431590 14.810480
1008 2760 21.409320 23.828150
1008 202697 34.568690 28.412810
1008 203099 23.775350 35.122000
1008 203521 9.269890 37.606640
1008 2738 35.194100 26.809910
1008 2571 30.413860 40.102840
1008 2733 2.613340 48.412050
1008 203105 23.592060 22.236470
1008 203084 23.596580 9.688510
1020 -1 37.234030 27.821330
1020 2210 17.880180 14.619230
1020 2760 21.863000 23.686640
1020 202697 34.549750 29.326930
1020 203099 24.408360 34.409980
1020 203521 9.174450 37.626490
1020 2738 35.011310 27.559720
1020 2571 31.749640 39.466070
1020 2733 2.765330 48.414840
1020 203105 24.389900 22.552540
1020 203084 22.512860 8.992980
1032 -1 36.680450 27.468650
1032 2210 17.293410 14.494790
1032 2760 22.298870 23.534330
1032 202697 34.224760 30.139880
1032 203099 24.977520 33.645220
1032 203521 9.108420 37.597180
1032 2738 34.806290 28.057060
1032 2571 33.068270 38.680230
1032 2733 2.897910 48.427990
1032 203105 25.126360 22.778790
1032 203084 21.395580 8.342890
1044 -1 36.317410 27.005780
1044 2210 16.690250 14.373300
1044 2760 22.766810 23.341200
1044 202697 33.716850 30.778260
1044 203099 25.484170 32.746870
1044 203521 9.040810 37.557020
1044 2738 34.568100 28.313600
1044 2571 34.384450 37.742500
1044 2733 3.066370 48.478560
1044 203105 25.740460 23.084410
1044 203084 20.270050 7.703140
1056 -1 34.756950 26.723010
1056 2210 16.093630 14.204990
1056 2760 23.238340 23.153520
1056 202697 33.004030 31.163260
1056 203099 25.964600 31.820660
1056 203521 8.972690 37.547360
1056 2738 34.208480 28.182410
1056 2571 35.632150 36.694830
1056 2733 3.268040 48.305380
1056 203105 26.222890 23.405290
1056 203084 19.166690 7.133650
1068 -1 33.824470 26.805150
1068 2210 15.478850 14.048200
1068 2760 23.720880 23.083220
1068 202697 32.016410 31.340990
1068 203099 26.427100 31.041500
1068 203521 8.912010 37.519020
1068 2738 33.727550 27.740670
1068 2571 36.684540 35.560730
1068 2733 3.411310 48.122920
1068 203105 26.635350 23.639130
1068 203084 18.122890 6.586570
1080 -1 33.001740 25.900330
1080 2210 14.869670 13.883390
1080 2760 24.173190 22.811180
1080 202697 30.709230 31.396500
1080 203099 26.818930 30.071370
1080 203521 8.859280 37.529160
1080 2738 33.267700 27.030840
1080 2571 37.552590 34.338670
1080 2733 3.599130 48.305010
1080 203105 26.944000 23.883980
1080 203084 17.114700 6.105480
1092 -1 32.517860 24.305130
1092 2210 14.300180 13.681020
1092 2760 24.587900 22.402020
1092 202697 29.354290 31.165050
1092 203099 27.156520 29.004810
1092 203521 8.820110 37.559600
1092 2738 32.899310 26.175140
1092 2571 38.272980 33.128470
1092 2733 3.794610 48.358830
1092 203105 27.201170 24.206430
1092 203084 16.125460 5.672060
1104 -1 31.911780 22.351720
1104 2210 13.707140 13.622460
1104 2760 24.807420 21.933810
1104 202697 28.100990 30.719910
1104 203099 27.466480 28.192180
1104 203521 8.792450 37.577680
1104 2738 32.403050 25.123180
1104 2571 38.808300 32.094030
1104 2733 4.005280 48.256870
1104 203105 27.340460 24.638500
1104 203084 15.157510 5.252220
1116 -1 31.709680 21.294030
1116 2210 13.056090 13.634370
1116 2760 24.870240 21.374730
1116 202697 26.814440 30.106510
1116 203099 27.784870 27.562400
1116 203521 8.776030 37.556530
1116 2738 31.899140 23.965060
1116 2571 39.193460 31.367290
1116 2733 4.284720 48.156040
1116 203105 27.253470 25.101510
1116 203084 14.195470 4.803950
1128 -1 31.447510 20.554990
1128 2210 12.398330 13.566910
1128 2760 24.806710 20.653480
1128 202697 25.632810 29.387390
1128 203099 27.906470 27.002020
1128 203521 8.789120 37.510780
1128 2738 31.456130 22.644470
1128 2571 39.476700 30.936840
1128 2733 4.661680 48.078880
1128 203105 26.982880 25.560000
1128 203084 13.221930 4.397100
1140 -1 31.176320 19.651290
1140 2210 11.754030 13.450070
1140 2760 24.575860 19.907920
1140 202697 24.619840 28.529800
1140 203099 28.037870 26.720180
1140 203521 8.830750 37.400950
1140 2738 30.923700 21.264070
1140 2571 39.637020 30.792030
1140 2733 5.012310 47.788960
1140 203105 26.571310 26.082770
1140 203084 12.286970 4.007670
1152 -1 30.700600 18.903920
1152 2210 11.105530 13.290980
1152 2760 24.183230 19.234530
1152 202697 23.748530 27.602690
1152 203099 28.163300 26.638630
1152 203521 8.886270 37.212270
1152 2738 30.209000 19.806690
1152 2571 39.658610 30.931770
1152 2733 5.436250 47.598680
1152 203105 25.937280 26.503730
1152 203084 11.403110 3.665590
1164 -1 29.775480 17.193940
1164 2210 10.484440 12.969320
1164 2760 23.754150 18.683240
1164 202697 22.751800 26.593110
1164 203099 28.231420 26.569180
1164 203521 9.000870 36.847950
1164 2738 29.589450 18.351020
1164 2571 39.543140 31.235220
1164 2733 5.905970 47.554010
1164 203105 25.102020 26.758510
1164 203084 10.566190 3.341880
1176 -1 28.751170 15.618600
1176 2210 9.888000 12.657120
1176 2760 23.248830 18.109120
1176 202697 21.910240 25.639460
1176 203099 28.184870 26.592720
1176 203521 9.137130 36.227360
1176 2738 28.943970 16.933650
1176 2571 39.301320 31.624680
1176 2733 6.330130 47.562320
1176 203105 24.113400 27.077940
1176 203084 9.767540 3.069190
1188 -1 27.904200 14.010350
1188 2210 9.330380 12.430250
1188 2760 22.634780 17.467000
1188 202697 21.121680 24.760030
1188 203099 28.188730 26.757550
1188 203521 9.301500 35.539530
1188 2738 28.300250 15.680820
1188 2571 38.986360 32.062330
1188 2733 6.737510 47.582200
1188 203105 22.993420 27.254810
1188 203084 9.012650 2.809840
1200 -1 28.009940 12.929940
1200 2210 8.776070 12.382930
1200 2760 22.057250 17.040530
1200 202697 20.396780 23.967230
1200 203099 28.160330 26.983580
1200 203521 9.430210 34.643520
1200 2738 27.696030 14.560570
1200 2571 38.586690 32.546240
1200 2733 7.145410 47.637570
1200 203105 21.676020 27.384320
1200 203084 8.301500 2.602870
1212 -1 27.177270 12.047300
1212 2210 8.258200 12.405180
1212 2760 21.467440 16.655080
1212 202697 19.610250 23.366830
1212 203099 28.026630 27.261650
1212 203521 9.562100 33.622540
1212 2738 27.119650 13.548100
1212 2571 38.130700 33.029100
1212 2733 7.546020 47.667340
1212 203105 20.302660 27.446170
1212 203084 7.677520 2.455460
1224 -1 25.968880 11.625000
1224 2210 7.815240 12.480510
1224 2760 20.840750 16.173110
1224 202697 18.809370 23.112400
1224 203099 27.769020 27.580590
1224 203521 9.681890 32.570350
1224 2738 26.637620 12.722980
1224 2571 37.638030 33.496390
1224 2733 7.962130 47.759050
1224 203105 18.862370 27.483860
1224 203084 7.166510 2.371040
1236 -1 25.500640 11.440460
1236 2210 7.407960 12.459430
1236 2760 20.243360 15.845400
1236 202697 17.961480 23.036120
1236 203099 27.386510 27.956850
1236 203521 9.822630 31.681490
1236 2738 26.240330 12.096780
1236 2571 37.144540 33.911600
1236 2733 8.403230 47.763300
1236 203105 17.469560 27.384220
1236 203084 6.772590 2.322450
1248 -1 25.652540 11.364200
1248 2210 7.034030 12.314900
1248 2760 19.674100 15.829070
1248 202697 17.020630 23.191570
1248 203099 26.927740 28.346270
1248 203521 9.989160 30.906830
1248 2738 25.904320 11.656040
1248 2571 36.658200 34.295850
1248 2733 8.848690 47.673230
1248 203105 16.074680 27.171470
1248 203084 6.494980 2.312530
1260 -1 26.293020 10.987840
1260 2210 6.754360 12.017990
1260 2760 19.029150 15.900540
1260 202697 16.070450 23.441610
1260 203099 26.447250 28.783690
1260 203521 10.169220 30.591040
1260 2738 25.696520 11.366370
1260 2571 36.212940 34.659670
1260 2733 9.262090 47.616360
1260 203105 14.791660 26.740200
1260 203084 6.334570 2.299680
1272 -1 26.069170 10.813410
1272 2210 6.529530 11.607300
1272 2760 18.389200 16.119940
1272 202697 15.079330 23.667210
1272 203099 26.024480 29.246770
1272 203521 10.334550 30.640480
1272 2738 25.548470 11.296030
1272 2571 35.827640 34.978830
1272 2733 9.640130 47.605660
1272 203105 13.580340 26.241820
1272 203084 6.253530 2.273950
1284 -1 25.230150 11.836710
1284 2210 6.335280 11.115830
1284 2760 17.795520 16.521010
1284 202697 14.171000 23.753150
1284 203099 25.727810 29.651230
1284 203521 10.540290 30.951010
1284 2738 25.411630 11.285580
1284 2571 35.528760 35.244600
1284 2733 9.912970 47.520410
1284 203105 12.516830 25.668560
1284 203084 6.252710 2.247480
1296 -1 24.672310 12.653410
1296 2210 6.211890 10.651630
1296 2760 17.195670 16.975400
1296 202697 13.294860 23.805160
1296 203099 25.563620 29.966310
1296 203521 10.889360 31.678580
1296 2738 25.386190 11.265860
1296 2571 35.307350 35.446250
1296 2733 10.104530 47.486140
1296 203105 11.562270 25.059340
1296 203084 6.318780 2.226570
1308 -1 24.654200 12.432850
1308 2210 6.137320 10.334340
1308 2760 16.639840 17.341140
1308 202697 12.511990 23.913760
1308 203099 25.502500 30.195040
1308 203521 11.234760 32.614460
1308 2738 25.442560 11.217480
1308 2571 35.170880 35.577500
1308 2733 10.245870 47.526320
1308 203105 10.724140 24.532800
1308 203084 6.427710 2.209940
1320 -1 24.954490 11.941380
1320 2210 6.104280 10.027310
1320 2760 16.215130 17.688480
1320 202697 11.817140 23.962050
1320 203099 25.536030 30.323450
1320 203521 11.528160 33.515980
1320 2738 25.497640 11.164470
1320 2571 35.133950 35.626040
1320 2733 10.335200 47.538490
1320 203105 9.960150 24.070860
1320 203084 6.569210 2.188300
1332 -1 25.061980 11.431450
1332 2210 6.115970 9.826890
1332 2760 16.043680 17.890650
1332 202697 11.262020 23.980270
1332 203099 25.631410 30.428550
1332 203521 11.748750 34.307610
1332 2738 25.587720 11.021570
1332 2571 35.202600 35.607630
1332 2733 10.325390 47.535030
1332 203105 9.273000 23.630300
1332 203084 6.735750 2.169320
1344 -1 25.150910 11.153400
1344 2210 6.178350 9.647590
1344 2760 16.059150 17.896860
1344 202697 10.824670 23.980790
1344 203099 25.739900 30.561080
1344 203521 11.800450 35.138290
1344 2738 25.691360 10.876200
1344 2571 35.335990 35.553570
1344 2733 10.283460 47.463720
1344 203105 8.735500 23.212890
1344 203084 6.901400 2.195640
1356 -1 25.109060 11.189340
1356 2210 6.298630 9.407130
1356 2760 16.402570 17.806740
1356 202697 10.445840 23.936240
1356 203099 25.845900 30.667710
1356 203521 11.604140 35.730410
1356 2738 25.717790 10.809970
1356 2571 35.488400 35.481920
1356 2733 10.243440 47.338070
1356 203105 8.302740 22.787390
1356 203084 7.050290 2.251410
1368 -1 25.009920 11.277090
1368 2210 6.440850 9.160690
1368 2760 17.010030 17.599210
1368 202697 10.090520 23.736700
1368 203099 25.927360 30.740820
1368 203521 11.277100 36.143160
1368 2738 25.627240 10.857800
1368 2571 35.630670 35.423710
1368 2733 10.186970 47.160870
1368 203105 7.997390 22.130410
1368 203084 7.187810 2.327190
1380 -1 24.910790 11.364830
1380 2210 6.584530 8.931510
1380 2760 17.801180 17.197880
1380 202697 9.724380 23.622870
1380 203099 25.978870 30.726150
1380 203521 10.894190 36.443720
1380 2738 25.554270 10.937290
1380 2571 35.733840 35.388110
1380 2733 10.180970 46.878250
1380 203105 7.866970 21.547220
1380 203084 7.327410 2.419750
1392 -1 24.544640 12.154770
1392 2210 6.723780 8.704900
1392 2760 18.588230 16.738960
1392 202697 9.374020 23.543850
1392 203099 26.020490 30.608110
1392 203521 10.505740 36.731930
1392 2738 25.458900 10.976210
1392 2571 35.772690 35.373330
1392 2733 10.298690 46.429280
1392 203105 7.859610 21.099800
1392 203084 7.494590 2.500250
1404 -1 25.160020 11.688110
1404 2210 6.846060 8.559100
1404 2760 19.411670 16.238480
1404 202697 8.995200 23.464260
1404 203099 26.072560 30.412090
1404 203521 10.146170 36.936030
1404 2738 25.341090 11.083110
1404 2571 35.772210 35.367970
1404 2733 10.496250 45.885210
1404 203105 7.993380 20.707690
1404 203084 7.695080 2.571840
1416 -1 25.437070 11.314490
1416 2210 6.955910 8.557520
1416 2760 20.157790 15.639430
1416 202697 8.611090 23.406140
1416 203099 26.123450 30.194440
1416 203521 9.817580 37.066200
1416 2738 25.218610 11.212370
1416 2571 35.755500 35.367740
1416 2733 10.766430 45.245370
1416 203105 8.216230 20.409350
1416 203084 7.941470 2.664640
1428 -1 25.085460 11.552080
1428 2210 7.079910 8.582510
1428 2760 20.939300 15.090580
1428 202697 8.323750 23.286470
1428 203099 26.151610 29.987890
1428 203521 9.552260 37.154690
1428 2738 25.114380 11.324690
1428 2571 35.732870 35.367950
1428 2733 11.107470 44.493500
1428 203105 8.442440 20.439000
1428 203084 8.236840 2.765930
1440 -1 23.842490 12.449030
1440 2210 7.216600 8.593540
1440 2760 21.646550 14.614240
1440 202697 8.115630 23.074890
1440 203099 26.140740 29.797870
1440 203521 9.404470 37.159160
1440 2738 24.941290 11.443360
1440 2571 35.712540 35.362750
1440 2733 11.479310 43.709980
1440 203105 8.689010 20.526050
1440 203084 8.555450 2.902420
1452 -1 21.900580 13.728370
1452 2210 7.375870 8.664420
1452 2760 22.276870 14.244760
1452 202697 8.068620 22.855780
1452 203099 26.006240 29.589050
1452 203521 9.352880 37.102750
1452 2738 24.806090 11.571050
1452 2571 35.702350 35.358840
1452 2733 11.839170 42.917160
1452 203105 8.932760 20.650260
1452 203084 8.892490 3.125630
1464 -1 19.992120 15.056040
1464 2210 7.558340 8.666440
1464 2760 22.888590 13.947950
1464 202697 8.034890 22.776130
1464 203099 25.661950 29.394490
1464 203521 9.429530 36.954840
1464 2738 24.758290 11.598110
1464 2571 35.703700 35.355640
1464 2733 12.224160 42.108540
1464 203105 9.078640 20.921310
1464 203084 9.277840 3.440610
1476 -1 18.075950 16.329050
1476 2210 7.787240 8.683780
1476 2760 23.384070 13.569990
1476 202697 8.133480 22.742110
1476 203099 25.146890 29.181240
1476 203521 9.647490 36.726100
1476 2738 24.817860 11.655290
1476 2571 35.740220 35.330580
1476 2733 12.625270 41.239690
1476 203105 9.161490 21.176910
1476 203084 9.710080 3.862520
1488 -1 16.365770 17.417330
1488 2210 8.075960 8.661360
1488 2760 23.717640 13.380870
1488 202697 8.288590 22.671580
1488 203099 24.488980 28.988650
1488 203521 10.034450 36.416010
1488 2738 24.961060 11.506140
1488 2571 35.810190 35.255430
1488 2733 13.024350 40.350200
1488 203105 9.413210 21.428370
1488 203084 10.204610 4.383730
1500 -1 14.337510 18.810240
1500 2210 8.356930 8.906150
1500 2760 24.010660 13.316040
1500 202697 8.438110 22.732070
1500 203099 23.719340 28.833680
1500 203521 10.580780 36.070010
1500 2738 25.197950 11.255230
1500 2571 35.932990 35.125110
1500 2733 13.401190 39.420850
1500 203105 9.610440 21.640090
1500 203084 10.651690 5.006290
1512 -1 12.594480 19.941810
1512 2210 8.757560 9.168100
1512 2760 24.338270 13.267610
1512 202697 8.493480 22.885330
1512 203099 22.901390 28.677880
1512 203521 11.212460 35.693150
1512 2738 25.505390 10.949310
1512 2571 36.116390 34.958060
1512 2733 13.759000 38.456490
1512 203105 9.749180 21.748290
1512 203084 11.081880 5.740490
1524 -1 10.760940 21.248670
1524 2210 9.192830 9.618310
1524 2760 24.661810 13.269480
1524 202697 8.615630 23.022990
1524 203099 22.098040 28.470640
1524 203521 11.770110 35.432230
1524 2738 25.866420 10.567140
1524 2571 36.391930 34.783990
1524 2733 14.164050 37.572380
1524 203105 9.818480 21.795150
1524 203084 11.581290 6.409410
1536 -1 9.050510 22.374400
1536 2210 9.587600 10.158690
1536 2760 25.034800 13.473490
1536 202697 8.715540 23.201990
1536 203099 21.284750 28.291980
1536 203521 12.376840 35.191840
1536 2738 26.321310 10.039850
1536 2571 36.716240 34.604570
1536 2733 14.651850 36.687620
1536 203105 9.900250 21.979290
1536 203084 12.183100 7.086930
1548 -1 7.277790 23.570510
1548 2210 9.951880 10.833660
1548 2760 25.441130 13.566130
1548 202697 8.712610 23.431300
1548 203099 20.511330 28.057980
1548 203521 13.024590 34.897060
1548 2738 26.878800 9.618730
1548 2571 37.112440 34.445350
1548 2733 15.188830 35.943170
1548 203105 9.909350 22.230200
1548 203084 12.785450 7.833080
1560 -1 5.422170 24.697480
1560 2210 10.362590 11.406290
1560 2760 25.825780 13.541380
1560 202697 8.717970 23.590910
1560 203099 19.771670 27.778170
1560 203521 13.718700 34.518260
1560 2738 27.560680 9.242230
1560 2571 37.569430 34.315800
1560 2733 15.813830 35.330510
1560 203105 9.998110 22.531300
1560 203084 13.534850 8.594590
1572 -1 5.008270 25.104820
1572 2210 10.685310 12.034650
1572 2760 26.189860 13.463610
1572 202697 8.715540 23.632840
1572 203099 19.070990 27.514550
1572 203521 14.355170 34.127300
1572 2738 28.339440 8.905330
1572 2571 38.077220 34.183670
1572 2733 16.585200 34.863280
1572 203105 10.213980 22.905790
1572 203084 14.458580 9.346020
1584 -1 5.245380 25.531070
1584 2210 11.013020 12.645920
1584 2760 26.459610 13.314050
1584 202697 8.705130 23.631770
1584 203099 18.432770 27.256700
1584 203521 14.968740 33.688400
1584 2738 29.164860 8.651050
1584 2571 38.590880 34.001020
1584 2733 17.475000 34.458500
1584 203105 10.496010 23.239580
1584 203084 15.353470 10.168010
1596 -1 5.604690 25.801500
1596 2210 11.397490 13.263350
1596 2760 26.751330 13.145810
1596 202697 8.777680 23.498770
1596 203099 17.906210 26.915010
1596 203521 15.422680 33.250410
1596 2738 29.986190 8.474540
1596 2571 39.146520 33.790630
1596 2733 18.440150 34.213430
1596 203105 10.845310 23.493520
1596 203084 16.252570 10.967530
1608 -1 5.834730 26.203440
1608 2210 11.742060 13.865200
1608 2760 27.030400 12.933760
1608 202697 8.993820 23.443240
1608 203099 17.494020 26.491770
1608 203521 15.678090 32.935890
1608 2738 30.807680 8.324770
1608 2571 39.742510 33.558050
1608 2733 19.461920 33.993020
1608 203105 11.199530 23.668190
1608 203084 17.252510 11.721820
1620 -1 6.189220 26.462570
1620 2210 12.091710 14.467260
1620 2760 27.335590 12.709080
1620 202697 9.358520 23.296030
1620 203099 17.243730 26.007910
1620 203521 15.715410 32.730940
1620 2738 31.599880 8.232320
1620 2571 40.350990 33.286700
1620 2733 20.495090 33.687260
1620 203105 11.599700 23.750410
1620 203084 18.341350 12.409870
1632 -1 6.813180 26.241480
1632 2210 12.569870 14.968110
1632 2760 27.683660 12.484190
1632 202697 9.841730 23.245030
1632 203099 17.155200 25.458320
1632 203521 15.705520 32.545940
1632 2738 32.386230 8.216750
1632 2571 40.989650 33.017340
1632 2733 21.578900 33.398760
1632 203105 12.075990 23.853580
1632 203084 19.429050 13.031050
1644 -1 7.603760 26.272360
1644 2210 13.085990 15.380030
1644 2760 28.138670 12.308040
1644 202697 10.421570 23.189500
1644 203099 17.246610 24.829370
1644 203521 15.698730 32.364180
1644 2738 33.195280 8.250390
1644 2571 41.645610 32.765680
1644 2733 22.709950 33.008830
1644 203105 12.707710 24.014700
1644 203084 20.644770 13.664730
1656 -1 8.299690 26.169530
1656 2210 13.642270 15.691520
1656 2760 28.619500 12.172610
1656 202697 11.070060 23.158640
1656 203099 17.507070 24.161770
1656 203521 15.651240 32.206120
1656 2738 34.024620 8.321220
1656 2571 42.311340 32.534220
1656 2733 23.821370 32.635720
1656 203105 13.363580 24.194050
1656 203084 21.914120 14.267560
1668 -1 9.126620 26.043440
1668 2210 14.363260 15.864540
1668 2760 29.149840 12.068740
1668 202697 11.809730 23.053510
1668 203099 17.858240 23.551120
1668 203521 15.576880 31.946930
1668 2738 34.916730 8.431400
1668 2571 42.992120 32.322620
1668 2733 25.021460 32.266600
1668 203105 14.081520 24.379620
1668 203084 23.204680 14.832400
1680 -1 9.791610 26.017240
1680 2210 15.213930 15.851450
1680 2760 29.732220 11.996390
1680 202697 12.610760 23.032210
1680 203099 18.261610 22.955700
1680 203521 15.491450 31.575350
1680 2738 35.853980 8.573380
1680 2571 43.693320 32.133570
1680 2733 26.321210 31.947900
1680 203105 14.916860 24.619750
1680 203084 24.509140 15.345230
1692 -1 10.703850 25.848790
1692 2210 16.073060 15.783430
1692 2760 30.302090 11.909070
1692 202697 13.567900 22.916740
1692 203099 18.746890 22.408650
1692 203521 15.381820 31.110030
1692 2738 36.783320 8.752140
1692 2571 44.407820 31.913950
1692 2733 27.597820 31.579160
1692 203105 15.827660 24.861740
1692 203084 25.841210 15.794630
1704 -1 11.311760 25.876060
1704 2210 17.039920 15.618520
1704 2760 30.859230 11.787030
1704 202697 14.595880 22.887800
1704 203099 19.272460 21.825620
1704 203521 15.250870 30.553280
1704 2738 37.718920 8.923890
1704 2571 45.144900 31.671400
1704 2733 28.832730 31.258460
1704 203105 16.797090 25.064500
1704 203084 27.183390 16.154100
1716 -1 12.147620 25.754810
1716 2210 18.108430 15.392410
1716 2760 31.409690 11.623600
1716 202697 15.718000 22.949460
1716 203099 19.830950 21.296990
1716 203521 15.125380 29.924610
1716 2738 38.675090 9.109630
1716 2571 45.907980 31.374080
1716 2733 30.131170 30.927850
1716 203105 17.969420 25.230670
1716 203084 28.560110 16.452800
1728 -1 12.922330 25.632930
1728 2210 19.234060 15.180440
1728 2760 31.980270 11.460850
1728 202697 16.901970 23.079250
1728 203099 20.455280 20.790110
1728 203521 14.982380 29.253540
1728 2738 39.656840 9.314150
1728 2571 46.666900 31.009750
1728 2733 31.403480 30.566790
1728 203105 19.243170 25.371100
1728 203084 29.960910 16.701370
1740 -1 13.538650 25.416620
1740 2210 20.419130 14.966330
1740 2760 32.572210 11.284700
1740 202697 18.127730 23.251030
1740 203099 21.160670 20.297040
1740 203521 14.815610 28.574630
1740 2738 40.667780 9.542050
1740 2571 47.422260 30.606200
1740 2733 32.699420 30.225700
1740 203105 20.544690 25.520900
1740 203084 31.381010 16.929540
1752 -1 14.142440 25.365060
1752 2210 21.646490 14.648520
1752 2760 33.188240 11.162840
1752 202697 19.294990 23.528540
1752 203099 21.984480 19.775470
1752 203521 14.550650 27.939980
1752 2738 41.703200 9.768130
1752 2571 48.181700 30.211450
1752 2733 34.018020 29.931110
1752 203105 21.833930 25.673010
1752 203084 32.824540 17.159350
1764 -1 14.960930 25.308630
1764 2210 22.942740 14.294930
1764 2760 33.850310 11.117870
1764 202697 20.515770 23.855680
1764 203099 22.947260 19.332920
1764 203521 14.280980 27.273010
1764 2738 42.743140 10.015910
1764 2571 48.914760 29.806150
1764 2733 35.328980 29.654810
1764 203105 23.222510 25.863290
1764 203084 34.265000 17.348110
1776 -1 15.390440 25.170990
1776 2210 24.292160 13.858920
1776 2760 34.509970 11.110450
1776 202697 21.704790 24.285280
1776 203099 24.009380 18.916100
1776 203521 14.037590 26.578470
1776 2738 43.805370 10.242480
1776 2571 49.635400 29.378310
1776 2733 36.605850 29.382440
1776 203105 24.628160 26.068610
1776 203084 35.699340 17.471800
1788 -1 15.305150 25.008980
1788 2210 25.717800 13.321980
1788 2760 35.141700 11.100640
1788 202697 22.876730 24.829640
1788 203099 25.203340 18.527260
1788 203521 13.786460 25.888770
1788 2738 44.871480 10.467050
1788 2571 50.370830 28.940410
1788 2733 37.884260 29.138850
1788 203105 26.033510 26.271820
1788 203084 37.156810 17.506900
1800 -1 14.883750 24.625330
1800 2210 27.181830 12.724860
1800 2760 35.748020 11.088800
1800 202697 24.033240 25.470880
1800 203099 26.503770 18.198050
1800 203521 13.432550 25.246910
1800 2738 45.953370 10.666450
1800 2571 51.107660 28.484220
1800 2733 39.134010 28.929750
1800 203105 27.463440 26.436530
1800 203084 38.605050 17.507760
1812 -1 14.330240 23.990590
1812 2210 28.712440 12.149180
1812 2760 36.283890 11.081290
1812 202697 25.210400 26.230820
1812 203099 27.839530 17.933170
1812 203521 13.034290 24.614320
1812 2738 47.049610 10.849670
1812 2571 51.820030 27.977140
1812 2733 40.380320 28.726890
1812 203105 29.015140 26.538140
1812 203084 40.061080 17.468060
1824 -1 13.474530 23.708830
1824 2210 30.246090 11.504450
1824 2760 36.633470 11.127750
1824 202697 26.379650 27.011900
1824 203099 29.270200 17.790090
1824 203521 12.478290 24.108600
1824 2738 48.146320 11.011030
1824 2571 52.526210 27.429500
1824 2733 41.592500 28.542320
1824 203105 30.542360 26.628480
1824 203084 41.556410 17.427930
1836 -1 12.557570 23.395260
1836 2210 31.766480 10.808420
1836 2760 36.780320 11.320570
1836 202697 27.555680 27.840840
1836 203099 30.814340 17.723660
1836 203521 11.842480 23.678170
1836 2738 49.224130 11.173650
1836 2571 53.210670 26.890500
1836 2733 42.769080 28.336540
1836 203105 32.085780 26.723140
1836 203084 43.088870 17.404070
1848 -1 11.960170 23.031700
1848 2210 33.340260 10.172470
1848 2760 36.679610 11.671810
1848 202697 28.719880 28.709340
1848 203099 32.403850 17.766200
1848 203521 11.116450 23.391550
1848 2738 50.319180 11.356940
1848 2571 53.868230 26.393370
1848 2733 43.898990 28.098860
1848 203105 33.676620 26.817960
1848 203084 44.612680 17.352530