0 -1 88.330520 22.049450
0 201945 68.523930 19.540620
0 204025 69.393470 34.230220
0 203468 59.151950 9.412170
0 1626192 81.737080 31.504850
0 203943 40.743000 26.598550
0 201575 88.481200 25.060110
0 203105 82.991030 27.811850
0 202691 80.714120 9.866810
0 203110 49.791100 39.671070
0 203546 54.389780 45.953510
12 -1 85.743860 19.358270
12 201945 66.745190 20.108610
12 204025 67.793530 34.262280
12 203468 58.084310 9.653520
12 1626192 80.300620 31.074710
12 203943 39.407480 26.786320
12 201575 87.527950 24.263910
12 203105 81.938140 28.008700
12 202691 80.036700 9.215510
12 203110 48.258720 40.098630
12 203546 53.415070 46.139080
24 -1 83.297900 16.679270
24 201945 64.901430 20.784560
24 204025 66.148780 34.341300
24 203468 57.063250 9.920670
24 1626192 78.788460 30.648290
24 203943 38.091770 27.000820
24 201575 86.444240 23.488080
24 203105 80.818420 28.196210
24 202691 79.277270 8.596830
24 203110 46.706810 40.545790
24 203546 52.460600 46.312770
36 -1 80.773490 14.021420
36 201945 62.962010 21.506820
36 204025 64.479210 34.458610
36 203468 55.997020 10.166540
36 1626192 77.124890 30.240870
36 203943 36.730350 27.214060
36 201575 85.260320 23.001340
36 203105 79.714650 28.586310
36 202691 78.395940 8.062390
36 203110 45.142750 40.976940
36 203546 51.485000 46.495020
48 -1 78.241800 11.325790
48 201945 60.994390 22.274530
48 204025 62.790680 34.646810
48 203468 54.905270 10.357270
48 1626192 75.372110 29.856780
48 203943 35.397230 27.424180
48 201575 84.026280 22.576590
48 203105 78.537580 28.956210
48 202691 77.367410 7.637700
48 203110 43.561320 41.393140
48 203546 50.580610 46.658220
60 -1 75.986600 8.942360
60 201945 58.934970 23.080670
60 204025 61.110030 34.880930
60 203468 53.859670 10.482840
60 1626192 73.573200 29.506130
60 203943 34.117900 27.668640
60 201575 82.710890 22.413830
60 203105 77.288630 29.343380
60 202691 76.194100 7.200910
60 203110 41.990420 41.785610
60 203546 49.702290 46.789940
72 -1 74.441300 7.238780
72 201945 56.847140 23.942220
72 204025 59.453990 35.178840
72 203468 52.841600 10.581740
72 1626192 71.785800 29.110710
72 203943 32.899520 27.863910
72 201575 81.307030 22.401250
72 203105 75.966470 29.749650
72 202691 75.072930 6.855530
72 203110 40.416780 42.146140
72 203546 48.812620 46.842350
84 -1 72.376470 5.911570
84 201945 54.722220 24.796500
84 204025 57.801230 35.495860
84 203468 51.828880 10.627940
84 1626192 69.949830 28.730040
84 203943 31.700180 27.982930
84 201575 79.869930 22.533540
84 203105 74.591670 30.172790
84 202691 73.697860 6.586940
84 203110 38.826660 42.486030
84 203546 47.956870 46.878320
96 -1 70.155820 5.550000
96 201945 52.566360 25.654370
96 204025 56.149900 35.839630
96 203468 50.819870 10.619560
96 1626192 68.124400 28.390390
96 203943 30.566370 28.110330
96 201575 78.427030 22.689530
96 203105 73.124690 30.559260
96 202691 72.161860 6.358640
96 203110 37.247030 42.765080
96 203546 47.160230 46.885510
108 -1 67.429460 5.361450
108 201945 50.395250 26.486720
108 204025 54.479700 36.178390
108 203468 49.811610 10.671780
108 1626192 66.226980 28.135570
108 203943 29.501280 28.223920
108 201575 76.892680 22.863360
108 203105 71.553520 30.911740
108 202691 70.477360 6.094650
108 203110 35.679440 42.981530
108 203546 46.311980 46.803990
120 -1 64.902730 5.990760
120 201945 48.202980 27.268480
120 204025 52.828530 36.547070
120 203468 48.747900 10.739020
120 1626192 64.297510 27.947080
120 203943 28.398780 28.354550
120 201575 75.334040 23.141550
120 203105 69.918380 31.217440
120 202691 68.719550 5.884810
120 203110 34.105610 43.154620
120 203546 45.436430 46.663710
132 -1 63.639250 6.153960
132 201945 45.991760 28.002770
132 204025 51.205910 36.908100
132 203468 47.622510 10.756980
132 1626192 62.413010 27.917730
132 203943 27.264920 28.489000
132 201575 73.749630 23.577300
132 203105 68.264610 31.543220
132 202691 66.841310 5.713860
132 203110 32.572090 43.253020
132 203546 44.594430 46.518080
144 -1 62.510970 6.441990
144 201945 43.745800 28.727130
144 204025 49.579180 37.230250
144 203468 46.455390 10.781980
144 1626192 60.525560 27.930200
144 203943 26.116150 28.633280
144 201575 72.209220 24.060310
144 203105 66.516710 31.808240
144 202691 64.902020 5.618110
144 203110 31.085500 43.264640
144 203546 43.750010 46.310520
156 -1 61.349210 6.500360
156 201945 41.502240 29.432700
156 204025 47.976200 37.539960
156 203468 45.266670 10.819220
156 1626192 58.643220 27.976810
156 203943 25.037560 28.670150
156 201575 70.617880 24.646450
156 203105 64.731060 32.073600
156 202691 62.931510 5.491690
156 203110 29.608950 43.169640
156 203546 42.914210 46.051960
168 -1 60.096290 6.516510
168 201945 39.247830 30.106180
168 204025 46.416430 37.814890
168 203468 44.038720 10.822050
168 1626192 56.776960 28.019860
168 203943 23.995550 28.644670
168 201575 69.053990 25.325000
168 203105 62.932200 32.316570
168 202691 60.923040 5.378790
168 203110 28.157050 42.969940
168 203546 42.089570 45.801590
180 -1 58.528950 6.299350
180 201945 37.002310 30.732510
180 204025 44.844190 38.025040
180 203468 42.784670 10.812990
180 1626192 54.903570 28.019550
180 203943 23.067200 28.527500
180 201575 67.495950 26.062220
180 203105 61.158680 32.562010
180 202691 58.895510 5.223400
180 203110 26.741900 42.645550
180 203546 41.270770 45.560580
192 -1 56.174930 5.824940
192 201945 34.756000 31.297800
192 204025 43.271560 38.202170
192 203468 41.496330 10.791630
192 1626192 52.974510 27.936290
192 203943 22.174380 28.396930
192 201575 65.979710 26.822680
192 203105 59.338160 32.759330
192 202691 56.935920 4.976620
192 203110 25.312940 42.220770
192 203546 40.521140 45.261580
204 -1 53.670950 5.388320
204 201945 32.569200 31.792780
204 204025 41.744640 38.382640
204 203468 40.203460 10.736360
204 1626192 51.070420 27.895100
204 203943 21.354890 28.273640
204 201575 64.398740 27.602600
204 203105 57.509580 32.952520
204 202691 55.032660 4.682380
204 203110 23.839990 41.702610
204 203546 39.885760 44.936340
216 -1 51.114550 5.406280
216 201945 30.411640 32.177730
216 204025 40.256820 38.473910
216 203468 38.914450 10.666590
216 1626192 49.182110 27.860490
216 203943 20.477880 28.166320
216 201575 62.827090 28.411410
216 203105 55.691900 33.100630
216 202691 53.148760 4.388250
216 203110 22.371460 41.102740
216 203546 39.263230 44.587430
228 -1 49.555160 5.470330
228 201945 28.250560 32.517380
228 204025 38.798990 38.529350
228 203468 37.631250 10.569070
228 1626192 47.300280 27.801590
228 203943 19.615220 28.081800
228 201575 61.256030 29.264850
228 203105 53.855620 33.233500
228 202691 51.264600 4.182070
228 203110 20.984690 40.350810
228 203546 38.566140 44.180890
240 -1 48.508080 5.390540
240 201945 26.133870 32.769050
240 204025 37.389880 38.569270
240 203468 36.365350 10.456910
240 1626192 45.459100 27.776410
240 203943 18.751010 27.995680
240 201575 59.686460 30.069160
240 203105 51.966390 33.287240
240 202691 49.355990 4.001340
240 203110 19.662250 39.454560
240 203546 37.799350 43.710020
252 -1 46.921490 5.236870
252 201945 24.070940 32.862530
252 204025 36.016690 38.530500
252 203468 35.146530 10.334800
252 1626192 43.663930 27.783920
252 203943 17.933940 27.899970
252 201575 58.069450 30.871760
252 203105 50.148550 33.360480
252 202691 47.458250 3.813270
252 203110 18.394150 38.481990
252 203546 36.954380 43.243940
264 -1 44.814490 4.887070
264 201945 22.001550 32.828310
264 204025 34.694970 38.439550
264 203468 33.966890 10.166990
264 1626192 41.963680 27.744600
264 203943 17.237720 27.749220
264 201575 56.476160 31.632620
264 203105 48.378090 33.443230
264 202691 45.644800 3.625330
264 203110 17.230740 37.439820
264 203546 36.040860 42.671830
276 -1 42.300350 3.942380
276 201945 20.096450 32.674860
276 204025 33.402120 38.358870
276 203468 32.798850 9.991310
276 1626192 40.367720 27.648960
276 203943 16.716980 27.570520
276 201575 54.871910 32.326140
276 203105 46.579810 33.527420
276 202691 43.824110 3.459620
276 203110 16.223530 36.317900
276 203546 35.011830 42.016120
288 -1 40.688400 4.560380
288 201945 18.437810 32.296550
288 204025 32.164640 38.204190
288 203468 31.711480 9.828610
288 1626192 38.841160 27.504480
288 203943 16.299690 27.552840
288 201575 53.266480 32.943880
288 203105 44.836460 33.606300
288 202691 42.097400 3.290110
288 203110 15.233370 35.199070
288 203546 34.113400 41.164600
300 -1 40.184950 4.614280
300 201945 16.718330 31.716500
300 204025 30.981310 38.029170
300 203468 30.704210 9.665950
300 1626192 37.342100 27.335930
300 203943 15.948650 27.563900
300 201575 51.656540 33.516210
300 203105 43.131950 33.697620
300 202691 40.504340 3.185270
300 203110 14.317360 34.057410
300 203546 33.338540 40.157050
312 -1 39.172840 4.785560
312 201945 15.175620 31.000340
312 204025 29.874630 37.871360
312 203468 29.762910 9.506880
312 1626192 35.902970 27.141810
312 203943 15.650820 27.643350
312 201575 50.065250 33.987420
312 203105 41.396560 33.715980
312 202691 38.949410 3.150240
312 203110 13.464480 32.858680
312 203546 32.489260 39.016850
324 -1 37.558010 4.812550
324 201945 13.822590 30.228290
324 204025 28.785640 37.660970
324 203468 28.897980 9.371460
324 1626192 34.533420 27.004870
324 203943 15.359470 27.835430
324 201575 48.480570 34.364310
324 203105 39.730540 33.703840
324 202691 37.459890 3.106700
324 203110 12.651600 31.542150
324 203546 31.500530 37.819750
336 -1 35.819340 4.661680
336 201945 12.449590 29.318790
336 204025 27.745240 37.288350
336 203468 28.122030 9.207390
336 1626192 33.236190 26.931870
336 203943 15.118830 28.116210
336 201575 46.929590 34.670740
336 203105 38.134910 33.676350
336 202691 36.144180 3.081270
336 203110 11.847820 30.197970
336 203546 30.482690 36.615010
348 -1 34.841200 4.560250
348 201945 11.112390 28.169720
348 204025 26.771100 36.800360
348 203468 27.417930 9.033090
348 1626192 32.088380 26.943840
348 203943 14.892540 28.262170
348 201575 45.367350 34.903100
348 203105 36.575150 33.614140
348 202691 34.984940 3.006740
348 203110 11.270870 28.852730
348 203546 29.390600 35.387770
360 -1 34.610910 4.194670
360 201945 10.167200 26.960370
360 204025 25.867520 36.162770
360 203468 26.806640 8.860050
360 1626192 31.094130 26.984370
360 203943 14.706090 28.388500
360 201575 43.851670 35.105900
360 203105 35.145740 33.443940
360 202691 33.956870 2.991810
360 203110 10.493880 27.809420
360 203546 28.224490 34.144250
372 -1 34.424630 4.274450
372 201945 9.343920 25.724530
372 204025 24.981490 35.341940
372 203468 26.322270 8.719350
372 1626192 30.257930 27.064320
372 203943 14.546780 28.414760
372 201575 42.397920 35.312360
372 203105 33.806290 33.206780
372 202691 33.143230 3.080850
372 203110 9.721970 26.841050
372 203546 26.929440 32.904560
384 -1 33.676080 4.383500
384 201945 8.855900 24.285790
384 204025 24.123520 34.421200
384 203468 25.977480 8.644940
384 1626192 29.543040 27.157030
384 203943 14.420910 28.516470
384 201575 40.992250 35.507520
384 203105 32.696480 32.833950
384 202691 32.441960 3.182840
384 203110 9.231110 25.998150
384 203546 25.650240 31.707350
396 -1 32.454400 5.044000
396 201945 8.711630 22.700890
396 204025 23.367160 33.417120
396 203468 25.782200 8.625260
396 1626192 28.961500 27.331540
396 203943 14.258490 28.614670
396 201575 39.610640 35.688500
396 203105 31.736580 32.366040
396 202691 31.871940 3.296960
396 203110 8.765370 25.186130
396 203546 24.450310 30.457180
408 -1 30.584770 4.952570
408 201945 8.717180 21.201400
408 204025 22.599350 32.419070
408 203468 25.695460 8.642440
408 1626192 28.468110 27.558580
408 203943 14.099810 28.673500
408 201575 38.309820 35.906770
408 203105 30.819250 31.827060
408 202691 31.400090 3.400260
408 203110 8.361080 24.063940
408 203546 23.198540 29.324720
420 -1 30.073890 3.989410
420 201945 8.804680 19.829620
420 204025 21.828430 31.325370
420 203468 25.676470 8.673650
420 1626192 28.157410 27.779610
420 203943 13.985220 28.748550
420 201575 37.025090 36.168130
420 203105 29.918350 31.312020
420 202691 31.013350 3.441920
420 203110 8.338680 22.560200
420 203546 22.015020 28.333500
432 -1 28.727340 4.097400
432 201945 8.990020 18.520110
432 204025 21.054830 30.187670
432 203468 25.670020 8.710740
432 1626192 27.799230 28.000100
432 203943 13.924050 28.859880
432 201575 35.767810 36.491260
432 203105 29.138740 30.812750
432 202691 30.648800 3.433630
432 203110 8.492720 21.023820
432 203546 21.140300 27.422050
444 -1 26.266140 5.096140
444 201945 9.128990 17.413360
444 204025 20.335790 29.032070
444 203468 25.623040 8.715330
444 1626192 27.360380 28.377380
444 203943 13.894290 28.843470
444 201575 34.559300 36.866500
444 203105 28.337900 30.329210
444 202691 30.315690 3.502540
444 203110 8.597450 19.489860
444 203546 20.440690 26.569410
456 -1 23.600560 5.914080
456 201945 9.193590 17.062820
456 204025 19.543220 28.011340
456 203468 25.543170 8.725820
456 1626192 26.739440 28.636470
456 203943 13.921700 28.772500
456 201575 33.409140 37.280230
456 203105 27.703980 29.986660
456 202691 30.049250 3.624290
456 203110 8.923530 18.000970
456 203546 20.023600 25.797400
468 -1 21.083730 6.965030
468 201945 9.334560 16.811360
468 204025 18.839270 27.038860
468 203468 25.413510 8.752850
468 1626192 26.027760 28.943720
468 203943 14.008610 28.655180
468 201575 32.309690 37.699800
468 203105 27.235670 29.734650
468 202691 29.794650 3.770840
468 203110 9.203970 16.855880
468 203546 19.817900 25.118520
480 -1 18.537710 7.754610
480 201945 9.548930 16.483540
480 204025 18.180490 26.286320
480 203468 25.261890 8.805630
480 1626192 25.165180 29.325070
480 203943 14.148530 28.505310
480 201575 31.292180 38.109680
480 203105 26.851810 29.598500
480 202691 29.540220 3.966030
480 203110 9.498450 15.873790
480 203546 19.663600 24.446040
492 -1 16.076420 8.682140
492 201945 9.793390 16.089540
492 204025 17.610460 25.546520
492 203468 25.109280 8.899110
492 1626192 24.290030 29.739180
492 203943 14.359750 28.347050
492 201575 30.321360 38.499980
492 203105 26.440990 29.538440
492 202691 29.253590 4.217380
492 203110 9.764570 14.886990
492 203546 19.645170 23.776100
504 -1 13.451770 9.639310
504 201945 9.980360 15.610090
504 204025 17.213900 24.767870
504 203468 24.969180 9.048920
504 1626192 23.386580 30.077430
504 203943 14.540410 28.207970
504 201575 29.419180 38.918420
504 203105 25.945420 29.689750
504 202691 28.955630 4.511420
504 203110 9.935180 13.891440
504 203546 19.768770 23.027840
516 -1 11.025810 10.468780
516 201945 10.178110 14.628270
516 204025 16.962520 23.935940
516 203468 24.797070 9.203400
516 1626192 22.363730 30.744610
516 203943 14.768190 28.112610
516 201575 28.568970 39.340950
516 203105 25.353800 29.873090
516 202691 28.582080 4.859000
516 203110 10.224290 12.903560
516 203546 19.994510 22.160180
528 -1 10.654040 10.191420
528 201945 10.425150 13.712220
528 204025 16.854270 23.225540
528 203468 24.583390 9.370340
528 1626192 21.291530 31.416320
528 203943 14.973190 28.074410
528 201575 27.766140 39.757800
528 203105 24.709070 30.119970
528 202691 28.162020 5.301440
528 203110 10.375220 11.992230
528 203546 20.357670 21.138290
540 -1 11.010110 9.759370
540 201945 10.637730 12.936460
540 204025 16.838600 22.469280
540 203468 24.341990 9.563630
540 1626192 20.208540 32.062690
540 203943 15.174490 28.066800
540 201575 27.007490 40.157030
540 203105 23.948660 30.406930
540 202691 27.736870 5.798520
540 203110 10.530940 11.188560
540 203546 20.845010 20.108760
552 -1 10.948090 9.107110
552 201945 10.834350 12.371270
552 204025 16.958750 21.823540
552 203468 24.104860 9.772720
552 1626192 19.157660 32.804590
552 203943 15.228400 28.132730
552 201575 26.373080 40.453330
552 203105 23.223080 30.777320
552 202691 27.321260 6.361830
552 203110 10.760580 10.606740
552 203546 21.281900 19.050510
564 -1 11.094800 8.707050
564 201945 11.043180 11.997370
564 204025 17.125150 21.305570
564 203468 23.881830 10.002820
564 1626192 18.296650 33.537060
564 203943 15.179660 28.197930
564 201575 25.903370 40.601270
564 203105 22.434330 31.159800
564 202691 26.925720 6.996280
564 203110 11.060240 10.200880
564 203546 21.562110 17.972110
576 -1 11.472350 8.668910
576 201945 11.269140 11.737010
576 204025 17.399130 20.893900
576 203468 23.731900 10.266490
576 1626192 17.602860 34.031680
576 203943 14.965150 28.212620
576 201575 25.634500 40.592580
576 203105 21.568280 31.596740
576 202691 26.551510 7.692810
576 203110 11.154560 9.970400
576 203546 21.672210 17.050640
588 -1 11.926310 8.785550
588 201945 11.403040 11.633980
588 204025 17.708200 20.393310
588 203468 23.672300 10.605000
588 1626192 17.160950 34.384730
588 203943 14.631180 28.233550
588 201575 25.547370 40.450450
588 203105 20.583070 32.117580
588 202691 26.234320 8.416070
588 203110 11.334290 9.854690
588 203546 21.796920 16.204940
600 -1 12.071940 8.861520
600 201945 11.505810 11.630080
600 204025 18.119480 19.836770
600 203468 23.612400 11.015660
600 1626192 16.611700 34.747900
600 203943 14.173210 28.350060
600 201575 25.632730 40.139020
600 203105 19.650860 32.663980
600 202691 25.849640 9.110940
600 203110 11.488850 9.830290
600 203546 21.969260 15.387030
612 -1 12.257990 8.815500
612 201945 11.556830 11.680960
612 204025 18.501110 19.312250
612 203468 23.545510 11.353030
612 1626192 15.998950 35.043840
612 203943 13.711040 28.486960
612 201575 25.832100 39.737640
612 203105 18.683230 33.164610
612 202691 25.399940 9.650930
612 203110 11.652450 9.798700
612 203546 22.209320 14.653240
624 -1 12.253480 8.760280
624 201945 11.560560 11.750510
624 204025 18.777880 18.797450
624 203468 23.486060 11.654500
624 1626192 15.477710 35.401900
624 203943 13.260110 28.667580
624 201575 26.095130 39.315480
624 203105 17.779560 33.616240
624 202691 24.832110 10.044670
624 203110 11.721350 9.853490
624 203546 22.524570 14.148170
636 -1 12.048100 8.836130
636 201945 11.548650 11.843480
636 204025 18.942140 18.253010
636 203468 23.264440 11.894950
636 1626192 15.206720 35.781490
636 203943 12.847250 28.884390
636 201575 26.355090 38.952300
636 203105 16.722270 34.032290
636 202691 24.123650 10.181920
636 203110 11.728010 9.984230
636 203546 22.843690 13.769640
648 -1 11.821920 9.002360
648 201945 11.558360 11.924810
648 204025 19.008670 17.805090
648 203468 22.850640 12.056430
648 1626192 14.933690 36.249640
648 203943 12.431940 29.176370
648 201575 26.600440 38.637780
648 203105 15.805110 34.359210
648 202691 23.197950 10.166650
648 203110 11.756340 10.131210
648 203546 22.981040 13.530800
660 -1 11.765110 9.161470
660 201945 11.579610 11.982230
660 204025 19.077430 17.373650
660 203468 22.260940 12.150660
660 1626192 15.016890 36.696500
660 203943 11.961500 29.437360
660 201575 26.818990 38.389850
660 203105 14.866340 34.624700
660 202691 22.124770 10.133240
660 203110 11.721550 10.277090
660 203546 23.023630 13.349770
672 -1 11.870640 9.300390
672 201945 11.623420 11.995290
672 204025 19.266410 16.900430
672 203468 21.477430 12.345470
672 1626192 15.498220 37.092610
672 203943 11.495900 29.546500
672 201575 27.003260 38.222340
672 203105 13.982920 34.870600
672 202691 20.926590 10.213170
672 203110 11.616620 10.401580
672 203546 23.098390 13.156130
684 -1 11.970160 8.877740
684 201945 11.689940 11.969290
684 204025 19.491280 16.426080
684 203468 20.521910 12.525990
684 1626192 16.052760 37.320180
684 203943 10.995690 29.597060
684 201575 27.095130 38.139910
684 203105 13.227580 35.033430
684 202691 19.642960 10.442360
684 203110 11.575810 10.453440
684 203546 23.312810 12.764940
696 -1 11.618890 9.186690
696 201945 11.749340 11.913030
696 204025 19.652950 16.069490
696 203468 19.534820 12.901780
696 1626192 16.746900 37.451200
696 203943 10.464140 29.591790
696 201575 27.117200 38.104260
696 203105 12.713220 35.136330
696 202691 18.286290 11.010470
696 203110 11.587800 10.411110
696 203546 23.479760 12.173940
708 -1 12.064310 8.619590
708 201945 11.782870 11.856450
708 204025 19.901380 15.560050
708 203468 18.397100 13.168380
708 1626192 17.618130 37.469840
708 203943 9.983130 29.505070
708 201575 27.076690 38.122750
708 203105 12.439080 35.106430
708 202691 16.948470 11.854620
708 203110 11.677460 10.305010
708 203546 23.622620 11.486460
720 -1 12.678570 9.272350
720 201945 11.791690 11.797850
720 204025 20.170800 14.959990
720 203468 17.310160 13.558270
720 1626192 18.525880 37.382950
720 203943 9.583580 29.483210
720 201575 26.992120 38.226520
720 203105 12.397060 34.989360
720 202691 15.655220 12.849540
720 203110 11.794410 10.178960
720 203546 23.772060 10.637150
732 -1 12.684300 10.649190
732 201945 11.815490 11.722120
732 204025 20.324950 14.389020
732 203468 16.178000 14.053680
732 1626192 19.344880 37.181780
732 203943 9.137900 29.444270
732 201575 26.869850 38.374430
732 203105 12.428930 34.691090
732 202691 14.497420 14.015850
732 203110 11.944040 10.085930
732 203546 23.784220 9.674190
744 -1 12.167210 13.466210
744 201945 12.023520 11.571600
744 204025 20.514220 13.810380
744 203468 14.952500 14.712120
744 1626192 20.077000 36.895090
744 203943 8.780320 29.233110
744 201575 26.746310 38.516530
744 203105 12.494580 34.360760
744 202691 13.398730 15.295030
744 203110 12.186030 9.909580
744 203546 23.695800 8.741210
756 -1 11.228490 16.363270
756 201945 12.186650 11.468840
756 204025 20.842990 13.072920
756 203468 13.748250 15.411830
756 1626192 20.666730 36.554500
756 203943 8.493170 28.944660
756 201575 26.616860 38.651620
756 203105 12.664630 33.873410
756 202691 12.331970 16.591180
756 203110 12.419350 9.703970
756 203546 23.612640 7.813270
768 -1 10.339980 18.733750
768 201945 12.386340 11.364230
768 204025 21.101990 12.354380
768 203468 12.545870 16.465180
768 1626192 21.091960 36.242530
768 203943 8.248790 28.405430
768 201575 26.500920 38.779740
768 203105 12.725460 33.339170
768 202691 11.287420 17.893080
768 203110 12.539170 9.454200
768 203546 23.570680 6.880480
780 -1 9.567610 20.725930
780 201945 12.504830 11.376540
780 204025 21.272200 11.744060
780 203468 11.262330 17.536000
780 1626192 21.430110 36.024340
780 203943 8.299470 27.258260
780 201575 26.382350 38.906840
780 203105 12.731380 32.706730
780 202691 10.186870 19.354330
780 203110 12.718030 9.121180
780 203546 23.507820 6.065450
792 -1 8.647010 22.744700
792 201945 12.579110 11.434620
792 204025 21.480590 11.137160
792 203468 9.972210 18.470720
792 1626192 21.754880 35.906370
792 203943 8.121300 26.159720
792 201575 26.241130 39.082180
792 203105 12.632370 31.963870
792 202691 9.088870 20.760910
792 203110 12.944690 8.686220
792 203546 23.455770 5.393210
804 -1 7.501350 23.743540
804 201945 12.419550 11.620510
804 204025 21.684260 10.570260
804 203468 8.817720 19.127950
804 1626192 22.006000 35.940780
804 203943 7.822580 25.236010
804 201575 26.074040 39.318610
804 203105 12.538820 31.155850
804 202691 8.146510 21.949380
804 203110 13.063760 8.275270
804 203546 23.374290 4.852870
816 -1 6.148560 24.292360
816 201945 12.209320 11.806130
816 204025 21.883360 10.086720
816 203468 7.574100 19.638300
816 1626192 22.219180 36.102830
816 203943 7.480130 24.526000
816 201575 25.861190 39.640360
816 203105 12.264250 30.404180
816 202691 7.260840 23.039280
816 203110 13.152950 7.872780
816 203546 23.324890 4.427090
828 -1 4.853510 24.750500
828 201945 11.920420 12.045800
828 204025 22.091800 9.760700
828 203468 6.476180 19.931250
828 1626192 22.384980 36.337570
828 203943 7.136570 24.042970
828 201575 25.641990 39.960130
828 203105 11.812960 29.622050
828 202691 6.285750 24.090250
828 203110 13.119900 7.496890
828 203546 23.346710 4.091390
840 -1 3.620960 25.331730
840 201945 11.620890 12.377200
840 204025 22.359450 9.569090
840 203468 5.392390 20.126050
840 1626192 22.491160 36.608110
840 203943 6.598920 24.081830
840 201575 25.349410 40.332150
840 203105 11.182150 28.803520
840 202691 5.464820 25.010320
840 203110 13.114740 7.113500
840 203546 23.411120 3.835430
852 -1 2.331970 26.015820
852 201945 11.258520 12.698930
852 204025 22.683180 9.477400
852 203468 4.410650 20.306060
852 1626192 22.518030 36.919060
852 203943 6.559980 24.125620
852 201575 24.997380 40.807860
852 203105 10.486500 28.260270
852 202691 4.646670 25.974790
852 203110 13.048690 6.776120
852 203546 23.511370 3.638750
864 -1 1.258470 26.652540
864 201945 10.881680 13.015680
864 204025 23.093350 9.463350
864 203468 3.401690 20.622690
864 1626192 22.522820 37.252920
864 203943 6.638650 24.086290
864 201575 24.601700 41.287370
864 203105 9.652760 27.799920
864 202691 3.810440 27.087990
864 203110 13.022900 6.461820
864 203546 23.663120 3.481250
876 -1 1.044410 28.164810
876 201945 10.529290 13.382180
876 204025 23.550700 9.538760
876 203468 2.508480 20.902540
876 1626192 22.486560 37.565160
876 203943 6.767770 24.080900
876 201575 24.062120 41.805400
876 203105 8.874630 27.309890
876 202691 3.195320 28.240180
876 203110 13.034240 6.173830
876 203546 23.853040 3.387800
888 -1 2.369900 30.237560
888 201945 10.240620 13.747710
888 204025 24.031390 9.639500
888 203468 1.709910 21.164400
888 1626192 22.418970 37.834160
888 203943 6.782200 24.231470
888 201575 23.282650 42.513090
888 203105 8.211860 26.694130
888 202691 2.912900 29.374710
888 203110 13.222280 5.952620
888 203546 24.037020 3.368610
900 -1 2.606310 31.007300
900 201945 10.145370 13.946640
900 204025 24.482810 9.751130
900 203468 1.098950 21.382510
900 1626192 22.335060 38.042350
900 203943 6.698520 24.308960
900 201575 22.489060 43.222180
900 203105 7.487150 26.170450
900 202691 2.890590 30.445020
900 203110 13.375990 5.817790
900 203546 24.250050 3.450390
912 -1 2.851340 31.339420
912 201945 10.097590 14.218840
912 204025 24.872650 9.930300
912 203468 0.679390 21.638770
912 1626192 22.192570 38.142720
912 203943 6.403720 24.449750
912 201575 21.532420 43.878990
912 203105 6.911930 25.650680
912 202691 2.953470 31.427660
912 203110 13.557190 5.714500
912 203546 24.496340 3.617730
924 -1 5.015210 32.273230
924 201945 10.118610 14.565560
924 204025 25.194330 10.174580
924 203468 0.464940 21.979950
924 1626192 22.034240 38.013820
924 203943 6.175110 24.606540
924 201575 20.356860 44.613580
924 203105 6.505700 25.125990
924 202691 3.109480 32.337820
924 203110 13.741330 5.647270
924 203546 24.765440 3.848160
936 -1 4.145310 33.019960
936 201945 10.222280 14.914040
936 204025 25.485910 10.456450
936 203468 0.415110 22.409230
936 1626192 21.788460 37.760210
936 203943 6.128030 24.605730
936 201575 19.183520 45.348260
936 203105 6.338980 24.659290
936 202691 3.255830 33.164810
936 203110 13.914510 5.598610
936 203546 25.046960 4.109700
948 -1 3.914190 34.034630
948 201945 10.342200 15.253750
948 204025 25.803020 10.771470
948 203468 0.505430 22.893790
948 1626192 21.378960 37.455090
948 203943 6.208360 24.509600
948 201575 18.062720 45.879070
948 203105 6.208360 24.509600
948 202691 3.408940 33.917140
948 203110 14.038400 5.575570
948 203546 25.369740 4.413250
960 -1 3.806770 34.453990
960 201945 10.402240 15.618460
960 204025 26.156110 11.123440
960 203468 0.734540 23.405500
960 1626192 20.832640 37.062390
960 203943 6.311440 24.487150
960 201575 16.793970 46.336920
960 203105 6.311440 24.487150
960 202691 3.511180 34.656750
960 203110 14.100620 5.589560
960 203546 25.713250 4.722090
972 -1 4.071080 34.053800
972 201945 10.498200 15.987500
972 204025 26.511030 11.478710
972 203468 0.971680 24.009580
972 1626192 20.161410 36.616190
972 203943 6.437800 24.434740
972 201575 15.600360 46.715970
972 203105 6.437800 24.434740
972 202691 3.746350 35.393600
972 203110 14.125380 5.672960
972 203546 26.106250 5.030740
984 -1 4.249910 32.635140
984 201945 10.552360 16.348950
984 204025 26.872250 11.829680
984 203468 1.298690 24.610630
984 1626192 19.362960 36.211830
984 203943 6.625140 24.569830
984 201575 14.488850 46.956480
984 203105 6.625140 24.569830
984 202691 3.918280 36.185270
984 203110 14.139080 5.794730
984 203546 26.536210 5.365670
996 -1 4.445240 31.388260
996 201945 10.660760 16.739330
996 204025 27.235880 12.217870
996 203468 1.718990 25.166130
996 1626192 18.487680 35.776850
996 203943 6.808400 24.933640
996 201575 13.415340 47.125670
996 203105 6.808400 24.933640
996 202691 4.257500 37.101530
996 203110 14.145680 5.946720
996 203546 27.006920 5.737690
1008 -1 4.821830 29.917460
1008 201945 10.793580 17.134550
1008 204025 27.567190 12.618390
1008 203468 2.160570 25.672240
1008 1626192 17.635580 35.266370
1008 203943 6.879780 25.238710
1008 201575 12.489650 47.309510
1008 203105 6.879780 25.238710
1008 202691 4.647180 38.051730
1008 203110 14.192000 6.090580
1008 203546 27.488470 6.139230
1020 -1 4.941940 28.516690
1020 201945 10.764650 17.524760
1020 204025 27.848760 13.023630
1020 203468 2.598260 26.203100
1020 1626192 16.761690 34.719810
1020 203943 6.862750 25.463790
1020 201575 11.809820 47.464590
1020 203105 6.862750 25.463790
1020 202691 5.030940 38.953880
1020 203110 14.299830 6.213540
1020 203546 27.958120 6.568130
1032 -1 5.100650 27.193770
1032 201945 10.678730 17.886250
1032 204025 28.118940 13.433240
1032 203468 3.044540 26.676470
1032 1626192 15.890770 34.209040
1032 203943 6.913670 25.681370
1032 201575 11.316320 47.556080
1032 203105 6.913670 25.681370
1032 202691 5.347780 39.881550
1032 203110 14.446780 6.325990
1032 203546 28.407910 7.013890
1044 -1 5.390670 25.879850
1044 201945 10.618510 18.196700
1044 204025 28.367750 13.849290
1044 203468 3.397160 27.103830
1044 1626192 15.061970 33.740920
1044 203943 6.870950 25.813650
1044 201575 11.093800 47.649910
1044 203105 6.870950 25.813650
1044 202691 5.823750 40.837560
1044 203110 14.642410 6.453310
1044 203546 28.854970 7.459520
1056 -1 5.444890 24.626300
1056 201945 10.438070 18.465360
1056 204025 28.601680 14.260290
1056 203468 3.666410 27.501890
1056 1626192 14.297280 33.374790
1056 203943 6.889940 25.660370
1056 201575 11.190290 47.705700
1056 203105 6.889940 25.660370
1056 202691 6.206380 41.727050
1056 203110 14.900900 6.591370
1056 203546 29.303860 7.914540
1068 -1 5.404130 24.349700
1068 201945 10.072020 18.767380
1068 204025 28.837450 14.687890
1068 203468 3.926580 28.029690
1068 1626192 13.574120 33.097570
1068 203943 7.251370 25.548630
1068 201575 11.495640 47.752830
1068 203105 7.251370 25.548630
1068 202691 6.662830 42.568160
1068 203110 15.206600 6.768340
1068 203546 29.762120 8.377010
1080 -1 5.290110 24.357960
1080 201945 9.746940 19.021670
1080 204025 29.090600 15.106790
1080 203468 4.141610 28.562040
1080 1626192 12.968430 32.925040
1080 203943 7.520100 25.595210
1080 201575 11.913920 47.801540
1080 203105 7.703800 25.510190
1080 202691 7.255890 43.342480
1080 203110 15.585160 7.029840
1080 203546 30.260900 8.825750
1092 -1 5.162800 24.213010
1092 201945 9.418400 19.248860
1092 204025 29.347510 15.529680
1092 203468 4.329930 29.076250
1092 1626192 12.564670 32.797880
1092 203943 7.611250 25.409710
1092 201575 12.517900 47.814800
1092 203105 8.091620 25.627840
1092 202691 8.029340 43.931240
1092 203110 16.059120 7.338450
1092 203546 30.788810 9.305970
1104 -1 4.985870 24.191930
1104 201945 9.025760 19.449730
1104 204025 29.589200 15.940380
1104 203468 4.477860 29.600900
1104 1626192 12.317280 32.736980
1104 203943 7.602590 24.779570
1104 201575 13.343760 47.780680
1104 203105 8.484790 25.743840
1104 202691 8.865680 44.445190
1104 203110 16.602510 7.692680
1104 203546 31.339070 9.810340
1116 -1 4.888010 24.101350
1116 201945 8.702580 19.559190
1116 204025 29.798830 16.307100
1116 203468 4.551530 30.164220
1116 1626192 12.266170 32.677280
1116 203943 7.301980 24.140470
1116 201575 14.232550 47.676410
1116 203105 8.775050 26.024830
1116 202691 9.860750 44.731060
1116 203110 17.227420 8.085500
1116 203546 31.915200 10.321090
1128 -1 4.689940 24.370910
1128 201945 8.504900 19.573960
1128 204025 29.950050 16.596510
1128 203468 4.594820 30.670470
1128 1626192 12.438780 32.658080
1128 203943 6.674960 23.537770
1128 201575 15.205610 47.451940
1128 203105 8.896010 26.350280
1128 202691 10.872080 44.935620
1128 203110 17.944480 8.488560
1128 203546 32.506870 10.809200
1140 -1 3.825700 24.395200
1140 201945 8.395040 19.545350
1140 204025 30.074760 16.798770
1140 203468 4.567350 31.116200
1140 1626192 12.853090 32.672660
1140 203943 6.131850 22.845160
1140 201575 16.370760 47.184060
1140 203105 9.222450 26.655200
1140 202691 12.051830 45.037230
1140 203110 18.696290 8.829080
1140 203546 33.106370 11.258050
1152 -1 2.816600 24.487350
1152 201945 8.368690 19.419810
1152 204025 30.169230 16.912510
1152 203468 4.506580 31.557070
1152 1626192 13.435620 32.709580
1152 203943 5.550180 22.440330
1152 201575 17.651000 46.879250
1152 203105 9.801400 26.833840
1152 202691 13.295820 45.061010
1152 203110 19.499780 9.187530
1152 203546 33.716010 11.637810
1164 -1 2.019430 23.704640
1164 201945 8.442420 19.210790
1164 204025 30.226890 16.943400
1164 203468 4.436690 32.034450
1164 1626192 14.200110 32.736520
1164 203943 4.754610 22.439190
1164 201575 18.938580 46.540540
1164 203105 10.604830 26.914330
1164 202691 14.648970 44.850500
1164 203110 20.378580 9.560380
1164 203546 34.355030 11.980800
1176 -1 1.660870 23.455240
1176 201945 8.491820 18.956070
1176 204025 30.235600 16.881950
1176 203468 4.414930 32.515450
1176 1626192 15.124930 32.766880
1176 203943 3.953740 22.588930
1176 201575 20.313630 46.145370
1176 203105 11.520070 26.905730
1176 202691 15.954490 44.543320
1176 203110 21.309220 9.933730
1176 203546 34.969590 12.270770
1188 -1 1.257040 23.274320
1188 201945 8.565790 18.645170
1188 204025 30.205270 16.766490
1188 203468 4.350180 33.029720
1188 1626192 16.169830 32.800140
1188 203943 3.122390 22.732690
1188 201575 21.754540 45.733080
1188 203105 12.622410 26.823050
1188 202691 17.361530 44.125970
1188 203110 22.285710 10.297600
1188 203546 35.602950 12.504060