0 -1 18.239850 26.338400
0 202390 70.818960 11.855500
0 201162 71.966540 20.585490
0 202066 59.273140 39.694990
0 101162 61.636670 26.224600
0 202322 50.354840 27.660080
0 2730 4.393850 22.939410
0 201951 17.803750 29.440740
0 201935 39.810030 47.724160
0 201977 61.582130 3.142230
0 203093 69.053490 16.928030
12 -1 19.475930 27.006150
12 202390 71.300920 11.731970
12 201162 72.650300 20.925670
12 202066 59.629360 40.000600
12 101162 62.388240 26.107180
12 202322 50.810890 27.523920
12 2730 5.511040 23.115170
12 201951 18.413400 29.172490
12 201935 40.179030 47.703700
12 201977 62.338510 3.055290
12 203093 69.680810 16.958480
24 -1 20.671250 27.337090
24 202390 71.763640 11.605840
24 201162 73.328490 21.276860
24 202066 59.955640 40.297090
24 101162 63.174380 25.995230
24 202322 51.267320 27.390580
24 2730 6.625000 23.503410
24 201951 19.128900 28.887200
24 201935 40.575880 47.713230
24 201977 62.993610 2.934880
24 203093 70.315590 16.817760
36 -1 21.698640 27.584080
36 202390 72.166540 11.479860
36 201162 74.028720 21.590510
36 202066 60.269050 40.566930
36 101162 63.894300 25.808350
36 202322 51.714360 27.288340
36 2730 8.027800 23.745970
36 201951 19.884090 28.567130
36 201935 41.027790 47.748470
36 201977 63.724170 2.874760
36 203093 70.945120 16.641050
48 -1 22.218580 27.680070
48 202390 72.534670 11.345360
48 201162 74.751840 21.784670
48 202066 60.599100 40.813700
48 101162 64.583200 25.606940
48 202322 52.149550 27.212280
48 2730 9.456140 23.760500
48 201951 20.615550 28.214950
48 201935 41.473760 47.783640
48 201977 64.409650 2.829020
48 203093 71.490510 16.480700
60 -1 22.716800 27.608010
60 202390 72.875660 11.187090
60 201162 75.473590 21.877690
60 202066 60.930620 41.019370
60 101162 65.274550 25.370760
60 202322 52.583020 27.214160
60 2730 10.949770 23.832080
60 201951 21.365460 27.862850
60 201935 41.896000 47.819630
60 201977 65.109560 2.796870
60 203093 72.152000 16.440720
72 -1 23.179890 27.468930
72 202390 73.205160 10.974620
72 201162 76.163930 21.864090
72 202066 61.275540 41.175870
72 101162 65.893080 25.137670
72 202322 53.027710 27.236190
72 2730 12.539370 23.786850
72 201951 22.167100 27.459760
72 201935 42.259650 47.823120
72 201977 65.766350 2.764860
72 203093 72.921800 16.318340
84 -1 23.523510 26.637980
84 202390 73.533270 10.734340
84 201162 76.802250 21.779120
84 202066 61.667190 41.292050
84 101162 66.420670 24.903320
84 202322 53.442180 27.236850
84 2730 14.135720 23.608820
84 201951 22.988630 26.972590
84 201935 42.634820 47.784370
84 201977 66.429540 2.752230
84 203093 73.680040 16.288560
96 -1 24.287100 25.742930
96 202390 73.884950 10.479510
96 201162 77.403710 21.655060
96 202066 62.072760 41.382520
96 101162 67.013890 24.764540
96 202322 53.858250 27.181530
96 2730 15.665700 23.567360
96 201951 23.889000 26.421380
96 201935 43.023980 47.728520
96 201977 67.045220 2.714590
96 203093 74.421340 16.273020
108 -1 25.339030 24.897040
108 202390 74.225400 10.264330
108 201162 77.985190 21.540430
108 202066 62.470170 41.453190
108 101162 67.610200 24.636810
108 202322 54.289700 27.055180
108 2730 17.216760 23.684030
108 201951 24.880870 25.885820
108 201935 43.443760 47.672860
108 201977 67.641890 2.681440
108 203093 75.243550 16.231140
120 -1 26.579470 24.218850
120 202390 74.568210 10.098810
120 201162 78.536020 21.471020
120 202066 62.854670 41.526580
120 101162 68.227260 24.556050
120 202322 54.749450 26.837290
120 2730 18.738810 23.737330
120 201951 25.942790 25.267830
120 201935 43.893710 47.592310
120 201977 68.144520 2.649550
120 203093 76.105110 16.179340
132 -1 28.572530 23.182980
132 202390 74.918760 9.971030
132 201162 79.049110 21.418050
132 202066 63.200760 41.624330
132 101162 68.849480 24.503070
132 202322 55.225280 26.561870
132 2730 20.288270 23.827100
132 201951 27.083800 24.676640
132 201935 44.414650 47.516420
132 201977 68.692260 2.613850
132 203093 76.856340 16.091570
144 -1 30.614960 22.564940
144 202390 75.258770 9.852010
144 201162 79.477870 21.345210
144 202066 63.508850 41.733300
144 101162 69.470860 24.454160
144 202322 55.753480 26.240680
144 2730 21.879760 23.949930
144 201951 28.131600 24.074940
144 201935 44.950060 47.473000
144 201977 69.315910 2.645110
144 203093 77.536820 16.056940
156 -1 31.649290 22.308410
156 202390 75.573170 9.748440
156 201162 79.842040 21.241100
156 202066 63.802740 41.827670
156 101162 69.994660 24.376750
156 202322 56.276760 25.889590
156 2730 23.416120 24.056330
156 201951 29.292020 23.438620
156 201935 45.441320 47.436470
156 201977 69.849990 2.669170
156 203093 78.233440 16.059190
168 -1 32.729270 22.018160
168 202390 75.879900 9.627200
168 201162 80.142530 21.091020
168 202066 64.079310 41.893760
168 101162 70.486270 24.287600
168 202322 56.795760 25.478110
168 2730 24.900130 24.159930
168 201951 30.628310 22.706740
168 201935 45.938240 47.395790
168 201977 70.308840 2.631970
168 203093 78.946110 16.107480
180 -1 33.747740 21.607100
180 202390 76.166410 9.463530
180 201162 80.407580 20.873990
180 202066 64.336700 41.905980
180 101162 70.935570 24.192580
180 202322 57.336120 25.031060
180 2730 26.454560 24.345020
180 201951 32.041640 21.981130
180 201935 46.441900 47.357670
180 201977 70.689490 2.564090
180 203093 79.662950 16.180000
192 -1 35.109780 21.105420
192 202390 76.406580 9.269100
192 201162 80.625850 20.645240
192 202066 64.576110 41.835910
192 101162 71.370930 24.122180
192 202322 57.859950 24.534370
192 2730 27.999310 24.487730
192 201951 33.510060 21.205800
192 201935 46.952940 47.299870
192 201977 70.858040 2.493400
192 203093 80.349750 16.273030
204 -1 36.173430 20.665730
204 202390 76.574600 9.080070
204 201162 80.822510 20.399780
204 202066 64.815340 41.675050
204 101162 71.780360 24.126940
204 202322 58.353800 23.994600
204 2730 29.529910 24.588450
204 201951 35.142540 20.403550
204 201935 47.445080 47.209820
204 201977 70.774470 2.371090
204 203093 81.016800 16.348330
216 -1 38.124090 19.603350
216 202390 76.628480 8.896310
216 201162 81.064140 20.132420
216 202066 65.032870 41.445720
216 101162 72.178550 24.198170
216 202322 58.903420 23.396170
216 2730 31.108200 24.723420
216 201951 36.877780 19.555670
216 201935 47.970920 47.131860
216 201977 70.552780 2.243590
216 203093 81.586910 16.347860
228 -1 39.294860 18.767430
228 202390 76.559320 8.735310
228 201162 81.279690 19.865210
228 202066 65.232330 41.174460
228 101162 72.591520 24.323110
228 202322 59.464750 22.754740
228 2730 32.685580 24.825930
228 201951 38.552420 18.722360
228 201935 48.485000 47.053130
228 201977 70.151850 2.159660
228 203093 82.252920 16.406320
240 -1 41.865360 17.070280
240 202390 76.365290 8.596770
240 201162 81.465450 19.629830
240 202066 65.412890 40.856100
240 101162 72.987820 24.471600
240 202322 59.951410 22.104170
240 2730 34.137410 24.912240
240 201951 40.295500 17.938990
240 201935 48.992180 46.965510
240 201977 69.665550 2.122190
240 203093 82.889060 16.457120
252 -1 46.398800 14.308510
252 202390 76.033590 8.469970
252 201162 81.640910 19.381130
252 202066 65.575410 40.523120
252 101162 73.364020 24.621180
252 202322 60.457440 21.461650
252 2730 35.624880 25.010400
252 201951 41.976790 17.219280
252 201935 49.494270 46.891950
252 201977 69.154220 2.108320
252 203093 83.539090 16.527860
264 -1 50.974520 11.783360
264 202390 75.571610 8.303860
264 201162 81.842460 19.127080
264 202066 65.693510 40.168820
264 101162 73.722760 24.718880
264 202322 61.023780 20.834720
264 2730 37.117770 25.123200
264 201951 43.762800 16.510510
264 201935 49.991920 46.832600
264 201977 68.603390 2.159030
264 203093 84.177080 16.653370
276 -1 55.694330 9.191370
276 202390 75.060300 8.121490
276 201162 82.021430 18.915600
276 202066 65.804450 39.795400
276 101162 74.090420 24.784200
276 202322 61.586890 20.226980
276 2730 38.539630 25.194670
276 201951 45.489780 15.929340
276 201935 50.468870 46.758130
276 201977 68.029070 2.261450
276 203093 84.926140 16.910220
288 -1 60.178380 7.134010
288 202390 74.523510 7.939010
288 201162 82.249790 18.735460
288 202066 65.915100 39.414600
288 101162 74.385110 24.832550
288 202322 62.181450 19.670330
288 2730 39.958060 25.262280
288 201951 47.275330 15.410950
288 201935 50.937740 46.666080
288 201977 67.548830 2.413420
288 203093 85.554810 17.128590
300 -1 64.438700 4.365190
300 202390 73.952620 7.796020
300 201162 82.473150 18.607810
300 202066 66.036090 39.027270
300 101162 74.652610 24.883960
300 202322 62.860410 19.100000
300 2730 41.416400 25.286720
300 201951 49.094240 14.972630
300 201935 51.396280 46.571090
300 201977 67.074240 2.573540
300 203093 86.184170 17.392940
312 -1 65.914820 3.438410
312 202390 73.352820 7.701460
312 201162 82.791810 18.561880
312 202066 66.189890 38.617460
312 101162 74.870150 24.925280
312 202322 63.567480 18.527300
312 2730 42.767230 25.313870
312 201951 51.070000 14.622720
312 201935 51.847600 46.467700
312 201977 66.631420 2.724200
312 203093 86.766150 17.696910
324 -1 65.299530 3.604680
324 202390 72.767040 7.673510
324 201162 83.084830 18.668700
324 202066 66.419950 38.224160
324 101162 75.050280 24.980790
324 202322 64.246700 17.972190
324 2730 44.053870 25.313650
324 201951 53.066620 14.410400
324 201935 52.309760 46.361160
324 201977 66.243460 2.883450
324 203093 87.298940 18.021150
336 -1 65.096750 3.773260
336 202390 72.171520 7.769550
336 201162 83.416120 18.763150
336 202066 66.655180 37.818700
336 101162 75.152200 25.080960
336 202322 64.928820 17.479060
336 2730 45.406030 25.329670
336 201951 55.069680 14.308600
336 201935 52.768380 46.241750
336 201977 65.901230 3.047840
336 203093 87.739820 18.348860
348 -1 65.686850 3.248280
348 202390 71.600300 7.904150
348 201162 83.738380 18.968970
348 202066 66.874310 37.398540
348 101162 75.212500 25.189500
348 202322 65.633680 17.077140
348 2730 46.716850 25.334580
348 201951 57.086920 14.325740
348 201935 53.227570 46.131310
348 201977 65.567780 3.199010
348 203093 88.128820 18.670210
360 -1 65.549190 2.937650
360 202390 71.065860 8.049510
360 201162 84.106300 19.203690
360 202066 67.068190 36.994700
360 101162 75.195140 25.285240
360 202322 66.358960 16.821540
360 2730 47.977540 25.357370
360 201951 59.136190 14.428810
360 201935 53.686160 46.042400
360 201977 65.298370 3.301450
360 203093 88.450510 18.961210
372 -1 64.249980 4.850360
372 202390 70.593900 8.215220
372 201162 84.412290 19.407580
372 202066 67.201210 36.638390
372 101162 75.100830 25.364770
372 202322 67.167090 16.706650
372 2730 49.242300 25.333280
372 201951 61.138660 14.665280
372 201935 54.130900 45.966780
372 201977 65.121610 3.520950
372 203093 88.707750 19.193660
384 -1 62.610730 8.393810
384 202390 70.232940 8.478690
384 201162 84.711520 19.528710
384 202066 67.253880 36.330960
384 101162 74.904270 25.389030
384 202322 67.991270 16.684230
384 2730 50.476480 25.327860
384 201951 63.109700 15.103180
384 201935 54.575960 45.896720
384 201977 65.082550 3.598010
384 203093 88.914750 19.336330
396 -1 61.189970 12.460060
396 202390 69.989650 8.737880
396 201162 84.913290 19.721640
396 202066 67.247130 36.096910
396 101162 74.578800 25.484920
396 202322 68.856360 16.831090
396 2730 51.599060 25.340350
396 201951 64.921550 15.698420
396 201935 55.022360 45.807860
396 201977 65.174320 3.623510
396 203093 89.065830 19.380920
408 -1 59.816720 15.801080
408 202390 69.842440 9.032770
408 201162 85.042550 19.837020
408 202066 67.166510 35.989490
408 101162 74.210010 25.509100
408 202322 69.731040 17.000210
408 2730 52.688700 25.367730
408 201951 66.628780 16.463370
408 201935 55.440430 45.665130
408 201977 65.346420 3.697190
408 203093 89.140030 19.334550
420 -1 57.993990 19.022260
420 202390 69.819890 9.356580
420 201162 85.141760 19.891240
420 202066 67.040420 36.227170
420 101162 73.793690 25.487040
420 202322 70.654180 17.240500
420 2730 53.748160 25.386410
420 201951 68.121510 17.342430
420 201935 55.798460 45.482700
420 201977 65.611890 3.808360
420 203093 89.169240 19.176080
432 -1 56.517400 22.496330
432 202390 69.978220 9.668610
432 201162 85.235950 19.943400
432 202066 66.855590 36.562430
432 101162 73.335520 25.516920
432 202322 71.573710 17.627250
432 2730 54.735450 25.432310
432 201951 69.549140 18.326920
432 201935 56.149880 45.320810
432 201977 66.017650 3.754890
432 203093 89.179240 18.943350
444 -1 56.295370 24.550300
444 202390 70.258010 9.883130
444 201162 85.345570 19.978770
444 202066 66.532290 36.970020
444 101162 72.806330 25.531000
444 202322 72.478940 18.115070
444 2730 55.732590 25.436210
444 201951 70.945500 19.411840
444 201935 56.440000 45.118390
444 201977 66.392510 3.840130
444 203093 89.159110 18.683590
456 -1 57.305430 24.326180
456 202390 70.612450 10.054230
456 201162 85.705460 20.247660
456 202066 66.095420 37.488380
456 101162 72.408910 25.501590
456 202322 73.392860 18.643810
456 2730 56.749150 25.382870
456 201951 72.386160 20.534850
456 201935 56.736940 44.990860
456 201977 66.805650 3.977320
456 203093 89.112580 18.421730
468 -1 58.541340 24.359260
468 202390 71.063330 10.181480
468 201162 86.118150 20.570790
468 202066 65.586490 38.092210
468 101162 71.950190 25.509930
468 202322 74.279620 19.299420
468 2730 57.708170 25.372450
468 201951 73.775910 21.706650
468 201935 57.089670 44.852800
468 201977 67.282020 4.043910
468 203093 89.047830 18.181690
480 -1 59.849070 24.197740
480 202390 71.583100 10.268260
480 201162 86.520830 20.897090
480 202066 65.009660 38.502970
480 101162 71.495620 25.684720
480 202322 75.116260 20.046430
480 2730 58.640490 25.330760
480 201951 75.250000 22.957650
480 201935 57.494090 44.760110
480 201977 67.779430 4.088050
480 203093 88.957860 17.945580
492 -1 60.263720 23.663870
492 202390 72.087570 10.348340
492 201162 86.823150 21.204940
492 202066 64.512480 38.906570
492 101162 71.115380 25.865830
492 202322 75.871520 20.823420
492 2730 59.521960 25.217130
492 201951 76.669140 24.250420
492 201935 57.896320 44.637180
492 201977 68.243920 4.153400
492 203093 88.822330 17.732700
504 -1 60.470040 23.400160
504 202390 72.562470 10.438320
504 201162 87.007130 21.370310
504 202066 64.223210 39.279770
504 101162 70.908390 25.978260
504 202322 76.628640 21.701870
504 2730 60.298480 25.047360
504 201951 77.935650 25.542100
504 201935 58.355490 44.567490
504 201977 68.776020 4.150930
504 203093 88.681720 17.505780
516 -1 61.091630 23.447520
516 202390 73.022620 10.496670
516 201162 86.938380 21.252010
516 202066 64.135860 39.575860
516 101162 70.739230 25.876750
516 202322 77.308190 22.609030
516 2730 60.958560 24.842750
516 201951 79.167890 26.873350
516 201935 58.783850 44.415380
516 201977 69.302280 4.074190
516 203093 88.589420 17.258890
528 -1 61.610940 23.325000
528 202390 73.384100 10.553750
528 201162 86.811690 21.048820
528 202066 64.218970 39.740510
528 101162 70.705150 25.617980
528 202322 77.946320 23.588230
528 2730 61.536100 24.504670
528 201951 80.336160 28.209830
528 201935 59.167990 44.295990
528 201977 69.823480 4.026210
528 203093 88.497160 17.011480
540 -1 62.494620 23.207550
540 202390 73.663390 10.587100
540 201162 86.619760 20.845150
540 202066 64.424630 39.813970
540 101162 70.756790 25.204000
540 202322 78.511060 24.559390
540 2730 62.163340 24.210210
540 201951 81.340750 29.565230
540 201935 59.529940 44.168420
540 201977 70.339900 3.958470
540 203093 88.429410 16.795910
552 -1 63.407310 22.899170
552 202390 73.920440 10.594190
552 201162 86.448650 20.635850
552 202066 64.643640 39.842900
552 101162 70.856670 24.697540
552 202322 79.035350 25.490060
552 2730 62.708400 23.928030
552 201951 82.252170 30.915870
552 201935 59.899450 44.049760
552 201977 70.785810 3.936100
552 203093 88.418130 16.559710
564 -1 63.801140 22.176490
564 202390 74.139510 10.593890
564 201162 86.319590 20.503030
564 202066 64.843270 39.851650
564 101162 70.958880 24.268940
564 202322 79.543500 26.371170
564 2730 63.336940 23.698050
564 201951 83.060030 32.246330
564 201935 60.275160 43.944430
564 201977 71.177870 3.871490
564 203093 88.465920 16.319330
576 -1 64.136140 21.879040
576 202390 74.299450 10.569010
576 201162 86.123200 20.319360
576 202066 65.048600 39.862300
576 101162 71.046860 23.914300
576 202322 80.025860 27.229580
576 2730 63.960000 23.463060
576 201951 83.677270 33.538620
576 201935 60.680040 43.905720
576 201977 71.514590 3.843320
576 203093 88.512310 16.028700
588 -1 63.633250 21.691780
588 202390 74.447570 10.526050
588 201162 85.895830 20.047000
588 202066 65.314620 39.895230
588 101162 71.131820 23.620800
588 202322 80.472310 28.047680
588 2730 64.434890 23.241350
588 201951 84.183590 34.823040
588 201935 61.115510 43.937100
588 201977 71.752760 3.804430
588 203093 88.613740 15.613570
600 -1 63.596700 21.704350
600 202390 74.552530 10.495060
600 201162 85.915820 19.752930
600 202066 65.635760 39.936470
600 101162 71.222730 23.240430
600 202322 80.877610 28.830560
600 2730 64.595310 22.963540
600 201951 84.558880 36.054590
600 201935 61.563210 43.992810
600 201977 71.892150 3.850600
600 203093 88.769030 15.095020
612 -1 64.183990 21.754730
612 202390 74.584290 10.471810
612 201162 85.756040 19.412110
612 202066 65.972330 39.955730
612 101162 71.261040 23.035570
612 202322 81.240410 29.572330
612 2730 64.813610 22.673850
612 201951 84.773470 37.226640
612 201935 61.983540 44.033970
612 201977 71.966100 3.933130
612 203093 88.941960 14.496200
624 -1 66.370800 21.139880
624 202390 74.565920 10.439040
624 201162 85.653290 19.044030
624 202066 66.300500 39.939720
624 101162 71.253910 22.754060
624 202322 81.551980 30.250290
624 2730 64.860130 22.253490
624 201951 84.927980 38.357920
624 201935 62.408040 44.028950
624 201977 71.937940 4.116510
624 203093 89.114310 13.806740
636 -1 64.652470 21.097840
636 202390 74.538900 10.398490
636 201162 85.592660 18.660710
636 202066 66.602490 39.886400
636 101162 71.259500 22.333200
636 202322 81.828950 30.883690
636 2730 64.846770 21.843100
636 201951 84.992320 39.430840
636 201935 62.887460 43.959200
636 201977 71.807840 4.383060
636 203093 89.296660 13.053600
648 -1 64.653610 20.340040
648 202390 74.524220 10.406610
648 201162 85.686100 18.287170
648 202066 66.874280 39.801840
648 101162 71.234290 21.898180
648 202322 82.094510 31.463790
648 2730 64.981430 21.483710
648 201951 84.949280 40.382140
648 201935 63.354950 43.841100
648 201977 71.507610 4.791030
648 203093 89.448830 12.262420
660 -1 65.043180 19.717590
660 202390 74.427650 10.289500
660 201162 85.600130 17.830330
660 202066 67.176860 39.728530
660 101162 71.185700 21.435720
660 202322 82.338950 31.973660
660 2730 65.444480 21.074700
660 201951 84.815140 41.271330
660 201935 63.891900 43.687440
660 201977 71.018310 5.344450
660 203093 89.537200 11.421960
672 -1 67.107280 19.756050
672 202390 74.237110 10.210860
672 201162 85.714500 17.302530
672 202066 67.532200 39.703350
672 101162 71.105300 20.826600
672 202322 82.550000 32.456490
672 2730 65.891630 20.672040
672 201951 84.651000 42.098160
672 201935 64.513200 43.533410
672 201977 70.404130 5.954850
672 203093 89.574590 10.551130
684 -1 66.354480 19.170270
684 202390 73.831670 10.304730
684 201162 85.748110 16.752550
684 202066 67.914540 39.837570
684 101162 70.985550 20.402890
684 202322 82.722230 32.938580
684 2730 66.367230 20.338210
684 201951 84.429330 42.829230
684 201935 65.156780 43.337090
684 201977 69.698050 6.635240
684 203093 89.555400 9.678480
696 -1 64.898530 19.380270
696 202390 73.252090 10.432230
696 201162 85.772460 16.183280
696 202066 68.495690 39.778210
696 101162 70.770810 20.195980
696 202322 82.847260 33.372530
696 2730 66.817770 19.902070
696 201951 84.188140 43.506110
696 201935 65.805620 43.116570
696 201977 68.778040 7.448680
696 203093 89.442830 8.812650
708 -1 65.095600 18.815770
708 202390 72.351270 10.717840
708 201162 85.660330 15.615820
708 202066 69.089320 39.667000
708 101162 70.538750 20.085660
708 202322 82.898350 33.736170
708 2730 67.328030 19.445340
708 201951 83.896500 44.127940
708 201935 66.531350 42.870350
708 201977 67.926220 8.375390
708 203093 89.253150 7.980030
720 -1 65.074230 17.570380
720 202390 71.368650 11.194110
720 201162 85.507180 15.082850
720 202066 69.668810 39.569130
720 101162 70.401300 20.124770
720 202322 82.910780 34.064640
720 2730 67.636820 19.033200
720 201951 83.588570 44.644890
720 201935 67.258890 42.571620
720 201977 67.280840 9.431990
720 203093 89.002480 7.208860
732 -1 64.608590 15.995080
732 202390 70.220640 11.859520
732 201162 85.361260 14.627390
732 202066 70.269920 39.341500
732 101162 70.439880 20.221800
732 202322 82.905720 34.334640
732 2730 67.621750 18.573610
732 201951 83.266920 45.068560
732 201935 67.989560 42.242550
732 201977 66.804430 10.762540
732 203093 88.680710 6.517210
744 -1 64.224020 14.421610
744 202390 69.037120 12.624760
744 201162 85.264950 14.240670
744 202066 70.928910 38.920960
744 101162 70.639140 20.254490
744 202322 82.878620 34.556770
744 2730 67.523010 18.153880
744 201951 82.956860 45.421230
744 201935 68.843590 41.936830
744 201977 66.197930 12.199700
744 203093 88.237610 5.914140
756 -1 63.738480 14.465090
756 202390 67.856550 13.589160
756 201162 85.170200 13.932850
756 202066 71.461720 38.668540
756 101162 71.002260 20.315890
756 202322 82.842290 34.769510
756 2730 67.216240 17.902240
756 201951 82.663840 45.708270
756 201935 69.665150 41.700630
756 201977 65.974540 13.518200
756 203093 87.726810 5.412100
768 -1 63.359590 16.322630
768 202390 66.937560 14.447850
768 201162 85.086260 13.723810
768 202066 72.000780 38.470800
768 101162 71.549310 20.374710
768 202322 82.809940 35.016980
768 2730 66.708910 17.822490
768 201951 82.432650 45.979900
768 201935 70.383100 41.518110
768 201977 65.813930 14.667360
768 203093 87.191420 4.992630
780 -1 63.927180 19.111690
780 202390 66.286400 15.446290
780 201162 84.946330 13.628200
780 202066 72.522310 38.116700
780 101162 72.132910 20.463200
780 202322 82.744650 35.282220
780 2730 66.145750 18.150420
780 201951 82.276130 46.256190
780 201935 71.043350 41.453050
780 201977 65.719060 15.782020
780 203093 86.623870 4.646090
792 -1 64.376760 21.201560
792 202390 65.891250 16.500140
792 201162 84.769140 13.670000
792 202066 73.027100 37.641160
792 101162 72.707720 20.870460
792 202322 82.603830 35.557210
792 2730 65.919840 18.336480
792 201951 82.148230 46.551040
792 201935 71.643840 41.541660
792 201977 65.499490 17.283760
792 203093 86.056390 4.334760
804 -1 64.811220 22.468880
804 202390 65.564600 17.389560
804 201162 84.550960 13.897040
804 202066 73.505580 36.954870
804 101162 73.339620 21.446320
804 202322 82.400170 35.816560
804 2730 65.750570 18.689230
804 201951 82.060240 46.837420
804 201935 72.070120 41.667420
804 201977 65.623100 18.869390
804 203093 85.547740 4.054270
816 -1 65.398230 23.607450
816 202390 65.072030 18.213630
816 201162 84.323420 14.282560
816 202066 73.897100 36.193050
816 101162 73.985090 21.846610
816 202322 82.143490 36.044240
816 2730 65.867320 19.147590
816 201951 82.036690 47.102590
816 201935 72.430980 41.796190
816 201977 65.707570 20.631550
816 203093 85.099680 3.835560
828 -1 66.607390 24.569050
828 202390 64.734500 19.140010
828 201162 84.078480 14.830950
828 202066 74.180540 35.299120
828 101162 74.657530 22.364440
828 202322 81.847750 36.228440
828 2730 66.231010 19.470830
828 201951 82.088490 47.338720
828 201935 72.769560 41.987500
828 201977 65.862820 22.513330
828 203093 84.684420 3.701320
840 -1 67.989000 25.580890
840 202390 64.485370 20.086240
840 201162 83.886850 15.553080
840 202066 74.395750 34.373980
840 101162 75.337630 22.919750
840 202322 81.540570 36.411690
840 2730 66.834550 19.448940
840 201951 82.202300 47.560590
840 201935 73.049520 42.246900
840 201977 66.219070 24.241680
840 203093 84.305850 3.629680
852 -1 68.897640 26.854680
852 202390 64.328250 20.896280
852 201162 83.685740 16.297690
852 202066 74.563660 33.669130
852 101162 76.020030 23.159100
852 202322 81.238290 36.608640
852 2730 67.564360 19.762490
852 201951 82.390870 47.756140
852 201935 73.273430 42.497320
852 201977 66.925220 25.366480
852 203093 83.921600 3.604950
864 -1 69.328390 27.735920
864 202390 64.599750 21.822450
864 201162 83.421100 16.880040
864 202066 74.700640 33.553700
864 101162 76.657480 23.314600
864 202322 80.956870 36.841190
864 2730 68.418850 20.134500
864 201951 82.614670 47.953400
864 201935 73.370570 42.870130
864 201977 67.746540 26.343510
864 203093 83.477420 3.600110
876 -1 70.001070 28.314450
876 202390 65.522470 22.728830
876 201162 83.148550 17.390110
876 202066 74.903510 33.757990
876 101162 77.343250 23.704160
876 202322 80.690910 37.100700
876 2730 69.334030 20.344800
876 201951 82.855230 48.154720
876 201935 73.356540 43.329310
876 201977 68.795710 27.117800
876 203093 82.908260 3.567250
888 -1 71.368120 28.544190
888 202390 66.644840 23.522090
888 201162 82.900560 17.788060
888 202066 75.138610 34.072350
888 101162 78.007190 24.115080
888 202322 80.449570 37.364500
888 2730 70.284610 20.742150
888 201951 83.069230 48.353880
888 201935 73.223760 43.786950
888 201977 70.058560 27.558720
888 203093 82.228060 3.491300
900 -1 71.960010 28.407000
900 202390 67.876030 24.228140
900 201162 82.668880 18.001060
900 202066 75.409090 34.534540
900 101162 78.660460 24.727750
900 202322 80.340230 37.584850
900 2730 71.424430 21.059940
900 201951 83.238770 48.529240
900 201935 72.977320 44.172340
900 201977 71.285520 27.771320
900 203093 81.460140 3.433410
912 -1 72.503220 28.354120
912 202390 69.330610 24.866970
912 201162 82.489430 18.133180
912 202066 75.547050 35.125070
912 101162 79.376510 25.265210
912 202322 80.365920 37.707250
912 2730 72.657770 21.263010
912 201951 83.365180 48.662800
912 201935 72.655600 44.488710
912 201977 72.488110 27.815710
912 203093 80.659470 3.479650
924 -1 73.823360 28.395780
924 202390 70.835290 25.276370
924 201162 82.448020 18.314830
924 202066 75.619940 35.518030
924 101162 80.094150 25.475040
924 202322 80.546680 37.719840
924 2730 74.060890 21.305310
924 201951 83.478080 48.742440
924 201935 72.365850 44.700010
924 201977 73.823730 27.656510
924 203093 79.834270 3.572720
936 -1 75.377110 28.379730
936 202390 72.333330 25.604930
936 201162 82.511870 18.490270
936 202066 75.563280 35.825630
936 101162 80.664480 25.418520
936 202322 80.902280 37.636950
936 2730 75.623900 21.420460
936 201951 83.580520 48.758620
936 201935 72.125620 44.811600
936 201977 75.177350 27.408190
936 203093 78.982080 3.723260
948 -1 77.365850 27.205240
948 202390 73.808610 25.925240
948 201162 82.591230 18.613990
948 202066 75.522180 36.216970
948 101162 81.071690 25.214650
948 202322 81.419810 37.473070
948 2730 77.228080 21.413120
948 201951 83.690810 48.701610
948 201935 71.955700 44.839300
948 201977 76.413060 27.283900
948 203093 78.119560 3.949210
960 -1 78.457160 26.707190
960 202390 75.169090 26.172640
960 201162 82.682240 18.662690
960 202066 75.484850 36.657440
960 101162 81.449550 24.741320
960 202322 81.976830 37.232040
960 2730 78.721050 21.557150
960 201951 83.817620 48.581290
960 201935 71.856440 44.803300
960 201977 77.615540 27.301940
960 203093 77.171170 4.150630
972 -1 79.011800 27.381830
972 202390 76.492640 26.419730
972 201162 82.670950 18.412820
972 202066 75.561230 36.960230
972 101162 81.818190 24.444570
972 202322 82.560350 36.957760
972 2730 80.191490 21.706930
972 201951 83.939180 48.422970
972 201935 71.761500 44.707210
972 201977 78.878370 27.332990
972 203093 76.256070 4.291190
984 -1 80.081200 27.569750
984 202390 77.680960 26.718730
984 201162 82.656910 18.015440
984 202066 75.655270 37.096700
984 101162 82.435370 24.330760
984 202322 83.113950 36.615700
984 2730 81.628180 21.787080
984 201951 84.024490 48.236430
984 201935 71.622580 44.564330
984 201977 80.079430 27.430670
984 203093 75.451020 4.398910
996 -1 81.380850 27.250600
996 202390 78.784830 27.017270
996 201162 82.663010 17.490650
996 202066 75.801000 37.056610
996 101162 83.193380 24.100060
996 202322 83.645010 36.221780
996 2730 82.900190 21.812970
996 201951 84.068690 48.033140
996 201935 71.384040 44.372270
996 201977 81.262920 27.527150
996 203093 74.781030 4.461520
1008 -1 82.606000 26.811820
1008 202390 79.803210 27.245510
1008 201162 82.692820 16.869880
1008 202066 75.933330 36.875310
1008 101162 84.235020 23.832930
1008 202322 84.109410 35.786180
1008 2730 84.042690 21.746020
1008 201951 84.051770 47.812670
1008 201935 71.064200 44.143450
1008 201977 82.537260 27.633440
1008 203093 74.212730 4.511630
1020 -1 83.776190 26.405930
1020 202390 80.785790 27.512210
1020 201162 82.750320 16.252150
1020 202066 76.027460 36.583250
1020 101162 85.265070 23.588300
1020 202322 84.475120 35.351500
1020 2730 85.030100 21.593110
1020 201951 83.951630 47.580740
1020 201935 70.689660 43.891130
1020 201977 83.916730 27.925540
1020 203093 73.851950 4.594600
1032 -1 85.087340 26.051290
1032 202390 81.814060 27.658630
1032 201162 82.940880 15.902820
1032 202066 76.084910 36.257880
1032 101162 86.173150 23.217710
1032 202322 84.760630 34.879970
1032 2730 85.752870 21.464910
1032 201951 83.785790 47.329340
1032 201935 70.307520 43.615290
1032 201977 85.300600 28.281480
1032 203093 73.509050 4.673240
1044 -1 85.586370 27.071770
1044 202390 82.878760 27.801030
1044 201162 83.140580 15.683170
1044 202066 76.110600 35.937380
1044 101162 86.772000 22.900060
1044 202322 85.019560 34.444910
1044 2730 86.285790 21.363200
1044 201951 83.568600 47.058770
1044 201935 69.931890 43.289420
1044 201977 86.575410 28.764360
1044 203093 73.137580 4.784030
1056 -1 86.661350 27.168000
1056 202390 83.805960 27.889870
1056 201162 83.271230 15.574220
1056 202066 76.061970 35.660250
1056 101162 87.266940 22.886260
1056 202322 85.225790 34.015810
1056 2730 86.619050 21.202430
1056 201951 83.316810 46.746840
1056 201935 69.594230 42.919430
1056 201977 87.802130 29.393100
1056 203093 72.769270 4.960340
1068 -1 87.152970 27.378090
1068 202390 84.611470 27.960060
1068 201162 83.477520 15.590040
1068 202066 75.947540 35.430800
1068 101162 87.557520 23.007950
1068 202322 85.358600 33.607430
1068 2730 86.963630 21.051290
1068 201951 83.050450 46.398480
1068 201935 69.252630 42.517960
1068 201977 89.027630 30.084190
1068 203093 72.389360 5.163580
1080 -1 87.145580 26.831620
1080 202390 85.433370 27.874060
1080 201162 83.606450 15.723630
1080 202066 75.792600 35.238390
1080 101162 87.750100 23.096250
1080 202322 85.470660 33.188600
1080 2730 87.131540 20.851780
1080 201951 82.795920 45.998670
1080 201935 68.864220 42.075960
1080 201977 90.042290 30.708760
1080 203093 71.970140 5.390130
1092 -1 87.112860 25.566400
1092 202390 86.029350 27.912990
1092 201162 83.703170 15.876040
1092 202066 75.643030 35.067460
1092 101162 87.904980 23.197890
1092 202322 85.545650 32.745230
1092 2730 87.139750 20.636430
1092 201951 82.537440 45.578320
1092 201935 68.408950 41.600250
1092 201977 90.876970 31.411890
1092 203093 71.572950 5.659050