0 -1 66.187190 5.699940
0 200752 28.595660 23.371960
0 201158 42.420430 38.321960
0 201585 57.452770 27.968320
0 203552 51.564280 17.284460
0 201956 43.074920 13.764270
0 201147 57.043150 45.069250
0 201976 69.598050 30.216110
0 201935 68.808020 5.727860
0 203093 21.491320 24.266170
0 203991 82.979800 17.120660
12 -1 65.192390 5.782720
12 200752 27.176160 23.135740
12 201158 40.865450 38.221380
12 201585 55.830800 27.653240
12 203552 50.120210 17.535850
12 201956 41.949990 13.727810
12 201147 55.262880 45.519040
12 201976 68.034750 30.932660
12 201935 67.573460 5.014000
12 203093 20.197140 24.398980
12 203991 81.928950 16.280400
24 -1 64.262270 5.585410
24 200752 25.818680 23.112210
24 201158 39.272700 38.139650
24 201585 54.181010 27.340640
24 203552 48.704030 17.677080
24 201956 40.856350 13.601610
24 201147 53.458590 45.915330
24 201976 66.376680 31.829170
24 201935 66.162940 4.485940
24 203093 19.018460 24.442900
24 203991 80.666670 15.887110
36 -1 63.240380 5.727180
36 200752 24.475810 22.971270
36 201158 37.725440 38.061910
36 201585 52.498320 27.196240
36 203552 47.379210 17.767390
36 201956 39.817260 13.432500
36 201147 51.659890 46.330870
36 201976 64.631190 32.799580
36 201935 64.821260 4.207080
36 203093 17.953270 24.497870
36 203991 79.304390 15.627130
48 -1 62.271190 5.854150
48 200752 23.148280 22.851600
48 201158 36.203300 37.948200
48 201585 50.763920 26.985060
48 203552 46.085090 17.601330
48 201956 38.758290 13.264910
48 201147 49.864860 46.650730
48 201976 62.735150 33.829110
48 201935 63.497610 3.905200
48 203093 16.968100 24.576480
48 203991 77.823110 15.429000
60 -1 61.246520 5.800920
60 200752 21.897990 22.759260
60 201158 34.705940 37.738170
60 201585 49.065790 26.659970
60 203552 44.841200 17.321230
60 201956 37.699420 12.802800
60 201147 48.048800 46.955690
60 201976 60.863530 34.662190
60 201935 62.089300 3.874110
60 203093 16.056500 24.611070
60 203991 76.252210 15.332890
72 -1 59.923020 5.526870
72 200752 20.732430 22.719560
72 201158 33.215940 37.535750
72 201585 47.382830 26.403220
72 203552 43.629620 16.984440
72 201956 36.710630 12.418900
72 201147 46.276410 47.246760
72 201976 59.023520 35.295560
72 201935 60.692200 3.932700
72 203093 15.174680 24.589220
72 203991 74.652680 15.290180
84 -1 58.375110 5.573520
84 200752 19.657550 22.576270
84 201158 31.747350 37.355060
84 201585 45.687390 26.185070
84 203552 42.458540 16.667290
84 201956 35.763480 12.017980
84 201147 44.555080 47.453660
84 201976 57.212680 35.914220
84 201935 59.326410 4.214550
84 203093 14.339860 24.489020
84 203991 73.067620 15.176530
96 -1 56.515730 5.516080
96 200752 18.610440 22.487480
96 201158 30.296160 37.345200
96 201585 43.956460 26.011900
96 203552 41.309980 16.380300
96 201956 34.868420 11.617410
96 201147 42.785260 47.694610
96 201976 55.338110 36.423490
96 201935 57.869520 4.512660
96 203093 13.545180 24.264260
96 203991 71.424070 15.103190
108 -1 54.645770 5.242050
108 200752 17.636870 22.373600
108 201158 28.922380 37.455730
108 201585 42.320660 25.911250
108 203552 40.297260 16.123090
108 201956 34.022330 11.145310
108 201147 41.069340 47.930180
108 201976 53.619440 36.644830
108 201935 56.406710 4.869610
108 203093 12.817800 23.960020
108 203991 69.749020 15.099160
120 -1 53.197630 4.924710
120 200752 16.712670 22.241800
120 201158 27.644490 37.604100
120 201585 40.829180 25.725520
120 203552 39.368710 15.977180
120 201956 33.264530 11.163110
120 201147 39.396890 48.158720
120 201976 51.843760 37.074540
120 201935 55.023780 5.130640
120 203093 12.150520 23.631410
120 203991 68.093930 15.096360
132 -1 52.258600 4.528910
132 200752 15.841820 21.984730
132 201158 26.424560 37.709310
132 201585 39.402550 25.327520
132 203552 38.493330 15.968440
132 201956 32.529390 11.083140
132 201147 37.710320 48.370940
132 201976 50.059290 37.649600
132 201935 53.716490 5.246540
132 203093 11.525450 23.199650
132 203991 66.347310 15.216830
144 -1 51.044990 4.333390
144 200752 15.023040 21.705490
144 201158 25.296650 37.774320
144 201585 38.123440 24.914280
144 203552 37.669050 15.996590
144 201956 31.873200 11.139500
144 201147 36.061260 48.566130
144 201976 48.346440 38.094640
144 201935 52.451780 5.243350
144 203093 10.937080 22.825130
144 203991 64.549760 15.427800
156 -1 50.122030 4.156690
156 200752 14.277540 21.396080
156 201158 24.178180 37.554550
156 201585 36.950470 24.431600
156 203552 36.885630 16.103290
156 201956 31.263710 11.180590
156 201147 34.452590 48.675280
156 201976 46.686800 38.531010
156 201935 51.272360 5.068320
156 203093 10.381450 22.423880
156 203991 62.761130 15.572060
168 -1 49.016550 4.009240
168 200752 13.678990 21.031660
168 201158 23.053430 37.269590
168 201585 35.810860 23.906860
168 203552 36.121800 16.214350
168 201956 30.722280 11.226170
168 201147 32.828650 48.750910
168 201976 45.049970 38.936780
168 201935 50.152780 4.833470
168 203093 9.885110 21.888970
168 203991 60.992630 15.668090
180 -1 48.060210 3.773850
180 200752 13.192170 20.677830
180 201158 21.852470 36.780930
180 201585 34.622710 23.300430
180 203552 35.350070 16.224370
180 201956 30.215460 11.106620
180 201147 31.255370 48.826610
180 201976 43.544590 39.219230
180 201935 49.004380 4.670310
180 203093 9.445790 21.214430
180 203991 59.159600 15.807980
192 -1 46.822740 3.702540
192 200752 12.750830 20.354070
192 201158 20.690110 36.202990
192 201585 33.520490 22.673230
192 203552 34.615580 16.205120
192 201956 29.768490 11.041120
192 201147 29.722760 48.940770
192 201976 42.158540 39.380510
192 201935 47.843030 4.706570
192 203093 9.073660 20.535550
192 203991 57.345020 15.896770
204 -1 45.381560 3.922000
204 200752 12.358980 19.983190
204 201158 19.604460 35.711630
204 201585 32.435450 22.155520
204 203552 33.937540 16.441110
204 201956 29.342400 10.902630
204 201147 28.155620 49.009150
204 201976 40.832480 39.512840
204 201935 46.725030 4.750840
204 203093 8.674570 19.746090
204 203991 55.516430 16.124210
216 -1 44.048900 3.840450
216 200752 12.036780 19.551980
216 201158 18.595770 35.398960
216 201585 31.401960 21.825570
216 203552 33.241060 16.590430
216 201956 28.991550 10.852560
216 201147 26.568200 48.954030
216 201976 39.615420 39.688340
216 201935 45.621960 4.875410
216 203093 8.313020 18.963700
216 203991 53.647230 16.451920
228 -1 42.877140 3.999050
228 200752 11.730960 19.133420
228 201158 17.685440 35.206720
228 201585 30.434590 21.481790
228 203552 32.536490 16.853280
228 201956 28.733010 10.865990
228 201147 25.049720 48.893530
228 201976 38.488510 39.879190
228 201935 44.542500 5.014580
228 203093 7.974030 18.278230
228 203991 51.794350 16.758750
240 -1 42.180910 4.002560
240 200752 11.425590 18.709980
240 201158 16.928950 35.134590
240 201585 29.582880 21.307560
240 203552 31.878990 17.269090
240 201956 28.587010 10.894550
240 201147 23.555920 48.804110
240 201976 37.417640 40.169510
240 201935 43.526630 5.062120
240 203093 7.719500 17.478710
240 203991 49.975000 17.081700
252 -1 41.871000 3.333170
252 200752 11.119110 18.323130
252 201158 16.298720 35.147340
252 201585 28.785210 21.329380
252 203552 31.292180 17.780710
252 201956 28.525920 10.936760
252 201147 22.131190 48.684960
252 201976 36.441480 40.537430
252 201935 42.546380 5.051330
252 203093 7.540090 16.794090
252 203991 48.208790 17.294650
264 -1 40.838890 3.977110
264 200752 10.788980 17.996300
264 201158 15.619080 35.132400
264 201585 28.028640 21.463820
264 203552 30.635890 18.108800
264 201956 28.496230 11.009490
264 201147 20.707090 48.557680
264 201976 35.584380 40.845240
264 201935 41.514490 5.042580
264 203093 7.565410 16.163060
264 203991 46.413770 17.390060
276 -1 39.807440 4.107330
276 200752 10.505470 17.680410
276 201158 14.992640 35.045100
276 201585 27.291590 21.440880
276 203552 30.063130 18.632000
276 201956 28.446790 11.050500
276 201147 19.383790 48.599520
276 201976 34.831990 41.102910
276 201935 40.531930 5.171570
276 203093 7.783980 15.395920
276 203991 44.653920 17.464260
288 -1 38.575400 4.428510
288 200752 10.285320 17.291740
288 201158 14.427170 34.854700
288 201585 26.588880 21.360950
288 203552 29.501600 19.502590
288 201956 28.378460 11.009740
288 201147 18.089460 48.653210
288 201976 34.151430 41.351280
288 201935 39.592990 5.345650
288 203093 8.217780 14.495780
288 203991 42.896570 17.627060
300 -1 37.377220 4.878110
300 200752 10.094600 16.857010
300 201158 13.787250 34.974260
300 201585 25.957340 21.336640
300 203552 28.898250 20.773620
300 201956 28.235930 10.697690
300 201147 16.803080 48.637180
300 201976 33.474620 41.535300
300 201935 38.691800 5.802170
300 203093 8.790370 13.908480
300 203991 41.195570 17.653930
312 -1 36.262220 5.079330
312 200752 9.968030 16.371490
312 201158 13.107340 35.173060
312 201585 25.371350 21.149630
312 203552 28.329010 22.414270
312 201956 28.101160 10.362930
312 201147 15.530130 48.595260
312 201976 32.750010 41.712740
312 201935 37.841280 6.312660
312 203093 9.533310 13.289120
312 203991 39.486730 17.886390
324 -1 35.679920 5.126700
324 200752 9.954430 15.836630
324 201158 12.500780 35.383260
324 201585 24.875330 20.799120
324 203552 27.860100 24.045690
324 201956 27.919220 10.202620
324 201147 14.406100 48.624840
324 201976 31.958520 41.910030
324 201935 37.114080 6.903090
324 203093 10.399060 12.623700
324 203991 37.881470 18.057250
336 -1 35.171010 4.880220
336 200752 10.033350 15.302180
336 201158 11.888660 35.630910
336 201585 24.405310 20.501450
336 203552 27.377360 25.717330
336 201956 27.760670 9.922300
336 201147 13.325200 48.626470
336 201976 31.093460 42.084090
336 201935 36.396080 7.365790
336 203093 11.395850 12.091170
336 203991 36.327720 18.153200
348 -1 34.505920 4.862960
348 200752 10.158120 14.761920
348 201158 11.245620 35.830960
348 201585 23.975280 20.255620
348 203552 26.911070 27.005830
348 201956 27.624570 9.742750
348 201147 12.271570 48.558330
348 201976 30.217520 42.238920
348 201935 35.728760 7.798550
348 203093 12.483700 11.767560
348 203991 34.937520 18.336520
360 -1 33.731460 3.528720
360 200752 10.403300 14.185510
360 201158 10.685150 35.775320
360 201585 23.519510 19.909070
360 203552 26.534820 27.770210
360 201956 27.551570 9.839330
360 201147 11.290230 48.494410
360 201976 29.372910 42.323560
360 201935 35.085550 8.006780
360 203093 13.701400 11.588790
360 203991 33.628940 18.619780
372 -1 33.026660 5.947680
372 200752 10.750220 13.597140
372 201158 10.135630 35.604190
372 201585 23.089240 19.692040
372 203552 26.099820 28.126400
372 201956 27.499820 9.954770
372 201147 10.368980 48.412070
372 201976 28.565620 42.375300
372 201935 34.580800 8.369250
372 203093 15.032490 11.507660
372 203991 32.425980 18.892850
384 -1 32.026590 7.755390
384 200752 11.199650 13.138400
384 201158 9.616540 35.251790
384 201585 22.656700 19.420600
384 203552 25.628380 28.691290
384 201956 27.545560 10.000830
384 201147 9.516550 48.316990
384 201976 27.807890 42.468680
384 201935 34.174290 8.979160
384 203093 16.433390 11.371470
384 203991 31.286290 19.200650
396 -1 32.029780 10.108700
396 200752 11.710760 12.728070
396 201158 9.125370 34.873130
396 201585 22.263560 19.200950
396 203552 25.150440 29.144890
396 201956 27.624770 10.201550
396 201147 8.737170 48.186510
396 201976 27.100720 42.607470
396 201935 33.867260 9.759270
396 203093 17.788740 11.020540
396 203991 30.260470 19.553020
408 -1 32.314360 12.100810
408 200752 12.276480 12.361200
408 201158 8.689700 34.493820
408 201585 21.895170 19.152310
408 203552 24.692580 29.593860
408 201956 27.800520 10.424600
408 201147 8.051990 48.070530
408 201976 26.444270 42.738200
408 201935 33.593650 10.744260
408 203093 19.037360 10.597930
408 203991 29.260510 19.848300
420 -1 32.830230 13.505020
420 200752 12.845320 12.100800
420 201158 8.320690 34.164200
420 201585 21.546790 19.398450
420 203552 24.151740 29.980180
420 201956 28.048160 10.730350
420 201147 7.417340 47.970640
420 201976 25.810670 42.929940
420 201935 33.420750 12.194690
420 203093 20.177990 9.988110
420 203991 28.346550 20.191840
432 -1 33.245870 14.631450
432 200752 13.377040 11.932950
432 201158 8.026860 33.921870
432 201585 21.171680 19.886710
432 203552 23.544360 29.889120
432 201956 28.348070 11.302270
432 201147 6.852190 47.914050
432 201976 25.238430 43.058960
432 201935 33.140530 13.703490
432 203093 21.202510 9.206330
432 203991 27.489700 20.578650
444 -1 33.430520 15.536200
444 200752 13.843920 11.784520
444 201158 7.752940 33.648500
444 201585 20.736980 20.300770
444 203552 22.957720 29.565270
444 201956 28.547180 12.070080
444 201147 6.337660 47.873760
444 201976 24.663220 43.207600
444 201935 32.695150 15.119120
444 203093 22.018640 8.455680
444 203991 26.705920 21.049890
456 -1 32.715920 17.028710
456 200752 14.248360 11.728470
456 201158 7.550110 33.438930
456 201585 20.307380 20.610180
456 203552 22.397320 29.192750
456 201956 28.745470 13.030250
456 201147 5.885450 47.846530
456 201976 24.106520 43.449520
456 201935 32.100000 16.623090
456 203093 22.647570 7.903870
456 203991 25.974670 21.470350
468 -1 31.691750 18.669650
468 200752 14.561410 11.800220
468 201158 7.396160 33.313890
468 201585 19.851570 20.841040
468 203552 21.909820 28.864820
468 201956 28.744860 14.061550
468 201147 5.536860 47.836720
468 201976 23.549740 43.706100
468 201935 31.439900 17.953980
468 203093 23.102750 7.287950
468 203991 25.241700 21.773620
480 -1 30.264430 20.742780
480 200752 14.782840 11.914310
480 201158 7.283660 33.266130
480 201585 19.327390 21.063240
480 203552 21.496920 28.596010
480 201956 28.579450 15.112280
480 201147 5.356420 47.832820
480 201976 22.992250 44.015990
480 201935 30.582440 19.018370
480 203093 23.365730 6.621270
480 203991 24.586780 21.996450
492 -1 29.034830 22.211790
492 200752 14.950430 12.061020
492 201158 7.228320 33.409080
492 201585 18.748590 21.283590
492 203552 21.154840 28.692890
492 201956 28.146230 16.119050
492 201147 5.279920 47.803970
492 201976 22.426830 44.458440
492 201935 29.584990 19.911840
492 203093 23.439860 5.955030
492 203991 24.083230 22.100370
504 -1 28.370520 23.077780
504 200752 15.067080 12.218420
504 201158 7.282640 33.974740
504 201585 18.136500 21.652690
504 203552 20.872780 28.808880
504 201956 27.679250 17.131610
504 201147 5.286380 47.747530
504 201976 21.944380 44.849280
504 201935 28.563740 20.818550
504 203093 23.404020 5.353210
504 203991 23.703090 22.102770
516 -1 27.601560 24.191090
516 200752 15.108890 12.386650
516 201158 7.333370 34.497760
516 201585 17.461320 22.167930
516 203552 20.633210 28.859530
516 201956 27.020330 18.098800
516 201147 5.372230 47.717420
516 201976 21.515330 45.122270
516 201935 27.510840 21.784660
516 203093 23.257690 4.750190
516 203991 23.477500 22.200510
528 -1 26.182620 24.705700
528 200752 15.098690 12.591940
528 201158 7.319310 34.693910
528 201585 16.783760 22.759430
528 203552 20.377300 28.750570
528 201956 26.362760 19.137410
528 201147 5.483890 47.708270
528 201976 21.116490 45.372070
528 201935 26.425950 22.881080
528 203093 23.056370 4.200810
528 203991 23.312430 22.345530
540 -1 25.242720 26.064400
540 200752 15.023260 12.838070
540 201158 7.282600 34.861970
540 201585 16.154150 23.179970
540 203552 20.126540 28.760040
540 201956 25.682160 20.323450
540 201147 5.553700 47.698670
540 201976 21.052720 45.933450
540 201935 25.430630 24.053050
540 203093 22.826020 3.747680
540 203991 23.097790 22.567120
552 -1 23.740530 25.425880
552 200752 14.862790 13.129040
552 201158 7.215120 34.973410
552 201585 15.533070 23.309270
552 203552 19.967780 29.186650
552 201956 24.930030 21.418430
552 201147 5.613840 47.704480
552 201976 21.025680 46.477210
552 201935 24.554450 25.460610
552 203093 22.576450 3.375550
552 203991 22.691230 22.719990
564 -1 23.745420 26.199910
564 200752 14.632770 13.401960
564 201158 7.096150 34.754380
564 201585 14.855770 23.509750
564 203552 19.814180 29.842990
564 201956 24.135380 22.298340
564 201147 5.646240 47.692510
564 201976 20.926300 47.024800
564 201935 23.806140 26.868490
564 203093 22.355890 3.087840
564 203991 21.962810 22.499410
576 -1 23.773040 29.345710
576 200752 14.371870 13.602910
576 201158 7.002640 34.589390
576 201585 14.213220 23.797500
576 203552 19.619400 30.486910
576 201956 23.265590 23.101600
576 201147 5.673190 47.703330
576 201976 20.825140 47.510540
576 201935 23.222520 28.054490
576 203093 22.191660 2.874120
576 203991 20.900050 22.063590
588 -1 22.462230 32.605280
588 200752 14.098860 13.779700
588 201158 6.983970 34.806320
588 201585 13.592980 24.145310
588 203552 19.506800 31.425050
588 201956 22.395670 23.886850
588 201147 5.693040 47.686090
588 201976 20.813790 48.037510
588 201935 22.756660 29.271200
588 203093 22.076470 2.710780
588 203991 19.710230 21.780190
600 -1 21.050320 36.347860
600 200752 13.851030 13.934340
600 201158 7.001420 35.119890
600 201585 12.970630 24.472190
600 203552 19.447820 32.436290
600 201956 21.442240 24.616400
600 201147 5.729980 47.660990
600 201976 20.419230 48.178110
600 201935 22.384880 30.433130
600 203093 22.024470 2.588120
600 203991 18.431130 21.300870
612 -1 19.742890 40.113650
612 200752 13.646600 14.028670
612 201158 7.045920 35.451420
612 201585 12.396110 24.997710
612 203552 19.241850 33.310360
612 201956 20.561710 25.208500
612 201147 5.758780 47.619420
612 201976 20.027970 48.345110
612 201935 22.133270 31.236750
612 203093 22.022900 2.567160
612 203991 17.171320 20.958600
624 -1 18.519360 43.870650
624 200752 13.469650 14.110560
624 201158 7.120790 35.858560
624 201585 11.927660 25.386670
624 203552 18.990210 34.133300
624 201956 19.692070 25.804650
624 201147 5.811340 47.603660
624 201976 19.683210 48.473080
624 201935 21.957440 31.605930
624 203093 22.051580 2.596520
624 203991 16.095680 21.105870
636 -1 17.291650 44.715830
636 200752 13.318770 14.273570
636 201158 7.205870 36.257450
636 201585 11.460810 25.554580
636 203552 18.647530 35.178200
636 201956 18.858040 26.425500
636 201147 5.861490 47.578000
636 201976 19.260830 48.604040
636 201935 21.894860 31.915830
636 203093 22.122860 2.694040
636 203991 15.136250 21.379480
648 -1 16.640520 45.390760
648 200752 13.181150 14.429430
648 201158 7.301600 36.613320
648 201585 11.011260 25.523670
648 203552 18.134410 36.259660
648 201956 18.091130 26.938280
648 201147 5.902510 47.580500
648 201976 18.827380 48.688390
648 201935 21.965370 32.104140
648 203093 22.213850 2.915510
648 203991 14.219480 21.351760
660 -1 16.279430 45.710680
660 200752 13.056160 14.581630
660 201158 7.383570 36.884380
660 201585 10.632770 25.425180
660 203552 17.627930 37.526690
660 201956 17.436250 27.256300
660 201147 5.905850 47.578410
660 201976 18.535880 48.749810
660 201935 22.178690 32.197190
660 203093 22.278170 3.161900
660 203991 13.370690 21.330230
672 -1 15.921820 46.002410
672 200752 12.971880 14.783660
672 201158 7.429110 37.199730
672 201585 10.256330 25.175910
672 203552 17.201030 38.576150
672 201956 16.833550 27.613680
672 201147 5.891690 47.564750
672 201976 18.317760 48.703520
672 201935 22.525580 32.547720
672 203093 22.307100 3.379300
672 203991 12.554450 21.188540
684 -1 15.989420 46.453130
684 200752 12.904410 15.036760
684 201158 7.428540 37.644780
684 201585 9.931950 24.869630
684 203552 16.824560 39.560040
684 201956 16.265490 28.043130
684 201147 5.860410 47.579690
684 201976 18.159410 48.609390
684 201935 23.005390 33.232550
684 203093 22.315890 3.602420
684 203991 11.781400 20.878720
696 -1 17.002940 47.235330
696 200752 12.792600 15.239360
696 201158 7.389430 38.119150
696 201585 9.676510 24.486960
696 203552 16.636530 40.473290
696 201956 16.009350 28.476070
696 201147 5.804320 47.552900
696 201976 18.160020 48.520870
696 201935 23.543390 33.889610
696 203093 22.297960 3.810450
696 203991 11.156130 20.513650
708 -1 17.824600 45.886420
708 200752 12.758510 15.492080
708 201158 7.304150 38.441620
708 201585 9.445030 24.081720
708 203552 16.542750 41.163930
708 201956 15.941420 28.947000
708 201147 5.740900 47.516900
708 201976 18.173780 48.423370
708 201935 24.143040 34.449140
708 203093 22.274100 3.958440
708 203991 10.674750 20.130630
720 -1 19.686080 43.146290
720 200752 12.792060 15.700580
720 201158 7.196570 38.543390
720 201585 9.197790 23.685470
720 203552 16.398330 41.471130
720 201956 16.089810 29.477940
720 201147 5.681680 47.492200
720 201976 18.202060 48.372570
720 201935 24.781640 34.947840
720 203093 22.274150 4.129560
720 203991 10.289880 19.771860
732 -1 21.249340 39.916830
732 200752 12.884400 15.865140
732 201158 7.101890 38.365290
732 201585 8.978430 23.303470
732 203552 16.385390 41.750990
732 201956 16.481900 29.984350
732 201147 5.635860 47.504830
732 201976 17.986010 48.159610
732 201935 25.401120 35.225420
732 203093 22.317620 4.326090
732 203991 10.015070 19.349840
744 -1 23.078770 36.928770
744 200752 13.118040 15.947990
744 201158 7.039420 38.053170
744 201585 8.763100 22.933960
744 203552 16.363440 41.849200
744 201956 17.199670 30.348890
744 201147 5.583680 47.506560
744 201976 17.691720 47.984890
744 201935 25.966280 35.330530
744 203093 22.395090 4.518210
744 203991 9.855140 18.914590
756 -1 24.504450 34.644180
756 200752 13.521950 15.950560
756 201158 6.986430 37.726410
756 201585 8.581480 22.626310
756 203552 16.239060 41.824360
756 201956 17.950300 30.767970
756 201147 5.526490 47.540480
756 201976 17.366080 47.862200
756 201935 26.501820 35.439010
756 203093 22.493360 4.688880
756 203991 9.699550 18.510220
768 -1 25.219480 34.510460
768 200752 13.976720 15.803230
768 201158 6.960290 37.483330
768 201585 8.462760 22.376490
768 203552 16.100600 41.753550
768 201956 18.768010 31.155840
768 201147 5.466080 47.589850
768 201976 16.992820 47.671860
768 201935 26.961810 35.481020
768 203093 22.591370 4.821210
768 203991 9.577620 18.189700
780 -1 25.894510 34.394150
780 200752 14.485460 15.616570
780 201158 6.959260 37.402000
780 201585 8.436420 22.151950
780 203552 15.940960 41.728840
780 201956 19.643420 31.547660
780 201147 5.415580 47.648330
780 201976 16.480850 47.258140
780 201935 27.356490 35.476480
780 203093 22.678920 4.906170
780 203991 9.513720 17.863760
792 -1 26.559090 34.442160
792 200752 15.027370 15.403730
792 201158 6.958860 37.381520
792 201585 8.502580 21.892560
792 203552 15.620220 41.601430
792 201956 20.559590 31.978360
792 201147 5.389620 47.666240
792 201976 16.083850 47.055470
792 201935 27.698730 35.410270
792 203093 22.748750 4.959620
792 203991 9.484500 17.600230
804 -1 27.170180 34.323680
804 200752 15.579220 15.201220
804 201158 6.952270 37.381040
804 201585 8.661480 21.683370
804 203552 15.291630 41.410440
804 201956 21.417980 32.484610
804 201147 5.424710 47.639430
804 201976 15.622260 46.791040
804 201935 28.001560 35.254580
804 203093 22.790120 4.981740
804 203991 9.453950 17.369880
816 -1 27.653160 34.358590
816 200752 16.083400 15.037720
816 201158 6.962740 37.333870
816 201585 8.812600 21.472990
816 203552 15.050990 41.130250
816 201956 22.266230 32.932820
816 201147 5.493880 47.571970
816 201976 15.012960 46.403560
816 201935 28.241490 35.058310
816 203093 22.790140 4.985780
816 203991 9.441400 17.185750
828 -1 28.102880 34.427080
828 200752 16.493800 14.917960
828 201158 6.978590 37.310120
828 201585 8.926500 21.313020
828 203552 14.800260 40.871600
828 201956 22.996020 33.413130
828 201147 5.578440 47.554280
828 201976 14.284010 45.944370
828 201935 28.442610 34.921710
828 203093 22.740040 4.959270
828 203991 9.434920 17.072100
840 -1 28.514100 34.519550
840 200752 16.802470 14.802480
840 201158 6.998370 37.298630
840 201585 8.985110 21.208410
840 203552 14.643690 40.659460
840 201956 23.595580 33.831690
840 201147 5.680200 47.617790
840 201976 13.511800 45.558610
840 201935 28.579800 34.777950
840 203093 22.641630 4.924220
840 203991 9.469430 17.048140
852 -1 28.881590 34.626400
852 200752 17.000430 14.680100
852 201158 7.018550 37.226730
852 201585 9.022180 20.979470
852 203552 14.538070 40.501170
852 201956 24.076970 34.136630
852 201147 5.786060 47.732240
852 201976 12.705040 45.001940
852 201935 28.664160 34.727700
852 203093 22.490650 4.851340
852 203991 9.613550 17.071460
864 -1 29.200100 34.738060
864 200752 17.048100 14.567770
864 201158 7.045340 37.010450
864 201585 9.026720 20.772890
864 203552 14.420570 40.360650
864 201956 24.449980 34.312690
864 201147 5.865040 47.869720
864 201976 11.899380 44.338050
864 201935 28.734110 34.774040
864 203093 22.258550 4.698750
864 203991 9.879460 17.266830
876 -1 29.464410 34.844920
876 200752 16.994410 14.497130
876 201158 7.071750 36.731500
876 201585 9.087090 20.688560
876 203552 14.236400 40.215770
876 201956 24.765880 34.393300
876 201147 5.974130 48.048290
876 201976 11.073930 43.531320
876 201935 28.802760 34.843880
876 203093 21.947270 4.439750
876 203991 10.255740 17.509390
888 -1 29.669260 34.937390
888 200752 16.862190 14.473750
888 201158 7.084540 36.396430
888 201585 9.222160 20.665340
888 203552 14.120120 40.036750
888 201956 25.047700 34.373460
888 201147 6.112960 48.170520
888 201976 10.214910 42.593960
888 201935 28.879520 34.908810
888 203093 21.569140 4.114660
888 203991 10.804940 17.844350
900 -1 29.809430 35.005870
900 200752 16.649560 14.608200
900 201158 7.078060 36.032410
900 201585 9.453490 20.705190
900 203552 14.013560 39.955470
900 201956 25.460790 34.252160
900 201147 6.254490 48.208390
900 201976 9.428400 41.656810
900 201935 28.966910 34.971370
900 203093 21.151500 3.766420
900 203991 11.484190 18.248720
912 -1 29.879670 35.040780
912 200752 16.369300 14.689770
912 201158 7.009960 35.703280
912 201585 9.789530 21.115270
912 203552 13.922830 39.732490
912 201956 25.796700 34.202870
912 201147 6.357260 48.217980
912 201976 8.606830 40.720130
912 201935 29.046760 34.986930
912 203093 20.660810 3.429430
912 203991 12.243000 18.926560
924 -1 29.950810 35.039880
924 200752 16.063820 14.701000
924 201158 6.863800 35.446310
924 201585 10.222090 21.530250
924 203552 13.878230 39.683060
924 201956 26.073470 34.154840
924 201147 6.429960 48.200540
924 201976 7.714340 39.699050
924 201935 29.138270 34.962010
924 203093 20.114550 3.117280
924 203991 13.094750 19.646950
936 -1 30.060880 34.921290
936 200752 15.750150 14.696670
936 201158 6.659950 35.209540
936 201585 10.720540 21.889490
936 203552 13.879150 39.680040
936 201956 26.310300 34.046820
936 201147 6.491500 48.186800
936 201976 6.833390 38.719970
936 201935 29.226740 34.913880
936 203093 19.551230 2.852030
936 203991 14.054370 20.449310
948 -1 30.141110 34.856780
948 200752 15.417240 14.549960
948 201158 6.434090 35.065880
948 201585 11.249060 22.038620
948 203552 13.840940 39.632310
948 201956 26.650180 33.884760
948 201147 6.576020 48.195540
948 201976 5.989690 37.850410
948 201935 29.291930 34.887230
948 203093 19.023570 2.673440
948 203991 15.051850 21.160040
960 -1 30.282890 34.802170
960 200752 15.079700 14.297480
960 201158 6.185120 34.876120
960 201585 11.805290 22.017130
960 203552 13.773690 39.477640
960 201956 26.853580 33.789050
960 201147 6.680020 48.192070
960 201976 5.163940 36.861400
960 201935 29.343350 34.888050
960 203093 18.500750 2.572660
960 203991 16.067300 21.873940
972 -1 30.271200 35.067260
972 200752 14.722000 14.005660
972 201158 5.973710 34.502600
972 201585 12.438200 21.975340
972 203552 13.685170 39.806610
972 201956 27.100700 33.663140
972 201147 6.823140 48.196630
972 201976 4.309410 35.594030
972 201935 29.391110 34.919740
972 203093 18.087920 2.788340
972 203991 17.116800 22.553020
984 -1 30.180200 35.279100
984 200752 14.314880 13.678730
984 201158 5.814380 33.979650
984 201585 13.141610 21.950800
984 203552 13.559600 39.985640
984 201956 27.378700 33.566830
984 201147 6.970200 48.233080
984 201976 3.623420 34.429360
984 201935 29.394480 34.990680
984 203093 17.709670 2.979000
984 203991 18.201420 23.401450
996 -1 30.262380 35.538320
996 200752 13.899880 13.513070
996 201158 5.680720 33.529700
996 201585 13.925330 21.990320
996 203552 13.374920 40.169460
996 201956 27.614640 33.544690
996 201147 7.071110 48.270620
996 201976 3.004100 33.122530
996 201935 29.353420 35.034430
996 203093 17.345680 3.240490
996 203991 19.342760 24.484010
1008 -1 30.360250 35.597020
1008 200752 13.498860 13.418000
1008 201158 5.588590 32.938850
1008 201585 14.851870 22.251530
1008 203552 13.172520 40.485130
1008 201956 27.712300 33.621940
1008 201147 7.098360 48.283410
1008 201976 2.467360 31.583970
1008 201935 29.324060 35.207700
1008 203093 16.992770 3.483760
1008 203991 20.468010 25.659440
1020 -1 30.399360 35.631280
1020 200752 13.088040 13.537270
1020 201158 5.540470 32.319270
1020 201585 15.813690 22.711480
1020 203552 12.937410 40.743540
1020 201956 27.770680 33.752280
1020 201147 7.076420 48.298350
1020 201976 1.979470 30.016670
1020 201935 29.284220 35.375620
1020 203093 16.585910 3.672400
1020 203991 21.550220 26.823460
1032 -1 30.438750 35.492200
1032 200752 12.690600 13.721100
1032 201158 5.478400 31.701410
1032 201585 16.707510 23.196130
1032 203552 12.715360 40.684580
1032 201956 27.793560 33.863550
1032 201147 7.015740 48.296920
1032 201976 1.643870 28.559800
1032 201935 29.238640 35.432660
1032 203093 16.102090 3.486650
1032 203991 22.608440 27.854400
1044 -1 30.386370 35.004370
1044 200752 12.316320 13.948240
1044 201158 5.447260 31.125440
1044 201585 17.563140 23.692260
1044 203552 12.514070 40.623550
1044 201956 27.772220 33.857720
1044 201147 6.948750 48.293170
1044 201976 1.341350 26.958260
1044 201935 29.205010 35.452950
1044 203093 15.662830 3.442970
1044 203991 23.583900 28.692770
1056 -1 30.188880 34.479490
1056 200752 11.949130 13.977520
1056 201158 5.463680 30.344240
1056 201585 18.419720 24.163290
1056 203552 12.380790 40.566180
1056 201956 27.733950 33.693100
1056 201147 6.884910 48.255730
1056 201976 1.120620 25.284640
1056 201935 29.207050 35.442480
1056 203093 15.243560 3.380400
1056 203991 24.436370 29.306520
1068 -1 30.236750 33.941290
1068 200752 11.605680 13.986070
1068 201158 5.541070 29.630170
1068 201585 19.209530 24.570480
1068 203552 12.284180 40.464230
1068 201956 27.737320 33.501120
1068 201147 6.832240 48.184360
1068 201976 0.969380 23.669670
1068 201935 29.209040 35.139110
1068 203093 14.786370 3.286810
1068 203991 25.212450 29.942880
1080 -1 30.279580 32.893130
1080 200752 11.313320 13.742600
1080 201158 5.688280 28.799160
1080 201585 19.973450 24.961780
1080 203552 12.223870 40.324910
1080 201956 27.704230 33.080730
1080 201147 6.813290 48.150460
1080 201976 0.887140 21.977270
1080 201935 29.039790 34.457910
1080 203093 14.314920 3.171580
1080 203991 25.840610 30.526190
1092 -1 29.818990 31.508710
1092 200752 11.083030 13.589140
1092 201158 5.959870 28.236770
1092 201585 20.729680 25.334490
1092 203552 12.170560 40.135200
1092 201956 27.588020 32.436670
1092 201147 6.826330 48.153080
1092 201976 0.846030 20.302650
1092 201935 28.637090 33.550730
1092 203093 13.833810 3.115280
1092 203991 26.292880 31.034220
1104 -1 29.387180 30.398920
1104 200752 10.904960 13.510500
1104 201158 6.254360 27.626120
1104 201585 21.367370 25.736090
1104 203552 12.097950 39.897750
1104 201956 27.548410 31.913980
1104 201147 6.844210 48.155260
1104 201976 0.812670 18.651510
1104 201935 28.303330 32.685550
1104 203093 13.363280 2.958130
1104 203991 26.651470 31.480120
1116 -1 29.309770 29.575030
1116 200752 10.750300 13.459340
1116 201158 6.595160 27.065910
1116 201585 21.745470 25.995120
1116 203552 11.997110 39.634030
1116 201956 27.478180 31.490710
1116 201147 6.872440 48.187830
1116 201976 0.845480 17.082490
1116 201935 27.902010 31.848850
1116 203093 12.944490 2.795600
1116 203991 26.946120 31.840050
1128 -1 29.306130 29.181150
1128 200752 10.615830 13.453810
1128 201158 6.910100 26.311750
1128 201585 21.829290 26.117480
1128 203552 11.865280 39.146580
1128 201956 27.568010 30.831910
1128 201147 6.913750 48.253890
1128 201976 0.956730 15.541560
1128 201935 27.603800 31.168380
1128 203093 12.605540 2.671070
1128 203991 27.142120 32.018960
1140 -1 28.411080 27.953890
1140 200752 10.481330 13.395400
1140 201158 7.148630 25.545200
1140 201585 21.717260 26.158230
1140 203552 11.701070 38.649420
1140 201956 27.825330 30.205440
1140 201147 6.898130 48.221610
1140 201976 1.086910 14.081920
1140 201935 27.681200 30.984100
1140 203093 12.384590 2.562700
1140 203991 27.132330 32.072680
1152 -1 27.776210 27.582180
1152 200752 10.341530 13.246730
1152 201158 7.264350 24.478810
1152 201585 21.383480 26.065230
1152 203552 11.524570 38.088880
1152 201956 28.146300 29.627910
1152 201147 6.883370 48.182450
1152 201976 1.277610 12.653780
1152 201935 28.002000 30.811050
1152 203093 12.223570 2.478620
1152 203991 26.981060 32.104990
1164 -1 27.130400 27.189680
1164 200752 10.208110 13.054860
1164 201158 7.375920 23.523410
1164 201585 20.911020 25.839570
1164 203552 11.354980 37.510470
1164 201956 28.432510 28.902700
1164 201147 6.876500 48.141670
1164 201976 1.543080 11.262070
1164 201935 28.200560 30.341340
1164 203093 12.061700 2.452100
1164 203991 26.657190 32.047060
1176 -1 26.607500 27.004310
1176 200752 10.094670 12.875820
1176 201158 7.434130 22.557060
1176 201585 20.351870 25.564170
1176 203552 11.199900 36.964170
1176 201956 28.836230 28.058110
1176 201147 6.845120 48.059750
1176 201976 1.801760 9.943500
1176 201935 28.477640 29.829480
1176 203093 11.914590 2.454690
1176 203991 26.020260 31.910310
1188 -1 26.193490 27.186640
1188 200752 10.009550 12.728110
1188 201158 7.435580 21.619730
1188 201585 19.767930 25.298160
1188 203552 11.072280 36.554680
1188 201956 28.779180 27.273200
1188 201147 6.846990 47.980630
1188 201976 2.034300 8.769530
1188 201935 28.582060 29.224620
1188 203093 11.793120 2.474330
1188 203991 25.083410 31.637160
1200 -1 25.763570 26.814640
1200 200752 9.956720 12.650590
1200 201158 7.415580 20.744690
1200 201585 19.108960 24.987460
1200 203552 10.998320 36.116800
1200 201956 28.596410 26.493260
1200 201147 6.991260 48.042960
1200 201976 2.265590 7.721620
1200 201935 28.390870 28.447960
1200 203093 11.723720 2.482000
1200 203991 24.137140 31.430030
1212 -1 25.457030 26.655210
1212 200752 9.934760 12.639450
1212 201158 7.398400 20.015180
1212 201585 18.427060 24.755360
1212 203552 10.959590 35.769730
1212 201956 28.429540 25.711780
1212 201147 7.200970 48.063010
1212 201976 2.455700 6.773900
1212 201935 28.111330 27.907910
1212 203093 11.738630 2.498290
1212 203991 23.079590 31.335630
1224 -1 25.347050 26.615690
1224 200752 9.943430 12.703080
1224 201158 7.321060 19.295070
1224 201585 17.737020 24.623020
1224 203552 10.957490 35.451050
1224 201956 28.037010 25.063630
1224 201147 7.592290 48.085140
1224 201976 2.639850 5.916040
1224 201935 27.765630 27.490650
1224 203093 11.844740 2.537520
1224 203991 21.883290 31.291960
1236 -1 25.148810 27.103070
1236 200752 9.966500 12.796200
1236 201158 7.203580 18.604370
1236 201585 17.016880 24.526800
1236 203552 10.981390 35.201800
1236 201956 27.517110 24.511830
1236 201147 8.187670 48.060680
1236 201976 2.840500 5.166100
1236 201935 27.310630 27.093860
1236 203093 12.047540 2.592480
1236 203991 20.612450 31.094690
1248 -1 25.187070 27.744110
1248 200752 10.005020 12.929020
1248 201158 7.073560 18.074440
1248 201585 16.336880 24.607100
1248 203552 11.028130 35.086540
1248 201956 27.081380 24.083960
1248 201147 8.855470 47.943550
1248 201976 3.090310 4.581510
1248 201935 26.782620 26.690020
1248 203093 12.402390 2.654390
1248 203991 19.372610 31.073850
1260 -1 24.719990 27.514930
1260 200752 10.037190 13.057600
1260 201158 6.944650 17.826120
1260 201585 15.701830 24.674920
1260 203552 11.084990 35.099440
1260 201956 26.378300 23.792010
1260 201147 9.628640 47.796670
1260 201976 3.497730 4.366590
1260 201935 26.169000 26.285750
1260 203093 12.852020 2.804310
1260 203991 18.090270 31.166270
1272 -1 24.001580 27.022030
1272 200752 10.053150 13.138400
1272 201158 6.806410 17.652190
1272 201585 15.074600 24.617420
1272 203552 11.167080 35.274420
1272 201956 25.502480 23.577050
1272 201147 10.552330 47.684410
1272 201976 3.869300 4.131530
1272 201935 25.432000 25.793330
1272 203093 13.356810 2.892450
1272 203991 16.762700 31.135340
1284 -1 23.198810 26.264870
1284 200752 10.054180 13.172250
1284 201158 6.665400 17.603390
1284 201585 14.443530 24.434620
1284 203552 11.309040 35.667570
1284 201956 24.669130 23.385100
1284 201147 11.550680 47.644630
1284 201976 4.200030 3.842630
1284 201935 24.457280 25.446010
1284 203093 13.962760 3.008490
1284 203991 15.445300 31.002520
1296 -1 22.210050 26.294220
1296 200752 10.078210 13.221960
1296 201158 6.525380 17.680740
1296 201585 13.852660 24.402510
1296 203552 11.550100 36.273880
1296 201956 23.677180 23.214240
1296 201147 12.617690 47.653440
1296 201976 4.545970 3.584820
1296 201935 23.363690 25.212620
1296 203093 14.630820 3.223760
1296 203991 14.248130 31.032940
1308 -1 21.931900 26.662200
1308 200752 10.108340 13.301750
1308 201158 6.401460 17.822100
1308 201585 13.236000 24.330730
1308 203552 11.844080 36.741650
1308 201956 22.667070 23.001500
1308 201147 13.781140 47.653060
1308 201976 4.881170 3.376340
1308 201935 22.152060 25.086440
1308 203093 15.306440 3.452150
1308 203991 13.097820 30.973360
1320 -1 20.927790 26.663290
1320 200752 10.171710 13.442410
1320 201158 6.289610 17.857900
1320 201585 12.572300 24.356490
1320 203552 12.206790 37.180770
1320 201956 21.742830 22.683560
1320 201147 14.956880 47.517080
1320 201976 5.104080 3.031360
1320 201935 20.822890 25.176410
1320 203093 16.042090 3.702240
1320 203991 12.027350 30.861490
1332 -1 19.236880 26.257610
1332 200752 10.271180 13.699550
1332 201158 6.207840 17.909740
1332 201585 11.908530 24.491630
1332 203552 12.612600 37.478190
1332 201956 20.846350 22.425430
1332 201147 16.116800 47.229320
1332 201976 5.390420 2.804220
1332 201935 19.427840 25.265480
1332 203093 16.813430 4.152890
1332 203991 11.024350 30.673370
1344 -1 17.279190 25.993290
1344 200752 10.390780 14.056470
1344 201158 6.139360 17.909180
1344 201585 11.275460 24.700590
1344 203552 13.017390 37.726210
1344 201956 19.884750 22.205750
1344 201147 17.223090 46.762950
1344 201976 5.666310 2.614950
1344 201935 18.166840 25.359470
1344 203093 17.607080 4.571170
1344 203991 10.048700 30.440880
1356 -1 15.612550 25.700900
1356 200752 10.512650 14.456720
1356 201158 6.080870 17.851170
1356 201585 10.583140 24.706870
1356 203552 13.356250 37.579170
1356 201956 18.900300 21.981390
1356 201147 18.290140 46.177350
1356 201976 5.919180 2.515350
1356 201935 16.893690 25.377200
1356 203093 18.405830 5.037250
1356 203991 9.113200 30.147570
1368 -1 14.716440 25.524060
1368 200752 10.659850 14.880840
1368 201158 6.029450 17.735260
1368 201585 9.811150 24.678790
1368 203552 13.666500 37.398060
1368 201956 17.921730 21.933440
1368 201147 19.379910 45.601000
1368 201976 6.131230 2.405910
1368 201935 15.660490 25.355440
1368 203093 19.165890 5.615000
1368 203991 8.236160 29.801510
1380 -1 13.471380 25.464740
1380 200752 10.840410 15.363590
1380 201158 5.981420 17.642230
1380 201585 8.989650 24.780480
1380 203552 13.957560 37.228380
1380 201956 16.912510 22.023150
1380 201147 20.427510 44.975450
1380 201976 6.333290 2.257950
1380 201935 14.510330 25.175520
1380 203093 19.890070 6.144370
1380 203991 7.424580 29.405940
1392 -1 12.190730 25.240460
1392 200752 11.043170 15.844470
1392 201158 5.925890 17.582080
1392 201585 8.032720 24.916240
1392 203552 14.280300 37.164870
1392 201956 15.815290 22.128380
1392 201147 21.417080 44.268250
1392 201976 6.584120 2.181880
1392 201935 13.394380 25.237850
1392 203093 20.577930 6.627250
1392 203991 6.731090 29.022800
1404 -1 10.709010 25.121250
1404 200752 11.310250 15.986920
1404 201158 5.926000 17.357830
1404 201585 7.214860 25.022190
1404 203552 14.622460 36.997710
1404 201956 14.572820 21.985530
1404 201147 22.380940 43.540630
1404 201976 6.929770 2.306910
1404 201935 12.243590 25.293240
1404 203093 21.272790 7.081560
1404 203991 6.194670 28.610330
1416 -1 9.408740 25.188450
1416 200752 11.545070 15.998880
1416 201158 5.953230 17.089270
1416 201585 6.588280 25.230790
1416 203552 14.994750 36.984280
1416 201956 13.331360 21.964860
1416 201147 23.382510 42.931390
1416 201976 7.313380 2.482230
1416 201935 11.206540 25.334460
1416 203093 21.966120 7.424030
1416 203991 5.785740 28.234790
1428 -1 8.066280 25.097650
1428 200752 11.712860 15.944310
1428 201158 6.044270 16.712050
1428 201585 6.125990 25.406890
1428 203552 15.394230 37.055920
1428 201956 12.042540 21.746490
1428 201147 24.417680 42.544960
1428 201976 7.730660 2.675790
1428 201935 10.229600 25.417880
1428 203093 22.645810 7.722660
1428 203991 5.508170 28.006470
1440 -1 6.695090 24.767770
1440 200752 11.897410 15.836560
1440 201158 6.196980 16.312990
1440 201585 5.890570 25.375230
1440 203552 15.749530 37.120270
1440 201956 10.755430 21.581150
1440 201147 25.476510 42.048500
1440 201976 8.176150 2.893430
1440 201935 9.313130 25.448600
1440 203093 23.254590 8.102550
1440 203991 5.331690 27.825160
1452 -1 5.363040 24.859300
1452 200752 12.100700 15.691060
1452 201158 6.419880 16.158180
1452 201585 5.894430 25.574490
1452 203552 15.978660 37.165610
1452 201956 9.426360 21.601130
1452 201147 26.609310 41.723090
1452 201976 8.610930 3.150110
1452 201935 8.531060 25.393850
1452 203093 23.835230 8.422820
1452 203991 5.277160 27.703750
1464 -1 5.890820 25.110410
1464 200752 12.273330 15.820010
1464 201158 6.707810 16.141510
1464 201585 5.969160 25.976130
1464 203552 16.169140 37.258170
1464 201956 8.373160 21.836010
1464 201147 27.750030 41.471390
1464 201976 9.064280 3.686240
1464 201935 8.007880 25.381600
1464 203093 24.348070 8.815000
1464 203991 5.344470 27.766970
1476 -1 5.548620 25.229940
1476 200752 12.507310 16.022790
1476 201158 7.002030 16.056870
1476 201585 5.663290 26.129070
1476 203552 16.274470 37.386340
1476 201956 7.394080 22.075110
1476 201147 28.832280 41.197680
1476 201976 9.541240 4.321030
1476 201935 7.601730 25.397200
1476 203093 24.797230 9.279690
1476 203991 5.539110 27.918340
1488 -1 4.763690 24.942920
1488 200752 12.827770 16.244960
1488 201158 7.331100 16.049610
1488 201585 5.313620 26.411870
1488 203552 16.314320 37.581020
1488 201956 6.476650 22.450520
1488 201147 29.846040 40.663760
1488 201976 10.059450 4.875420
1488 201935 7.378300 25.421960
1488 203093 25.252450 9.737110
1488 203991 5.839590 28.122160
1500 -1 4.105390 25.617870
1500 200752 13.186210 16.470250
1500 201158 7.781410 15.953600
1500 201585 4.755110 26.767340
1500 203552 16.288880 37.779840
1500 201956 5.438930 22.658380
1500 201147 30.877560 40.310910
1500 201976 10.630900 5.569770
1500 201935 7.392340 25.442690
1500 203093 25.748550 10.174440
1500 203991 6.267070 28.253450
1512 -1 2.319360 25.642710
1512 200752 13.557640 16.566330
1512 201158 8.387360 15.593390
1512 201585 4.129510 26.823710
1512 203552 16.245210 37.879160
1512 201956 4.528050 22.782790
1512 201147 31.902880 39.960750
1512 201976 11.289230 6.305630
1512 201935 7.608130 25.476470
1512 203093 26.308940 10.754930
1512 203991 6.775240 28.350640
1524 -1 0.783570 25.943960
1524 200752 14.017280 16.593000
1524 201158 9.103580 15.238860
1524 201585 3.304470 26.785970
1524 203552 16.118660 37.848360
1524 201956 3.541040 22.952380
1524 201147 32.950510 39.634900
1524 201976 11.986540 6.842340
1524 201935 7.941490 25.591820
1524 203093 26.919600 11.399200
1524 203991 7.519380 28.509080