0 -1 86.930420 29.166370
0 202390 77.111350 27.008640
0 201196 51.266660 12.178880
0 101162 71.427320 24.513770
0 203078 55.591750 32.204510
0 203490 61.175920 42.781570
0 1891 74.359890 7.503540
0 2730 77.883530 22.891960
0 201147 68.474920 47.368770
0 201951 66.213140 8.681160
0 201935 88.357280 29.958960
12 -1 85.412330 28.935330
12 202390 75.258830 26.357230
12 201196 50.006140 12.096370
12 101162 69.523980 24.556600
12 203078 54.786470 32.157290
12 203490 59.449550 42.802180
12 1891 72.318050 6.760230
12 2730 76.392300 22.874870
12 201147 66.436130 47.661900
12 201951 64.084810 7.957740
12 201935 87.170700 29.977130
24 -1 84.469570 28.462450
24 202390 73.156240 25.656550
24 201196 48.747400 12.057410
24 101162 67.599980 24.603160
24 203078 53.953540 32.122080
24 203490 57.675930 42.838110
24 1891 70.377010 6.125550
24 2730 74.794670 22.787980
24 201147 64.331070 47.885750
24 201951 61.931120 7.276550
24 201935 85.870850 30.036390
36 -1 83.652140 27.929000
36 202390 70.994700 24.920740
36 201196 47.471920 11.984780
36 101162 65.594700 24.619400
36 203078 53.100680 32.083490
36 203490 55.957270 42.910920
36 1891 68.407650 5.532170
36 2730 73.027680 22.673440
36 201147 62.169210 48.091700
36 201951 59.732580 6.632260
36 201935 84.421800 30.029610
48 -1 82.520010 27.587180
48 202390 68.849660 24.149820
48 201196 46.148960 11.912590
48 101162 63.632740 24.587690
48 203078 52.220820 31.979630
48 203490 54.233170 42.974740
48 1891 66.319310 5.033200
48 2730 71.275650 22.608850
48 201147 60.018910 48.250280
48 201951 57.490740 5.998200
48 201935 82.714610 29.714980
60 -1 80.203520 27.590850
60 202390 66.589590 23.397670
60 201196 44.756790 11.868850
60 101162 61.654560 24.535450
60 203078 51.306530 31.803820
60 203490 52.457000 43.075730
60 1891 64.085420 4.549830
60 2730 69.474450 22.479200
60 201147 57.833460 48.392850
60 201951 55.248970 5.378250
60 201935 81.051590 29.407620
72 -1 77.787270 27.536540
72 202390 64.193120 22.579170
72 201196 43.385400 11.762520
72 101162 59.675660 24.427300
72 203078 50.363310 31.595630
72 203490 50.659910 43.108030
72 1891 62.035950 4.171860
72 2730 67.600210 22.392480
72 201147 55.660030 48.532660
72 201951 52.969310 4.827660
72 201935 79.190020 29.079510
84 -1 75.705630 27.224210
84 202390 61.816350 21.783080
84 201196 41.972760 11.602770
84 101162 57.658310 24.234570
84 203078 49.391560 31.355290
84 203490 48.932380 43.097960
84 1891 59.867750 3.791070
84 2730 65.712200 22.358090
84 201147 53.541260 48.648690
84 201951 50.675380 4.321720
84 201935 77.236610 28.614450
96 -1 75.225930 27.034490
96 202390 59.615860 20.913920
96 201196 40.510800 11.491030
96 101162 55.670440 24.010180
96 203078 48.397190 31.081860
96 203490 47.083210 43.094660
96 1891 57.582530 3.445230
96 2730 63.781870 22.346010
96 201147 51.412250 48.657800
96 201951 48.349500 3.836890
96 201935 75.268580 28.243120
108 -1 73.377190 26.577320
108 202390 57.304500 20.027470
108 201196 39.077360 11.361560
108 101162 53.697980 23.786640
108 203078 47.364770 30.747540
108 203490 45.268510 43.133800
108 1891 55.362890 3.147190
108 2730 61.782930 22.328840
108 201147 49.310680 48.755300
108 201951 46.038700 3.398590
108 201935 73.327080 27.915010
120 -1 70.432970 26.012830
120 202390 54.957180 19.059390
120 201196 37.666130 11.234890
120 101162 51.753310 23.578400
120 203078 46.339060 30.371520
120 203490 43.584050 43.140160
120 1891 53.209220 2.936800
120 2730 59.765850 22.304320
120 201147 47.300100 48.876750
120 201951 43.732260 3.017930
120 201935 71.273270 27.453590
132 -1 67.283010 25.527790
132 202390 52.632780 18.111820
132 201196 36.210430 11.163730
132 101162 49.817250 23.419870
132 203078 45.318870 29.934390
132 203490 41.918640 43.156950
132 1891 51.023340 2.749070
132 2730 57.698240 22.261810
132 201147 45.228210 48.941490
132 201951 41.440300 2.680750
132 201935 69.207250 26.946850
144 -1 63.632730 25.313610
144 202390 50.347760 17.154990
144 201196 34.741420 11.132880
144 101162 47.923480 23.350100
144 203078 44.321730 29.458050
144 203490 40.197710 43.190280
144 1891 48.821290 2.594340
144 2730 55.551830 22.237710
144 201147 43.159830 48.977920
144 201951 39.119150 2.405310
144 201935 67.126540 26.505730
156 -1 61.703010 25.263220
156 202390 48.116260 16.230710
156 201196 33.275340 11.117450
156 101162 46.020930 23.335350
156 203078 43.309480 28.925590
156 203490 38.564240 43.205790
156 1891 46.699870 2.527280
156 2730 53.479260 22.237550
156 201147 41.186790 49.050060
156 201951 36.856230 2.152430
156 201935 64.924650 25.998410
168 -1 59.916890 25.100820
168 202390 45.908070 15.360320
168 201196 31.824430 11.102450
168 101162 44.143050 23.307730
168 203078 42.295910 28.382390
168 203490 36.909270 43.228300
168 1891 44.574250 2.497850
168 2730 51.384110 22.199640
168 201147 39.176680 49.008310
168 201951 34.598670 1.936190
168 201935 62.669110 25.438430
180 -1 57.979350 25.059740
180 202390 43.725140 14.519470
180 201196 30.404640 11.096480
180 101162 42.309460 23.309910
180 203078 41.249390 27.821310
180 203490 35.259660 43.214080
180 1891 42.428200 2.501860
180 2730 49.228310 22.148270
180 201147 37.175370 48.981560
180 201951 32.349780 1.726050
180 201935 60.435210 24.909530
192 -1 56.095050 25.039770
192 202390 41.539480 13.747000
192 201196 28.997370 11.125920
192 101162 40.515680 23.357190
192 203078 40.194640 27.234290
192 203490 33.600150 43.150220
192 1891 40.250870 2.569070
192 2730 47.100540 22.081600
192 201147 35.317140 49.029760
192 201951 30.111910 1.599380
192 201935 58.191730 24.425150
204 -1 54.272420 24.945290
204 202390 39.354680 13.095310
204 201196 27.605510 11.173030
204 101162 38.702540 23.376380
204 203078 39.091150 26.609800
204 203490 31.998100 43.099540
204 1891 38.041570 2.667160
204 2730 45.043730 21.967170
204 201147 33.436160 49.068760
204 201951 27.940470 1.458470
204 201935 55.848950 23.973000
216 -1 52.193910 24.662430
216 202390 37.162420 12.541520
216 201196 26.223620 11.255730
216 101162 36.943300 23.545270
216 203078 38.069780 26.002720
216 203490 30.550550 43.015410
216 1891 35.870390 2.808070
216 2730 42.920410 21.825620
216 201147 31.599560 49.097160
216 201951 25.790870 1.356540
216 201935 53.635490 23.475250
228 -1 49.559140 23.647940
228 202390 35.007670 12.060500
228 201196 24.847650 11.367980
228 101162 35.179180 23.653820
228 203078 36.984790 25.383980
228 203490 29.136910 42.890660
228 1891 33.688970 2.999390
228 2730 40.852190 21.701850
228 201147 29.899250 49.136840
228 201951 23.720640 1.271140
228 201935 51.436650 22.997160
240 -1 46.823530 22.390430
240 202390 32.904420 11.657810
240 201196 23.516110 11.479630
240 101162 33.458490 23.669800
240 203078 35.942040 24.799070
240 203490 27.607280 42.717300
240 1891 31.554080 3.233940
240 2730 38.747720 21.555810
240 201147 28.184860 49.117140
240 201951 21.696080 1.264960
240 201935 49.286110 22.539760
252 -1 44.530940 21.290000
252 202390 30.855840 11.335050
252 201196 22.222560 11.620270
252 101162 31.800080 23.667470
252 203078 34.824240 24.304780
252 203490 26.246680 42.494840
252 1891 29.450740 3.545020
252 2730 36.697330 21.428220
252 201147 26.474250 49.106600
252 201951 19.836330 1.217960
252 201935 47.149810 22.135650
264 -1 43.238820 20.607120
264 202390 28.867920 11.109540
264 201196 20.975720 11.764790
264 101162 30.238230 23.571150
264 203078 33.702070 23.856010
264 203490 24.974970 42.208240
264 1891 27.389930 3.927850
264 2730 34.688500 21.302020
264 201147 24.861740 49.140450
264 201951 18.028810 1.262310
264 201935 45.147650 21.702660
276 -1 41.809930 19.886120
276 202390 26.885470 10.950000
276 201196 19.805090 11.888500
276 101162 28.740950 23.334020
276 203078 32.596090 23.370400
276 203490 23.655130 41.863120
276 1891 25.320880 4.384850
276 2730 32.781380 21.157320
276 201147 23.220050 49.178140
276 201951 16.305610 1.294420
276 201935 43.105930 21.387340
288 -1 40.371900 19.447420
288 202390 24.992260 10.814870
288 201196 18.753100 11.951450
288 101162 27.321570 23.157830
288 203078 31.534450 23.018720
288 203490 22.409700 41.529570
288 1891 23.324680 4.939340
288 2730 30.954190 20.999040
288 201147 21.616330 49.231630
288 201951 14.664160 1.382170
288 201935 41.145050 21.101750
300 -1 39.083290 18.733570
300 202390 23.280870 10.690760
300 201196 17.690750 12.061970
300 101162 25.901640 23.016400
300 203078 30.464520 22.758610
300 203490 21.340240 41.177280
300 1891 21.363560 5.564700
300 2730 29.159430 20.933580
300 201147 20.141930 49.267560
300 201951 13.198680 1.447370
300 201935 39.198770 20.931140
312 -1 37.546790 18.574340
312 202390 21.490520 10.679710
312 201196 16.792390 12.105410
312 101162 24.483070 22.812880
312 203078 29.445300 22.521080
312 203490 20.302980 40.899270
312 1891 19.449570 6.233960
312 2730 27.373460 20.859580
312 201147 18.687000 49.253790
312 201951 11.836320 1.568720
312 201935 37.332190 20.766200
324 -1 35.595630 18.435770
324 202390 19.752320 10.712160
324 201196 15.911710 12.194490
324 101162 23.173760 22.639530
324 203078 28.616240 22.286840
324 203490 19.300340 40.588880
324 1891 17.588670 6.934250
324 2730 25.602730 20.764620
324 201147 17.291350 49.235490
324 201951 10.675490 1.625270
324 201935 35.580170 20.730010
336 -1 33.103320 19.325020
336 202390 18.159550 10.742260
336 201196 15.076550 12.357230
336 101162 21.904880 22.474330
336 203078 27.762660 22.176880
336 203490 18.318670 40.253520
336 1891 15.794000 7.619030
336 2730 23.944720 20.739610
336 201147 16.016030 49.219490
336 201951 9.691030 1.716580
336 201935 33.964640 20.703630
348 -1 31.181940 19.259030
348 202390 16.575450 10.816390
348 201196 14.290800 12.673110
348 101162 20.673710 22.370480
348 203078 27.038810 22.081060
348 203490 17.395290 39.855250
348 1891 14.079740 8.308140
348 2730 22.286420 20.773800
348 201147 14.760360 49.205700
348 201951 8.947480 1.722280
348 201935 32.596240 20.680480
360 -1 30.699760 19.154460
360 202390 15.117900 10.831120
360 201196 13.708380 12.963900
360 101162 19.710280 22.432540
360 203078 26.409770 21.989320
360 203490 16.513160 39.532560
360 1891 12.478990 8.986330
360 2730 20.918990 20.903020
360 201147 13.553250 49.214820
360 201951 8.335680 1.715340
360 201935 31.618080 20.552210
372 -1 30.212010 19.082440
372 202390 14.189400 10.600950
372 201196 13.127740 13.366670
372 101162 18.994840 22.527360
372 203078 25.955390 21.854440
372 203490 15.671720 39.217180
372 1891 10.981200 9.612290
372 2730 19.749150 21.012100
372 201147 12.498600 49.202090
372 201951 7.900110 1.644130
372 201935 30.948870 20.369710
384 -1 29.596550 19.130740
384 202390 13.546020 10.211090
384 201196 12.766450 13.716390
384 101162 18.142910 22.743870
384 203078 25.522720 21.742910
384 203490 14.868040 38.998750
384 1891 9.575360 10.136940
384 2730 18.728220 21.229920
384 201147 11.545450 49.113170
384 201951 7.608340 1.583800
384 201935 30.481680 20.041380
396 -1 29.230760 19.312060
396 202390 13.101470 9.748650
396 201196 12.474520 13.997450
396 101162 17.285200 22.977450
396 203078 25.254050 21.589880
396 203490 14.136550 38.846280
396 1891 8.293450 10.552310
396 2730 17.737340 21.489720
396 201147 10.673360 48.947080
396 201951 7.475540 1.534400
396 201935 30.249560 19.707380
408 -1 28.510580 19.096440
408 202390 12.931860 9.205350
408 201196 12.197690 14.210210
408 101162 16.509910 23.193960
408 203078 25.253910 21.374880
408 203490 13.465360 38.723570
408 1891 7.140210 10.784240
408 2730 16.861960 21.714840
408 201147 9.860570 48.755240
408 201951 7.442900 1.537620
408 201935 30.119130 19.433360
420 -1 29.115890 18.926240
420 202390 12.803150 8.710880
420 201196 11.908430 14.460720
420 101162 15.648660 23.345120
420 203078 25.482260 21.171890
420 203490 12.850410 38.565150
420 1891 6.077020 10.851410
420 2730 15.927660 21.783470
420 201147 9.136500 48.573730
420 201951 7.556920 1.551590
420 201935 29.942400 19.271790
432 -1 29.512680 18.900290
432 202390 12.555280 8.296850
432 201196 11.666940 14.700210
432 101162 14.701270 23.600890
432 203078 25.851060 21.023440
432 203490 12.278580 38.343780
432 1891 5.128430 10.776200
432 2730 15.024680 21.948030
432 201147 8.498500 48.402970
432 201951 7.857870 1.603540
432 201935 29.751780 19.126570
444 -1 29.049380 19.028030
444 202390 12.304570 7.927820
444 201196 11.391230 14.965330
444 101162 14.014660 23.833510
444 203078 26.272460 20.921380
444 203490 11.741470 38.048190
444 1891 4.336450 10.608890
444 2730 14.129780 22.021530
444 201147 8.008740 48.187710
444 201951 8.331080 1.693020
444 201935 29.603360 19.045320
456 -1 27.382600 19.368840
456 202390 12.050930 7.663430
456 201196 11.170430 15.266550
456 101162 13.360870 24.049530
456 203078 26.929750 20.854520
456 203490 11.236140 37.733600
456 1891 3.705280 10.372090
456 2730 13.175940 22.043670
456 201147 7.702580 47.942380
456 201951 8.992030 1.796920
456 201935 29.480250 18.995250
468 -1 24.797850 20.353190
468 202390 11.843020 7.496410
468 201196 10.891030 15.572090
468 101162 12.704840 24.150960
468 203078 27.595810 20.808410
468 203490 10.820340 37.378490
468 1891 3.191420 10.131010
468 2730 12.281090 21.999600
468 201147 7.612160 47.604630
468 201951 9.717230 1.981850
468 201935 29.318200 18.881440
480 -1 22.637690 20.670910
480 202390 11.701330 7.438300
480 201196 10.469070 15.910610
480 101162 12.023940 24.128930
480 203078 28.512920 20.710350
480 203490 10.484690 36.989510
480 1891 2.861140 9.916820
480 2730 11.495000 22.229910
480 201147 7.683020 47.095380
480 201951 10.616050 2.217480
480 201935 29.256060 18.746380
492 -1 19.872130 21.370510
492 202390 11.674810 7.506540
492 201196 10.029000 16.222110
492 101162 11.226180 23.938480
492 203078 29.569630 20.620290
492 203490 10.227740 36.580060
492 1891 2.736910 9.732620
492 2730 10.701550 22.440730
492 201147 7.871340 46.450500
492 201951 11.561080 2.494060
492 201935 29.418700 18.557870
504 -1 17.617300 21.986930
504 202390 11.803950 7.651920
504 201196 9.592640 16.587030
504 101162 10.172690 23.713990
504 203078 30.781610 20.483300
504 203490 10.062320 36.124210
504 1891 2.754790 9.651930
504 2730 9.975400 22.527390
504 201147 8.145390 45.712300
504 201951 12.580730 2.824630
504 201935 29.679340 18.364840
516 -1 15.833360 22.087640
516 202390 11.907830 7.966960
516 201196 9.126770 16.983240
516 101162 9.661460 23.401380
516 203078 31.925780 20.350130
516 203490 9.978130 35.590430
516 1891 2.931970 9.679830
516 2730 9.441020 22.478770
516 201147 8.467980 44.863340
516 201951 13.669140 3.206710
516 201935 30.019260 18.149300
528 -1 14.749480 22.151350
528 202390 12.027790 8.368390
528 201196 8.748040 17.447700
528 101162 9.234430 23.022940
528 203078 33.135550 20.261160
528 203490 9.936280 34.968720
528 1891 3.312140 9.809080
528 2730 9.185430 22.657710
528 201147 8.867700 43.919370
528 201951 14.893360 3.580980
528 201935 30.514970 17.957120
540 -1 12.899390 22.448420
540 202390 12.189720 8.885680
540 201196 8.569870 17.886100
540 101162 8.801520 22.617950
540 203078 34.237370 20.242690
540 203490 9.956120 34.282840
540 1891 3.868450 10.027110
540 2730 9.077470 22.544770
540 201147 9.306070 42.930310
540 201951 16.080720 3.997510
540 201935 31.136800 17.696670
552 -1 10.262410 23.137750
552 202390 12.377570 9.487600
552 201196 8.468200 18.380720
552 101162 8.675330 22.318240
552 203078 35.321840 20.255910
552 203490 10.166600 33.542050
552 1891 4.560080 10.333870
552 2730 9.078360 22.357780
552 201147 9.787340 41.867630
552 201951 17.297600 4.473940
552 201935 31.760080 17.520330
564 -1 6.817900 24.378240
564 202390 12.559550 10.233000
564 201196 8.378200 18.817430
564 101162 8.720010 22.135680
564 203078 36.435830 20.368530
564 203490 10.492310 32.787860
564 1891 5.382500 10.721540
564 2730 9.255700 22.069430
564 201147 10.286250 40.759050
564 201951 18.486780 4.961200
564 201935 32.469860 17.291400
576 -1 8.035490 23.702260
576 202390 12.903410 10.959800
576 201196 8.391700 19.246070
576 101162 8.319250 22.105690
576 203078 37.574210 20.543140
576 203490 10.791910 32.049740
576 1891 6.275920 11.163610
576 2730 9.575210 21.821320
576 201147 10.852790 39.648310
576 201951 19.736720 5.443870
576 201935 33.311320 17.070430
588 -1 9.726330 23.083980
588 202390 13.307020 11.791510
588 201196 8.457210 19.515360
588 101162 7.690010 22.286610
588 203078 38.722570 20.777090
588 203490 11.056680 31.368690
588 1891 7.153120 11.641980
588 2730 9.704580 21.498380
588 201147 11.463780 38.541290
588 201951 20.957050 5.950760
588 201935 34.252150 16.916770
600 -1 8.614120 24.032160
600 202390 13.791910 12.670460
600 201196 8.469110 19.683580
600 101162 7.303280 22.556890
600 203078 39.827460 21.089710
600 203490 11.364820 30.747290
600 1891 8.020510 12.164990
600 2730 9.744060 21.205400
600 201147 12.099840 37.446260
600 201951 22.227870 6.440650
600 201935 35.234200 16.822180
612 -1 8.642200 24.221410
612 202390 14.547520 13.533820
612 201196 8.444980 19.800380
612 101162 6.922730 22.838560
612 203078 40.927600 21.497790
612 203490 11.626430 30.139000
612 1891 8.957790 12.698150
612 2730 9.781230 20.928960
612 201147 12.809080 36.407180
612 201951 23.501970 6.909820
612 201935 36.211510 16.777380
624 -1 8.707760 24.607220
624 202390 15.296620 14.267300
624 201196 8.429990 19.743600
624 101162 6.692010 23.121110
624 203078 42.000830 21.995630
624 203490 11.940310 29.580850
624 1891 9.906400 13.298500
624 2730 9.788500 20.946280
624 201147 13.606300 35.442850
624 201951 24.787040 7.381410
624 201935 37.276320 16.856810
636 -1 8.815170 25.154390
636 202390 16.165310 14.906450
636 201196 8.352410 19.573130
636 101162 6.862740 22.935810
636 203078 43.048450 22.560510
636 203490 12.399950 29.162920
636 1891 10.896850 13.963950
636 2730 9.717710 21.146390
636 201147 14.507600 34.519730
636 201951 25.952760 7.887720
636 201935 38.377820 17.003610
648 -1 8.968780 25.827710
648 202390 17.183180 15.431970
648 201196 8.271240 19.411900
648 101162 7.240940 22.679260
648 203078 44.037380 23.151700
648 203490 12.988170 28.844630
648 1891 11.910350 14.572160
648 2730 9.618220 21.449610
648 201147 15.533820 33.715580
648 201951 27.143990 8.378360
648 201935 39.538680 17.202150
660 -1 9.955130 25.974540
660 202390 18.352440 15.758210
660 201196 8.276930 19.241970
660 101162 7.473680 22.446410
660 203078 45.004600 23.817140
660 203490 13.613640 28.613870
660 1891 12.949100 15.158160
660 2730 9.667000 21.887510
660 201147 16.718540 33.003610
660 201951 28.310740 8.870170
660 201935 40.735520 17.503630
672 -1 10.866660 26.012820
672 202390 19.439600 15.922910
672 201196 8.263420 18.931930
672 101162 7.565190 22.177450
672 203078 45.973340 24.518480
672 203490 14.172340 28.479940
672 1891 13.926760 15.775680
672 2730 9.673930 22.417110
672 201147 18.019760 32.352700
672 201951 29.471280 9.373710
672 201935 42.026550 17.830000
684 -1 11.832360 25.996380
684 202390 20.702500 16.038120
684 201196 8.283140 18.704760
684 101162 7.570210 21.863970
684 203078 46.930200 25.230180
684 203490 14.623100 28.403290
684 1891 14.946580 16.322270
684 2730 9.807340 22.951060
684 201147 19.410510 31.767290
684 201951 30.636230 9.874170
684 201935 43.345660 18.195970
696 -1 12.805880 26.128990
696 202390 22.021910 16.037790
696 201196 8.336430 18.471830
696 101162 7.217030 21.976570
696 203078 47.830560 25.947710
696 203490 15.011850 28.285750
696 1891 16.020590 16.808210
696 2730 10.192710 23.453780
696 201147 20.798730 31.276210
696 201951 31.804650 10.383950
696 201935 44.754230 18.614300