0 -1 43.334720 23.677590
0 2199 19.844880 17.150490
0 200782 13.293590 10.666790
0 202688 37.243790 24.361030
0 203141 9.469110 33.010440
0 1626164 9.501760 39.087730
0 101145 43.766640 25.106190
0 201978 6.418570 48.673230
0 201941 8.655090 36.770150
0 202331 16.459330 0.972120
0 1626167 20.575550 15.734290
12 -1 43.638720 24.007310
12 2199 20.687190 17.170220
12 200782 12.950230 10.629580
12 202688 37.321900 24.029970
12 203141 9.092040 32.942380
12 1626164 9.966300 38.859120
12 101145 43.577830 24.845120
12 201978 6.497650 48.657780
12 201941 8.221940 36.774730
12 202331 15.577260 0.929560
12 1626167 21.847140 16.299000
24 -1 43.275770 25.029450
24 2199 21.478990 17.199160
24 200782 12.639190 10.652820
24 202688 37.373440 23.664320
24 203141 8.768220 32.851460
24 1626164 10.404780 38.591650
24 101145 43.392690 24.498610
24 201978 6.613190 48.664500
24 201941 7.754470 36.708630
24 202331 14.748950 0.928690
24 1626167 23.165530 16.759090
36 -1 44.215960 24.746690
36 2199 22.120150 17.288970
36 200782 12.376400 10.755080
36 202688 37.413270 23.330150
36 203141 8.436810 32.770260
36 1626164 10.846170 38.289730
36 101145 43.188310 24.076910
36 201978 6.741450 48.682610
36 201941 7.225410 36.565650
36 202331 13.973150 0.952260
36 1626167 24.550580 17.074070
48 -1 44.053830 23.512460
48 2199 22.886990 17.473530
48 200782 12.141800 10.914370
48 202688 37.420370 23.063940
48 203141 8.139160 32.778870
48 1626164 11.264460 37.938740
48 101145 42.916290 23.578040
48 201978 6.902570 48.738510
48 201941 6.689020 36.345860
48 202331 13.217980 0.952400
48 1626167 25.869880 17.335310
60 -1 43.782780 23.145990
60 2199 23.742730 17.558620
60 200782 11.921710 11.082980
60 202688 37.400740 22.828830
60 203141 7.837100 32.797840
60 1626164 11.678980 37.546990
60 101145 42.493710 22.923660
60 201978 7.073060 48.789930
60 201941 6.223730 36.123620
60 202331 12.479150 0.960820
60 1626167 27.174300 17.578380
72 -1 43.228880 22.363920
72 2199 24.580600 17.640840
72 200782 11.707760 11.196250
72 202688 37.367670 22.527520
72 203141 7.513600 32.807930
72 1626164 12.075640 37.153560
72 101145 41.942900 22.104840
72 201978 7.234020 48.848250
72 201941 5.812750 35.893610
72 202331 11.820110 0.993700
72 1626167 28.452710 17.767030
84 -1 42.203660 21.035030
84 2199 25.378800 17.670500
84 200782 11.499140 11.236190
84 202688 37.249830 22.056730
84 203141 7.183180 32.826290
84 1626164 12.483830 36.724710
84 101145 41.076970 21.238810
84 201978 7.350160 48.897560
84 201941 5.511200 35.618940
84 202331 11.209240 0.993300
84 1626167 29.587730 18.032010
96 -1 40.704270 19.508080
96 2199 26.275910 17.621070
96 200782 11.288270 11.170940
96 202688 37.010700 21.403100
96 203141 6.895040 32.781810
96 1626164 12.869690 36.253260
96 101145 40.113170 20.223880
96 201978 7.436960 48.936930
96 201941 5.268710 35.364390
96 202331 10.622150 1.008230
96 1626167 30.593190 18.316480
108 -1 38.771480 17.315120
108 2199 26.989650 17.513410
108 200782 11.078380 11.023320
108 202688 36.614850 20.559740
108 203141 6.639500 32.694000
108 1626164 13.209160 35.747570
108 101145 39.054910 19.066880
108 201978 7.486810 48.960550
108 201941 5.050180 35.108320
108 202331 10.073210 1.056100
108 1626167 31.487170 18.555590
120 -1 37.738230 15.871610
120 2199 27.375280 17.415940
120 200782 10.881880 10.825810
120 202688 36.117230 19.571070
120 203141 6.428230 32.483180
120 1626164 13.502830 35.241690
120 101145 37.973490 17.684500
120 201978 7.527490 48.987630
120 201941 4.775930 34.863260
120 202331 9.551630 1.080140
120 1626167 32.253060 18.775510
132 -1 37.135790 14.832360
132 2199 27.448750 17.245990
132 200782 10.707600 10.667970
132 202688 35.465300 18.497870
132 203141 6.250390 32.234010
132 1626164 13.779940 34.693380
132 101145 36.612230 16.448650
132 201978 7.583150 48.987830
132 201941 4.528660 34.611810
132 202331 9.067420 1.095190
132 1626167 32.819500 18.992330
144 -1 35.786570 13.868070
144 2199 27.245560 17.164380
144 200782 10.561280 10.552010
144 202688 34.768350 17.412220
144 203141 6.067850 31.974330
144 1626164 14.028620 34.090820
144 101145 35.289870 15.221230
144 201978 7.654130 48.954690
144 201941 4.261340 34.390090
144 202331 8.584500 1.132560
144 1626167 33.204290 19.181710
156 -1 32.901940 12.941990
156 2199 26.703670 17.072470
156 200782 10.424140 10.477560
156 202688 34.045920 16.365730
156 203141 5.895630 31.680460
156 1626164 14.231470 33.514790
156 101145 33.858590 13.993330
156 201978 7.752030 48.896740
156 201941 4.038830 34.177380
156 202331 8.113020 1.162150
156 1626167 33.317560 19.520200
168 -1 30.204030 11.700840
168 2199 25.917220 17.048750
168 200782 10.295380 10.413220
168 202688 33.184030 15.416590
168 203141 5.743330 31.365840
168 1626164 14.414740 32.997380
168 101145 32.150930 12.727540
168 201978 7.890160 48.840890
168 201941 3.895660 34.008350
168 202331 7.644250 1.175900
168 1626167 33.175400 19.973350
180 -1 28.950880 10.732490
180 2199 24.984180 17.055630
180 200782 10.153950 10.341640
180 202688 32.108400 14.533390
180 203141 5.610520 31.027770
180 1626164 14.529100 32.503850
180 101145 30.279460 11.903960
180 201978 8.044400 48.796460
180 201941 3.834250 33.836430
180 202331 7.227340 1.215840
180 1626167 32.921090 20.552350
192 -1 27.705320 9.946200
192 2199 23.979950 17.152410
192 200782 9.966910 10.207010
192 202688 30.913220 13.780140
192 203141 5.497340 30.633630
192 1626164 14.561130 32.083550
192 101145 28.648890 11.333660
192 201978 8.174290 48.767510
192 201941 3.803580 33.681440
192 202331 6.816940 1.254280
192 1626167 32.528430 21.181210
204 -1 25.893550 9.833010
204 2199 22.800150 17.258400
204 200782 9.758460 10.037330
204 202688 29.497980 13.292700
204 203141 5.381990 30.218840
204 1626164 14.494930 31.779000
204 101145 26.985950 10.981060
204 201978 8.282890 48.765770
204 201941 3.847340 33.531100
204 202331 6.454100 1.328150
204 1626167 31.941870 21.929650
216 -1 23.155620 10.387730
216 2199 21.623350 17.440120
216 200782 9.558980 9.877430
216 202688 27.920290 13.088950
216 203141 5.295530 29.844310
216 1626164 14.382530 31.553800
216 101145 25.017020 10.844040
216 201978 8.341140 48.763150
216 201941 3.951350 33.367250
216 202331 6.145680 1.410250
216 1626167 31.284030 22.684020
228 -1 20.938780 10.209490
228 2199 20.641870 17.708710
228 200782 9.382550 9.784840
228 202688 26.277240 13.026030
228 203141 5.215180 29.502050
228 1626164 14.222940 31.398000
228 101145 23.093660 11.187270
228 201978 8.328170 48.730110
228 201941 4.035820 33.163930
228 202331 5.892020 1.490400
228 1626167 30.598680 23.405190
240 -1 19.423680 10.433090
240 2199 19.683500 18.035680
240 200782 9.270180 9.808630
240 202688 24.562290 13.162710
240 203141 5.166520 29.329580
240 1626164 14.076050 31.376610
240 101145 21.393400 11.749560
240 201978 8.270650 48.674740
240 201941 4.181070 32.902760
240 202331 5.674910 1.592480
240 1626167 29.856080 24.056740
252 -1 17.826170 11.954610
252 2199 18.715260 18.453480
252 200782 9.228690 10.058670
252 202688 22.813930 13.443320
252 203141 5.152530 29.244540
252 1626164 13.930060 31.499420
252 101145 19.480460 12.327780
252 201978 8.193760 48.632120
252 201941 4.343840 32.580390
252 202331 5.482080 1.669350
252 1626167 29.140230 24.614740
264 -1 17.044420 14.022010
264 2199 17.872960 18.872140
264 200782 9.237360 10.508300
264 202688 21.101440 13.742160
264 203141 5.223300 29.295080
264 1626164 13.779540 31.750830
264 101145 17.569660 12.998670
264 201978 8.121850 48.608560
264 201941 4.352450 32.161550
264 202331 5.324670 1.721100
264 1626167 28.533530 25.031210
276 -1 18.816040 16.802050
276 2199 17.165970 19.300570
276 200782 9.293480 10.998410
276 202688 19.363350 14.099120
276 203141 5.346220 29.400320
276 1626164 13.612950 32.058840
276 101145 15.930040 13.915520
276 201978 8.067880 48.597580
276 201941 4.275300 31.695180
276 202331 5.199800 1.757630
276 1626167 28.050090 25.397080
288 -1 20.882370 19.521450
288 2199 16.411070 19.643210
288 200782 9.382530 11.467610
288 202688 17.681090 14.525920
288 203141 5.524320 29.518730
288 1626164 13.452640 32.403100
288 101145 14.385880 14.849880
288 201978 8.047260 48.609330
288 201941 4.185930 31.177670
288 202331 5.112600 1.782980
288 1626167 27.748020 25.713760
300 -1 22.714450 22.192570
300 2199 15.936890 20.078980
300 200782 9.490520 11.892880
300 202688 16.121500 14.969730
300 203141 5.739010 29.667400
300 1626164 13.292370 32.726200
300 101145 12.676870 15.774580
300 201978 8.065330 48.635330
300 201941 4.073290 30.706640
300 202331 5.086240 1.770030
300 1626167 27.514940 26.026420
312 -1 24.282350 24.722370
312 2199 15.754260 20.590610
312 200782 9.652050 12.031540
312 202688 14.533800 15.487340
312 203141 5.965760 29.577640
312 1626164 13.154920 33.007850
312 101145 11.242210 16.683700
312 201978 8.109910 48.663520
312 201941 3.977600 30.290240
312 202331 5.160230 1.779320
312 1626167 27.214310 26.392370
324 -1 25.164230 26.481080
324 2199 15.947820 21.332960
324 200782 9.836150 12.099040
324 202688 13.003910 16.055090
324 203141 6.173290 29.324020
324 1626164 13.064780 33.345700
324 101145 9.954110 17.532010
324 201978 8.179850 48.657650
324 201941 3.998200 29.883880
324 202331 5.349870 1.785860
324 1626167 26.899580 26.799530
336 -1 24.729680 27.559440
336 2199 16.281640 22.202850
336 200782 10.035740 12.138840
336 202688 11.506260 16.591390
336 203141 6.308890 29.043080
336 1626164 12.992290 33.774250
336 101145 8.701000 18.377930
336 201978 8.253620 48.656290
336 201941 4.021490 29.425850
336 202331 5.656780 1.815250
336 1626167 26.698610 27.141450
348 -1 24.630720 27.900760
348 2199 16.871100 23.231330
348 200782 10.203950 12.224930
348 202688 10.149930 17.189050
348 203141 6.433200 28.724390
348 1626164 12.943740 34.292480
348 101145 7.503580 19.266290
348 201978 8.338660 48.662440
348 201941 4.083970 28.986000
348 202331 6.052580 1.842100
348 1626167 26.361360 27.384980
360 -1 25.935350 27.636650
360 2199 17.612730 24.227830
360 200782 10.337760 12.364780
360 202688 8.926600 17.811130
360 203141 6.471160 28.259100
360 1626164 12.914010 34.939210
360 101145 6.406600 20.126730
360 201978 8.475010 48.646180
360 201941 4.202980 28.556470
360 202331 6.521830 1.895800
360 1626167 26.023410 27.599090
372 -1 25.859590 27.513750
372 2199 18.536910 25.152320
372 200782 10.394900 12.732720
372 202688 7.891300 18.420050
372 203141 6.479740 27.959540
372 1626164 12.892790 35.642290
372 101145 5.311730 21.039090
372 201978 8.697700 48.627670
372 201941 4.338440 28.180100
372 202331 7.048800 1.954620
372 1626167 25.832880 27.718940
384 -1 24.966580 27.385980
384 2199 19.488740 25.930710
384 200782 10.410610 13.114300
384 202688 6.975290 19.014960
384 203141 6.450680 27.756960
384 1626164 12.906670 36.246430
384 101145 4.322860 22.014220
384 201978 8.988110 48.613540
384 201941 4.510130 27.903910
384 202331 7.598690 2.065530
384 1626167 25.764030 27.826800
396 -1 22.996450 27.118360
396 2199 20.632440 26.653990
396 200782 10.409300 13.620350
396 202688 6.262580 19.553260
396 203141 6.454980 27.626370
396 1626164 12.963190 36.693490
396 101145 3.432720 22.910080
396 201978 9.366770 48.569190
396 201941 4.738960 27.721720
396 202331 8.172940 2.210490
396 1626167 25.637230 27.950700
408 -1 21.044410 26.647070
408 2199 21.816090 27.259890
408 200782 10.443960 14.180740
408 202688 5.643520 20.024630
408 203141 6.507700 27.530490
408 1626164 13.058370 37.018080
408 101145 2.739310 23.754100
408 201978 9.863830 48.479230
408 201941 4.971620 27.663070
408 202331 8.778960 2.394020
408 1626167 25.685640 28.145890
420 -1 19.133150 26.743960
420 2199 22.839440 27.744390
420 200782 10.527340 14.797980
420 202688 5.128550 20.400750
420 203141 6.660170 27.594580
420 1626164 13.141920 37.153740
420 101145 2.210910 24.586330
420 201978 10.375490 48.369260
420 201941 5.254280 27.538680
420 202331 9.390330 2.606940
420 1626167 25.902060 28.315210
432 -1 16.967450 26.410430
432 2199 23.870210 28.359770
432 200782 10.652240 15.409000
432 202688 4.717850 20.629530
432 203141 6.886000 27.613430
432 1626164 13.231700 37.105380
432 101145 1.844940 25.392680
432 201978 10.963560 48.197020
432 201941 5.559510 27.487600
432 202331 10.014710 2.830100
432 1626167 26.252690 28.491330
444 -1 15.059030 26.041120
444 2199 24.812920 28.999320
444 200782 10.771240 15.982490
444 202688 4.438730 20.731850
444 203141 7.214720 27.600900
444 1626164 13.306860 36.912610
444 101145 1.628390 26.165470
444 201978 11.566110 47.988100
444 201941 5.806490 27.452810
444 202331 10.663620 3.027390
444 1626167 26.676380 28.632780
456 -1 13.147510 25.925160
456 2199 25.563840 29.596950
456 200782 10.881410 16.539610
456 202688 4.234970 20.807940
456 203141 7.533970 27.565550
456 1626164 13.402060 36.680760
456 101145 1.648290 26.907910
456 201978 12.165090 47.728870
456 201941 6.042070 27.376620
456 202331 11.296850 3.250060
456 1626167 27.317340 28.706950
468 -1 11.274550 25.720280
468 2199 26.178780 30.237060
468 200782 10.956700 17.093830
468 202688 4.108810 20.814930
468 203141 7.804150 27.503290
468 1626164 13.496570 36.377170
468 101145 1.845530 27.557030
468 201978 12.795070 47.466240
468 201941 6.276260 27.245090
468 202331 11.905470 3.514840
468 1626167 28.124060 28.739490
480 -1 9.433800 25.436470
480 2199 26.863830 30.925220
480 200782 11.011220 17.621380
480 202688 4.017200 20.813000
480 203141 8.000550 27.284740
480 1626164 13.654530 36.055380
480 101145 2.223720 28.122220
480 201978 13.618420 47.338370
480 201941 6.438860 27.271190
480 202331 12.553360 3.806060
480 1626167 29.042200 28.775190
492 -1 7.618900 25.083700
492 2199 27.435900 31.394170
492 200782 11.053720 18.121240
492 202688 3.969780 20.791180
492 203141 8.079310 27.133500
492 1626164 13.864520 35.796760
492 101145 2.701510 28.583060
492 201978 14.775040 47.788250
492 201941 6.501510 27.165210
492 202331 13.193710 4.150650
492 1626167 30.070770 28.774550
504 -1 5.834840 24.566720
504 2199 27.980850 31.752730
504 200782 11.099860 18.617270
504 202688 3.933450 20.815690
504 203141 8.016020 26.992570
504 1626164 14.101780 35.598020
504 101145 3.284110 28.965600
504 201978 15.939190 48.267690
504 201941 6.529380 27.034990
504 202331 13.821300 4.550080
504 1626167 31.184610 28.844790
516 -1 5.444940 25.247080
516 2199 28.561350 32.029340
516 200782 11.130120 19.093120
516 202688 3.926950 20.850350
516 203141 7.985150 26.809920
516 1626164 14.392190 35.437300
516 101145 3.955340 29.268590
516 201978 16.866890 48.249390
516 201941 6.476050 26.826940
516 202331 14.476700 4.952940
516 1626167 32.354320 28.905720
528 -1 6.006430 25.429380
528 2199 29.150850 32.171930
528 200782 11.228630 19.539460
528 202688 3.971250 20.818800
528 203141 7.923550 26.682710
528 1626164 14.717500 35.315080
528 101145 4.710760 29.507940
528 201978 17.673730 47.985820
528 201941 6.353490 26.615980
528 202331 15.152610 5.375160
528 1626167 33.537680 28.962470
540 -1 6.651260 25.750180
540 2199 29.756120 32.206990
540 200782 11.392910 19.992980
540 202688 4.054810 20.731540
540 203141 7.877860 26.663320
540 1626164 15.049810 35.248160
540 101145 5.550230 29.680520
540 201978 18.359810 47.521400
540 201941 6.124440 26.387340
540 202331 15.824950 5.827340
540 1626167 34.699500 29.057780
552 -1 7.344870 25.734380
552 2199 30.379070 32.186870
552 200782 11.589350 20.422200
552 202688 4.168390 20.608060
552 203141 7.878050 26.738430
552 1626164 15.396650 35.214380
552 101145 6.517900 29.814140
552 201978 18.738120 46.452050
552 201941 5.901380 26.192910
552 202331 16.485240 6.273990
552 1626167 35.913570 29.159710
564 -1 7.045860 25.766160
564 2199 31.022370 32.135490
564 200782 11.863920 20.756160
564 202688 4.266550 20.442020
564 203141 7.910500 26.882790
564 1626164 15.866750 35.278860
564 101145 7.519380 29.871970
564 201978 19.240330 45.372330
564 201941 5.726750 26.035540
564 202331 17.112400 6.705210
564 1626167 37.197280 29.120630
576 -1 6.943630 25.836110
576 2199 31.693460 32.068270
576 200782 12.242200 21.002910
576 202688 4.318330 20.219880
576 203141 7.874320 27.091280
576 1626164 16.415100 35.439020
576 101145 8.601630 29.858610
576 201978 20.156040 44.819240
576 201941 5.718470 26.103000
576 202331 17.712910 7.139580
576 1626167 38.493480 29.126560
588 -1 7.009330 25.890520
588 2199 32.366060 31.999110
588 200782 12.678690 21.140230
588 202688 4.285280 20.074810
588 203141 7.787840 27.333620
588 1626164 17.006060 35.681220
588 101145 9.727900 29.809230
588 201978 21.299270 44.472400
588 201941 5.746750 26.285610
588 202331 18.330150 7.645280
588 1626167 39.806640 29.138420
600 -1 6.983030 26.514560
600 2199 33.043350 31.934260
600 200782 13.143930 21.126490
600 202688 4.166100 19.934050
600 203141 7.584690 27.598830
600 1626164 17.711720 35.994410
600 101145 10.887890 29.702260
600 201978 22.495730 44.152770
600 201941 5.965090 26.260120
600 202331 18.964300 8.162550
600 1626167 41.187540 29.074280
612 -1 8.644560 27.264560
612 2199 33.758650 31.886530
612 200782 13.674030 20.971140
612 202688 3.953230 19.810160
612 203141 7.290390 27.874110
612 1626164 18.478940 36.351090
612 101145 12.070880 29.541000
612 201978 23.743920 43.844120
612 201941 6.252870 26.221670
612 202331 19.684050 8.733920
612 1626167 42.538550 29.006970
624 -1 6.694280 29.234410
624 2199 34.512080 31.793670
624 200782 14.264330 20.746910
624 202688 3.672760 19.676510
624 203141 6.857310 28.142030
624 1626164 19.263330 36.773400
624 101145 13.303650 29.334860
624 201978 24.990700 43.520280
624 201941 6.605220 26.141260
624 202331 20.519730 9.360390
624 1626167 43.932720 28.921740
636 -1 4.925150 28.525880
636 2199 35.269000 31.684840
636 200782 14.873350 20.452260
636 202688 3.363300 19.523350
636 203141 6.264080 28.358770
636 1626164 20.049140 37.213620
636 101145 14.510030 29.119710
636 201978 26.235590 43.185380
636 201941 6.980720 25.971940
636 202331 21.442290 10.015880
636 1626167 45.230380 28.828550
648 -1 4.699060 29.078650
648 2199 36.076900 31.529740
648 200782 15.504570 20.084800
648 202688 3.022360 19.324280
648 203141 5.508170 28.489060
648 1626164 20.975870 37.755670
648 101145 15.802880 28.855660
648 201978 27.503930 42.877630
648 201941 7.542110 25.678360
648 202331 22.505220 10.670260
648 1626167 46.542300 28.681390