0 -1 38.766040 33.751980
0 200782 54.731210 23.380450
0 201603 49.579910 34.391960
0 202688 53.640290 10.006750
0 203458 62.649320 23.456990
0 1626164 66.872520 39.771140
0 101145 53.936930 5.242870
0 202730 64.165020 16.067380
0 202331 36.951390 33.379170
0 203922 58.171060 47.885020
0 1626167 42.087620 25.736890
12 -1 39.903930 34.340800
12 200782 55.575090 23.511390
12 201603 50.858170 34.117490
12 202688 55.007910 10.040790
12 203458 64.479210 23.070000
12 1626164 67.995800 39.867370
12 101145 55.809310 5.316950
12 202730 66.059780 16.239430
12 202331 38.633140 33.475840
12 203922 60.148930 47.830750
12 1626167 43.403780 25.653450
24 -1 41.193380 35.064560
24 200782 56.394730 23.619190
24 201603 52.174420 33.872630
24 202688 56.507170 10.063390
24 203458 66.294610 22.616460
24 1626164 69.077940 39.938370
24 101145 57.581430 5.408800
24 202730 67.919850 16.389350
24 202331 40.316020 33.607350
24 203922 62.058080 47.760830
24 1626167 44.747390 25.563060
36 -1 42.425590 35.510850
36 200782 57.206280 23.709170
36 201603 53.488320 33.656840
36 202688 58.040480 10.092030
36 203458 67.986560 22.254980
36 1626164 70.152270 40.022280
36 101145 59.299460 5.503140
36 202730 69.808610 16.525070
36 202331 41.953930 33.746990
36 203922 63.938860 47.720670
36 1626167 46.118630 25.471190
48 -1 43.772500 35.651740
48 200782 57.985560 23.820330
48 201603 54.801060 33.472250
48 202688 59.572540 10.137940
48 203458 69.537820 22.000590
48 1626164 71.225350 40.073500
48 101145 60.897270 5.533930
48 202730 71.570860 16.663490
48 202331 43.559990 33.883860
48 203922 65.751660 47.684000
48 1626167 47.377730 25.380090
60 -1 45.430600 35.652400
60 200782 58.714700 23.944720
60 201603 56.078570 33.321780
60 202688 61.084340 10.177440
60 203458 71.043410 21.677480
60 1626164 72.262040 40.092870
60 101145 62.436340 5.525880
60 202730 73.223980 16.779380
60 202331 45.238790 34.044080
60 203922 67.545020 47.606730
60 1626167 48.608860 25.260000
72 -1 47.438130 35.500350
72 200782 59.405540 24.071780
72 201603 57.304050 33.183060
72 202688 62.586740 10.242070
72 203458 72.481850 21.432490
72 1626164 73.291870 40.086840
72 101145 63.942880 5.483600
72 202730 74.776550 16.909450
72 202331 46.825740 34.166720
72 203922 69.304560 47.618460
72 1626167 49.847350 25.115540
84 -1 49.297050 35.163990
84 200782 60.148970 24.298280
84 201603 58.493240 33.033120
84 202688 64.072100 10.326600
84 203458 73.831900 21.326930
84 1626164 74.337140 40.060130
84 101145 65.379740 5.392760
84 202730 76.240160 17.077270
84 202331 48.307840 34.269280
84 203922 71.020000 47.667980
84 1626167 51.043040 24.979850
96 -1 51.313960 35.295390
96 200782 60.885010 24.472530
96 201603 59.632600 32.959710
96 202688 65.523660 10.404080
96 203458 75.108070 21.267480
96 1626164 75.355010 39.979880
96 101145 66.729700 5.253770
96 202730 77.651200 17.209790
96 202331 49.755370 34.333600
96 203922 72.640510 47.729430
96 1626167 52.165560 24.849960
108 -1 52.864620 35.608360
108 200782 61.572170 24.584870
108 201603 60.707950 33.007010
108 202688 66.953820 10.425020
108 203458 76.288650 21.286610
108 1626164 76.313010 39.880210
108 101145 68.110430 5.063940
108 202730 79.006710 17.236130
108 202331 51.147420 34.469840
108 203922 74.173360 47.775730
108 1626167 53.326810 24.740070
120 -1 53.664290 35.894250
120 200782 62.155380 24.607160
120 201603 61.654780 32.967030
120 202688 68.384110 10.483290
120 203458 77.363620 21.425080
120 1626164 77.267460 39.753140
120 101145 69.366260 4.883860
120 202730 80.239430 17.236510
120 202331 52.443420 34.563180
120 203922 75.632410 47.784460
120 1626167 54.453690 24.659330
132 -1 54.422980 36.086620
132 200782 62.713030 24.661440
132 201603 62.458170 32.964350
132 202688 69.708420 10.577100
132 203458 78.354470 21.618300
132 1626164 78.188090 39.603440
132 101145 70.509620 4.691420
132 202730 81.343180 17.151460
132 202331 53.729320 34.650110
132 203922 77.078990 47.748280
132 1626167 55.465530 24.622250
144 -1 55.463560 36.141220
144 200782 63.272860 24.372140
144 201603 63.207730 33.015630
144 202688 70.896640 10.722110
144 203458 79.246270 21.854200
144 1626164 79.064430 39.438110
144 101145 71.647600 4.458530
144 202730 82.283120 17.015630
144 202331 54.991390 34.701090
144 203922 78.479710 47.716460
144 1626167 56.459840 24.578000
156 -1 56.643020 35.992050
156 200782 63.791250 24.156090
156 201603 63.916300 33.208110
156 202688 71.985040 10.919060
156 203458 80.098900 22.079210
156 1626164 79.880060 39.309570
156 101145 72.728920 4.187270
156 202730 83.000530 16.928050
156 202331 56.168450 34.748870
156 203922 79.821310 47.674930
156 1626167 57.460890 24.554720
168 -1 58.006880 35.765860
168 200782 64.234990 23.963110
168 201603 64.521260 33.308860
168 202688 72.995560 11.163490
168 203458 80.913580 22.287040
168 1626164 80.656380 39.185060
168 101145 73.698160 3.899290
168 202730 83.604230 16.866690
168 202331 57.252310 34.666540
168 203922 81.046980 47.682440
168 1626167 58.396910 24.569940
180 -1 59.195530 34.999500
180 200782 64.659110 23.848310
180 201603 65.035930 33.477890
180 202688 73.958320 11.328240
180 203458 81.661510 22.448630
180 1626164 81.345860 39.087850
180 101145 74.632550 3.590000
180 202730 84.211850 16.837920
180 202331 58.234300 34.534750
180 203922 82.098160 47.727230
180 1626167 59.398080 24.454650
192 -1 60.200860 34.240340
192 200782 65.138560 23.864650
192 201603 65.478740 33.585270
192 202688 74.871430 11.406300
192 203458 82.344950 22.529090
192 1626164 81.993360 38.989910
192 101145 75.490660 3.290020
192 202730 84.852620 16.787560
192 202331 59.021070 34.463140
192 203922 82.986680 47.791490
192 1626167 60.488120 24.349520
204 -1 60.889030 33.576520
204 200782 65.436210 24.166050
204 201603 65.776800 33.629570
204 202688 75.744660 11.417410
204 203458 83.001110 22.549500
204 1626164 82.546630 38.887540
204 101145 76.203360 3.054290
204 202730 85.497650 16.801300
204 202331 59.793850 34.357610
204 203922 83.749640 47.835040
204 1626167 61.428530 24.303210
216 -1 61.005490 32.985340
216 200782 65.716590 24.309980
216 201603 65.944330 33.514840
216 202688 76.533600 11.378520
216 203458 83.557160 22.578490
216 1626164 83.033540 38.753990
216 101145 76.855570 2.880670
216 202730 86.198520 16.685860
216 202331 60.526640 34.250650
216 203922 84.419080 47.837040
216 1626167 62.336870 24.106040
228 -1 60.943650 32.716260
228 200782 65.978470 24.423420
228 201603 66.088720 33.484150
228 202688 77.245890 11.303130
228 203458 84.050750 22.609010
228 1626164 83.469440 38.610040
228 101145 77.491830 2.771000
228 202730 86.832240 16.606510
228 202331 61.255240 34.223880
228 203922 85.030230 47.796250
228 1626167 63.192050 23.846740
240 -1 60.968290 32.680870
240 200782 66.301110 24.519240
240 201603 66.267970 33.522930
240 202688 77.858940 11.255840
240 203458 84.475740 22.691850
240 1626164 83.828830 38.470580
240 101145 78.094390 2.647080
240 202730 87.329840 16.483790
240 202331 61.860760 34.183470
240 203922 85.581190 47.738880
240 1626167 63.920820 23.570630
252 -1 61.445410 32.636810
252 200782 66.623290 24.342750
252 201603 66.464980 33.627250
252 202688 78.440610 11.264970
252 203458 84.834560 22.828220
252 1626164 84.072620 38.326450
252 101145 78.690880 2.541180
252 202730 87.717430 16.418190
252 202331 62.456990 34.043960
252 203922 85.998420 47.694690
252 1626167 64.606520 23.099440
264 -1 62.287210 32.412970
264 200782 67.048710 24.008600
264 201603 66.655120 33.744650
264 202688 79.002380 11.277890
264 203458 85.138710 22.945070
264 1626164 84.276120 38.181240
264 101145 79.298080 2.392700
264 202730 88.027790 16.259810
264 202331 62.833570 33.838910
264 203922 86.297910 47.671880
264 1626167 65.392620 22.455910
276 -1 62.765510 31.674360
276 200782 67.535480 23.780360
276 201603 66.871220 33.735210
276 202688 79.539520 11.306770
276 203458 85.400400 23.042650
276 1626164 84.404750 38.076810
276 101145 79.822150 2.226680
276 202730 88.262820 16.168490
276 202331 63.051610 33.512490
276 203922 86.456850 47.675840
276 1626167 66.213510 21.717380
288 -1 62.338240 30.882180
288 200782 68.188810 23.541470
288 201603 67.067220 33.535170
288 202688 80.046520 11.309120
288 203458 85.600570 23.099240
288 1626164 84.486010 37.959350
288 101145 80.242140 2.075500
288 202730 88.457190 16.094460
288 202331 63.076190 33.047360
288 203922 86.498980 47.699760
288 1626167 67.113490 20.869900
300 -1 62.040350 30.415590
300 200782 68.952540 23.285300
300 201603 67.222380 33.234270
300 202688 80.551170 11.289230
300 203458 85.763420 23.089020
300 1626164 84.552960 37.784790
300 101145 80.555070 1.955690
300 202730 88.572190 16.062710
300 202331 63.038390 32.492450
300 203922 86.445330 47.742390
300 1626167 68.024890 20.068640
312 -1 62.078130 30.328910
312 200782 69.736450 23.099890
312 201603 67.330860 32.835920
312 202688 81.021050 11.215390
312 203458 85.910820 22.981940
312 1626164 84.622870 37.577920
312 101145 80.744190 1.838640
312 202730 88.606940 16.055380
312 202331 62.992030 31.921080
312 203922 86.388880 47.780900
312 1626167 68.994120 19.367820
324 -1 62.193350 29.996860
324 200782 70.569490 23.006350
324 201603 67.466930 32.311590
324 202688 81.456550 11.072270
324 203458 86.036450 22.803420
324 1626164 84.699110 37.381220
324 101145 80.794790 1.760320
324 202730 88.594220 16.134270
324 202331 62.963740 31.387600
324 203922 86.319460 47.821280
324 1626167 70.060990 18.720340
336 -1 61.845050 29.810190
336 200782 71.410710 22.882260
336 201603 67.462310 31.823000
336 202688 81.863600 10.893630
336 203458 86.167740 22.534950
336 1626164 84.772760 37.181390
336 101145 80.772750 1.716810
336 202730 88.534270 16.260760
336 202331 62.994060 30.897460
336 203922 86.306430 47.842300
336 1626167 71.193240 18.231430
348 -1 61.553490 29.804630
348 200782 72.268370 22.785140
348 201603 67.421550 31.277750
348 202688 82.197910 10.755220
348 203458 86.288870 22.234660
348 1626164 84.831000 37.034490
348 101145 80.693420 1.680210
348 202730 88.451280 16.492060
348 202331 63.058580 30.428610
348 203922 86.316990 47.841160
348 1626167 72.363010 17.832820
360 -1 61.317010 29.612500
360 200782 73.110870 22.720310
360 201603 67.357630 30.678250
360 202688 82.410840 10.597360
360 203458 86.384190 21.895550
360 1626164 84.859210 36.946610
360 101145 80.590070 1.667530
360 202730 88.410710 16.850260
360 202331 63.006120 29.970070
360 203922 86.368260 47.834580
360 1626167 73.658020 17.493170
372 -1 61.141510 29.157020
372 200782 73.960650 22.648850
372 201603 67.275120 30.077220
372 202688 82.482480 10.430310
372 203458 86.444250 21.556060
372 1626164 84.862020 36.926030
372 101145 80.506420 1.656530
372 202730 88.425640 17.394600
372 202331 62.969210 29.452720
372 203922 86.420240 47.826410
372 1626167 74.983660 17.233650
384 -1 61.311360 28.454580
384 200782 74.796970 22.582570
384 201603 67.069270 29.521020
384 202688 82.386270 10.279750
384 203458 86.482420 21.289230
384 1626164 84.826990 36.930030
384 101145 80.466060 1.643470
384 202730 88.411240 18.101590
384 202331 62.922450 28.888380
384 203922 86.476350 47.813250
384 1626167 76.296040 17.045900
396 -1 62.032480 27.365740
396 200782 75.608310 22.536220
396 201603 66.881180 28.915090
396 202688 82.140990 10.113230
396 203458 86.491740 21.064780
396 1626164 84.798280 36.941590
396 101145 80.425260 1.636340
396 202730 88.419710 18.943110
396 202331 62.842780 28.308760
396 203922 86.491040 47.823660
396 1626167 77.548630 16.960770
408 -1 62.271630 26.673780
408 200782 76.414140 22.441990
408 201603 66.656720 28.362780
408 202688 81.799610 9.918060
408 203458 86.496830 20.844700
408 1626164 84.760290 36.950100
408 101145 80.344080 1.623500
408 202730 88.389430 19.901110
408 202331 62.764800 27.659600
408 203922 86.475520 47.842460
408 1626167 78.819480 16.920520
420 -1 62.403220 26.071130
420 200782 77.221260 22.268610
420 201603 66.406400 27.784570
420 202688 81.370340 9.716110
420 203458 86.552940 20.716340
420 1626164 84.734670 36.953910
420 101145 80.146720 1.619130
420 202730 88.239110 20.970270
420 202331 62.882130 27.123550
420 203922 86.440630 47.866020
420 1626167 80.092700 16.952260
432 -1 62.432740 25.577220
432 200782 77.986950 22.040150
432 201603 66.261780 27.175970
432 202688 80.886560 9.595760
432 203458 86.578600 20.622560
432 1626164 84.712290 36.966040
432 101145 79.769220 1.666750
432 202730 87.828420 22.209980
432 202331 62.951470 26.575990
432 203922 86.401280 47.871800
432 1626167 81.281160 16.993920
444 -1 62.517670 24.462280
444 200782 78.705650 21.766480
444 201603 66.128430 26.606290
444 202688 80.377760 9.513210
444 203458 86.558150 20.673960
444 1626164 84.700110 36.970590
444 101145 79.279560 1.654990
444 202730 87.314970 23.400510
444 202331 63.000570 26.133730
444 203922 86.365580 47.877830
444 1626167 82.373290 17.072780
456 -1 63.567350 21.209730
456 200782 79.395580 21.455480
456 201603 65.950010 26.105740
456 202688 79.799780 9.438050
456 203458 86.481390 20.779460
456 1626164 84.678610 36.971570
456 101145 78.631530 1.644670
456 202730 86.646010 24.568040
456 202331 63.004160 25.804660
456 203922 86.340350 47.886570
456 1626167 83.472160 17.108890
468 -1 64.734040 17.468080
468 200782 80.020760 21.167610
468 201603 65.932420 25.553730
468 202688 79.101710 9.368260
468 203458 86.353380 21.107500
468 1626164 84.654860 36.981200
468 101145 77.723630 1.675510
468 202730 85.855400 25.539530
468 202331 62.887820 25.645460
468 203922 86.329280 47.895660
468 1626167 84.466800 17.199940
480 -1 65.855640 13.615370
480 200782 80.606350 20.877480
480 201603 66.019300 25.045620
480 202688 78.308820 9.346100
480 203458 86.092010 21.473040
480 1626164 84.629200 36.977220
480 101145 76.698380 1.719630
480 202730 84.900930 26.324320
480 202331 62.632630 25.566240
480 203922 86.333610 47.880560
480 1626167 85.350430 17.255670
492 -1 66.965610 9.738490
492 200782 81.197590 20.573180
492 201603 65.981810 24.721000
492 202688 77.488730 9.257760
492 203458 85.747600 21.946260
492 1626164 84.604070 36.969390
492 101145 75.709980 1.706690
492 202730 83.922560 26.895370
492 202331 62.341080 25.672240
492 203922 86.321370 47.870030
492 1626167 86.179590 17.303600
504 -1 67.746490 6.765570
504 200782 81.740330 20.197840
504 201603 66.017040 24.459750
504 202688 76.639600 9.143320
504 203458 85.316090 22.307950
504 1626164 84.581420 36.968710
504 101145 74.653160 1.763310
504 202730 82.847370 27.282590
504 202331 62.040800 25.824500
504 203922 86.273570 47.869360
504 1626167 86.984360 17.306880
516 -1 68.176750 4.753340
516 200782 82.278460 19.793420
516 201603 66.173930 24.282460
516 202688 75.798930 9.023270
516 203458 84.837160 22.706840
516 1626164 84.569570 36.972880
516 101145 73.653230 1.839010
516 202730 81.708150 27.427080
516 202331 61.773500 25.971070
516 203922 86.199080 47.862850
516 1626167 87.637460 17.330010
528 -1 68.683620 2.900380
528 200782 82.756740 19.348980
528 201603 66.105760 24.477340
528 202688 75.023010 8.891990
528 203458 84.307650 22.962080
528 1626164 84.568240 36.964910
528 101145 72.837470 1.892970
528 202730 80.493030 27.495600
528 202331 61.556930 26.162310
528 203922 86.125650 47.855220
528 1626167 88.209340 17.314960
540 -1 69.199950 0.897470
540 200782 83.171390 18.919520
540 201603 65.917370 24.879510
540 202688 74.360890 8.746200
540 203458 83.768080 23.211330
540 1626164 84.571600 36.979760
540 101145 72.166470 1.876170
540 202730 79.291650 27.457170
540 202331 61.401710 26.380690
540 203922 86.067650 47.835610
540 1626167 88.746090 17.311930
552 -1 69.200770 0.719740
552 200782 83.485210 18.470440
552 201603 65.879510 25.184990
552 202688 73.806670 8.595190
552 203458 83.245100 23.430920
552 1626164 84.590910 36.969760
552 101145 71.543520 1.883160
552 202730 78.123900 27.113280
552 202331 61.282220 26.623760
552 203922 86.063420 47.791270
552 1626167 89.275620 17.252960
564 -1 69.078200 1.098640
564 200782 83.805150 18.107770
564 201603 65.951960 25.461570
564 202688 73.410030 8.470250
564 203458 82.761590 23.599220
564 1626164 84.584470 36.932120
564 101145 71.065190 1.949870
564 202730 76.977480 26.641670
564 202331 61.175980 26.910090
564 203922 86.127610 47.734820
564 1626167 89.773540 17.193980
576 -1 69.284080 2.330090
576 200782 84.128300 17.793200
576 201603 66.084180 25.713870
576 202688 73.191680 8.362370
576 203458 82.303840 23.676480
576 1626164 84.573500 36.886200
576 101145 70.713670 2.016790
576 202730 75.833290 26.110130
576 202331 61.053880 27.274890
576 203922 86.238430 47.664790
576 1626167 90.235870 17.113800
588 -1 69.338160 2.887140
588 200782 84.480740 17.534460
588 201603 66.351720 25.774150
588 202688 73.125780 8.280370
588 203458 81.879160 23.690070
588 1626164 84.559040 36.786130
588 101145 70.494100 2.099240
588 202730 74.795230 25.368200
588 202331 60.972080 27.700510
588 203922 86.374100 47.585600
588 1626167 90.620290 17.078130
600 -1 69.725840 3.187650
600 200782 84.815890 17.285000
600 201603 66.697050 25.787020
600 202688 73.128340 8.217940
600 203458 81.469500 23.587070
600 1626164 84.536440 36.627010
600 101145 70.395560 2.275310
600 202730 73.895580 24.398830
600 202331 60.896450 28.160960
600 203922 86.503960 47.525800
600 1626167 90.831710 17.095760
612 -1 69.913640 3.254420
612 200782 85.145950 17.104060
612 201603 66.969280 25.898400
612 202688 73.147040 8.184860
612 203458 81.091150 23.317200
612 1626164 84.513990 36.439660
612 101145 70.407070 2.476150
612 202730 73.104580 23.360140
612 202331 60.790120 28.618420
612 203922 86.615010 47.482950
612 1626167 90.882480 17.195610
624 -1 70.335990 3.419000
624 200782 85.469770 16.962810
624 201603 67.136440 26.107210
624 202688 73.102590 8.175070
624 203458 80.754460 22.953660
624 1626164 84.504520 36.225420
624 101145 70.461800 2.658070
624 202730 72.441640 22.224580
624 202331 60.693800 29.088360
624 203922 86.694270 47.450970
624 1626167 90.843160 17.422920
636 -1 70.563560 3.571030
636 200782 85.768870 16.875750
636 201603 67.279860 26.366230
636 202688 72.917340 8.251550
636 203458 80.463880 22.530340
636 1626164 84.473640 35.971390
636 101145 70.491820 2.854880
636 202730 71.947740 20.969220
636 202331 60.594630 29.552240
636 203922 86.728250 47.444270
636 1626167 90.776900 17.871660
648 -1 70.479920 3.786750
648 200782 86.089950 16.841840
648 201603 67.384660 26.706530
648 202688 72.642820 8.376710
648 203458 80.200620 22.035230
648 1626164 84.426310 35.746380
648 101145 70.499170 3.059850
648 202730 71.534210 19.652850
648 202331 60.492550 29.997770
648 203922 86.723740 47.453710
648 1626167 90.799540 18.373260
660 -1 70.298990 4.039770
660 200782 86.417200 16.918030
660 201603 67.483480 27.033930
660 202688 72.343400 8.482860
660 203458 79.963250 21.456590
660 1626164 84.374100 35.526890
660 101145 70.418820 3.275140
660 202730 71.201310 18.347410
660 202331 60.518770 30.464000
660 203922 86.671390 47.494110
660 1626167 90.824310 19.032820
672 -1 70.024310 4.311420
672 200782 86.714590 17.104030
672 201603 67.595680 27.285170
672 202688 71.929830 8.649720
672 203458 79.730610 20.882410
672 1626164 84.309990 35.305970
672 101145 70.212390 3.543680
672 202730 70.884830 17.046760
672 202331 60.601280 30.980040
672 203922 86.565910 47.565870
672 1626167 90.903500 19.818600
684 -1 69.659420 4.582990
684 200782 86.963430 17.378210
684 201603 67.768540 27.446110
684 202688 71.431100 8.829990
684 203458 79.508940 20.313910
684 1626164 84.260310 35.107090
684 101145 69.921420 3.903740
684 202730 70.683950 15.779470
684 202331 60.641840 31.579160
684 203922 86.435080 47.638590
684 1626167 91.006330 20.598020
696 -1 68.856790 4.570890
696 200782 87.156190 17.719440
696 201603 67.977300 27.527080
696 202688 70.935500 9.034780
696 203458 79.302420 19.757740
696 1626164 84.245560 34.924090
696 101145 69.753120 4.273390
696 202730 70.621070 14.589060
696 202331 60.676440 32.225530
696 203922 86.292080 47.718600
696 1626167 91.110810 21.405440
708 -1 68.708860 4.774220
708 200782 87.265920 18.154900
708 201603 68.277770 27.448200
708 202688 70.512480 9.158420
708 203458 79.143610 19.227120
708 1626164 84.270710 34.734420
708 101145 69.825750 4.597510
708 202730 70.779110 13.531220
708 202331 60.706830 32.875030
708 203922 86.150290 47.784940
708 1626167 91.101220 22.293390
720 -1 70.604810 4.874850
720 200782 87.344580 18.661170
720 201603 68.637740 27.255130
720 202688 70.099850 9.317120
720 203458 79.156600 18.665610
720 1626164 84.335830 34.577400
720 101145 70.193700 4.936010
720 202730 71.083210 12.572280
720 202331 60.648050 33.512800
720 203922 86.039110 47.821320
720 1626167 91.149850 23.135230
732 -1 72.177950 5.250810
732 200782 87.428660 19.182130
732 201603 69.008250 26.980050
732 202688 69.903720 9.434990
732 203458 79.139540 18.228920
732 1626164 84.429470 34.444190
732 101145 70.888140 5.312100
732 202730 71.483340 11.621460
732 202331 60.592820 34.131710
732 203922 85.942090 47.823630
732 1626167 91.142260 23.949410
744 -1 73.463840 5.766150
744 200782 87.484520 19.702640
744 201603 69.324440 26.664400
744 202688 70.026490 9.563760
744 203458 79.174730 17.872160
744 1626164 84.538690 34.316270
744 101145 71.851580 5.687770
744 202730 71.899920 10.794360
744 202331 60.655540 34.683920
744 203922 85.785250 47.803360
744 1626167 91.073820 24.823830
756 -1 74.780180 6.153470
756 200782 87.506930 20.197930
756 201603 69.600320 26.299830
756 202688 70.344520 9.635680
756 203458 79.233220 17.594820
756 1626164 84.640460 34.222820
756 101145 73.040840 6.054740
756 202730 72.282120 10.149120
756 202331 60.673220 35.255960
756 203922 85.567080 47.768480
756 1626167 90.947570 25.658770
768 -1 75.531080 6.149770
768 200782 87.496960 20.634030
768 201603 69.846070 25.920800
768 202688 70.741230 9.817070
768 203458 79.294590 17.408330
768 1626164 84.727820 34.165160
768 101145 74.219640 6.658920
768 202730 72.603510 9.689620
768 202331 60.853040 35.887790
768 203922 85.248610 47.725210
768 1626167 90.826060 26.475820
780 -1 76.488820 6.535130
780 200782 87.451560 21.013880
780 201603 70.075980 25.553100
780 202688 71.227390 10.079650
780 203458 79.321490 17.364470
780 1626164 84.798410 34.144020
780 101145 75.379720 7.369970
780 202730 72.876460 9.437900
780 202331 61.108640 36.585070
780 203922 84.734910 47.700640
780 1626167 90.623760 27.260800
792 -1 78.304860 7.804640
792 200782 87.378550 21.404580
792 201603 70.333380 25.223150
792 202688 71.680830 10.408840
792 203458 79.515280 17.313480
792 1626164 84.850530 34.177460
792 101145 76.640740 8.121790
792 202730 73.214580 9.477720
792 202331 61.493760 37.321220
792 203922 84.138730 47.670490
792 1626167 90.426020 28.008210
804 -1 79.667420 8.453460
804 200782 87.322680 21.857170
804 201603 70.632860 24.960940
804 202688 72.026250 10.797890
804 203458 79.839170 17.291440
804 1626164 84.879860 34.235610
804 101145 77.994150 8.864440
804 202730 73.488530 9.656870
804 202331 61.968110 38.096110
804 203922 83.454230 47.598890
804 1626167 90.164250 28.680440
816 -1 80.660900 8.901670
816 200782 87.297390 22.414200
816 201603 70.933880 24.807000
816 202688 72.428910 11.319310
816 203458 80.275820 17.280620
816 1626164 84.944520 34.318490
816 101145 79.186680 9.631750
816 202730 73.971940 9.896730
816 202331 62.656140 38.871310
816 203922 82.719450 47.498700
816 1626167 89.812780 29.290570
828 -1 81.219150 10.202510
828 200782 87.318820 23.008330
828 201603 71.133590 24.807710
828 202688 72.903270 11.929490
828 203458 80.873300 17.234960
828 1626164 84.997190 34.453600
828 101145 80.198770 10.146040
828 202730 74.414950 10.293190
828 202331 63.380560 39.669810
828 203922 81.946990 47.406000
828 1626167 89.323800 29.829180
840 -1 82.299020 10.230610
840 200782 87.388000 23.602260
840 201603 71.264500 24.955000
840 202688 73.451920 12.627610
840 203458 81.508140 17.168010
840 1626164 85.088170 34.576650
840 101145 81.103510 10.510360
840 202730 74.977450 10.876790
840 202331 64.189010 40.459780
840 203922 81.196790 47.280010
840 1626167 88.855290 30.169190
852 -1 82.000490 10.264170
852 200782 87.495910 24.251810
852 201603 71.356750 25.301000
852 202688 74.126550 13.375010
852 203458 82.187020 16.984380
852 1626164 85.240800 34.703340
852 101145 81.760960 10.705570
852 202730 75.438290 11.568380
852 202331 64.946690 41.167800
852 203922 80.354880 47.180670
852 1626167 88.229170 30.449820
864 -1 82.161820 10.559030
864 200782 87.685600 24.892920
864 201603 71.452940 25.819800
864 202688 74.918980 14.151470
864 203458 82.807840 16.678990
864 1626164 85.422460 34.850590
864 101145 82.206950 10.789450
864 202730 76.055940 12.354550
864 202331 65.612710 41.781170
864 203922 79.500580 47.163560
864 1626167 87.647140 30.582010
876 -1 82.285680 10.809310
876 200782 87.865040 25.563510
876 201603 71.541340 26.421400
876 202688 75.829750 14.797490
876 203458 83.391220 16.236440
876 1626164 85.617660 34.932280
876 101145 82.541250 10.813010
876 202730 76.688760 13.204780
876 202331 66.222500 42.290860
876 203922 78.758720 47.080630
876 1626167 87.067820 30.617300
888 -1 82.991580 11.993360
888 200782 87.991080 26.216970
888 201603 71.703800 27.038500
888 202688 76.892890 15.399200
888 203458 83.881040 15.696810
888 1626164 85.815300 34.927060
888 101145 82.924980 10.862410
888 202730 77.481150 14.214860
888 202331 66.724250 42.565170
888 203922 78.078570 46.961420
888 1626167 86.570520 30.606110
900 -1 83.804280 13.876910
900 200782 88.054320 26.904980
900 201603 71.924130 27.668580
900 202688 77.905700 16.054640
900 203458 84.346750 15.054370
900 1626164 85.971560 34.859490
900 101145 83.255810 10.851930
900 202730 78.382200 15.051090
900 202331 67.088710 42.629200
900 203922 77.466010 46.820260
900 1626167 86.086140 30.601880
912 -1 84.587830 15.680010
912 200782 88.010740 27.491790
912 201603 72.148800 28.307370
912 202688 78.978720 16.751360
912 203458 84.759560 14.412620
912 1626164 86.065820 34.709150
912 101145 83.549370 10.802370
912 202730 79.472820 15.730030
912 202331 67.337030 42.586170
912 203922 76.947060 46.620520
912 1626167 85.764070 30.534650
924 -1 85.321930 17.538560
924 200782 87.811410 27.975110
924 201603 72.332610 28.950030
924 202688 80.072970 17.507680
924 203458 85.125590 13.772360
924 1626164 86.169310 34.465760
924 101145 83.799700 10.665550
924 202730 80.648020 16.402620
924 202331 67.520460 42.443880
924 203922 76.511580 46.335110
924 1626167 85.445090 30.484820
936 -1 85.928020 19.329660
936 200782 87.501070 28.290010
936 201603 72.486820 29.614800
936 202688 81.140070 18.376650
936 203458 85.444890 13.181610
936 1626164 86.248270 34.220700
936 101145 84.016560 10.417880
936 202730 81.754950 17.061760
936 202331 67.599810 42.168010
936 203922 76.025800 46.088090
936 1626167 85.212320 30.349140
948 -1 86.806470 20.843910
948 200782 87.175940 28.569540
948 201603 72.565950 30.291720
948 202688 82.158900 19.204580
948 203458 85.700590 12.638590
948 1626164 86.332060 33.968450
948 101145 84.161140 10.026970
948 202730 82.765930 17.504310
948 202331 67.538490 41.868830
948 203922 75.561290 45.817230
948 1626167 84.992860 30.146760
960 -1 87.700370 22.779290
960 200782 86.895810 28.776990
960 201603 72.544770 30.945300
960 202688 83.228550 19.948890
960 203458 85.883140 12.172500
960 1626164 86.388380 33.741550
960 101145 84.224900 9.532700
960 202730 83.620100 18.074630
960 202331 67.412330 41.539590
960 203922 75.144010 45.484600
960 1626167 84.708460 29.942250
972 -1 88.361180 24.311520
972 200782 86.637800 28.985610
972 201603 72.429470 31.507020
972 202688 84.171040 20.594990
972 203458 85.971100 11.758100
972 1626164 86.410380 33.513430
972 101145 84.174140 8.938040
972 202730 84.412930 18.607040
972 202331 67.258260 41.161640
972 203922 74.786290 45.103360
972 1626167 84.423960 29.683410
984 -1 88.629330 25.086600
984 200782 86.393410 29.188500
984 201603 72.263440 32.007980
984 202688 85.083320 21.193780
984 203458 85.967370 11.439950
984 1626164 86.342900 33.341150
984 101145 84.014280 8.302750
984 202730 85.085670 19.079100
984 202331 67.047840 40.720950
984 203922 74.449110 44.673980
984 1626167 84.147190 29.361390
996 -1 88.412120 24.615700
996 200782 86.275580 29.353710
996 201603 72.091750 32.504110
996 202688 85.863830 21.702320
996 203458 85.864200 11.214980
996 1626164 86.187920 33.191120
996 101145 83.736510 7.651050
996 202730 85.553570 19.518360
996 202331 66.808040 40.227750
996 203922 74.133360 44.218060
996 1626167 83.836110 28.973180
1008 -1 88.497210 24.752440
1008 200782 86.222300 29.457390
1008 201603 71.913480 33.031440
1008 202688 86.494340 22.131560
1008 203458 85.638380 11.070420
1008 1626164 85.886920 33.092430
1008 101145 83.329580 7.042780
1008 202730 85.885070 19.921750
1008 202331 66.553960 39.708480
1008 203922 73.799130 43.723520
1008 1626167 83.470290 28.460450
1020 -1 88.627050 24.981710
1020 200782 86.126430 29.516670
1020 201603 71.717390 33.645470
1020 202688 87.060570 22.389000
1020 203458 85.287230 11.021530
1020 1626164 85.477680 33.060380
1020 101145 82.873960 6.516080
1020 202730 86.119700 20.196510
1020 202331 66.277160 39.187640
1020 203922 73.418080 43.237870
1020 1626167 82.964670 27.852460
1032 -1 88.774740 25.279940
1032 200782 86.178200 29.462690
1032 201603 71.493830 34.327770
1032 202688 87.556860 22.555810
1032 203458 84.849530 11.041170
1032 1626164 84.957140 33.102130
1032 101145 82.291250 6.083150
1032 202730 86.161410 20.497420
1032 202331 65.941870 38.644370
1032 203922 72.975230 42.776000
1032 1626167 82.372800 27.251960
1044 -1 88.921780 25.688320
1044 200782 86.308870 29.345310
1044 201603 71.277790 34.984000
1044 202688 87.913400 22.595710
1044 203458 84.288910 11.103100
1044 1626164 84.307780 33.208660
1044 101145 81.565190 5.748070
1044 202730 86.050630 20.806830
1044 202331 65.546120 38.112120
1044 203922 72.532530 42.339130
1044 1626167 81.640440 26.642330
1056 -1 89.115840 26.224220
1056 200782 86.454940 29.218320
1056 201603 71.010220 35.625090
1056 202688 88.204510 22.585050
1056 203458 83.621670 11.153860
1056 1626164 83.552310 33.383900
1056 101145 80.716280 5.525080
1056 202730 85.773770 21.042210
1056 202331 65.045660 37.617710
1056 203922 72.062660 41.896170
1056 1626167 80.782140 26.041700
1068 -1 89.344780 26.545530
1068 200782 86.662080 29.087560
1068 201603 70.612430 36.259190
1068 202688 88.430330 22.596720
1068 203458 82.855620 11.222330
1068 1626164 82.728400 33.621980
1068 101145 79.760250 5.464780
1068 202730 85.362090 21.206230
1068 202331 64.484260 37.133330
1068 203922 71.603510 41.500500
1068 1626167 79.815620 25.442870
1080 -1 89.541800 26.723060
1080 200782 87.007980 28.959640
1080 201603 69.984100 36.878610
1080 202688 88.624260 22.615600
1080 203458 81.964930 11.287420
1080 1626164 81.801650 33.878030
1080 101145 78.680810 5.547000
1080 202730 84.763080 21.355280
1080 202331 63.875480 36.616500
1080 203922 71.154150 41.146610
1080 1626167 78.828150 24.872950
1092 -1 89.729020 27.303770
1092 200782 87.390560 28.893450
1092 201603 69.283040 37.481360
1092 202688 88.823770 22.631630
1092 203458 80.932450 11.372440
1092 1626164 80.753380 34.155190
1092 101145 77.580320 5.745820
1092 202730 83.968210 21.508910
1092 202331 63.249830 36.116500
1092 203922 70.677300 40.827050
1092 1626167 77.738250 24.290950