0 -1 3.439310 22.500950
0 2200 26.765810 42.452280
0 2550 43.332780 23.525830
0 201959 9.113680 21.342240
0 202710 27.667080 20.041850
0 203503 15.929510 4.664220
0 200755 11.955470 31.333270
0 101108 5.816510 19.780350
0 2746 4.524060 22.959820
0 201599 17.513110 38.754320
0 202362 16.799140 20.415300
12 -1 3.055870 22.082960
12 2200 28.020840 42.595310
12 2550 44.040370 23.729360
12 201959 9.690720 21.454300
12 202710 28.462460 20.434810
12 203503 17.112780 4.853260
12 200755 11.420630 31.968740
12 101108 6.005840 19.705070
12 2746 3.850130 22.734550
12 201599 17.803960 38.805330
12 202362 17.580730 20.250820
24 -1 2.941980 21.931620
24 2200 29.323610 42.640470
24 2550 44.740690 23.970860
24 201959 10.400660 21.550870
24 202710 29.324540 20.783220
24 203503 18.370360 5.018960
24 200755 11.041810 32.695310
24 101108 6.335890 19.566300
24 2746 3.265440 22.617400
24 201599 18.268790 38.810060
24 202362 18.450890 20.007850
36 -1 3.022700 21.865440
36 2200 30.694500 42.598680
36 2550 45.417390 24.113700
36 201959 11.249000 21.595510
36 202710 30.230010 21.153830
36 203503 19.671550 5.369280
36 200755 10.824340 33.485900
36 101108 6.802560 19.445330
36 2746 2.714790 22.500500
36 201599 18.806640 38.824880
36 202362 19.404110 19.660190
48 -1 3.189830 21.735340
48 2200 32.170010 42.498600
48 2550 46.076580 24.211820
48 201959 12.207780 21.624430
48 202710 31.263100 21.386300
48 203503 21.002220 5.802760
48 200755 10.702530 34.313250
48 101108 7.329820 19.319370
48 2746 2.149850 22.403390
48 201599 19.404620 38.841450
48 202362 20.461440 19.197420
60 -1 3.459800 21.534440
60 2200 33.660120 42.353000
60 2550 46.739230 24.251300
60 201959 13.266510 21.633430
60 202710 32.407370 21.478710
60 203503 22.432810 6.309540
60 200755 10.778940 35.121780
60 101108 7.929920 19.131090
60 2746 1.692750 22.272480
60 201599 20.067310 38.853170
60 202362 21.544390 18.679920
72 -1 3.849070 21.255880
72 2200 35.133420 42.142240
72 2550 47.406350 24.174100
72 201959 14.424360 21.605090
72 202710 33.552590 21.494400
72 203503 23.911100 6.828980
72 200755 11.020400 35.944500
72 101108 8.618260 18.888880
72 2746 1.408790 22.165140
72 201599 20.811550 38.853640
72 202362 22.694200 18.083010
84 -1 4.374060 20.892800
84 2200 36.608840 41.946690
84 2550 48.063770 24.094500
84 201959 15.641670 21.585630
84 202710 34.777760 21.427250
84 203503 25.431060 7.419920
84 200755 11.405940 36.771480
84 101108 9.466440 18.683890
84 2746 1.206210 22.099280
84 201599 21.676670 38.853890
84 202362 23.918200 17.417760
96 -1 5.702060 20.146160
96 2200 38.082600 41.719480
96 2550 48.734250 24.124150
96 201959 16.884240 21.579390
96 202710 36.058620 21.286130
96 203503 26.991880 8.058280
96 200755 11.969850 37.580950
96 101108 10.385180 18.505640
96 2746 1.109430 22.210750
96 201599 22.659550 38.824740
96 202362 25.224230 16.722780
108 -1 8.356550 19.476210
108 2200 39.518640 41.445990
108 2550 49.405700 24.124220
108 201959 18.161720 21.563250
108 202710 37.344730 21.085660
108 203503 28.602950 8.797020
108 200755 12.712810 38.364590
108 101108 11.369510 18.396680
108 2746 1.277850 22.243930
108 201599 23.772020 38.776860
108 202362 26.528750 16.041900
120 -1 10.883030 18.803780
120 2200 41.013030 41.121300
120 2550 50.038840 24.101030
120 201959 19.537470 21.516720
120 202710 38.658940 20.841170
120 203503 30.186830 9.580840
120 200755 13.543420 39.126950
120 101108 12.520980 18.343830
120 2746 1.677700 22.367810
120 201599 24.986730 38.714930
120 202362 27.816200 15.359950
132 -1 12.998260 18.989030
132 2200 42.556520 40.761490
132 2550 50.674750 24.085110
132 201959 20.943140 21.484460
132 202710 40.016790 20.549280
132 203503 31.830340 10.441330
132 200755 14.515500 39.843710
132 101108 13.804440 18.362690
132 2746 2.194350 22.485070
132 201599 26.241340 38.625380
132 202362 29.161380 14.639920
144 -1 15.162420 19.122860
144 2200 44.132710 40.349340
144 2550 51.308610 24.010680
144 201959 22.365230 21.457610
144 202710 41.376650 20.246280
144 203503 33.462290 11.430710
144 200755 15.595180 40.487900
144 101108 15.138700 18.351290
144 2746 2.960010 22.503770
144 201599 27.515310 38.514920
144 202362 30.558530 13.899550
156 -1 17.214560 19.210600
156 2200 45.698370 39.920720
156 2550 51.928570 23.880620
156 201959 23.805800 21.445760
156 202710 42.789240 19.894850
156 203503 35.076430 12.520730
156 200755 16.746970 41.067660
156 101108 16.554910 18.339620
156 2746 3.933850 22.439830
156 201599 28.816160 38.391160
156 202362 32.004090 13.119520
168 -1 18.676380 19.286060
168 2200 47.339620 39.505980
168 2550 52.538570 23.731430
168 201959 25.308570 21.450210
168 202710 44.236370 19.506820
168 203503 36.702360 13.700590
168 200755 17.974870 41.564850
168 101108 18.098800 18.364030
168 2746 5.003250 22.504960
168 201599 30.137820 38.267810
168 202362 33.509940 12.340600
180 -1 19.175690 19.191030
180 2200 48.949440 39.107310
180 2550 53.176330 23.631820
180 201959 26.804050 21.458080
180 202710 45.749030 19.151240
180 203503 38.340830 14.985920
180 200755 19.259290 42.028780
180 101108 19.712190 18.373190
180 2746 6.158630 22.554650
180 201599 31.499730 38.181940
180 202362 35.147740 11.560540
192 -1 21.296300 18.377710
192 2200 50.539890 38.695930
192 2550 53.820520 23.595120
192 201959 28.349690 21.443150
192 202710 47.363860 18.796100
192 203503 39.916770 16.336070
192 200755 20.606430 42.450830
192 101108 21.373450 18.307920
192 2746 7.390290 22.678470
192 201599 32.904030 38.159780
192 202362 36.824530 10.830920
204 -1 23.070380 18.136160
204 2200 52.111140 38.209130
204 2550 54.493830 23.580600
204 201959 29.936220 21.406580
204 202710 49.033750 18.422610
204 203503 41.468270 17.660240
204 200755 21.988630 42.819630
204 101108 23.051770 18.254090
204 2746 8.693270 22.828040
204 201599 34.323490 38.142250
204 202362 38.562860 10.133860
216 -1 25.117520 17.824660
216 2200 53.733590 37.703320
216 2550 55.174670 23.543560
216 201959 31.491980 21.433550
216 202710 50.730870 18.141510
216 203503 42.952870 19.001000
216 200755 23.411270 43.130680
216 101108 24.812500 18.175650
216 2746 10.065040 23.014250
216 201599 35.733190 38.129720
216 202362 40.365060 9.525400
228 -1 27.709410 17.340840
228 2200 55.279470 37.208840
228 2550 55.872640 23.444710
228 201959 33.039870 21.378320
228 202710 52.464850 17.981590
228 203503 44.385580 20.333900
228 200755 24.861230 43.389550
228 101108 26.597510 18.086020
228 2746 11.491900 23.176660
228 201599 37.150300 38.150030
228 202362 42.192080 8.935970
240 -1 32.089770 15.613710
240 2200 56.814100 36.709360
240 2550 56.592330 23.225830
240 201959 34.554460 21.280630
240 202710 54.217490 17.887720
240 203503 45.805880 21.672690
240 200755 26.338940 43.607450
240 101108 28.370710 18.037350
240 2746 12.961700 23.340260
240 201599 38.591790 38.157710
240 202362 44.088030 8.386240
252 -1 36.810850 13.673820
252 2200 58.330580 36.194990
252 2550 57.323340 22.907400
252 201959 35.965020 21.135860
252 202710 55.970360 17.867050
252 203503 47.190820 22.985180
252 200755 27.804020 43.794840
252 101108 30.093680 18.046970
252 2746 14.508740 23.421460
252 201599 40.018440 38.142560
252 202362 46.003260 7.912420
264 -1 41.355750 11.848930
264 2200 59.777810 35.699320
264 2550 58.128320 22.523160
264 201959 37.301970 20.994240
264 202710 57.727510 17.914180
264 203503 48.586480 24.306560
264 200755 29.298250 43.981700
264 101108 31.749300 18.138430
264 2746 16.068760 23.554460
264 201599 41.476950 38.144240
264 202362 47.910300 7.515240
276 -1 45.960830 9.993630
276 2200 61.162090 35.241630
276 2550 59.104160 22.059280
276 201959 38.683560 20.765990
276 202710 59.497490 18.026740
276 203503 49.983100 25.591340
276 200755 30.793920 44.112340
276 101108 33.330690 18.344390
276 2746 17.664730 23.681890
276 201599 42.967050 38.116700
276 202362 49.772220 7.189310
288 -1 50.354960 8.238710
288 2200 62.572310 34.705190
288 2550 60.134830 21.561270
288 201959 40.029630 20.618140
288 202710 61.189860 17.976090
288 203503 51.321890 26.820600
288 200755 32.298200 44.206270
288 101108 34.886290 18.555420
288 2746 19.284710 23.847050
288 201599 44.496310 38.037690
288 202362 51.710540 7.059430
300 -1 53.162240 7.870060
300 2200 63.950560 34.151660
300 2550 61.090950 20.992170
300 201959 41.423290 20.521570
300 202710 62.813640 17.907730
300 203503 52.616960 27.964870
300 200755 33.810740 44.228040
300 101108 36.404650 18.819440
300 2746 20.891230 23.975310
300 201599 45.995250 37.916930
300 202362 53.606410 6.975480
312 -1 55.661750 8.349400
312 2200 65.272110 33.627480
312 2550 62.056260 20.316610
312 201959 42.893650 20.484240
312 202710 64.397100 17.778550
312 203503 53.908400 29.071990
312 200755 35.317260 44.198130
312 101108 37.929440 19.148510
312 2746 22.497900 24.133650
312 201599 47.507780 37.743840
312 202362 55.540300 6.999080
324 -1 57.908160 8.798520
324 2200 66.639190 33.131740
324 2550 63.011800 19.598530
324 201959 44.383940 20.433330
324 202710 65.955830 17.611600
324 203503 55.192010 30.135850
324 200755 36.792600 44.163680
324 101108 39.407610 19.498990
324 2746 24.134490 24.272150
324 201599 49.036630 37.518890
324 202362 57.440710 7.155630
336 -1 59.675640 9.273030
336 2200 67.980770 32.595380
336 2550 63.946880 18.956020
336 201959 45.881510 20.389640
336 202710 67.527060 17.383620
336 203503 56.460560 31.013040
336 200755 38.268870 44.111720
336 101108 40.823290 19.805790
336 2746 25.721090 24.419420
336 201599 50.557410 37.324670
336 202362 59.185020 7.630700
348 -1 60.435460 9.286540
348 2200 69.182800 32.098830
348 2550 64.915180 18.380130
348 201959 47.355090 20.405210
348 202710 69.074690 17.255650
348 203503 57.771280 31.703470
348 200755 39.720210 44.030260
348 101108 42.224940 20.141490
348 2746 27.282330 24.541980
348 201599 52.052300 37.098300
348 202362 60.937570 8.112730
360 -1 61.894670 9.746380
360 2200 70.307780 31.655930
360 2550 65.951460 17.941580
360 201959 48.816250 20.460300
360 202710 70.569340 17.124070
360 203503 58.976840 32.229670
360 200755 41.170140 43.943060
360 101108 43.576980 20.441900
360 2746 28.885770 24.702380
360 201599 53.549450 36.800790
360 202362 62.814930 8.553350
372 -1 64.262720 10.547200
372 2200 71.407200 31.231880
372 2550 67.049080 17.681980
372 201959 50.272590 20.504720
372 202710 71.989640 17.125840
372 203503 60.121570 32.588970
372 200755 42.613500 43.834390
372 101108 44.874550 20.760830
372 2746 30.457090 24.874950
372 201599 55.054200 36.482740
372 202362 64.633370 9.105210
384 -1 67.359990 10.708060
384 2200 72.418440 30.748190
384 2550 68.078650 17.590100
384 201959 51.720050 20.583600
384 202710 73.212600 17.004590
384 203503 61.192200 32.848330
384 200755 44.030150 43.717440
384 101108 46.152300 21.074400
384 2746 31.992870 25.041840
384 201599 56.485580 36.131070
384 202362 66.436470 9.592250
396 -1 70.044510 10.243870
396 2200 73.386270 30.325160
396 2550 68.972040 17.689610
396 201959 53.130130 20.665620
396 202710 74.285700 16.827160
396 203503 62.207960 32.909430
396 200755 45.436350 43.616830
396 101108 47.400510 21.372890
396 2746 33.557730 25.199110
396 201599 57.883650 35.700380
396 202362 68.383240 9.763750
408 -1 71.995440 9.587160
408 2200 74.373870 29.981680
408 2550 69.769160 17.974770
408 201959 54.544290 20.712890
408 202710 75.281600 16.581460
408 203503 63.144510 33.023550
408 200755 46.817850 43.557240
408 101108 48.595110 21.661400
408 2746 35.111550 25.332640
408 201599 59.309770 35.234980
408 202362 70.204830 9.862540
420 -1 73.517010 8.976500
420 2200 75.320150 29.664480
420 2550 70.528850 18.405090
420 201959 55.906320 20.768850
420 202710 76.233160 16.268820
420 203503 64.102720 33.124970
420 200755 48.145580 43.516280
420 101108 49.725260 21.937940
420 2746 36.567070 25.492530
420 201599 60.671070 34.837920
420 202362 71.750250 9.998580
432 -1 74.312290 8.435300
432 2200 76.189960 29.355280
432 2550 71.204110 18.968000
432 201959 57.216920 20.869120
432 202710 77.032710 15.800400
432 203503 64.951460 33.318330
432 200755 49.442010 43.493420
432 101108 50.790540 22.158210
432 2746 38.016200 25.660040
432 201599 62.001660 34.395540
432 202362 73.096850 9.649900
444 -1 75.247340 8.064500
444 2200 76.956720 29.115240
444 2550 71.788610 19.646900
444 201959 58.464340 20.906850
444 202710 77.965240 15.436280
444 203503 65.769740 33.457270
444 200755 50.718970 43.438130
444 101108 51.794580 22.357710
444 2746 39.454470 25.810670
444 201599 63.276130 33.947770
444 202362 74.239430 9.160630
456 -1 75.978990 7.819810
456 2200 77.546590 28.908850
456 2550 72.270140 20.329440
456 201959 59.644670 20.950130
456 202710 78.773430 15.099620
456 203503 66.578270 33.733400
456 200755 51.910900 43.430910
456 101108 52.697260 22.568270
456 2746 40.806040 25.925500
456 201599 64.588250 33.512930
456 202362 75.167050 8.630530
468 -1 76.673930 7.668480
468 2200 78.090940 28.649500
468 2550 72.666570 21.014010
468 201959 60.770040 21.011170
468 202710 79.459030 14.763330
468 203503 67.304130 33.926670
468 200755 53.058770 43.450590
468 101108 53.535000 22.781590
468 2746 42.107370 26.021760
468 201599 65.678970 33.086430
468 202362 75.864090 8.125490
480 -1 77.343590 7.833230
480 2200 78.561640 28.410510
480 2550 72.965060 21.680760
480 201959 61.883180 21.092420
480 202710 79.984950 14.415630
480 203503 68.030930 34.087600
480 200755 54.176650 43.523380
480 101108 54.304860 22.970630
480 2746 43.402980 26.003750
480 201599 66.521640 32.714400
480 202362 76.284360 7.724520
492 -1 77.125740 8.460220
492 2200 79.007530 28.207030
492 2550 73.122570 22.282520
492 201959 62.950680 21.161090
492 202710 80.416530 14.085320
492 203503 68.777620 34.142760
492 200755 55.252450 43.629000
492 101108 55.027310 23.142060
492 2746 44.644730 25.889860
492 201599 67.351550 32.482370
492 202362 76.540990 7.672180
504 -1 76.437060 8.678400
504 2200 79.443980 28.026630
504 2550 73.219800 22.806530
504 201959 63.979900 21.339830
504 202710 80.608750 13.780450
504 203503 69.442160 34.234270
504 200755 56.273720 43.747250
504 101108 55.710500 23.277560
504 2746 45.819810 25.784760
504 201599 68.218770 32.255450
504 202362 76.653160 7.683800
516 -1 75.799550 8.845460
516 2200 79.913830 27.853640
516 2550 73.244820 23.250600
516 201959 65.002700 21.641880
516 202710 80.695090 13.480820
516 203503 69.974820 34.378810
516 200755 57.275290 43.864310
516 101108 56.328640 23.405750
516 2746 46.949880 25.653050
516 201599 68.789190 32.093270
516 202362 76.643340 7.840000
528 -1 75.349310 8.585910
528 2200 80.293980 27.759490
528 2550 73.183550 23.638010
528 201959 65.999330 21.863430
528 202710 80.715370 13.285900
528 203503 70.430770 34.574510
528 200755 58.229480 43.997560
528 101108 56.843000 23.521860
528 2746 48.053050 25.478570
528 201599 69.333280 32.024230
528 202362 76.609750 7.998240
540 -1 75.198090 8.240670
540 2200 80.634600 27.680070
540 2550 73.015490 23.951850
540 201959 66.767950 22.071830
540 202710 80.631270 13.194910
540 203503 70.739590 34.798650
540 200755 59.109120 44.156570
540 101108 57.297100 23.661460
540 2746 49.057170 25.275210
540 201599 70.029550 31.903300
540 202362 76.700660 8.221840
552 -1 75.091770 8.065010
552 2200 80.922610 27.656380
552 2550 72.792350 24.297300
552 201959 67.465080 22.267470
552 202710 80.481880 13.196250
552 203503 70.997530 35.112940
552 200755 59.910610 44.350770
552 101108 57.660190 23.786770
552 2746 49.978610 25.065370
552 201599 70.621840 31.788240
552 202362 76.840910 8.505590
564 -1 75.188790 8.204970
564 2200 81.200620 27.708050
564 2550 72.546930 24.468330
564 201959 68.141860 22.396550
564 202710 80.326530 13.351150
564 203503 71.219360 35.237200
564 200755 60.693270 44.572930
564 101108 57.952950 23.898210
564 2746 50.827920 24.750740
564 201599 71.091800 31.752140
564 202362 76.997660 8.897460
576 -1 75.410760 8.194790
576 2200 81.476310 27.814590
576 2550 72.323170 24.675280
576 201959 68.732900 22.394270
576 202710 80.178910 13.539370
576 203503 71.412180 35.343220
576 200755 61.439970 44.810810
576 101108 58.212530 23.970170
576 2746 51.670360 24.353250
576 201599 71.675260 31.775980
576 202362 77.048210 9.137480
588 -1 75.665420 8.329990
588 2200 81.762290 27.940750
588 2550 72.110600 24.888820
588 201959 69.245200 22.509790
588 202710 80.087610 13.709460
588 203503 71.682420 35.469780
588 200755 62.149540 45.025850
588 101108 58.423300 23.992040
588 2746 52.448050 23.942300
588 201599 72.331760 31.842490
588 202362 77.115840 9.383020
600 -1 75.767180 8.847850
600 2200 82.047780 28.081340
600 2550 71.910250 25.068540
600 201959 69.748310 22.676720
600 202710 80.058710 13.850860
600 203503 72.009090 35.596750
600 200755 62.825220 45.186270
600 101108 58.581140 23.965000
600 2746 53.210990 23.559890
600 201599 72.973310 32.013560
600 202362 77.122490 9.531350
612 -1 75.798730 8.866620
612 2200 82.296700 28.213850
612 2550 71.741970 25.108030
612 201959 70.053590 22.843150
612 202710 80.090800 13.979950
612 203503 72.479710 35.806690
612 200755 63.494610 45.314560
612 101108 58.685800 23.913990
612 2746 53.953950 23.107340
612 201599 73.549050 32.260090
612 202362 77.051930 9.561940
624 -1 76.129060 8.473130
624 2200 82.496530 28.345500
624 2550 71.561720 25.302720
624 201959 70.176130 22.883620
624 202710 80.104690 14.008540
624 203503 72.909280 36.161460
624 200755 64.128870 45.467790
624 101108 58.734380 23.859730
624 2746 54.707010 22.602560
624 201599 74.092360 32.552560
624 202362 76.978610 9.459110
636 -1 76.504900 8.275400
636 2200 82.664920 28.485870
636 2550 71.334540 25.420560
636 201959 70.158790 22.822200
636 202710 80.097750 14.038620
636 203503 73.283330 36.398190
636 200755 64.741250 45.624570
636 101108 58.725160 23.775810
636 2746 55.486580 22.147400
636 201599 74.609520 32.841290
636 202362 77.065910 9.404600
648 -1 76.872720 8.239700
648 2200 82.786920 28.667370
648 2550 71.120240 25.479230
648 201959 70.043480 22.609560
648 202710 80.044120 14.075060
648 203503 73.564050 36.601020
648 200755 65.358880 45.769380
648 101108 58.708330 23.742070
648 2746 56.235760 21.669660
648 201599 75.125940 33.129300
648 202362 77.084910 9.322820
660 -1 77.266320 8.292210
660 2200 82.869410 28.895070
660 2550 70.944850 25.544680
660 201959 69.885860 22.222800
660 202710 79.979880 14.125500
660 203503 73.857640 36.855430
660 200755 66.000560 45.939260
660 101108 58.674600 23.745000
660 2746 57.040440 21.137940
660 201599 75.662480 33.423320
660 202362 76.998730 9.345330
672 -1 77.225080 8.370800
672 2200 82.950470 29.188700
672 2550 70.774590 25.732640
672 201959 69.762260 21.733930
672 202710 79.887350 14.123610
672 203503 73.960880 36.886630
672 200755 66.639810 46.126480
672 101108 58.651640 23.803180
672 2746 57.893080 20.591210
672 201599 76.231610 33.639860
672 202362 76.957210 9.406260
684 -1 75.403750 8.983390
684 2200 83.060450 29.518060
684 2550 70.589820 25.902020
684 201959 69.657930 21.308630
684 202710 79.830890 14.122980
684 203503 74.135310 36.858830
684 200755 67.281160 46.285920
684 101108 58.694740 23.989700
684 2746 58.738350 20.113000
684 201599 76.838340 33.834350
684 202362 76.927180 9.533020
696 -1 72.549340 10.698070
696 2200 83.184710 29.857250
696 2550 70.370000 26.078790
696 201959 69.573850 20.930920
696 202710 79.787270 14.055850
696 203503 74.477090 36.995630
696 200755 67.927180 46.423740
696 101108 58.769200 24.314570
696 2746 59.551760 19.619660
696 201599 77.451790 34.034530
696 202362 76.877720 9.620360
708 -1 69.873450 12.311630
708 2200 83.329100 30.192510
708 2550 70.151660 26.281570
708 201959 69.646960 20.610700
708 202710 79.777690 13.960870
708 203503 74.790790 36.979440
708 200755 68.552960 46.561750
708 101108 58.831060 24.743230
708 2746 60.390880 19.071600
708 201599 78.046090 34.240020
708 202362 76.879940 9.626390
720 -1 67.096650 14.070500
720 2200 83.519500 30.477420
720 2550 69.870810 26.470450
720 201959 69.591800 20.177050
720 202710 79.791890 13.808350
720 203503 75.062590 36.896710
720 200755 69.161790 46.688430
720 101108 58.867400 25.251830
720 2746 61.205820 18.543470
720 201599 78.607180 34.445810
720 202362 77.213970 9.494150
732 -1 64.362730 15.715830
732 2200 83.721510 30.713840
732 2550 69.552700 26.561030
732 201959 69.653740 19.842730
732 202710 79.900810 13.706450
732 203503 75.398930 36.887840
732 200755 69.742950 46.780430
732 101108 58.887180 25.809150
732 2746 61.947660 18.091110
732 201599 79.157270 34.670340
732 202362 77.585940 9.301380
744 -1 63.285240 16.474370
744 2200 83.921920 30.960000
744 2550 69.228650 26.617760
744 201959 69.827730 19.558820
744 202710 79.997960 13.496080
744 203503 75.690990 36.977230
744 200755 70.303060 46.895540
744 101108 58.838590 26.321100
744 2746 62.671300 17.789970
744 201599 79.694910 34.902560
744 202362 77.824710 9.063760
756 -1 63.679140 16.360610
756 2200 84.120810 31.186110
756 2550 68.940190 26.693010
756 201959 69.964000 19.332790
756 202710 80.123990 13.310110
756 203503 75.888730 37.052810
756 200755 70.833600 47.001490
756 101108 58.762340 26.854700
756 2746 63.380670 17.646400
756 201599 80.241700 35.082290
756 202362 77.860380 8.802120
768 -1 64.305740 16.464880
768 2200 84.322360 31.367290
768 2550 68.665990 26.782230
768 201959 69.925090 19.120110
768 202710 80.277970 13.157870
768 203503 76.145470 37.269010
768 200755 71.394740 47.083510
768 101108 58.696110 27.413990
768 2746 64.069150 17.470590
768 201599 80.792770 35.187290
768 202362 77.702330 8.540100
780 -1 64.989810 15.834170
780 2200 84.461520 31.608190
780 2550 68.412120 26.957540
780 201959 70.056260 19.015730
780 202710 80.406240 13.053100
780 203503 76.420640 37.459410
780 200755 71.974790 47.128420
780 101108 58.644500 28.043390
780 2746 64.809070 17.108540
780 201599 81.350860 35.194170
780 202362 77.191670 8.255060
792 -1 66.232180 15.021960
792 2200 84.556010 31.849210
792 2550 68.159070 27.190270
792 201959 70.272640 18.796430
792 202710 80.397340 12.902810
792 203503 76.679030 37.579760
792 200755 72.574530 47.227220
792 101108 58.585120 28.714160
792 2746 65.612330 16.682230
792 201599 81.874410 35.178010
792 202362 76.348360 7.991050
804 -1 67.439110 14.391040
804 2200 84.612350 32.054880
804 2550 67.925830 27.521020
804 201959 70.455760 18.585810
804 202710 80.303160 12.832140
804 203503 76.953060 37.607290
804 200755 73.175880 47.265960
804 101108 58.540590 29.450740
804 2746 66.427150 16.058910
804 201599 82.388050 35.138960
804 202362 75.468330 7.830210
816 -1 68.015750 14.075420
816 2200 84.619450 32.287750
816 2550 67.742620 27.885410
816 201959 70.764920 18.351390
816 202710 80.116380 12.827480
816 203503 77.228940 37.561510
816 200755 73.810120 47.313760
816 101108 58.562320 30.237590
816 2746 67.281150 15.384980
816 201599 82.886700 35.123820
816 202362 74.577660 7.832910
828 -1 68.590410 13.326440
828 2200 84.623890 32.415070
828 2550 67.580180 28.234140
828 201959 71.255340 18.051420
828 202710 79.798910 12.864030
828 203503 77.518280 37.527700
828 200755 74.408980 47.386610
828 101108 58.635110 31.039500
828 2746 68.162910 14.773650
828 201599 83.350770 35.157600
828 202362 73.607600 7.870740
840 -1 69.202670 12.108550
840 2200 84.629750 32.372630
840 2550 67.553520 28.522410
840 201959 71.838480 17.814860
840 202710 79.393980 12.932760
840 203503 77.789800 37.578360
840 200755 74.994300 47.449640
840 101108 58.747490 31.810010
840 2746 68.940870 14.289990
840 201599 83.771230 35.250810
840 202362 72.585080 8.041630
852 -1 69.803070 10.920930
852 2200 84.663960 32.244710
852 2550 67.668540 28.802060
852 201959 72.225010 17.511640
852 202710 79.009630 13.091630
852 203503 78.058790 37.684280
852 200755 75.571460 47.498590
852 101108 58.888980 32.601140
852 2746 69.747170 13.879620
852 201599 84.148820 35.324520
852 202362 71.638650 8.341990
864 -1 70.058170 9.910520
864 2200 84.747530 32.090170
864 2550 67.900910 29.079500
864 201959 72.563050 17.314570
864 202710 78.686820 13.275480
864 203503 78.321100 37.816380
864 200755 76.164200 47.578810
864 101108 59.037560 33.400650
864 2746 70.659920 13.621490
864 201599 84.477530 35.409370
864 202362 70.805520 8.600100
876 -1 69.102520 10.010660
876 2200 84.877380 31.880870
876 2550 68.216460 29.390510
876 201959 72.793130 17.193010
876 202710 78.434310 13.433640
876 203503 78.589450 37.894720
876 200755 76.741980 47.618840
876 101108 59.185320 34.199600
876 2746 71.586160 13.212360
876 201599 84.764810 35.516120
876 202362 70.135180 8.783170
888 -1 68.981380 10.485840
888 2200 85.033860 31.769700
888 2550 68.615110 29.697240
888 201959 72.811050 17.139150
888 202710 78.241280 13.591140
888 203503 78.842700 37.875860
888 200755 77.335260 47.657600
888 101108 59.332920 35.003880
888 2746 72.559930 12.832950
888 201599 85.001900 35.611130
888 202362 69.710790 8.893460
900 -1 69.582820 9.701720
900 2200 85.268170 31.789670
900 2550 69.068370 29.996190
900 201959 72.574580 16.965940
900 202710 78.213020 13.737940
900 203503 79.110590 37.778080
900 200755 77.918560 47.772510
900 101108 59.490990 35.800930
900 2746 73.658120 12.538120
900 201599 85.226810 35.672610
900 202362 69.463830 8.865060
912 -1 69.693930 9.670920
912 2200 85.542540 31.821910
912 2550 69.557380 30.232830
912 201959 72.368500 16.893100
912 202710 78.277790 13.898260
912 203503 79.416370 37.684530
912 200755 78.506910 47.832560
912 101108 59.683900 36.578150
912 2746 74.738280 12.132670
912 201599 85.448280 35.727440
912 202362 69.455470 8.676310
924 -1 69.778970 9.648580
924 2200 85.811960 31.834400
924 2550 70.056740 30.393830
924 201959 72.202050 16.611240
924 202710 78.398380 13.957090
924 203503 79.728370 37.628590
924 200755 79.088780 47.895090
924 101108 59.904110 37.317120
924 2746 75.805350 11.776150
924 201599 85.632590 35.728380
924 202362 69.477350 8.513110
936 -1 69.841070 9.633360
936 2200 86.057320 31.971640
936 2550 70.556670 30.514980
936 201959 72.146640 16.253810
936 202710 78.656820 14.008910
936 203503 80.033770 37.693460
936 200755 79.627130 47.935420
936 101108 60.120590 37.995930
936 2746 76.802470 11.715030
936 201599 85.791960 35.647740
936 202362 69.544430 8.375380
948 -1 69.883350 9.623900
948 2200 86.260140 32.049470
948 2550 71.002200 30.624010
948 201959 72.123650 15.816170
948 202710 79.096150 14.016280
948 203503 80.353690 37.854780
948 200755 80.132600 47.968350
948 101108 60.287870 38.548020
948 2746 77.704230 11.543500
948 201599 85.910490 35.477090
948 202362 69.595160 8.388810
960 -1 69.908930 9.618870
960 2200 86.411860 32.042080
960 2550 71.398240 30.712410
960 201959 72.228990 15.329200
960 202710 79.584330 14.023260
960 203503 80.667130 37.985410
960 200755 80.599370 47.984500
960 101108 60.416300 39.011380
960 2746 78.430620 11.425090
960 201599 85.957630 35.240420
960 202362 69.642030 8.546690
972 -1 69.920950 9.616920
972 2200 86.527090 32.052950
972 2550 71.748450 30.808770
972 201959 72.269150 14.748740
972 202710 80.173170 14.036470
972 203503 80.951220 38.035180
972 200755 81.050130 48.005160
972 101108 60.518340 39.369390
972 2746 78.950860 11.418690
972 201599 85.954110 34.973240
972 202362 69.606310 8.948040
984 -1 69.608820 9.948200
984 2200 86.589470 32.062260
984 2550 72.064360 30.876150
984 201959 72.262550 14.307650
984 202710 80.833780 14.198240
984 203503 81.236820 38.034210
984 200755 81.524680 47.987940
984 101108 60.577690 39.632050
984 2746 79.353370 11.374660
984 201599 85.935450 34.702850
984 202362 69.678680 9.377700
996 -1 68.784740 10.707340
996 2200 86.632860 31.926480
996 2550 72.362810 30.879500
996 201959 72.195770 13.969220
996 202710 81.415640 14.346010
996 203503 81.542950 37.984440
996 200755 82.029390 48.008930
996 101108 60.603750 39.785480
996 2746 79.717470 11.176110
996 201599 85.895380 34.511200
996 202362 69.803640 9.694870
1008 -1 69.252680 11.071010
1008 2200 86.664140 31.827290
1008 2550 72.618050 30.833570
1008 201959 72.170540 13.694750
1008 202710 81.858310 14.503380
1008 203503 81.856130 37.916640
1008 200755 82.538960 48.045610
1008 101108 60.626160 39.907610
1008 2746 79.964490 11.148710
1008 201599 85.845410 34.417920
1008 202362 70.039250 9.839820
1020 -1 70.710210 10.184410
1020 2200 86.676310 31.764470
1020 2550 72.802530 30.800630
1020 201959 72.322650 13.675960
1020 202710 82.202800 14.714520
1020 203503 82.184020 37.974200
1020 200755 83.087510 48.040900
1020 101108 60.663080 40.006380
1020 2746 80.193640 11.193120
1020 201599 85.812120 34.394500
1020 202362 70.371820 9.842070
1032 -1 71.781740 9.301070
1032 2200 86.655880 31.736250
1032 2550 72.930840 30.778580
1032 201959 72.630820 13.795270
1032 202710 82.413320 14.830150
1032 203503 82.492900 38.157360
1032 200755 83.628500 48.027360
1032 101108 60.691250 40.085250
1032 2746 80.530100 11.297180
1032 201599 85.791940 34.426470
1032 202362 70.892000 9.635090
1044 -1 72.772860 8.615860
1044 2200 86.639150 31.728510
1044 2550 73.001570 30.776320
1044 201959 73.071120 13.874160
1044 202710 82.509010 14.816330
1044 203503 82.774880 38.378340
1044 200755 84.112170 48.001760
1044 101108 60.719330 40.137250
1044 2746 80.793720 11.393380
1044 201599 85.765660 34.503000
1044 202362 71.471600 9.307700
1056 -1 73.315970 7.820710
1056 2200 86.628890 31.737230
1056 2550 73.014360 30.784450
1056 201959 73.612350 13.888920
1056 202710 82.553420 14.799770
1056 203503 82.989080 38.502530
1056 200755 84.558280 47.969380
1056 101108 60.737750 40.177930
1056 2746 81.030850 11.490770
1056 201599 85.737240 34.542340
1056 202362 72.101500 9.049630
1068 -1 73.865730 7.968310
1068 2200 86.610920 31.790460
1068 2550 73.020850 30.804250
1068 201959 74.139880 13.858030
1068 202710 82.648340 14.646500
1068 203503 83.201630 38.624750
1068 200755 84.977540 47.923980
1068 101108 60.747550 40.183710
1068 2746 81.368450 11.622110
1068 201599 85.711580 34.553100
1068 202362 72.665150 8.975810
1080 -1 75.553160 8.101920
1080 2200 86.598740 31.837600
1080 2550 73.041300 30.784000
1080 201959 74.526100 13.713040
1080 202710 82.806110 14.241170
1080 203503 83.390410 38.662620
1080 200755 85.344100 47.899940
1080 101108 60.761730 40.170150
1080 2746 81.734580 11.621390
1080 201599 85.693180 34.559380
1080 202362 73.122380 9.092900
1092 -1 78.228270 8.347620
1092 2200 86.602450 31.873620
1092 2550 73.083680 30.715360
1092 201959 74.868380 13.727040
1092 202710 83.075610 13.671450
1092 203503 83.593420 38.595910
1092 200755 85.680430 47.895090
1092 101108 60.769370 40.135600
1092 2746 82.043780 11.564690
1092 201599 85.679630 34.546020
1092 202362 73.440020 9.429130
1104 -1 80.291120 8.595720
1104 2200 86.594610 31.911350
1104 2550 73.174550 30.604690
1104 201959 75.082090 13.878110
1104 202710 83.484830 12.999810
1104 203503 83.816900 38.456250
1104 200755 86.003660 47.928460
1104 101108 60.775750 40.109750
1104 2746 82.411540 11.531770
1104 201599 85.667610 34.528940
1104 202362 73.636970 9.999250
1116 -1 81.615010 8.716050
1116 2200 86.585090 31.946450
1116 2550 73.298950 30.457390
1116 201959 75.137730 14.073970
1116 202710 83.969310 12.168400
1116 203503 84.097510 38.379250
1116 200755 86.332080 47.977470
1116 101108 60.783400 40.077770
1116 2746 82.797940 11.468380
1116 201599 85.648240 34.501270
1116 202362 73.824450 10.762520
1128 -1 82.176680 8.410200
1128 2200 86.584190 31.949540
1128 2550 73.388160 30.290520
1128 201959 75.147590 14.410930
1128 202710 84.425780 11.187150
1128 203503 84.336440 38.217180
1128 200755 86.675030 48.007110
1128 101108 60.800970 40.043190
1128 2746 83.099170 11.352330
1128 201599 85.703300 34.491960
1128 202362 73.851120 11.656870
1140 -1 82.428820 8.626430
1140 2200 86.631690 31.971060
1140 2550 73.435190 30.130020
1140 201959 75.207610 15.019150
1140 202710 84.860090 10.281250
1140 203503 84.583870 38.045180
1140 200755 87.012480 48.033470
1140 101108 60.807050 40.003190
1140 2746 83.387940 11.318800
1140 201599 85.783820 34.501730
1140 202362 73.842520 12.585400
1152 -1 82.599880 9.641850
1152 2200 86.707210 31.916660
1152 2550 73.427930 30.006620
1152 201959 75.224850 15.672200
1152 202710 85.277420 9.513740
1152 203503 84.868040 38.004830
1152 200755 87.306660 48.069030
1152 101108 60.818640 39.977680
1152 2746 83.727220 11.388750
1152 201599 85.802980 34.458630
1152 202362 73.758960 13.502490
1164 -1 82.812950 9.819570
1164 2200 86.738090 31.667320
1164 2550 73.389460 29.900970
1164 201959 75.375390 16.222610
1164 202710 85.644390 9.043210
1164 203503 85.116180 38.077970
1164 200755 87.527570 48.105440
1164 101108 60.837320 39.943200
1164 2746 84.024610 11.447450
1164 201599 85.819120 34.391900
1164 202362 73.588640 14.468460
1176 -1 83.150100 9.820500
1176 2200 86.840310 31.311250
1176 2550 73.307830 29.806960
1176 201959 75.650310 16.789170
1176 202710 86.015870 8.975650
1176 203503 85.342520 38.114060
1176 200755 87.670880 48.142010
1176 101108 60.861130 39.908230
1176 2746 84.248030 11.569140
1176 201599 85.732490 34.336830
1176 202362 73.200820 15.455730
1188 -1 83.120730 10.236180
1188 2200 86.976650 30.845770
1188 2550 73.285870 29.721450
1188 201959 76.148000 17.483580
1188 202710 86.382120 9.350540
1188 203503 85.589770 38.114200
1188 200755 87.719180 48.188670
1188 101108 60.890100 39.861660
1188 2746 84.560680 11.854270
1188 201599 85.499260 34.229090
1188 202362 72.722920 16.425440
1200 -1 82.983740 11.201980
1200 2200 87.067670 30.181620
1200 2550 73.351660 29.618180
1200 201959 76.687750 18.037840
1200 202710 86.653260 9.827400
1200 203503 85.789510 38.090960
1200 200755 87.707540 48.225570
1200 101108 60.915920 39.782730
1200 2746 84.940390 12.206050
1200 201599 85.276380 34.165240
1200 202362 72.194000 17.409780
1212 -1 83.228920 12.321200
1212 2200 87.109870 29.450760
1212 2550 73.480730 29.461770
1212 201959 77.361110 18.544950
1212 202710 86.829570 10.603690
1212 203503 85.936110 38.045750
1212 200755 87.685520 48.242120
1212 101108 60.925500 39.654680
1212 2746 85.303610 12.618060
1212 201599 85.172120 34.158470
1212 202362 71.749990 18.380910
1224 -1 83.556140 13.103130
1224 2200 87.197160 28.616430
1224 2550 73.692940 29.286090
1224 201959 78.022720 19.137630
1224 202710 86.987140 11.497230
1224 203503 86.048240 37.929650
1224 200755 87.667750 48.244930
1224 101108 60.910840 39.467490
1224 2746 85.644590 13.190100
1224 201599 85.058780 34.045720
1224 202362 71.265300 19.267470
1236 -1 84.301910 14.740790
1236 2200 87.238670 27.665520
1236 2550 73.923420 29.151350
1236 201959 78.638940 19.758080
1236 202710 87.121470 12.380730
1236 203503 86.155200 37.936300
1236 200755 87.655090 48.237780
1236 101108 60.874580 39.220420
1236 2746 86.065550 13.992090
1236 201599 85.082920 33.875840
1236 202362 70.757630 20.061150
1248 -1 85.016760 16.470660
1248 2200 87.172690 26.683730
1248 2550 74.096710 29.005110
1248 201959 79.118030 20.269530
1248 202710 87.319000 13.291050
1248 203503 86.238380 38.056860
1248 200755 87.651480 48.234460
1248 101108 60.823910 38.936150
1248 2746 86.508600 14.936250
1248 201599 85.241660 33.614020
1248 202362 70.325370 20.738410
1260 -1 85.776470 17.222670
1260 2200 87.096190 25.706040
1260 2550 74.182290 28.874190
1260 201959 79.571590 20.701980
1260 202710 87.633660 14.404170
1260 203503 86.320290 38.199770
1260 200755 87.650940 48.231010
1260 101108 60.791290 38.629020
1260 2746 86.803550 16.006230
1260 201599 85.415700 33.205550
1260 202362 69.857460 21.307350
1272 -1 86.326370 18.688080
1272 2200 87.046180 24.780040
1272 2550 74.207280 28.805430
1272 201959 80.006860 21.131310
1272 202710 88.095330 15.483220
1272 203503 86.332790 38.171900
1272 200755 87.645240 48.229810
1272 101108 60.793620 38.314210
1272 2746 87.102630 16.946160
1272 201599 85.584190 32.678350
1272 202362 69.247970 21.780290
1284 -1 87.087660 19.129970
1284 2200 87.065190 24.088530
1284 2550 74.129190 28.819150
1284 201959 80.433010 21.552560
1284 202710 88.470420 16.543500
1284 203503 86.362830 38.197040
1284 200755 87.636610 48.232290
1284 101108 60.844700 38.012060
1284 2746 87.476810 17.709280
1284 201599 85.830100 32.125240
1284 202362 68.586920 22.125100
1296 -1 87.302480 19.730460
1296 2200 87.040110 23.430510
1296 2550 74.038590 28.859330
1296 201959 80.883890 21.979250
1296 202710 88.820450 17.470630
1296 203503 86.407830 38.026260
1296 200755 87.633700 48.235100
1296 101108 60.937910 37.720600
1296 2746 87.786230 18.209090
1296 201599 86.086800 31.529500
1296 202362 67.937630 22.300560
1308 -1 87.107940 20.955430
1308 2200 86.981540 22.833740
1308 2550 73.974430 28.988120
1308 201959 81.327120 22.346550
1308 202710 89.145970 18.335980
1308 203503 86.462850 37.780040
1308 200755 87.635650 48.232250
1308 101108 61.053420 37.404950
1308 2746 88.099410 18.514370
1308 201599 86.275370 30.943600
1308 202362 67.227460 22.393330
1320 -1 86.999930 22.206780
1320 2200 87.020490 22.581480
1320 2550 73.928720 29.155480
1320 201959 81.778220 22.824450
1320 202710 89.437060 19.072560
1320 203503 86.478610 37.565730
1320 200755 87.641900 48.222720
1320 101108 61.153580 37.084790
1320 2746 88.538930 18.778630
1320 201599 86.463000 30.294970
1320 202362 66.505490 22.425530
1332 -1 87.112590 23.381480
1332 2200 87.002010 22.441990
1332 2550 73.938050 29.351170
1332 201959 82.154410 23.080700
1332 202710 89.565600 19.640960
1332 203503 86.613460 37.352440
1332 200755 87.650010 48.213950
1332 101108 61.239360 36.755740
1332 2746 88.948710 19.141890
1332 201599 86.642010 29.554710
1332 202362 65.767890 22.403960
1344 -1 87.038580 24.566540
1344 2200 87.011340 22.564370
1344 2550 73.974610 29.510430
1344 201959 82.484510 23.247090
1344 202710 89.777740 20.108860
1344 203503 86.829670 36.932360
1344 200755 87.661190 48.210990
1344 101108 61.279790 36.404560
1344 2746 89.087880 19.644380
1344 201599 86.758950 28.988970
1344 202362 65.049720 22.394730
1356 -1 87.016080 25.741560
1356 2200 87.166790 23.001990
1356 2550 74.044730 29.657930
1356 201959 82.749760 23.376560
1356 202710 89.970430 20.528370
1356 203503 86.934570 36.506990
1356 200755 87.660770 48.206110
1356 101108 61.272010 36.009520
1356 2746 89.082090 20.139360
1356 201599 86.787400 28.456050
1356 202362 64.341770 22.424310
1368 -1 86.888070 26.916920
1368 2200 87.406060 23.549230
1368 2550 74.168140 29.814730
1368 201959 82.987360 23.537100
1368 202710 89.785840 20.799650
1368 203503 87.012560 36.052500
1368 200755 87.662310 48.199620
1368 101108 61.225290 35.587980
1368 2746 89.029230 20.596400
1368 201599 86.949340 28.035490
1368 202362 63.693530 22.457040
1380 -1 86.932990 27.965530
1380 2200 87.407480 23.916110
1380 2550 74.352390 30.005370
1380 201959 83.156240 23.564830
1380 202710 89.434790 20.938270
1380 203503 87.150950 35.497300
1380 200755 87.668020 48.180060
1380 101108 61.162710 35.123370
1380 2746 88.756870 20.820260
1380 201599 87.109570 27.600670
1380 202362 63.064270 22.425170
1392 -1 87.267530 27.309480
1392 2200 87.341080 24.004040
1392 2550 74.552390 30.251130
1392 201959 83.266510 23.634900
1392 202710 89.311830 21.238240
1392 203503 87.220910 35.001190
1392 200755 87.647860 48.141470
1392 101108 61.086410 34.592140
1392 2746 88.538670 20.860700
1392 201599 87.053260 27.288540
1392 202362 62.380980 22.413490
1404 -1 88.439540 25.214680
1404 2200 87.268940 23.920400
1404 2550 74.757850 30.585920
1404 201959 83.308500 23.710740
1404 202710 89.249710 21.477350
1404 203503 87.191080 34.656690
1404 200755 87.566450 48.067150
1404 101108 61.023900 34.048730
1404 2746 88.204960 20.461760
1404 201599 86.982130 26.920090
1404 202362 61.696510 22.268010
1416 -1 89.200380 24.179510
1416 2200 87.045520 23.704840
1416 2550 74.986180 30.969550
1416 201959 83.335100 23.701740
1416 202710 89.172330 21.636260
1416 203503 87.212930 34.466330
1416 200755 87.401620 47.970400
1416 101108 60.963200 33.505250
1416 2746 88.005510 19.968530
1416 201599 87.195020 26.483160
1416 202362 60.997090 22.082670
1428 -1 88.823830 23.314470
1428 2200 86.928110 23.443290
1428 2550 75.237720 31.358520
1428 201959 83.317780 23.623580
1428 202710 89.407360 21.606530
1428 203503 87.203660 34.386740
1428 200755 87.122420 47.837850
1428 101108 60.877980 32.939440
1428 2746 87.647700 19.304700
1428 201599 87.494850 26.001420
1428 202362 60.285280 21.899870
1440 -1 88.079250 23.341440
1440 2200 86.939720 23.185090
1440 2550 75.527620 31.754790
1440 201959 83.274020 23.517440
1440 202710 89.833410 21.561070
1440 203503 87.114300 34.414090
1440 200755 86.692040 47.678220
1440 101108 60.763340 32.397780
1440 2746 87.242930 18.461850
1440 201599 87.760000 25.614870
1440 202362 59.521710 21.740670
1452 -1 89.903310 22.790340
1452 2200 86.980880 23.197550
1452 2550 75.855520 32.126890
1452 201959 83.224060 23.460290
1452 202710 90.077260 21.321140
1452 203503 86.943100 34.520450
1452 200755 86.135240 47.476910
1452 101108 60.597000 31.883520
1452 2746 86.677570 17.583290
1452 201599 88.207840 25.326220
1452 202362 58.746890 21.523220
1464 -1 91.029940 22.556310
1464 2200 86.928830 23.214220
1464 2550 76.273390 32.457020
1464 201959 83.158310 23.437410
1464 202710 90.252540 21.111940
1464 203503 86.702750 34.715840
1464 200755 85.482950 47.242010
1464 101108 60.374300 31.355640
1464 2746 86.251640 16.878470
1464 201599 88.674120 25.059870
1464 202362 57.899390 21.403480
1476 -1 91.518620 22.503460
1476 2200 86.900160 23.168240
1476 2550 76.746970 32.757160
1476 201959 83.063620 23.477390
1476 202710 90.488380 20.878980
1476 203503 86.414620 34.963040
1476 200755 84.771250 46.986930
1476 101108 60.096070 30.831630
1476 2746 85.651670 16.125130
1476 201599 88.892720 24.977000
1476 202362 56.983340 21.312820
1488 -1 91.567910 22.797320
1488 2200 86.776190 23.145250
1488 2550 77.249850 33.032230
1488 201959 82.911960 23.471570
1488 202710 90.757860 20.979380
1488 203503 86.086570 35.309160
1488 200755 83.969540 46.696300
1488 101108 59.773510 30.358430
1488 2746 84.930870 15.345790
1488 201599 88.951950 24.951180
1488 202362 56.050600 21.221300
1500 -1 91.601480 22.729610
1500 2200 86.654530 23.124320
1500 2550 77.764660 33.298260
1500 201959 82.734030 23.479230
1500 202710 90.951830 21.185480
1500 203503 85.728110 35.740910
1500 200755 83.109160 46.397990
1500 101108 59.412900 29.914410
1500 2746 84.144460 14.714080
1500 201599 89.036640 25.027560
1500 202362 55.105740 21.100330
1512 -1 91.198510 22.366160
1512 2200 86.622120 23.049940
1512 2550 78.281250 33.523480
1512 201959 82.527020 23.489500
1512 202710 91.137100 21.383670
1512 203503 85.311340 36.263770
1512 200755 82.161080 46.112980
1512 101108 58.987750 29.532920
1512 2746 83.152480 14.071390
1512 201599 89.196740 25.128380
1512 202362 54.167240 21.017350
1524 -1 91.044910 22.010480
1524 2200 86.688590 22.883500
1524 2550 78.810080 33.701990
1524 201959 82.288500 23.454200
1524 202710 91.345240 21.561130
1524 203503 84.770030 36.793590
1524 200755 81.103060 45.843210
1524 101108 58.487730 29.193620
1524 2746 82.011570 13.447580
1524 201599 89.285070 25.216410
1524 202362 53.234200 21.006590
1536 -1 91.288840 22.185330
1536 2200 86.714960 22.784170
1536 2550 79.359410 33.848970
1536 201959 82.022960 23.405040
1536 202710 91.583090 21.875450
1536 203503 84.059400 37.410340
1536 200755 79.927860 45.575470
1536 101108 57.962110 28.922730
1536 2746 80.739380 12.932550
1536 201599 89.340500 25.338050
1536 202362 52.280870 21.061890
1548 -1 92.506870 22.139060
1548 2200 86.743600 22.658650
1548 2550 79.934640 34.021510
1548 201959 81.775490 23.442980
1548 202710 91.846960 22.153650
1548 203503 83.208490 38.012230
1548 200755 78.707340 45.354480
1548 101108 57.397670 28.667620
1548 2746 79.391560 12.534790
1548 201599 89.221410 25.523990
1548 202362 51.317930 21.189930
1560 -1 92.921980 22.419370
1560 2200 86.796720 22.584170
1560 2550 80.533890 34.229850
1560 201959 81.497640 23.558180
1560 202710 92.167950 22.540950
1560 203503 82.210380 38.622200
1560 200755 77.431480 45.113020
1560 101108 56.789970 28.418800
1560 2746 77.972740 12.208840
1560 201599 88.890010 25.757430
1560 202362 50.346680 21.347510
1572 -1 93.300230 22.888780
1572 2200 86.821530 22.625150
1572 2550 81.100580 34.450700
1572 201959 81.217160 23.729340
1572 202710 92.512920 22.985760
1572 203503 81.091530 39.212740
1572 200755 76.114480 44.871320
1572 101108 56.199290 28.181370
1572 2746 76.524970 12.015250
1572 201599 88.325240 25.908140
1572 202362 49.408540 21.510200
1584 -1 93.523540 23.366260
1584 2200 86.714090 22.685790
1584 2550 81.632020 34.754220
1584 201959 80.954830 23.974290
1584 202710 92.820960 23.416810
1584 203503 79.865800 39.817710
1584 200755 74.781530 44.639120
1584 101108 55.592030 27.968100
1584 2746 75.009980 11.934410
1584 201599 87.625240 25.865790
1584 202362 48.491410 21.572650
1596 -1 93.766930 23.884040
1596 2200 86.507530 22.599110
1596 2550 82.087920 35.148220
1596 201959 80.721400 24.255390
1596 202710 93.091140 23.832710
1596 203503 78.583830 40.375910
1596 200755 73.422760 44.457820
1596 101108 54.944160 27.777520
1596 2746 73.454100 11.871430
1596 201599 86.853440 25.894330
1596 202362 47.600240 21.595550