0 -1 13.210940 20.122220
0 2199 22.937010 24.720430
0 200782 48.568280 5.944650
0 202720 13.982390 18.145360
0 202688 3.186530 29.902360
0 203933 39.351800 46.452260
0 1718 37.796600 13.166270
0 2037 62.980110 17.371910
0 202325 44.348140 41.595760
0 201599 67.643360 23.574010
0 203085 26.923320 29.350820
12 -1 12.953400 22.341090
12 2199 24.200410 24.465010
12 200782 49.608440 5.387150
12 202720 14.471680 18.403910
12 202688 4.408340 30.093400
12 203933 41.506720 46.674810
12 1718 39.230100 13.632100
12 2037 63.646560 16.618070
12 202325 46.005960 41.644530
12 201599 68.377450 23.719910
12 203085 28.304300 29.477010
24 -1 12.604300 24.663340
24 2199 25.555220 24.179490
24 200782 50.646280 4.834140
24 202720 15.036300 18.667120
24 202688 5.805640 30.311610
24 203933 43.647920 46.880250
24 1718 40.666630 14.064540
24 2037 64.267680 15.870230
24 202325 47.703890 41.632600
24 201599 69.030700 23.868630
24 203085 29.668950 29.604280
36 -1 12.434360 25.957110
36 2199 26.954970 23.866270
36 200782 51.762290 4.352880
36 202720 15.661470 18.957250
36 202688 7.296650 30.638940
36 203933 45.787470 47.077750
36 1718 42.080860 14.541470
36 2037 64.833130 15.128600
36 202325 49.364930 41.634620
36 201599 69.603060 23.984740
36 203085 31.028430 29.735030
48 -1 12.049640 27.161150
48 2199 28.371830 23.542320
48 200782 52.925710 3.866020
48 202720 16.338750 19.269330
48 202688 8.861110 30.945790
48 203933 47.861270 47.232350
48 1718 43.478900 14.997480
48 2037 65.352640 14.388240
48 202325 51.023290 41.644920
48 201599 70.185370 23.992200
48 203085 32.386660 29.877570
60 -1 11.849430 28.165610
60 2199 29.818990 23.185990
60 200782 54.070300 3.393440
60 202720 17.141350 19.624150
60 202688 10.478550 31.230220
60 203933 49.892860 47.410150
60 1718 44.860580 15.466720
60 2037 65.889690 13.685500
60 202325 52.702390 41.629550
60 201599 70.727970 24.000150
60 203085 33.784770 30.062880
72 -1 13.265950 28.875760
72 2199 31.305920 22.816900
72 200782 55.199180 2.948490
72 202720 18.034520 19.973680
72 202688 12.146390 31.592850
72 203933 51.898420 47.542230
72 1718 46.196750 15.925570
72 2037 66.483070 13.040530
72 202325 54.337690 41.591610
72 201599 71.244600 24.049310
72 203085 35.190950 30.210510
84 -1 15.851770 29.846400
84 2199 32.790320 22.436250
84 200782 56.336590 2.531710
84 202720 19.017630 20.323070
84 202688 13.850160 31.971630
84 203933 53.906880 47.644470
84 1718 47.505310 16.392600
84 2037 67.148700 12.481240
84 202325 55.919220 41.566550
84 201599 71.630210 24.213400
84 203085 36.631700 30.386400
96 -1 17.856870 30.888180
96 2199 34.277290 22.057440
96 200782 57.482830 2.118690
96 202720 20.101070 20.612210
96 202688 15.703360 32.308310
96 203933 55.917450 47.727080
96 1718 48.833060 16.854010
96 2037 67.891570 12.022170
96 202325 57.535100 41.477650
96 201599 72.014460 24.376770
96 203085 38.105810 30.571630
108 -1 19.173500 31.813090
108 2199 35.787590 21.698320
108 200782 58.645830 1.818850
108 202720 21.298160 20.831460
108 202688 17.496970 32.690010
108 203933 57.894430 47.839080
108 1718 50.070950 17.337740
108 2037 68.687930 11.709420
108 202325 59.165210 41.424300
108 201599 72.430550 24.421950
108 203085 39.595440 30.758320
120 -1 20.577080 32.619980
120 2199 37.301300 21.359590
120 200782 59.863250 1.580440
120 202720 22.561860 20.977190
120 202688 19.269580 33.070850
120 203933 59.850450 47.951760
120 1718 51.237410 17.791060
120 2037 69.526370 11.508510
120 202325 60.784360 41.404500
120 201599 72.787010 24.390810
120 203085 41.088700 30.934160
132 -1 21.983660 33.448080
132 2199 38.777530 21.028270
132 200782 61.093900 1.392030
132 202720 23.913320 21.106990
132 202688 21.075740 33.410890
132 203933 61.748250 48.084840
132 1718 52.341450 18.287350
132 2037 70.390070 11.375310
132 202325 62.361460 41.482380
132 201599 73.093150 24.287280
132 203085 42.555890 31.115350
144 -1 23.366810 34.196130
144 2199 40.265750 20.694720
144 200782 62.309650 1.260480
144 202720 25.344910 21.188100
144 202688 22.887760 33.809270
144 203933 63.619050 48.221190
144 1718 53.400480 18.802600
144 2037 71.249770 11.292630
144 202325 63.912970 41.602120
144 201599 73.444400 24.044060
144 203085 44.007610 31.266390
156 -1 25.343410 34.929250
156 2199 41.751150 20.404670
156 200782 63.513240 1.143810
156 202720 26.820600 21.240700
156 202688 24.561230 34.151280
156 203933 65.445500 48.358670
156 1718 54.402380 19.299720
156 2037 72.089990 11.223030
156 202325 65.405000 41.796210
156 201599 73.734390 23.705890
156 203085 45.428520 31.389620
168 -1 27.486100 35.024220
168 2199 43.233530 20.171610
168 200782 64.726710 1.021140
168 202720 28.318990 21.263720
168 202688 26.313090 34.479370
168 203933 67.247490 48.485300
168 1718 55.375010 19.773640
168 2037 72.938920 11.136890
168 202325 66.820440 41.963720
168 201599 73.926480 23.458000
168 203085 46.791340 31.494560
180 -1 30.017010 35.038990
180 2199 44.696060 19.963960
180 200782 65.929690 0.945180
180 202720 29.840860 21.270100
180 202688 28.104200 34.840800
180 203933 69.024190 48.569420
180 1718 56.281440 20.233260
180 2037 73.779180 11.045100
180 202325 68.191440 42.142290
180 201599 74.111530 23.196810
180 203085 48.144840 31.588060
192 -1 32.248330 35.043540
192 2199 46.145030 19.770060
192 200782 67.105580 0.866110
192 202720 31.405090 21.227050
192 202688 29.908780 35.136910
192 203933 70.768530 48.640260
192 1718 57.100520 20.661740
192 2037 74.602170 10.976820
192 202325 69.593520 42.267010
192 201599 74.257100 22.935920
192 203085 49.463800 31.670180
204 -1 33.652760 34.920110
204 2199 47.543850 19.595540
204 200782 68.272760 0.793170
204 202720 33.013100 21.177680
204 202688 31.691820 35.328330
204 203933 72.413120 48.700800
204 1718 57.805140 21.061030
204 2037 75.401130 10.947370
204 202325 70.942430 42.380310
204 201599 74.369950 22.655410
204 203085 50.741370 31.791730
216 -1 35.054840 34.837250
216 2199 48.962000 19.419620
216 200782 69.393830 0.747820
216 202720 34.619050 21.147940
216 202688 33.485670 35.544520
216 203933 74.023560 48.746550
216 1718 58.398790 21.429100
216 2037 76.167430 10.968520
216 202325 72.292060 42.495570
216 201599 74.469350 22.407670
216 203085 51.981030 31.959500
228 -1 36.424040 34.723870
228 2199 50.339860 19.233790
228 200782 70.479980 0.696650
228 202720 36.272880 21.135290
228 202688 35.285370 35.732950
228 203933 75.587460 48.731810
228 1718 58.974530 21.778840
228 2037 76.905580 11.004000
228 202325 73.636230 42.607700
228 201599 74.583740 22.115710
228 203085 53.189220 32.115660
240 -1 37.772650 34.692070
240 2199 51.694480 19.058620
240 200782 71.529500 0.668920
240 202720 37.897830 21.126850
240 202688 37.063980 35.787160
240 203933 77.077760 48.739540
240 1718 59.563770 22.108570
240 2037 77.616170 11.037230
240 202325 74.934590 42.702400
240 201599 74.705420 21.820290
240 203085 54.312970 32.266850
252 -1 39.323420 34.587960
252 2199 53.069050 18.928080
252 200782 72.559390 0.713000
252 202720 39.517810 21.143350
252 202688 38.733430 35.915470
252 203933 78.496930 48.759770
252 1718 60.155960 22.392100
252 2037 78.255800 11.063080
252 202325 76.169810 42.783190
252 201599 74.846010 21.545640
252 203085 55.391840 32.414840
264 -1 41.438460 34.733190
264 2199 54.427790 18.869970
264 200782 73.585350 0.764130
264 202720 41.125730 21.180250
264 202688 40.345370 36.070900
264 203933 79.880980 48.754290
264 1718 60.735200 22.612220
264 2037 78.821150 11.047520
264 202325 77.413270 42.835410
264 201599 75.009200 21.302670
264 203085 56.390810 32.571030
276 -1 43.440120 34.755120
276 2199 55.708710 18.794320
276 200782 74.596640 0.789900
276 202720 42.774760 21.208040
276 202688 41.954180 36.190890
276 203933 81.147540 48.734800
276 1718 61.317880 22.786400
276 2037 79.348470 11.012630
276 202325 78.566520 42.855640
276 201599 75.178560 21.100730
276 203085 57.325340 32.713760
288 -1 45.237350 34.753130
288 2199 56.997250 18.716880
288 200782 75.530450 0.868420
288 202720 44.417290 21.265820
288 202688 43.512140 36.235910
288 203933 82.284260 48.700400
288 1718 61.849560 22.905220
288 2037 79.835330 11.005610
288 202325 79.645790 42.858610
288 201599 75.329950 20.942450
288 203085 58.216370 32.876660
300 -1 46.274250 34.753810
300 2199 58.265610 18.678060
300 200782 76.398030 0.945120
300 202720 46.070740 21.357060
300 202688 45.042080 36.264000
300 203933 83.333720 48.622040
300 1718 62.330660 22.993660
300 2037 80.294980 11.064440
300 202325 80.667400 42.821240
300 201599 75.467140 20.842560
300 203085 59.036170 33.031030
312 -1 47.278670 34.663680
312 2199 59.474690 18.629110
312 200782 77.260520 0.971120
312 202720 47.743700 21.507500
312 202688 46.590470 36.237880
312 203933 84.306590 48.491370
312 1718 62.784710 23.069850
312 2037 80.750930 11.214450
312 202325 81.635250 42.749090
312 201599 75.599670 20.793940
312 203085 59.779560 33.159240
324 -1 48.674600 34.696200
324 2199 60.673280 18.545880
324 200782 78.068250 1.061020
324 202720 49.389040 21.698550
324 202688 48.099250 36.162050
324 203933 85.186060 48.404810
324 1718 63.265970 23.055650
324 2037 81.247630 11.424860
324 202325 82.513600 42.640590
324 201599 75.692340 20.795370
324 203085 60.479240 33.221650
336 -1 50.514020 34.842910
336 2199 61.831720 18.537480
336 200782 78.834420 1.190350
336 202720 51.031070 21.960070
336 202688 49.592680 36.060060
336 203933 85.975700 48.350690
336 1718 63.683600 23.201650
336 2037 81.743540 11.639370
336 202325 83.333190 42.482510
336 201599 75.777540 20.882100
336 203085 61.115230 33.258640
348 -1 52.133760 34.635410
348 2199 62.868090 18.539630
348 200782 79.592240 1.274530
348 202720 52.666120 22.283850
348 202688 51.083400 35.976710
348 203933 86.710300 48.329840
348 1718 64.078520 23.402810
348 2037 82.219120 11.823960
348 202325 84.047170 42.275680
348 201599 75.853260 21.011060
348 203085 61.696940 33.278120
360 -1 53.344140 34.543260
360 2199 63.836810 18.532410
360 200782 80.378110 1.399440
360 202720 54.282730 22.687930
360 202688 52.512470 35.918120
360 203933 87.351420 48.358440
360 1718 64.434230 23.612560
360 2037 82.658940 11.963750
360 202325 84.652560 42.037640
360 201599 75.937470 21.138100
360 203085 62.291280 33.321680
372 -1 54.208450 34.479690
372 2199 64.663260 18.603340
372 200782 81.114050 1.467810
372 202720 55.802050 23.154110
372 202688 53.916050 35.818140
372 203933 87.873560 48.432270
372 1718 64.723450 23.826730
372 2037 83.047860 12.067680
372 202325 85.164700 41.772730
372 201599 76.033490 21.283240
372 203085 62.913600 33.384710
384 -1 55.366810 34.289440
384 2199 65.271840 18.763260
384 200782 81.819370 1.437090
384 202720 57.352020 23.700480
384 202688 55.332610 35.638720
384 203933 88.283750 48.483590
384 1718 64.926080 24.182120
384 2037 83.399670 12.196200
384 202325 85.605840 41.497470
384 201599 76.177860 21.327510
384 203085 63.532440 33.439580
396 -1 57.359460 34.282860
396 2199 65.715010 19.005890
396 200782 82.503620 1.396440
396 202720 58.761600 24.314440
396 202688 56.611970 35.297150
396 203933 88.597300 48.520020
396 1718 65.182930 24.423230
396 2037 83.777550 12.409490
396 202325 85.979640 41.266570
396 201599 76.319090 21.157450
396 203085 64.116840 33.489970
408 -1 58.585130 33.539420
408 2199 65.935860 19.493980
408 200782 83.175380 1.377250
408 202720 60.048560 24.963870
408 202688 57.588380 34.605250
408 203933 88.802960 48.568800
408 1718 65.392160 24.632490
408 2037 84.171530 12.685160
408 202325 86.299350 41.070930
408 201599 76.491350 21.090200
408 203085 64.675970 33.457420
420 -1 58.732690 32.802670
420 2199 65.935890 20.120400
420 200782 83.779830 1.298770
420 202720 61.260250 25.579340
420 202688 58.324320 33.758270
420 203933 88.917370 48.611860
420 1718 65.514770 24.840430
420 2037 84.561420 12.954380
420 202325 86.569640 40.923080
420 201599 76.687000 21.127000
420 203085 65.186350 33.281800
432 -1 58.643520 31.939570
432 2199 65.944990 20.736960
432 200782 84.351620 1.277460
432 202720 62.411870 26.152910
432 202688 58.949110 32.688200
432 203933 88.936700 48.644080
432 1718 65.683330 25.042910
432 2037 84.931850 13.194520
432 202325 86.761810 40.819340
432 201599 76.834360 21.305750
432 203085 65.631200 32.950800
444 -1 58.777460 31.153800
444 2199 66.019770 21.310510
444 200782 84.910660 1.294260
444 202720 63.331260 26.811070
444 202688 59.309930 31.338230
444 203933 88.867800 48.674910
444 1718 65.869290 24.938880
444 2037 85.249310 13.341750
444 202325 86.870650 40.727380
444 201599 76.914430 21.535060
444 203085 66.105280 32.347460
456 -1 59.090360 29.943370
456 2199 66.073840 21.839860
456 200782 85.461890 1.285930
456 202720 64.186080 27.424200
456 202688 59.645620 29.834910
456 203933 88.729090 48.678860
456 1718 65.960270 24.878180
456 2037 85.476830 13.324940
456 202325 86.884870 40.575820
456 201599 76.839040 21.891410
456 203085 66.634940 31.561760
468 -1 59.538550 28.058200
468 2199 66.154600 22.235110
468 200782 85.968880 1.247990
468 202720 64.931120 27.961310
468 202688 60.079370 28.376800
468 203933 88.518390 48.657360
468 1718 65.986590 24.774690
468 2037 85.640540 13.138900
468 202325 86.826480 40.322180
468 201599 76.543160 21.981490
468 203085 67.117980 30.680560
480 -1 60.131010 25.952810
480 2199 66.300570 22.491020
480 200782 86.424030 1.206750
480 202720 65.582650 28.478320
480 202688 60.550700 26.886230
480 203933 88.222570 48.630890
480 1718 66.151070 24.589230
480 2037 85.754910 12.877450
480 202325 86.697520 39.938490
480 201599 76.199240 21.764900
480 203085 67.604370 29.702380
492 -1 60.122190 24.134380
492 2199 66.370080 22.653380
492 200782 86.790760 1.165810
492 202720 66.146180 28.953660
492 202688 60.930380 25.302760
492 203933 87.875790 48.614720
492 1718 66.375830 24.329150
492 2037 85.850820 12.584510
492 202325 86.526450 39.495440
492 201599 75.658980 21.220000
492 203085 68.077960 28.612560
504 -1 59.998810 23.042690
504 2199 66.472940 22.672750
504 200782 87.041710 1.140350
504 202720 66.794150 29.294060
504 202688 61.427470 23.716390
504 203933 87.489710 48.600270
504 1718 66.571320 24.285460
504 2037 85.930240 12.342380
504 202325 86.307660 38.997570
504 201599 74.906280 20.516110
504 203085 68.465070 27.548230
516 -1 60.900950 21.108260
516 2199 66.681660 22.520860
516 200782 87.168520 1.132750
516 202720 67.541940 29.612290
516 202688 61.908000 22.146840
516 203933 87.086860 48.577650
516 1718 66.783290 24.077520
516 2037 86.013150 12.178190
516 202325 86.086590 38.504730
516 201599 74.242680 19.671060
516 203085 68.663310 26.481180
528 -1 62.145970 18.851080
528 2199 67.020280 22.200970
528 200782 87.193200 1.131630
528 202720 68.464850 29.943110
528 202688 62.474150 20.631960
528 203933 86.629370 48.533080
528 1718 67.359610 23.760020
528 2037 86.110680 12.042140
528 202325 85.868930 38.067980
528 201599 73.668530 18.716190
528 203085 68.520580 25.532230
540 -1 63.217200 16.350450
540 2199 67.417900 21.851850
540 200782 87.154860 1.131180
540 202720 69.527030 30.289470
540 202688 63.050450 19.060940
540 203933 86.096170 48.434060
540 1718 67.680110 23.668060
540 2037 86.209170 11.903610
540 202325 85.655950 37.657270
540 201599 73.034960 17.573660
540 203085 68.855730 24.270160
552 -1 63.769570 15.142950
552 2199 67.899440 21.552340
552 200782 87.100630 1.132000
552 202720 70.782100 30.597790
552 202688 63.601750 17.639010
552 203933 85.532120 48.300210
552 1718 68.014000 23.624230
552 2037 86.307870 11.704680
552 202325 85.470850 37.075500
552 201599 72.504740 16.434120
552 203085 69.195590 23.049370
564 -1 64.599450 14.010760
564 2199 68.371080 21.363660
564 200782 87.037220 1.131630
564 202720 72.170670 30.771460
564 202688 64.104780 16.483250
564 203933 84.946590 48.135570
564 1718 68.450040 23.538980
564 2037 86.412520 11.446760
564 202325 85.335000 36.427220
564 201599 72.093580 15.309580
564 203085 69.505950 21.813180
576 -1 65.372920 13.628710
576 2199 68.799570 21.268950
576 200782 87.004240 1.135130
576 202720 73.674090 30.779600
576 202688 64.498310 15.638410
576 203933 84.310360 47.970080
576 1718 68.982910 23.488290
576 2037 86.493440 11.172510
576 202325 85.234060 35.671110
576 201599 71.601690 14.270800
576 203085 69.796760 20.564690
588 -1 65.367660 13.971080
588 2199 69.231690 21.414230
588 200782 87.008110 1.141130
588 202720 75.177830 30.616220
588 202688 64.779920 15.129260
588 203933 83.658820 47.809520
588 1718 69.398010 23.572470
588 2037 86.537600 10.991140
588 202325 85.182900 34.749580
588 201599 71.062630 13.413430
588 203085 70.255980 19.209300
600 -1 65.351810 14.606010
600 2199 69.678100 21.661830
600 200782 87.022970 1.141560
600 202720 76.678440 30.256900
600 202688 65.047940 15.011930
600 203933 82.921160 47.694770
600 1718 70.056120 23.659900
600 2037 86.564060 10.922250
600 202325 85.162030 33.762640
600 201599 70.550150 12.849420
600 203085 70.013480 18.327590
612 -1 65.320450 15.397040
612 2199 70.119530 21.924980
612 200782 87.050000 1.152850
612 202720 78.171340 29.768700
612 202688 65.364750 15.143750
612 203933 82.161320 47.545350
612 1718 70.735700 23.823480
612 2037 86.552260 11.034480
612 202325 85.134640 32.879730
612 201599 70.138300 12.350820
612 203085 69.580760 17.721420
624 -1 65.268640 16.207710
624 2199 70.530080 22.309300
624 200782 87.086640 1.164930
624 202720 79.600950 29.173550
624 202688 65.604820 15.571630
624 203933 81.336800 47.395300
624 1718 71.401080 24.058460
624 2037 86.491620 11.410300
624 202325 85.129960 32.022060
624 201599 69.831100 11.994650
624 203085 69.091030 17.456900
636 -1 64.892600 16.924060
636 2199 70.915320 22.841960
636 200782 87.109040 1.173180
636 202720 80.863800 28.549240
636 202688 65.765060 16.233990
636 203933 80.424700 47.240490
636 1718 72.058670 24.379440
636 2037 86.469650 11.862470
636 202325 85.121700 31.225620
636 201599 69.650870 11.749820
636 203085 68.675320 17.474720
648 -1 64.254830 17.334320
648 2199 71.266090 23.314940
648 200782 87.126460 1.179780
648 202720 82.034790 27.850600
648 202688 65.782330 17.044090
648 203933 79.472480 47.096780
648 1718 72.632030 24.702880
648 2037 86.446970 12.440080
648 202325 85.073580 30.594640
648 201599 69.659250 11.657060
648 203085 68.355120 17.766110
660 -1 64.436150 18.556560
660 2199 71.587010 23.794340
660 200782 87.128600 1.188640
660 202720 83.071400 27.217270
660 202688 65.760050 17.952340
660 203933 78.564130 46.912100
660 1718 73.211070 24.852030
660 2037 86.400780 13.034040
660 202325 85.014370 30.040110
660 201599 69.840600 11.788190
660 203085 68.257790 18.318100
672 -1 64.726580 19.690970
672 2199 71.879250 24.255300
672 200782 87.086130 1.191760
672 202720 83.990410 26.607410
672 202688 65.725300 19.062410
672 203933 77.609940 46.734570
672 1718 73.753510 25.044810
672 2037 86.350200 13.752410
672 202325 84.874340 29.860480
672 201599 70.268010 12.044100
672 203085 68.291120 19.031060
684 -1 64.454970 20.849240
684 2199 72.236760 24.662440
684 200782 86.959450 1.204110
684 202720 84.762830 26.084240
684 202688 65.762820 20.216040
684 203933 76.710510 46.555430
684 1718 74.426440 25.257390
684 2037 86.340470 14.458060
684 202325 84.644580 29.967110
684 201599 70.743690 12.444380
684 203085 68.350690 19.924240
696 -1 65.231420 22.096980
696 2199 72.655720 24.919930
696 200782 86.753660 1.220980
696 202720 85.529930 25.652990
696 202688 66.038700 21.426980
696 203933 75.920830 46.379900
696 1718 75.105860 25.406290
696 2037 86.312040 15.302760
696 202325 84.332170 30.290930
696 201599 71.435850 13.043760
696 203085 68.528620 20.945080
708 -1 66.370010 23.740920
708 2199 73.116740 25.037430
708 200782 86.482720 1.244620
708 202720 86.254510 25.405240
708 202688 66.534950 22.724610
708 203933 75.217250 46.150680
708 1718 75.845030 25.581400
708 2037 86.307590 16.077420
708 202325 83.949930 30.803740
708 201599 72.307230 13.838150
708 203085 68.836420 22.297270
720 -1 67.862440 27.066550
720 2199 73.642180 24.955520
720 200782 86.207870 1.287920
720 202720 86.963910 25.246230
720 202688 67.051420 23.937020
720 203933 74.674470 45.893830
720 1718 76.621590 25.844420
720 2037 86.327190 16.785270
720 202325 83.427810 31.590810
720 201599 73.138410 14.750820
720 203085 69.141500 23.662430
732 -1 69.457230 31.893110
732 2199 74.247240 24.784740
732 200782 85.978340 1.326280
732 202720 87.631050 25.291030
732 202688 67.508800 24.938900
732 203933 74.345900 45.661160
732 1718 77.467660 26.100960
732 2037 86.359300 17.243500
732 202325 82.876230 32.336620
732 201599 73.933940 15.827310
732 203085 69.504000 24.947970
744 -1 71.352410 36.449600
744 2199 74.838700 24.435190
744 200782 85.848900 1.343410
744 202720 88.258520 25.548640
744 202688 67.864260 25.729060
744 203933 74.138540 45.582530
744 1718 78.240740 26.431250
744 2037 86.362130 17.442020
744 202325 82.222340 33.152750
744 201599 75.040080 16.951950
744 203085 69.939620 26.062460
756 -1 73.099430 40.875150
756 2199 75.399500 24.024090
756 200782 85.848110 1.344580
756 202720 88.758960 25.956160
756 202688 68.024370 26.239180
756 203933 74.024570 45.443900
756 1718 79.095900 26.857220
756 2037 86.334040 17.358570
756 202325 81.517430 34.115080
756 201599 76.122040 18.043350
756 203085 70.293780 27.075500
768 -1 73.998980 43.409760
768 2199 75.937980 23.579700
768 200782 85.954370 1.337580
768 202720 89.170360 26.567690
768 202688 67.995120 26.488000
768 203933 74.047460 45.308170
768 1718 79.845170 27.408820
768 2037 86.283910 17.090330
768 202325 80.688240 35.105640
768 201599 77.195090 18.970040
768 203085 70.586220 27.746930
780 -1 73.946230 44.449450
780 2199 76.426560 23.252120
780 200782 86.097470 1.311300
780 202720 89.478860 27.362880
780 202688 67.868160 26.657220
780 203933 74.167230 45.192980
780 1718 80.675540 27.966200
780 2037 86.231770 16.759700
780 202325 79.887490 36.212600
780 201599 78.402220 19.734230
780 203085 70.812300 28.234370
792 -1 73.834840 44.030250
792 2199 76.869950 22.945540
792 200782 86.210070 1.293300
792 202720 89.651860 28.255030
792 202688 67.617670 26.796250
792 203933 74.339560 45.064950
792 1718 81.509500 28.517950
792 2037 86.193490 16.436000
792 202325 79.098840 37.292890
792 201599 79.529220 20.411170
792 203085 70.999330 28.583240
804 -1 73.870790 43.478040
804 2199 77.244720 22.680790
804 200782 86.287300 1.295150
804 202720 89.773680 29.270870
804 202688 67.293440 26.889110
804 203933 74.544940 44.822490
804 1718 82.293570 29.072310
804 2037 86.168760 16.172050
804 202325 78.483160 38.210430
804 201599 80.379440 21.065110
804 203085 71.125330 28.856250
816 -1 74.731550 44.085670
816 2199 77.626760 22.423510
816 200782 86.292410 1.305880
816 202720 89.826670 30.308610
816 202688 66.881630 26.958980
816 203933 74.687440 44.725300
816 1718 83.075570 29.655260
816 2037 86.166520 15.989370
816 202325 77.781710 39.045190
816 201599 81.141330 21.540150
816 203085 71.228340 28.989250
828 -1 74.878010 43.756700
828 2199 78.043240 22.191390
828 200782 86.232370 1.323790
828 202720 89.828260 31.327670
828 202688 66.412560 26.930520
828 203933 74.708630 44.681670
828 1718 83.921820 30.150200
828 2037 86.182930 15.936130
828 202325 77.161670 39.899500
828 201599 81.872150 21.923750
828 203085 71.315910 28.988960
840 -1 73.872030 44.211360
840 2199 78.519590 21.972930
840 200782 86.154850 1.338340
840 202720 89.795130 32.298950
840 202688 65.876880 26.821710
840 203933 74.623980 44.726760
840 1718 84.675120 30.627800
840 2037 86.211540 15.968470
840 202325 76.530350 40.630310
840 201599 82.284540 22.156120
840 203085 71.403020 28.913870
852 -1 73.138540 43.424140
852 2199 79.002960 21.801020
852 200782 86.097890 1.348690
852 202720 89.778720 33.243650
852 202688 65.333990 26.630150
852 203933 74.432780 44.824170
852 1718 85.293260 31.055580
852 2037 86.241960 16.011370
852 202325 76.039400 41.211470
852 201599 82.539090 22.216270
852 203085 71.496370 28.819560
864 -1 71.154510 40.070210
864 2199 79.528290 21.627210
864 200782 86.058840 1.353630
864 202720 89.734210 34.074640
864 202688 64.767590 26.343620
864 203933 74.171140 44.857550
864 1718 85.876820 31.465860
864 2037 86.261490 15.993850
864 202325 75.516830 41.805020
864 201599 82.876920 22.153420
864 203085 71.548660 28.720300
876 -1 69.089320 36.531690
876 2199 80.071320 21.472740
876 200782 86.055180 1.354630
876 202720 89.670880 34.853250
876 202688 64.240300 25.898530
876 203933 73.985200 44.790720
876 1718 86.182080 31.786170
876 2037 86.241420 15.905330
876 202325 75.275340 42.209840
876 201599 83.032820 22.118360
876 203085 71.501420 28.518740
888 -1 67.156220 33.510750
888 2199 80.541160 21.352530
888 200782 86.082820 1.346150
888 202720 89.571100 35.547630
888 202688 63.758880 25.410740
888 203933 73.819710 44.796560
888 1718 86.382650 32.067760
888 2037 86.171720 15.611220
888 202325 75.246180 42.448230
888 201599 82.979840 22.063300
888 203085 71.304890 28.190160
900 -1 65.152580 30.052320
900 2199 80.821330 21.143560
900 200782 86.102890 1.340290
900 202720 89.433680 36.137360
900 202688 63.359510 24.914720
900 203933 73.595290 44.783270
900 1718 86.591060 32.362640
900 2037 86.008280 15.187290
900 202325 75.390640 42.538480
900 201599 82.933340 22.088290
900 203085 70.945680 27.836660
912 -1 63.345320 27.057030
912 2199 80.889130 20.884340
912 200782 86.121620 1.335890
912 202720 89.194550 36.639430
912 202688 63.046450 24.387620
912 203933 73.281350 44.745580
912 1718 86.773800 32.629020
912 2037 85.835900 14.562560
912 202325 75.543680 42.563250
912 201599 83.038370 22.146920
912 203085 70.405940 27.409640
924 -1 63.060780 26.059850
924 2199 80.730360 20.666590
924 200782 86.144300 1.328970
924 202720 88.874080 37.010370
924 202688 62.822400 23.830270
924 203933 72.925990 44.736160
924 1718 86.914150 32.844970
924 2037 85.629460 13.835730
924 202325 75.855500 42.348140
924 201599 82.892690 22.205900
924 203085 69.778000 26.797780
936 -1 63.473760 24.625750
936 2199 80.372640 20.461420
936 200782 86.158730 1.327550
936 202720 88.502610 37.324500
936 202688 62.651620 23.286690
936 203933 72.490270 44.768250
936 1718 87.147810 33.039590
936 2037 85.390750 13.069140
936 202325 76.183500 41.981170
936 201599 82.844390 22.077320
936 203085 69.136410 26.136120
948 -1 63.475260 23.125050
948 2199 79.837770 20.263460
948 200782 86.149000 1.334950
948 202720 88.083310 37.575080
948 202688 62.541970 22.775910
948 203933 72.050840 44.723680
948 1718 87.325770 33.174230
948 2037 85.161100 12.366610
948 202325 76.472890 41.467140
948 201599 82.773610 21.826500
948 203085 68.503680 25.537980
960 -1 63.319070 21.976580
960 2199 79.097160 20.130520
960 200782 86.152850 1.334910
960 202720 87.603600 37.808070
960 202688 62.466680 22.273930
960 203933 71.643050 44.629330
960 1718 87.357740 33.151070
960 2037 85.028680 11.688420
960 202325 76.720560 40.842510
960 201599 82.593760 21.535160
960 203085 67.895380 24.798550
972 -1 63.170280 21.335820
972 2199 78.274750 20.090700
972 200782 86.145200 1.343410
972 202720 87.130670 38.010510
972 202688 62.441740 21.835660
972 203933 71.266440 44.537880
972 1718 87.329090 33.068300
972 2037 84.925620 11.160480
972 202325 76.891860 40.126660
972 201599 82.114480 21.169530
972 203085 67.368470 24.044930
984 -1 63.072750 21.053970
984 2199 77.365640 20.125990
984 200782 86.132030 1.358100
984 202720 86.650580 38.243390
984 202688 62.407190 21.552140
984 203933 70.872030 44.460600
984 1718 87.239320 32.944510
984 2037 84.909100 10.733880
984 202325 76.927230 39.412790
984 201599 81.543700 20.682540
984 203085 66.908780 23.418530
996 -1 63.069690 21.069850
996 2199 76.356690 20.223980
996 200782 86.111810 1.372360
996 202720 86.193300 38.474280
996 202688 62.361590 21.464080
996 203933 70.481620 44.377100
996 1718 87.115170 32.825400
996 2037 84.982270 10.403840
996 202325 76.871790 38.680580
996 201599 80.753970 20.278470
996 203085 66.394550 22.969260
1008 -1 63.063670 21.100990
1008 2199 75.263970 20.340330
1008 200782 86.102470 1.379770
1008 202720 85.778240 38.725860
1008 202688 62.328660 21.486320
1008 203933 70.115330 44.276850
1008 1718 87.000310 32.734590
1008 2037 85.089670 10.213760
1008 202325 76.768660 37.893310
1008 201599 79.804630 19.898820
1008 203085 66.004160 22.628230
1020 -1 63.055550 21.143050
1020 2199 74.211350 20.371270
1020 200782 86.085400 1.393560
1020 202720 85.411800 38.982570
1020 202688 62.309980 21.616020
1020 203933 69.778600 44.165690
1020 1718 86.899970 32.740750
1020 2037 85.195670 10.154610
1020 202325 76.639730 37.063700
1020 201599 78.791640 19.500410
1020 203085 65.861980 22.510880
1032 -1 63.046170 21.191640
1032 2199 73.134190 20.364520
1032 200782 86.089800 1.387300
1032 202720 85.114480 39.313490
1032 202688 62.399690 21.875600
1032 203933 69.475300 44.021770
1032 1718 86.820310 32.798550
1032 2037 85.286950 10.202540
1032 202325 76.516360 36.275400
1032 201599 77.756490 19.124770
1032 203085 65.815190 22.542720
1044 -1 63.036360 21.242420
1044 2199 72.086360 20.313680
1044 200782 86.093790 1.381060
1044 202720 84.934490 39.725490
1044 202688 62.933930 22.295450
1044 203933 69.229670 43.843940
1044 1718 86.755890 32.867790
1044 2037 85.367170 10.310620
1044 202325 76.365520 35.551610
1044 201599 76.737620 18.770410
1044 203085 65.796920 22.708800
1056 -1 63.026980 21.291020
1056 2199 71.038470 20.243620
1056 200782 86.109010 1.374100
1056 202720 84.809900 40.272440
1056 202688 63.600080 22.791770
1056 203933 69.006570 43.645150
1056 1718 86.702640 32.927620
1056 2037 85.437130 10.420280
1056 202325 76.184360 34.935730
1056 201599 75.705190 18.274790
1056 203085 65.829960 23.035100
1068 -1 63.018860 21.333070
1068 2199 70.035500 20.153550
1068 200782 86.127230 1.368060
1068 202720 84.769220 40.885380
1068 202688 64.214500 23.080200
1068 203933 68.778700 43.437220
1068 1718 86.648460 32.973440
1068 2037 85.506370 10.491270
1068 202325 75.984230 34.386220
1068 201599 74.717180 17.868610
1068 203085 65.888850 23.383470
1080 -1 63.012840 21.364220
1080 2199 69.127470 20.171880
1080 200782 86.144190 1.365880
1080 202720 84.804750 41.603750
1080 202688 64.814930 23.244130
1080 203933 68.551190 43.227400
1080 1718 86.587490 33.010540
1080 2037 85.573020 10.504890
1080 202325 75.766040 33.810000
1080 201599 73.854300 17.516270
1080 203085 65.810950 23.680850
1092 -1 63.009780 21.380100
1092 2199 68.318880 20.226420
1092 200782 86.161340 1.367380
1092 202720 84.910780 42.362450
1092 202688 65.173850 23.325910
1092 203933 68.305370 43.019390
1092 1718 86.528510 33.062610
1092 2037 85.627130 10.473300
1092 202325 75.563240 33.196460
1092 201599 73.048940 17.034640
1092 203085 65.668910 23.884390
1104 -1 62.949090 20.290590
1104 2199 67.577760 20.292230
1104 200782 86.180550 1.359910
1104 202720 85.066430 43.156190
1104 202688 65.052730 23.095660
1104 203933 68.028080 42.814500
1104 1718 86.473210 33.139470
1104 2037 85.659270 10.434880
1104 202325 75.384530 32.575340
1104 201599 72.180600 16.544840
1104 203085 65.529790 23.848160
1116 -1 63.080250 19.074250
1116 2199 66.656040 20.536640
1116 200782 86.197620 1.347400
1116 202720 85.286060 43.894630
1116 202688 64.960750 22.424040
1116 203933 67.763690 42.590880
1116 1718 86.429940 33.224200
1116 2037 85.667900 10.423300
1116 202325 75.241450 31.924580
1116 201599 71.413270 16.214710
1116 203085 65.464110 23.449030
1128 -1 63.044430 17.907780
1128 2199 65.744180 20.916360
1128 200782 86.218910 1.330560
1128 202720 85.483360 44.619870
1128 202688 64.974010 21.769700
1128 203933 67.508860 42.376810
1128 1718 86.399630 33.274570
1128 2037 85.658210 10.422200
1128 202325 75.107000 31.365380
1128 201599 70.728540 15.866590
1128 203085 65.302950 22.952060
1140 -1 63.011660 17.252700
1140 2199 65.077780 21.061960
1140 200782 86.240090 1.311520
1140 202720 85.669170 45.316530
1140 202688 65.034840 20.996310
1140 203933 67.247590 42.127640
1140 1718 86.394030 33.248480
1140 2037 85.648170 10.432930
1140 202325 75.008870 30.874900
1140 201599 69.928640 15.603970
1140 203085 65.054760 22.374820
1152 -1 64.586570 17.471030
1152 2199 64.482610 21.101700
1152 200782 86.241970 1.307610
1152 202720 85.840590 45.944970
1152 202688 65.328560 19.851470
1152 203933 67.005770 41.869170
1152 1718 86.390310 33.123220
1152 2037 85.645470 10.443880
1152 202325 74.953870 30.356280
1152 201599 69.166520 15.526360
1152 203085 64.744290 21.714370
1164 -1 66.415280 18.386960
1164 2199 64.009130 20.965600
1164 200782 86.239100 1.307350
1164 202720 85.971080 46.479870
1164 202688 65.813990 18.754190
1164 203933 66.802870 41.623090
1164 1718 86.407500 32.880960
1164 2037 85.653980 10.445920
1164 202325 74.961130 29.735380
1164 201599 68.637950 15.496430
1164 203085 64.385870 21.079720
1176 -1 67.433310 19.196200
1176 2199 64.113160 20.525600
1176 200782 86.221580 1.315160
1176 202720 86.071070 46.938300
1176 202688 66.238810 18.033650
1176 203933 66.607970 41.404070
1176 1718 86.436210 32.570220
1176 2037 85.675240 10.436450
1176 202325 75.007170 29.126290
1176 201599 68.211210 15.464880
1176 203085 64.013030 20.489350
1188 -1 68.229750 19.754400
1188 2199 64.412240 19.932270
1188 200782 86.165640 1.278680
1188 202720 86.204070 47.329390
1188 202688 66.833480 17.536450
1188 203933 66.435930 41.201530
1188 1718 86.467680 32.277880
1188 2037 85.711230 10.431930
1188 202325 75.094800 28.464170
1188 201599 67.971450 15.406010
1188 203085 63.639020 19.852310
1200 -1 68.836180 20.455270
1200 2199 64.640800 19.480880
1200 200782 86.105400 1.253310
1200 202720 86.386080 47.606060
1200 202688 67.654660 17.442630
1200 203933 66.332510 41.072120
1200 1718 86.481170 32.070160
1200 2037 85.743040 10.430090
1200 202325 75.256100 27.756360
1200 201599 67.983720 15.308080
1200 203085 63.369020 19.247990
1212 -1 69.294980 20.307430
1212 2199 65.017020 19.037240
1212 200782 86.051530 1.228230
1212 202720 86.559830 47.817250
1212 202688 68.530210 17.842870
1212 203933 66.336120 41.004820
1212 1718 86.466000 32.017660
1212 2037 85.771310 10.426930
1212 202325 75.539190 26.997410
1212 201599 68.235080 15.263970
1212 203085 63.255420 18.637160
1224 -1 69.338470 20.273430
1224 2199 65.554350 18.698360
1224 200782 85.990130 1.214590
1224 202720 86.720270 47.955640
1224 202688 69.493920 18.430060
1224 203933 66.435700 40.992220
1224 1718 86.436790 32.166820
1224 2037 85.793450 10.428820
1224 202325 75.833610 26.235970
1224 201599 68.637740 15.201300
1224 203085 63.329610 18.091570
1236 -1 69.668660 20.479220
1236 2199 65.948210 18.486520
1236 200782 85.943990 1.221440
1236 202720 86.848830 48.050060
1236 202688 70.582530 19.062400
1236 203933 66.623730 41.033590
1236 1718 86.447330 32.326940
1236 2037 85.819940 10.444030
1236 202325 76.157600 25.404040
1236 201599 69.133590 15.228480
1236 203085 63.586140 17.578050
1248 -1 70.424730 20.710710
1248 2199 66.468520 18.308920
1248 200782 85.940360 1.275140
1248 202720 86.898350 48.089850
1248 202688 71.650440 19.661000
1248 203933 66.868230 41.105520
1248 1718 86.456600 32.558500
1248 2037 85.853550 10.463290
1248 202325 76.473850 24.624740
1248 201599 69.661560 15.487650
1248 203085 64.069330 17.139900
1260 -1 72.327380 21.021220
1260 2199 67.163840 18.277480
1260 200782 85.942370 1.305650
1260 202720 86.897970 48.087150
1260 202688 72.782440 20.015780
1260 203933 67.129330 41.180240
1260 1718 86.462600 32.807310
1260 2037 85.890350 10.475520
1260 202325 76.625420 23.818810
1260 201599 70.381420 15.638780
1260 203085 64.688000 16.711900
1272 -1 73.671060 21.563600
1272 2199 67.945030 18.376240
1272 200782 85.941430 1.335120
1272 202720 86.900290 48.015500
1272 202688 73.993380 20.290500
1272 203933 67.379740 41.244610
1272 1718 86.453490 33.156490
1272 2037 85.928070 10.467010
1272 202325 76.582750 23.288070
1272 201599 71.115460 15.690740
1272 203085 65.415760 16.407920
1284 -1 73.050330 25.203130
1284 2199 68.761220 18.618520
1284 200782 85.955970 1.360210
1284 202720 86.923670 47.882800
1284 202688 75.214010 20.499270
1284 203933 67.630540 41.287930
1284 1718 86.320060 33.656200
1284 2037 85.961940 10.460320
1284 202325 76.366490 23.049590
1284 201599 71.959440 15.898420
1284 203085 66.200170 16.157880
1296 -1 72.171100 29.055000
1296 2199 69.731250 18.919390
1296 200782 85.964030 1.370830
1296 202720 87.008740 47.680390
1296 202688 76.459340 20.553600
1296 203933 67.857640 41.470970
1296 1718 86.107720 34.296620
1296 2037 85.990570 10.467760
1296 202325 75.983870 22.968320
1296 201599 72.973010 16.183300
1296 203085 67.032580 16.013990
1308 -1 71.409900 33.007020
1308 2199 70.736980 19.298770
1308 200782 85.974110 1.387050
1308 202720 87.186040 47.416050
1308 202688 77.739510 20.542410
1308 203933 68.132260 41.615310
1308 1718 85.940990 34.897150
1308 2037 86.009930 10.502270
1308 202325 75.454580 23.021730
1308 201599 74.056200 16.404050
1308 203085 67.897230 15.929140
1320 -1 70.496480 37.013800
1320 2199 71.675200 19.707940
1320 200782 85.986080 1.408100
1320 202720 87.429150 47.118820
1320 202688 78.931530 20.441040
1320 203933 68.425290 41.717490
1320 1718 85.678840 35.627160
1320 2037 86.033160 10.547770
1320 202325 74.986900 23.463910
1320 201599 75.159190 16.815680
1320 203085 68.811140 15.947290
1332 -1 69.842700 39.989910
1332 2199 72.571180 20.131260
1332 200782 86.021900 1.422810
1332 202720 87.720080 46.799660
1332 202688 80.083160 20.210820
1332 203933 68.725010 41.782820
1332 1718 85.408730 36.265880
1332 2037 86.063170 10.613750
1332 202325 74.515940 24.044250
1332 201599 76.326850 17.404620
1332 203085 69.659810 16.045880
1344 -1 69.770300 40.607820
1344 2199 73.419010 20.584970
1344 200782 86.061360 1.445930
1344 202720 88.024960 46.467850
1344 202688 81.218110 19.844810
1344 203933 69.017080 41.826970
1344 1718 85.268620 36.682940
1344 2037 86.093700 10.693420
1344 202325 74.111180 24.762740
1344 201599 77.433710 18.009820
1344 203085 70.539300 16.201950
1356 -1 69.844200 40.559910
1356 2199 74.209080 21.068870
1356 200782 86.118800 1.463570
1356 202720 88.338670 46.091620
1356 202688 82.328740 19.414610
1356 203933 69.295700 41.650430
1356 1718 85.220890 36.983300
1356 2037 86.128910 10.792490
1356 202325 73.784430 25.764460
1356 201599 78.469910 18.632010
1356 203085 71.414450 16.412520
1368 -1 70.036240 40.412650
1368 2199 74.947480 21.531650
1368 200782 86.179560 1.481370
1368 202720 88.678960 45.612190
1368 202688 83.371910 18.908190
1368 203933 69.516080 41.506890
1368 1718 85.134040 37.311990
1368 2037 86.185510 10.953300
1368 202325 73.567100 26.939650
1368 201599 79.419580 19.285040
1368 203085 72.288560 16.664500
1380 -1 70.301880 40.160730
1380 2199 75.633820 21.996110
1380 200782 86.222300 1.493510
1380 202720 89.011610 45.014190
1380 202688 84.308560 18.430740
1380 203933 69.693300 41.459740
1380 1718 85.308530 37.310930
1380 2037 86.265330 11.292990
1380 202325 73.339350 28.224870
1380 201599 80.356760 19.953190
1380 203085 73.153840 16.957210
1392 -1 70.102020 40.359050
1392 2199 76.245130 22.504710
1392 200782 86.238500 1.554570
1392 202720 89.303160 44.250790
1392 202688 85.138370 17.879510
1392 203933 69.826080 41.434000
1392 1718 85.642390 37.100020
1392 2037 86.349610 11.617690
1392 202325 73.255100 29.598930
1392 201599 81.238350 20.642440
1392 203085 74.077850 17.219680
1404 -1 69.876410 41.378590
1404 2199 76.789990 22.960740
1404 200782 86.199350 1.635610
1404 202720 89.574940 43.268820
1404 202688 85.876310 17.330500
1404 203933 69.920820 41.386320
1404 1718 85.991050 36.842890
1404 2037 86.506980 12.165440
1404 202325 73.278760 31.000940
1404 201599 81.972990 21.302530
1404 203085 74.955670 17.527250
1416 -1 70.423960 40.945180
1416 2199 77.261430 23.394220
1416 200782 86.063380 1.775200
1416 202720 89.790220 42.152870
1416 202688 86.475070 16.843140
1416 203933 70.065330 41.346670
1416 1718 86.390760 36.538320
1416 2037 86.671400 12.772870
1416 202325 73.294080 32.371960
1416 201599 82.475960 21.868970
1416 203085 75.846320 17.870510
1428 -1 72.182970 39.196110
1428 2199 77.722860 23.846580
1428 200782 85.746280 2.022770
1428 202720 89.904300 40.964820
1428 202688 86.878260 16.317280
1428 203933 70.215410 41.251390
1428 1718 86.860240 36.130550
1428 2037 86.868050 13.521290
1428 202325 73.315910 33.664530
1428 201599 82.838640 22.340080
1428 203085 76.738020 18.199500
1440 -1 74.098960 37.499720
1440 2199 78.177920 24.258250
1440 200782 85.345470 2.375140
1440 202720 89.827590 39.703720
1440 202688 87.159020 15.930170
1440 203933 70.252200 41.101770
1440 1718 87.315010 35.763090
1440 2037 87.044110 14.140510
1440 202325 73.257290 34.897930
1440 201599 82.923280 22.740340
1440 203085 77.614450 18.514040
1452 -1 75.969730 35.743090
1452 2199 78.613600 24.635070
1452 200782 84.896790 2.753900
1452 202720 89.557720 38.504330
1452 202688 87.376790 15.779830
1452 203933 70.195440 41.044060
1452 1718 87.796330 35.347680
1452 2037 87.162820 14.874360
1452 202325 73.012420 36.020180
1452 201599 82.976130 23.009590
1452 203085 78.529780 18.864510
1464 -1 77.836270 34.212170
1464 2199 78.955290 25.055240
1464 200782 84.257920 3.283460
1464 202720 89.089060 37.424770
1464 202688 87.618690 15.897930
1464 203933 70.047330 41.137150
1464 1718 88.182300 34.898560
1464 2037 87.131800 15.408520
1464 202325 72.628500 36.981300
1464 201599 82.937530 23.255520
1464 203085 79.505320 19.151110
1476 -1 79.806500 32.626750
1476 2199 79.200510 25.554390
1476 200782 83.523750 3.853530
1476 202720 88.419770 36.414590
1476 202688 87.814900 16.207460
1476 203933 69.738700 41.372810
1476 1718 88.384800 34.558360
1476 2037 87.082030 15.886220
1476 202325 72.228020 37.767180
1476 201599 82.835880 23.523730
1476 203085 80.490590 19.416070
1488 -1 81.714170 30.958760
1488 2199 79.314660 26.111200
1488 200782 82.710960 4.429470
1488 202720 87.638200 35.506920
1488 202688 88.076380 16.760200
1488 203933 69.310650 41.759590
1488 1718 88.499200 34.053070
1488 2037 86.990390 16.219280
1488 202325 71.728560 38.429300
1488 201599 82.702130 23.761430
1488 203085 81.457510 19.724890
1500 -1 83.489750 29.218480
1500 2199 79.327950 26.746800
1500 200782 81.778670 5.047630
1500 202720 86.835620 34.606950
1500 202688 88.355610 17.413790
1500 203933 68.882450 42.283570
1500 1718 88.397880 33.584010
1500 2037 86.905370 16.537660
1500 202325 71.252430 38.852630
1500 201599 82.653030 23.892820
1500 203085 82.414530 20.038490
1512 -1 85.404960 27.728240
1512 2199 79.314170 27.453960
1512 200782 80.732620 5.699990
1512 202720 86.113630 33.608070
1512 202688 88.625940 18.134870
1512 203933 68.391480 42.896460
1512 1718 88.098550 33.103720
1512 2037 86.851650 16.830360
1512 202325 70.729890 39.078050
1512 201599 82.554800 23.971750
1512 203085 83.335800 20.321350
1524 -1 87.155290 26.129390
1524 2199 79.377170 28.036810
1524 200782 79.757490 6.277500
1524 202720 85.627960 32.565550
1524 202688 88.789720 18.890670
1524 203933 67.825040 43.548070
1524 1718 87.720310 32.553070
1524 2037 86.922770 17.260550
1524 202325 70.156270 39.191180
1524 201599 82.501500 24.006090
1524 203085 84.162640 20.649910
1536 -1 88.666890 24.903470
1536 2199 79.527640 28.521550
1536 200782 78.784300 6.869090
1536 202720 85.300160 31.494640
1536 202688 88.974630 19.696060
1536 203933 67.201010 44.257350
1536 1718 87.415690 31.877870
1536 2037 86.960230 17.657440
1536 202325 69.570270 39.230640
1536 201599 82.609490 24.007770
1536 203085 84.945500 21.047420
1548 -1 89.463590 24.357040
1548 2199 79.746430 28.825340
1548 200782 77.826450 7.464430
1548 202720 85.111680 30.371680
1548 202688 89.162410 20.566280
1548 203933 66.494540 44.998120
1548 1718 87.024120 31.236910
1548 2037 86.992250 17.940880
1548 202325 69.006290 39.208090
1548 201599 82.814050 24.015360
1548 203085 85.727130 21.399670
1560 -1 89.701040 24.226460
1560 2199 80.023590 28.937470
1560 200782 76.826430 8.060940
1560 202720 85.059310 29.361540
1560 202688 89.332030 21.464440
1560 203933 65.682230 45.624300
1560 1718 86.596440 30.508060
1560 2037 87.004970 18.192410
1560 202325 68.393890 39.138400
1560 201599 83.077060 24.067800
1560 203085 86.443130 21.653060
1572 -1 89.952550 24.087710
1572 2199 80.296590 28.926940
1572 200782 75.784890 8.645050
1572 202720 85.006960 28.544970
1572 202688 89.516040 22.397540
1572 203933 64.793270 46.142530
1572 1718 86.141060 29.828820
1572 2037 86.992250 18.306300
1572 202325 67.715180 39.101950
1572 201599 83.299740 24.149190
1572 203085 87.087960 21.866860
1584 -1 90.399950 24.010480
1584 2199 80.430870 28.931210
1584 200782 74.721510 9.187670
1584 202720 84.802250 27.832690
1584 202688 89.691230 23.299160
1584 203933 63.847700 46.578190
1584 1718 85.745020 29.219800
1584 2037 86.873020 18.197050
1584 202325 66.994550 39.077540
1584 201599 83.516380 24.170250
1584 203085 87.683100 22.018490
1596 -1 91.087430 25.038060
1596 2199 80.459120 28.864820
1596 200782 73.631900 9.721170
1596 202720 84.450880 27.253320
1596 202688 89.766840 24.239900
1596 203933 62.872740 46.899990
1596 1718 85.227720 28.619650
1596 2037 86.688000 17.995660
1596 202325 66.143270 39.022080
1596 201599 83.687560 24.175590
1596 203085 88.190020 22.073700
1608 -1 91.550790 26.076530
1608 2199 80.350610 28.825630
1608 200782 72.547560 10.283340
1608 202720 83.912990 26.801590
1608 202688 89.802790 25.198510
1608 203933 61.795350 47.068650
1608 1718 84.700580 28.181370
1608 2037 86.404710 17.776930
1608 202325 65.197780 38.929660
1608 201599 83.806040 24.153120
1608 203085 88.620270 22.077850
1620 -1 92.014140 27.115010
1620 2199 80.042020 28.831770
1620 200782 71.549550 10.783510
1620 202720 83.208390 26.440130
1620 202688 89.821120 26.146370
1620 203933 60.616170 47.177580
1620 1718 84.334270 27.805040
1620 2037 86.031630 17.488820
1620 202325 64.198640 38.824150
1620 201599 83.820340 24.091060
1620 203085 89.050160 22.112140
1632 -1 92.464380 28.380390
1632 2199 79.539350 28.833490
1632 200782 70.518980 11.291540
1632 202720 82.421170 26.114070
1632 202688 89.718830 27.146750
1632 203933 59.372700 47.187390
1632 1718 83.942210 27.549410
1632 2037 85.591700 17.189020
1632 202325 63.159130 38.730440
1632 201599 83.835020 23.969540
1632 203085 89.465350 22.180020
1644 -1 92.847580 29.502760
1644 2199 78.942600 28.867540
1644 200782 69.438670 11.793480
1644 202720 81.535180 25.837820
1644 202688 89.522350 28.223000
1644 203933 58.092760 47.053560
1644 1718 83.434030 27.430650
1644 2037 85.111220 16.811860
1644 202325 62.050380 38.678430
1644 201599 83.850320 23.841670
1644 203085 89.895760 22.258950
1656 -1 93.108070 30.706020
1656 2199 78.213060 28.908280
1656 200782 68.341930 12.269570
1656 202720 80.602780 25.593220
1656 202688 89.274440 29.299360
1656 203933 56.666770 46.800840
1656 1718 82.955010 27.440950
1656 2037 84.606470 16.408340
1656 202325 60.893110 38.688390
1656 201599 83.847720 23.652420
1656 203085 90.357580 22.366030
1668 -1 92.171150 30.962170
1668 2199 77.371690 28.938540
1668 200782 67.312170 12.578590
1668 202720 79.583070 25.399200
1668 202688 88.890610 30.372170
1668 203933 55.221560 46.459100
1668 1718 82.454980 27.541060
1668 2037 84.090340 15.917530
1668 202325 59.647430 38.741500
1668 201599 83.827440 23.435620
1668 203085 90.773100 22.341690
1680 -1 88.229340 30.379960
1680 2199 76.440400 28.992560
1680 200782 66.173860 12.928350
1680 202720 78.467960 25.233210
1680 202688 88.355830 31.479560
1680 203933 53.787060 46.090220
1680 1718 81.785130 27.787930
1680 2037 83.528490 15.344340
1680 202325 58.392760 38.880770
1680 201599 83.792600 23.224970
1680 203085 91.148100 22.309810