0 -1 6.790300 27.572740
0 200765 20.064510 37.532540
0 200752 19.019790 18.017950
0 201954 25.293010 16.642180
0 201158 49.018350 33.010010
0 202326 11.502620 36.219070
0 1718 14.883880 7.897550
0 200755 13.528880 44.200780
0 101108 12.959060 24.750610
0 201599 4.564240 27.307620
0 201933 8.306790 18.342200
12 -1 8.799690 26.936720
12 200765 21.534180 37.365810
12 200752 19.945370 17.747120
12 201954 25.392020 17.224860
12 201158 50.003110 32.711260
12 202326 12.477360 36.692720
12 1718 15.890260 7.258750
12 200755 14.671550 44.445680
12 101108 12.990840 24.892540
12 201599 4.757160 26.965820
12 201933 9.008520 17.971960
24 -1 11.018580 26.800360
24 200765 23.081700 37.288260
24 200752 20.884010 17.336320
24 201954 25.565640 18.027270
24 201158 51.025080 32.489910
24 202326 13.568900 37.130410
24 1718 16.983820 6.595060
24 200755 15.884760 44.676530
24 101108 13.147230 25.190030
24 201599 5.029690 26.611750
24 201933 9.838470 17.612420
36 -1 12.402280 26.511970
36 200765 24.743030 37.319610
36 200752 21.869190 16.943250
36 201954 25.784220 19.078530
36 201158 52.045960 32.332790
36 202326 14.744860 37.372840
36 1718 18.170070 5.923520
36 200755 17.108580 44.759100
36 101108 13.462010 25.417610
36 201599 5.378350 26.423810
36 201933 10.778330 17.328350
48 -1 13.323890 26.232110
48 200765 26.449470 37.312200
48 200752 22.947970 16.707150
48 201954 26.090250 20.063310
48 201158 53.033950 32.227480
48 202326 15.959080 37.430930
48 1718 19.461990 5.308090
48 200755 18.414620 45.069720
48 101108 14.009490 25.595910
48 201599 5.810200 26.393860
48 201933 11.805380 17.056540
60 -1 15.028710 26.040190
60 200765 28.220040 37.334740
60 200752 24.109850 16.680030
60 201954 26.527060 20.991160
60 201158 53.980610 32.160040
60 202326 17.263030 37.527000
60 1718 20.867460 4.768000
60 200755 19.741940 45.273740
60 101108 14.741140 25.788210
60 201599 6.261480 26.330770
60 201933 12.909600 16.813070
72 -1 16.358690 25.196660
72 200765 29.989690 37.292840
72 200752 25.312800 16.928740
72 201954 27.052030 21.865540
72 201158 54.958530 31.982790
72 202326 18.623770 37.507420
72 1718 22.359230 4.263560
72 200755 21.064320 45.356650
72 101108 15.633260 25.919630
72 201599 6.779630 26.327180
72 201933 14.104590 16.568660
84 -1 17.836000 25.328370
84 200765 31.773880 37.131370
84 200752 26.539040 17.301940
84 201954 27.628850 22.423190
84 201158 55.898130 31.936100
84 202326 20.046900 37.394240
84 1718 23.946760 3.796300
84 200755 22.403830 45.429090
84 101108 16.639810 25.873670
84 201599 7.349750 26.289600
84 201933 15.408490 16.296690
96 -1 19.091970 25.464170
96 200765 33.541690 36.881750
96 200752 27.841100 17.462730
96 201954 28.239000 22.600380
96 201158 56.827330 31.792630
96 202326 21.526840 37.342560
96 1718 25.544910 3.393860
96 200755 23.793130 45.558930
96 101108 17.731640 25.851440
96 201599 7.945500 26.185140
96 201933 16.783520 15.966220
108 -1 19.579820 25.257880
108 200765 35.322580 36.560640
108 200752 29.238270 17.713590
108 201954 28.964250 23.037670
108 201158 57.697080 31.653720
108 202326 23.051420 37.247520
108 1718 27.164490 2.995880
108 200755 25.216260 45.650280
108 101108 18.807490 25.815410
108 201599 8.540180 26.083750
108 201933 18.254180 15.699000
120 -1 20.113730 25.200810
120 200765 37.104600 36.216650
120 200752 30.584420 17.538250
120 201954 29.715880 23.471850
120 201158 58.599690 31.559860
120 202326 24.560410 36.941650
120 1718 28.829200 2.604110
120 200755 26.672420 45.814030
120 101108 19.924700 25.766370
120 201599 9.179670 26.022410
120 201933 19.796820 15.450710
132 -1 21.055650 25.282350
132 200765 38.896700 35.815530
132 200752 31.895740 16.932300
132 201954 30.543260 23.862780
132 201158 59.470730 31.644870
132 202326 26.104040 36.640170
132 1718 30.541960 2.254790
132 200755 28.132350 45.987040
132 101108 21.145090 25.766580
132 201599 9.856650 25.925090
132 201933 21.370820 15.115650
144 -1 22.396280 25.577280
144 200765 40.646160 35.317620
144 200752 33.310600 16.280010
144 201954 31.416660 24.381960
144 201158 60.365380 31.576740
144 202326 27.705700 36.379830
144 1718 32.290150 1.959280
144 200755 29.583340 46.132530
144 101108 22.404210 25.826450
144 201599 10.558520 25.889970
144 201933 22.983730 14.557270
156 -1 24.205620 26.348340
156 200765 42.365360 34.782090
156 200752 34.798920 15.895220
156 201954 32.364220 24.938910
156 201158 61.224990 31.646200
156 202326 29.330500 36.132040
156 1718 34.054520 1.872090
156 200755 31.030070 46.177470
156 101108 23.720880 25.956020
156 201599 11.343150 26.041820
156 201933 24.580410 13.753880
168 -1 25.337510 26.448260
168 200765 44.056480 34.219850
168 200752 36.230840 15.202870
168 201954 33.310220 25.219000
168 201158 62.128780 31.766770
168 202326 30.954170 36.054920
168 1718 35.808450 1.833380
168 200755 32.490650 46.218390
168 101108 25.139710 26.055870
168 201599 12.157060 26.104470
168 201933 26.197890 12.909890
180 -1 26.817740 26.423190
180 200765 45.728100 33.564610
180 200752 37.741280 14.750590
180 201954 34.325780 25.434680
180 201158 62.980600 31.927740
180 202326 32.600330 36.133610
180 1718 37.553460 1.915940
180 200755 33.962440 46.242180
180 101108 26.506700 26.311410
180 201599 12.996990 26.216950
180 201933 27.884800 12.111550
192 -1 28.750200 24.853200
192 200765 47.387570 32.886070
192 200752 39.314670 14.436060
192 201954 35.287990 25.718860
192 201158 63.781900 32.154540
192 202326 34.200280 36.130000
192 1718 39.289490 2.040500
192 200755 35.450990 46.285750
192 101108 27.844140 26.784500
192 201599 13.829360 26.197510
192 201933 29.658300 11.417380
204 -1 30.679620 21.930280
204 200765 48.988010 32.118310
204 200752 40.861410 14.195050
204 201954 36.294260 25.741440
204 201158 64.535330 32.368730
204 202326 35.748790 36.043580
204 1718 40.969220 2.118860
204 200755 36.958730 46.326390
204 101108 29.187770 27.342730
204 201599 14.763250 26.350630
204 201933 31.436160 10.984740
216 -1 32.603080 19.256870
216 200765 50.534040 31.195150
216 200752 42.406000 13.954190
216 201954 37.367790 25.812160
216 201158 65.242050 32.688370
216 202326 37.309410 35.951710
216 1718 42.652200 2.089850
216 200755 38.473260 46.346930
216 101108 30.486760 27.961360
216 201599 15.743270 26.335360
216 201933 33.283080 10.914830
228 -1 34.452610 16.493120
228 200765 51.983150 30.169840
228 200752 43.982900 13.865590
228 201954 38.495350 25.796760
228 201158 65.915180 33.052650
228 202326 38.907240 35.717540
228 1718 44.333340 2.127200
228 200755 39.987420 46.336730
228 101108 31.720770 28.787540
228 201599 16.760430 26.417800
228 201933 35.143580 11.048720
240 -1 36.394550 13.775180
240 200765 53.374030 28.889890
240 200752 45.565620 13.874830
240 201954 39.662760 25.737780
240 201158 66.582280 33.375780
240 202326 40.514160 35.433160
240 1718 46.002040 2.114130
240 200755 41.499040 46.339930
240 101108 32.994150 29.544580
240 201599 17.818700 26.309380
240 201933 36.942260 11.331720
252 -1 38.823540 13.529710
252 200765 54.691470 27.567640
252 200752 47.198520 14.008640
252 201954 40.905390 25.572450
252 201158 67.246490 33.593300
252 202326 42.149190 35.219140
252 1718 47.593270 2.002200
252 200755 43.025360 46.351570
252 101108 34.262190 30.174410
252 201599 18.951920 26.391050
252 201933 38.649880 11.660520
264 -1 41.099610 13.707470
264 200765 55.988170 26.390120
264 200752 48.851020 13.964740
264 201954 42.194490 25.444400
264 201158 67.847730 33.937880
264 202326 43.809770 34.964440
264 1718 49.173580 1.885720
264 200755 44.552280 46.341090
264 101108 35.521270 30.799340
264 201599 20.076410 26.346770
264 201933 40.312690 12.042950
276 -1 42.739640 13.815020
276 200765 57.225340 25.336320
276 200752 50.494730 14.066290
276 201954 43.480740 25.171790
276 201158 68.415170 34.262110
276 202326 45.481980 34.561930
276 1718 50.741640 1.725740
276 200755 46.064320 46.356190
276 101108 36.781300 31.452730
276 201599 21.171340 26.301660
276 201933 41.897440 12.163840
288 -1 43.585720 13.846650
288 200765 58.485640 24.222760
288 200752 52.138620 14.372610
288 201954 44.767650 24.888700
288 201158 68.987620 34.553320
288 202326 47.190550 34.212490
288 1718 52.281320 1.568430
288 200755 47.554760 46.339990
288 101108 38.033910 32.123340
288 201599 22.254830 26.095010
288 201933 43.373000 12.190460
300 -1 44.862530 13.475930
300 200765 59.733150 23.276210
300 200752 53.837280 14.475870
300 201954 46.035500 24.555220
300 201158 69.555880 34.764340
300 202326 48.904650 33.832090
300 1718 53.716620 1.555130
300 200755 49.032350 46.298960
300 101108 39.285260 32.822160
300 201599 23.410220 26.152360
300 201933 44.776230 12.019050
312 -1 46.396160 13.614460
312 200765 61.011880 22.262600
312 200752 55.496670 14.534530
312 201954 47.342950 24.209560
312 201158 70.095180 34.993350
312 202326 50.621440 33.538090
312 1718 55.207430 1.371490
312 200755 50.501560 46.261180
312 101108 40.541530 33.502180
312 201599 24.614630 26.150940
312 201933 46.112730 11.910340
324 -1 48.197900 13.213120
324 200765 62.296500 21.090900
324 200752 57.109920 14.866540
324 201954 48.591650 23.889420
324 201158 70.630140 35.219290
324 202326 52.322410 33.308720
324 1718 56.669850 1.293990
324 200755 51.940770 46.244590
324 101108 41.793260 34.163960
324 201599 25.788760 26.206820
324 201933 47.393530 11.585580
336 -1 50.148530 12.899390
336 200765 63.606480 19.741390
336 200752 58.662740 15.028260
336 201954 49.845830 23.572770
336 201158 71.178330 35.439330
336 202326 53.910230 33.220330
336 1718 58.103120 1.160500
336 200755 53.378760 46.198690
336 101108 43.006010 34.809580
336 201599 27.045980 26.363070
336 201933 48.634450 11.360730
348 -1 51.096930 13.031340
348 200765 64.900460 18.450870
348 200752 60.145330 15.095280
348 201954 51.061620 23.292390
348 201158 71.713490 35.623010
348 202326 55.467900 32.989900
348 1718 59.488310 0.945790
348 200755 54.800050 46.220420
348 101108 44.205300 35.420580
348 201599 28.283350 26.736560
348 201933 49.839750 11.117330
360 -1 52.660080 12.543300
360 200765 66.137390 17.203590
360 200752 61.511290 15.140050
360 201954 52.195070 23.131920
360 201158 72.251980 35.795580
360 202326 56.956150 32.857710
360 1718 60.858960 0.561400
360 200755 56.159400 46.238700
360 101108 45.361160 36.043130
360 201599 29.459180 27.128620
360 201933 51.034000 10.961300
372 -1 53.540590 12.585690
372 200765 67.316640 16.012060
372 200752 62.751020 15.129640
372 201954 53.291230 22.991580
372 201158 72.781100 35.956860
372 202326 58.478670 32.497250
372 1718 62.077300 0.407340
372 200755 57.497100 46.231070
372 101108 46.457620 36.639810
372 201599 30.586780 27.440310
372 201933 52.217360 10.686880
384 -1 54.445430 12.332330
384 200765 68.483760 14.860820
384 200752 63.879180 15.038710
384 201954 54.364660 22.904190
384 201158 73.294180 36.037240
384 202326 59.888100 32.202850
384 1718 63.166790 0.352540
384 200755 58.832700 46.262970
384 101108 47.475120 37.133860
384 201599 31.765030 27.694600
384 201933 53.319950 10.553820
396 -1 55.537430 12.089110
396 200765 69.535020 13.806640
396 200752 64.838260 15.111570
396 201954 55.358370 22.966720
396 201158 73.833050 36.032170
396 202326 61.331460 31.757030
396 1718 64.097180 0.474430
396 200755 60.124170 46.348550
396 101108 48.437550 37.476810
396 201599 32.898380 27.994540
396 201933 54.363690 10.413610
408 -1 56.889180 11.847890
408 200765 70.424270 12.757240
408 200752 65.697670 15.156330
408 201954 56.262390 23.091210
408 201158 74.375690 35.999600
408 202326 62.724290 31.378540
408 1718 64.946260 0.669190
408 200755 61.437440 46.357590
408 101108 49.322010 37.722940
408 201599 34.079490 28.124200
408 201933 55.361580 10.289200
420 -1 57.858350 12.061550
420 200765 71.171020 11.804170
420 200752 66.425650 15.250240
420 201954 57.133510 23.290840
420 201158 74.890460 35.995750
420 202326 64.045800 31.031140
420 1718 65.732490 0.851080
420 200755 62.769060 46.436660
420 101108 50.129040 37.843050
420 201599 35.269370 28.182410
420 201933 56.302200 10.043060
432 -1 58.447990 11.928010
432 200765 71.779350 10.949060
432 200752 67.044550 15.547500
432 201954 57.908310 23.617000
432 201158 75.378850 36.020230
432 202326 65.196570 30.745120
432 1718 66.527320 0.892620
432 200755 64.057290 46.482500
432 101108 50.836640 37.879370
432 201599 36.449880 28.403810
432 201933 57.208840 9.810460
444 -1 59.026020 11.766020
444 200765 72.219220 10.245040
444 200752 67.581620 15.671000
444 201954 58.628370 23.985020
444 201158 75.854780 36.111310
444 202326 66.334660 30.346400
444 1718 67.286310 0.992700
444 200755 65.335690 46.495240
444 101108 51.481200 37.892890
444 201599 37.611240 28.609620
444 201933 58.110700 9.641910
456 -1 59.753770 11.548660
456 200765 72.584270 9.657920
456 200752 68.048500 15.656910
456 201954 59.295930 24.411910
456 201158 76.283830 36.253710
456 202326 67.395820 30.011630
456 1718 68.020020 1.043380
456 200755 66.627540 46.534580
456 101108 52.041650 37.847060
456 201599 38.806050 28.796840
456 201933 58.998490 9.593970
468 -1 60.291400 11.216730
468 200765 72.936450 9.197810
468 200752 68.421810 15.344670
468 201954 59.937400 24.881510
468 201158 76.712680 36.414110
468 202326 68.269350 29.779980
468 1718 68.724450 1.093440
468 200755 67.890810 46.628890
468 101108 52.550530 37.730930
468 201599 40.011860 29.062670
468 201933 59.875860 9.470280
480 -1 61.036150 10.783030
480 200765 73.444620 8.404390
480 200752 68.811750 14.831560
480 201954 60.548470 25.289900
480 201158 77.143910 36.593740
480 202326 69.039030 29.523760
480 1718 69.444910 1.116160
480 200755 69.115200 46.743400
480 101108 53.007590 37.578130
480 201599 41.226470 29.281370
480 201933 60.712590 9.377880
492 -1 61.841650 10.387180
492 200765 73.981040 7.474100
492 200752 69.347570 13.743260
492 201954 61.111400 25.671380
492 201158 77.583770 36.794100
492 202326 69.798650 29.270460
492 1718 70.118130 1.326690
492 200755 70.323990 46.831550
492 101108 53.458120 37.402640
492 201599 42.456160 29.511600
492 201933 61.468720 9.254430
504 -1 62.570690 9.520520
504 200765 74.487440 6.609630
504 200752 69.881590 12.789760
504 201954 61.619810 26.095560
504 201158 78.050920 36.938230
504 202326 70.505370 29.054560
504 1718 70.797400 1.433150
504 200755 71.466170 46.866260
504 101108 53.909730 37.206700
504 201599 43.699640 29.768640
504 201933 62.124010 9.121850
516 -1 63.071300 9.046660
516 200765 74.927460 5.849290
516 200752 70.320120 12.016960
516 201954 62.070480 26.493620
516 201158 78.528430 37.135890
516 202326 71.114890 28.909170
516 1718 71.510270 1.555160
516 200755 72.557560 46.861420
516 101108 54.350450 37.067000
516 201599 44.916500 30.064350
516 201933 62.621110 8.960820
528 -1 63.316940 9.322760
528 200765 75.276220 5.037700
528 200752 70.612890 11.670130
528 201954 62.522470 26.701460
528 201158 78.987530 37.368900
528 202326 71.703330 28.627530
528 1718 72.239130 1.579360
528 200755 73.537250 46.933890
528 101108 54.755660 37.009810
528 201599 46.104010 30.342940
528 201933 62.943180 8.917490
540 -1 63.491040 9.714930
540 200765 75.423210 4.791280
540 200752 70.728660 11.621660
540 201954 62.851090 26.997190
540 201158 79.442810 37.402860
540 202326 72.277800 28.284340
540 1718 72.916920 1.578580
540 200755 74.494750 46.845560
540 101108 55.127970 36.895840
540 201599 47.296990 30.634630
540 201933 63.004650 9.343360
552 -1 63.640860 10.352880
552 200765 75.351530 5.175010
552 200752 70.553700 12.112510
552 201954 63.069960 27.284130
552 201158 79.898200 37.394760
552 202326 72.834420 27.861340
552 1718 73.537390 1.589770
552 200755 75.365280 47.008640
552 101108 55.414870 36.769510
552 201599 48.484720 30.913310
552 201933 62.972820 9.830300
564 -1 63.799040 10.940970
564 200765 75.295310 5.541500
564 200752 70.165670 13.062420
564 201954 63.160780 27.540000
564 201158 80.326160 37.417280
564 202326 73.353410 27.261190
564 1718 74.112980 1.653240
564 200755 76.192850 47.241720
564 101108 55.603550 36.693280
564 201599 49.652450 31.197240
564 201933 62.864460 10.370390
576 -1 63.427290 11.772970
576 200765 75.332080 5.847430
576 200752 69.800170 13.845510
576 201954 63.114890 27.747100
576 201158 80.743490 37.374920
576 202326 73.801570 26.669230
576 1718 74.624640 1.730170
576 200755 76.973970 47.395890
576 101108 55.675010 36.486260
576 201599 50.858940 31.426650
576 201933 62.686610 10.968440
588 -1 62.749320 11.930170
588 200765 75.459300 6.229830
588 200752 69.496770 14.438370
588 201954 62.895000 28.043800
588 201158 81.165680 37.299320
588 202326 74.207700 26.221480
588 1718 75.045060 1.911900
588 200755 77.753270 47.437150
588 101108 55.649880 36.264310
588 201599 52.048260 31.676250
588 201933 62.478670 11.521290
600 -1 62.208530 11.766190
600 200765 75.667550 6.465680
600 200752 69.165760 15.046600
600 201954 62.620350 28.195290
600 201158 81.560250 37.404650
600 202326 74.488440 25.972000
600 1718 75.442510 2.207720
600 200755 78.495180 47.638670
600 101108 55.492130 36.093530
600 201599 53.198860 31.833460
600 201933 62.366620 11.673210
612 -1 61.962780 11.647740
612 200765 76.039770 6.403900
612 200752 68.871880 15.549660
612 201954 62.310900 28.262920
612 201158 81.929920 37.433400
612 202326 74.645690 25.940390
612 1718 75.840720 2.531660
612 200755 79.211870 47.620990
612 101108 55.261830 35.715050
612 201599 54.346920 31.949000
612 201933 62.216390 11.772750
624 -1 61.679920 11.808070
624 200765 76.439560 6.392310
624 200752 68.708330 15.534230
624 201954 61.937350 28.324280
624 201158 82.291170 37.309400
624 202326 74.708790 26.142070
624 1718 76.256590 2.837710
624 200755 79.911720 47.509140
624 101108 54.990140 35.271600
624 201599 55.508750 32.070320
624 201933 62.073240 11.828670
636 -1 61.278120 11.997830
636 200765 76.814750 6.518010
636 200752 68.564310 15.488320
636 201954 61.575010 28.229540
636 201158 82.576780 37.201010
636 202326 74.784640 26.391280
636 1718 76.692790 3.157540
636 200755 80.569450 47.486520
636 101108 54.614470 34.661240
636 201599 56.685740 32.086280
636 201933 61.942320 11.866940
648 -1 61.186470 11.737800
648 200765 77.233660 6.659460
648 200752 68.453550 15.350130
648 201954 61.059940 28.242160
648 201158 82.790250 37.100170
648 202326 74.897440 26.600140
648 1718 77.080260 3.607380
648 200755 81.172510 47.657850
648 101108 54.151670 33.808570
648 201599 57.879210 32.130220
648 201933 61.789730 11.970100
660 -1 61.475230 11.763760
660 200765 77.640880 6.808050
660 200752 68.398440 15.020130
660 201954 60.406910 28.053430
660 201158 82.957170 37.020660
660 202326 75.120890 26.694000
660 1718 77.438500 4.114520
660 200755 81.745130 47.784230
660 101108 53.657390 32.775810
660 201599 59.071260 32.305350
660 201933 61.611820 12.121590
672 -1 61.214990 12.021170
672 200765 78.049250 6.935360
672 200752 68.332270 14.612160
672 201954 59.644720 27.745470
672 201158 83.068800 37.030300
672 202326 75.356980 26.806660
672 1718 77.824260 4.564050
672 200755 82.356350 47.980430
672 101108 53.114980 31.736640
672 201599 60.166110 32.553990
672 201933 61.439190 12.339420
684 -1 60.515130 12.333090
684 200765 78.441120 7.213660
684 200752 68.231280 14.221620
684 201954 58.819700 27.186840
684 201158 83.136320 37.197040
684 202326 75.606110 26.915350
684 1718 78.317590 4.885970
684 200755 82.983910 48.132440
684 101108 52.531050 30.387510
684 201599 61.200470 32.735010
684 201933 61.247030 12.585200
696 -1 57.680640 15.369010
696 200765 78.771090 7.727140
696 200752 68.105680 13.888370
696 201954 57.886730 26.695170
696 201158 83.226100 37.317100
696 202326 75.848090 27.001790
696 1718 78.775040 5.199530
696 200755 83.605780 48.283000
696 101108 52.037640 29.047060
696 201599 62.129590 33.023240
696 201933 61.092490 12.843190
708 -1 54.715910 18.466000
708 200765 79.068390 8.297910
708 200752 67.920670 13.712790
708 201954 57.015090 25.883420
708 201158 83.301900 37.409700
708 202326 76.058290 27.123370
708 1718 79.254200 5.417600
708 200755 84.229350 48.303690
708 101108 51.613320 27.656880
708 201599 62.998840 33.253860
708 201933 61.048580 13.054870
720 -1 51.936390 21.232020
720 200765 79.362780 8.868350
720 200752 67.693560 13.692150
720 201954 56.290870 25.150030
720 201158 83.371490 37.490710
720 202326 76.254410 27.256800
720 1718 79.714490 5.600460
720 200755 84.824920 48.286780
720 101108 51.251750 26.261800
720 201599 63.803100 33.404540
720 201933 61.011110 13.173810
732 -1 49.751160 23.180310
732 200765 79.656220 9.455120
732 200752 67.448790 13.735620
732 201954 55.746760 24.437520
732 201158 83.432780 37.536730
732 202326 76.461990 27.391820
732 1718 80.089180 5.849110
732 200755 85.367440 48.203760
732 101108 50.953560 24.906990
732 201599 64.673270 33.500610
732 201933 60.983370 13.332270
744 -1 49.482270 22.752060
744 200765 79.951770 9.943000
744 200752 67.221560 13.785410
744 201954 55.335180 23.965640
744 201158 83.477010 37.544270
744 202326 76.685660 27.528620
744 1718 80.291470 6.238050
744 200755 85.857650 48.255540
744 101108 50.665500 23.675800
744 201599 65.550320 33.572370
744 201933 60.997950 13.593240
756 -1 49.684720 22.247500
756 200765 80.285330 10.177600
756 200752 67.028430 13.787370
756 201954 55.147550 23.313400
756 201158 83.499600 37.542520
756 202326 76.897230 27.765900
756 1718 80.460270 6.636440
756 200755 86.334110 48.294030
756 101108 50.424280 22.596640
756 201599 66.422130 33.639700
756 201933 61.096570 13.658660
768 -1 49.287160 21.294360
768 200765 80.588250 10.444870
768 200752 66.879610 13.768670
768 201954 55.171020 22.797910
768 201158 83.507640 37.534980
768 202326 77.124550 27.883340
768 1718 80.686930 6.967360
768 200755 86.783760 48.378070
768 101108 50.241130 21.727250
768 201599 67.245080 33.720900
768 201933 61.229950 13.636050
780 -1 49.120250 20.281510
780 200765 80.844730 10.780650
780 200752 66.797310 13.752150
780 201954 55.367930 22.367660
780 201158 83.513490 37.508920
780 202326 77.318790 28.022050
780 1718 80.925410 7.297880
780 200755 87.262000 48.422200
780 101108 50.071570 21.078560
780 201599 68.016090 33.790940
780 201933 61.496060 13.630500
792 -1 49.265550 19.677520
792 200765 81.065440 11.104150
792 200752 66.790010 13.784240
792 201954 55.677940 22.013410
792 201158 83.529640 37.486200
792 202326 77.484350 28.141910
792 1718 81.192710 7.610970
792 200755 87.751040 48.458140
792 101108 49.925920 20.705850
792 201599 68.695320 33.809770
792 201933 61.844840 13.558670
804 -1 49.188220 19.674020
804 200765 81.269010 11.395000
804 200752 66.856120 13.883140
804 201954 56.116430 21.691350
804 201158 83.541890 37.474670
804 202326 77.623280 28.254900
804 1718 81.448210 7.922690
804 200755 88.222450 48.472040
804 101108 49.854520 20.380800
804 201599 69.316950 33.861050
804 201933 62.238220 13.483640
816 -1 49.292390 19.470670
816 200765 81.456220 11.634630
816 200752 66.994550 14.005150
816 201954 56.634910 21.535350
816 201158 83.544760 37.465720
816 202326 77.769810 28.275060
816 1718 81.671550 8.214290
816 200755 88.656640 48.499640
816 101108 49.802870 20.178130
816 201599 69.918970 34.018040
816 201933 62.589310 13.599740
828 -1 49.439300 18.912940
828 200765 81.626410 11.842650
828 200752 67.212560 14.088340
828 201954 57.223420 21.385560
828 201158 83.561380 37.458200
828 202326 77.904030 28.412020
828 1718 81.782970 8.510230
828 200755 89.079500 48.418660
828 101108 49.774850 20.015280
828 201599 70.480070 34.368770
828 201933 62.908780 13.827830
840 -1 49.585150 18.899560
840 200765 81.748750 12.061270
840 200752 67.453940 14.268100
840 201954 57.753130 21.450400
840 201158 83.562420 37.452820
840 202326 78.078140 28.525370
840 1718 81.840370 8.784050
840 200755 89.453110 48.341050
840 101108 49.821800 19.839030
840 201599 71.041410 34.861440
840 201933 63.221800 14.169570
852 -1 49.803980 18.876770
852 200765 81.841150 12.271470
852 200752 67.729290 14.497010
852 201954 58.238790 21.576810
852 201158 83.555980 37.448830
852 202326 78.287300 28.707380
852 1718 81.852420 9.053060
852 200755 89.779080 48.301930
852 101108 49.933060 19.599830
852 201599 71.603510 35.388520
852 201933 63.540490 14.597900
864 -1 50.187870 18.569910
864 200765 81.881270 12.535400
864 200752 68.021170 14.747480
864 201954 58.742090 21.627940
864 201158 83.547440 37.440770
864 202326 78.512440 28.946280
864 1718 81.855850 9.318350
864 200755 90.044170 48.309720
864 101108 50.064100 19.509100
864 201599 72.182800 35.936780
864 201933 63.899140 14.968040
876 -1 50.726520 18.488360
876 200765 81.888710 12.804250
876 200752 68.297730 15.141300
876 201954 59.195040 21.939500
876 201158 83.546810 37.441850
876 202326 78.783970 29.082600
876 1718 81.885450 9.554190
876 200755 90.307160 48.260570
876 101108 50.209200 19.432330
876 201599 72.797170 36.294880
876 201933 64.303600 15.330560
888 -1 51.139250 18.351050
888 200765 81.868780 13.073970
888 200752 68.509700 15.717680
888 201954 59.639930 22.192530
888 201158 83.554570 37.447350
888 202326 79.053900 29.208740
888 1718 81.983930 9.805430
888 200755 90.583940 48.237470
888 101108 50.346070 19.356500
888 201599 73.529730 36.208890
888 201933 64.814040 15.668800
900 -1 51.259190 17.830080
900 200765 81.839060 13.346570
900 200752 68.761640 16.260150
900 201954 60.068190 22.364720
900 201158 83.573290 37.468910
900 202326 79.304970 29.357230
900 1718 82.104760 10.062700
900 200755 90.828740 48.262370
900 101108 50.472000 19.240760
900 201599 74.257960 36.150700
900 201933 65.317110 15.916490
912 -1 51.225350 17.592310
912 200765 81.795600 13.504610
912 200752 69.047010 16.766360
912 201954 60.490380 22.456050
912 201158 83.599160 37.508130
912 202326 79.538750 29.492440
912 1718 82.259490 10.340050
912 200755 90.996820 48.342220
912 101108 50.614670 19.032600
912 201599 75.048570 36.034830
912 201933 65.724250 16.160760
924 -1 51.168180 17.067390
924 200765 81.750200 13.565790
924 200752 69.418860 17.108940
924 201954 60.910780 22.456720
924 201158 83.659860 37.584980
924 202326 79.760610 29.637720
924 1718 82.388140 10.516560
924 200755 91.138990 48.403040
924 101108 50.790530 18.744360
924 201599 75.833120 35.825540
924 201933 66.100560 16.424910
936 -1 51.253250 17.116350
936 200765 81.715550 13.586900
936 200752 69.816510 17.366150
936 201954 61.300780 22.322360
936 201158 83.752840 37.668110
936 202326 79.958380 29.891770
936 1718 82.515110 10.828370
936 200755 91.325830 48.465250
936 101108 50.976980 18.456280
936 201599 76.580940 35.686730
936 201933 66.450790 16.711360
948 -1 51.336540 16.845100
948 200765 81.669540 13.565260
948 200752 70.251380 17.563180
948 201954 61.628390 22.340530
948 201158 83.860660 37.787880
948 202326 80.168230 30.147320
948 1718 82.609150 11.113010
948 200755 91.489480 48.511070
948 101108 51.193220 18.161870
948 201599 77.277270 35.672860
948 201933 66.690410 16.999280
960 -1 51.697390 16.628720
960 200765 81.649130 13.479380
960 200752 70.660810 17.811940
960 201954 61.957910 22.281500
960 201158 84.002250 37.889380
960 202326 80.387370 30.352330
960 1718 82.693690 11.328230
960 200755 91.599960 48.561490
960 101108 51.467010 17.864630
960 201599 78.016830 35.535780
960 201933 66.904300 17.321070
972 -1 52.284990 16.052420
972 200765 81.672170 13.503810
972 200752 71.038930 18.078860
972 201954 62.241570 22.252810
972 201158 84.117050 38.144030
972 202326 80.585820 30.579970
972 1718 82.743610 11.403940
972 200755 91.708190 48.579480
972 101108 51.816690 17.670570
972 201599 78.708600 35.530000
972 201933 67.205590 17.622430
984 -1 52.823300 16.323560
984 200765 81.790370 13.255640
984 200752 71.362970 18.380460
984 201954 62.447690 22.284410
984 201158 84.232120 38.480880
984 202326 80.832600 30.738290
984 1718 82.794680 11.428020
984 200755 91.785850 48.603480
984 101108 52.171570 17.487290
984 201599 79.351020 35.700130
984 201933 67.510480 17.789740
996 -1 53.098610 16.166020
996 200765 81.905370 13.063240
996 200752 71.667640 18.616120
996 201954 62.641120 22.188690
996 201158 84.405400 38.691420
996 202326 81.134480 30.871970
996 1718 82.770070 11.252060
996 200755 91.730290 48.676920
996 101108 52.506150 17.322800
996 201599 80.018230 35.694490
996 201933 67.797230 17.878100
1008 -1 53.266470 16.006720
1008 200765 81.992920 12.967800
1008 200752 71.944790 18.768060
1008 201954 62.846100 21.839620
1008 201158 84.592640 38.858970
1008 202326 81.517490 30.816740
1008 1718 82.622810 11.134670
1008 200755 91.590990 48.784620
1008 101108 52.853940 17.085680
1008 201599 80.616390 35.896310
1008 201933 68.063930 17.943970
1020 -1 53.548340 15.781770
1020 200765 82.023040 12.915520
1020 200752 72.155090 18.861000
1020 201954 63.009310 21.428090
1020 201158 84.769440 39.045810
1020 202326 81.917970 30.766770
1020 1718 82.547340 10.864220
1020 200755 91.432420 48.883480
1020 101108 53.220960 17.045260
1020 201599 81.187880 36.079620
1020 201933 68.282270 18.007530
1032 -1 53.802530 15.590130
1032 200765 81.999920 12.766330
1032 200752 72.289960 18.903260
1032 201954 63.144410 21.054280
1032 201158 84.990370 39.082080
1032 202326 82.370340 30.627050
1032 1718 82.287260 10.790580
1032 200755 91.217770 49.001680
1032 101108 53.525050 17.005970
1032 201599 81.757100 36.226810
1032 201933 68.579100 18.096870
1044 -1 54.113690 15.391410
1044 200765 81.859740 12.918400
1044 200752 72.322320 19.029970
1044 201954 63.214620 20.780830
1044 201158 85.206760 38.993600
1044 202326 82.768210 30.558480
1044 1718 81.992860 10.760080
1044 200755 90.975690 49.107440
1044 101108 53.775800 17.035630
1044 201599 82.460360 36.090490
1044 201933 68.727900 18.348320
1056 -1 54.643310 15.138640
1056 200765 81.675290 13.142710
1056 200752 72.325300 19.143320
1056 201954 63.205320 20.618040
1056 201158 85.304020 39.140360
1056 202326 83.095910 30.621100
1056 1718 81.787720 10.691420
1056 200755 90.716710 49.193520
1056 101108 54.105270 16.913300
1056 201599 83.104830 36.139770
1056 201933 68.763460 18.611560
1068 -1 55.238620 14.985570
1068 200765 81.501670 13.302350
1068 200752 72.346340 19.253140
1068 201954 63.134400 20.661380
1068 201158 85.416380 39.246180
1068 202326 83.393670 30.793710
1068 1718 81.766180 10.421770
1068 200755 90.445150 49.222530
1068 101108 54.449780 16.817640
1068 201599 83.821120 36.081860
1068 201933 68.710590 18.912330
1080 -1 55.791760 14.759610
1080 200765 81.338200 13.358640
1080 200752 72.429110 19.318980
1080 201954 63.099640 20.688950
1080 201158 85.489330 39.454880
1080 202326 83.706970 30.970560
1080 1718 81.672610 10.369220
1080 200755 90.155180 49.207090
1080 101108 54.788130 16.498820
1080 201599 84.529010 36.093440
1080 201933 68.584270 19.302330
1092 -1 56.006530 14.414280
1092 200765 81.211450 13.516580
1092 200752 72.540280 19.390260
1092 201954 63.156190 20.481200
1092 201158 85.569350 39.690840
1092 202326 84.010520 31.157560
1092 1718 81.771350 10.260100
1092 200755 89.873150 49.148130
1092 101108 55.141210 16.031140
1092 201599 85.218670 36.145570
1092 201933 68.179260 19.746910
1104 -1 56.087400 14.163010
1104 200765 81.082500 13.650680
1104 200752 72.690460 19.484290
1104 201954 63.280180 20.188670
1104 201158 85.607450 39.991620
1104 202326 84.344610 31.203150
1104 1718 81.897560 10.225070
1104 200755 89.590770 49.069810
1104 101108 55.519070 15.878860
1104 201599 85.798400 36.367430
1104 201933 67.812840 20.242610
1116 -1 56.151830 14.014460
1116 200765 81.023690 13.477110
1116 200752 72.831850 19.673220
1116 201954 63.512190 19.781470
1116 201158 85.628930 40.240440
1116 202326 84.743160 31.029780
1116 1718 81.861050 10.182080
1116 200755 89.284190 48.983560
1116 101108 55.893760 15.797110
1116 201599 86.318130 36.637690
1116 201933 67.498110 20.938570
1128 -1 56.330180 13.914710
1128 200765 80.975500 13.340100
1128 200752 72.970410 19.933160
1128 201954 63.793240 19.370380
1128 201158 85.511460 40.689310
1128 202326 85.135980 30.822570
1128 1718 81.590380 10.408480
1128 200755 88.940120 48.924240
1128 101108 56.239450 15.738620
1128 201599 86.762800 36.913280
1128 201933 67.251500 21.751130
1140 -1 56.878190 13.776600
1140 200765 80.861290 13.425210
1140 200752 73.114190 20.269290
1140 201954 64.080650 18.974770
1140 201158 85.338290 41.094840
1140 202326 85.526260 30.618800
1140 1718 81.204060 10.689990
1140 200755 88.529000 48.961410
1140 101108 56.524900 15.773910
1140 201599 87.153970 37.236460
1140 201933 67.033870 22.594940
1152 -1 57.484290 13.643980
1152 200765 80.653940 13.425440
1152 200752 73.256370 20.670030
1152 201954 64.312060 18.779800
1152 201158 85.115660 41.463520
1152 202326 85.911890 30.385020
1152 1718 80.753220 10.909130
1152 200755 88.069920 49.071030
1152 101108 56.791510 15.905440
1152 201599 87.484680 37.599030
1152 201933 66.905300 23.455770
1164 -1 58.121940 13.525590
1164 200765 80.450440 13.376720
1164 200752 73.387020 21.092050
1164 201954 64.568890 18.553580
1164 201158 85.024320 41.545940
1164 202326 86.204520 30.382710
1164 1718 80.326150 10.911560
1164 200755 87.664630 49.072840
1164 101108 57.130980 15.580210
1164 201599 87.772440 37.989810
1164 201933 66.813360 24.410480
1176 -1 58.587440 13.479710
1176 200765 80.116070 13.370590
1176 200752 73.530210 21.503320
1176 201954 64.770280 18.412380
1176 201158 84.997830 41.626360
1176 202326 86.471740 30.377060
1176 1718 80.059180 10.955810
1176 200755 87.266600 49.077640
1176 101108 57.501840 15.109100
1176 201599 88.067810 38.365530
1176 201933 66.745210 25.400110
1188 -1 58.907080 13.577540
1188 200765 79.692540 13.308650
1188 200752 73.647680 21.907110
1188 201954 64.967740 18.247760
1188 201158 85.061290 41.639770
1188 202326 86.701510 30.439430
1188 1718 79.881030 10.880640
1188 200755 86.871060 49.086200
1188 101108 57.898120 14.666240
1188 201599 88.363930 38.723390
1188 201933 66.661900 26.426820
1200 -1 58.980120 13.283690
1200 200765 79.278380 13.060020
1200 200752 73.693520 22.385620
1200 201954 65.179060 18.040270
1200 201158 85.161930 41.643380
1200 202326 86.900230 30.503820
1200 1718 79.780700 10.731750
1200 200755 86.527970 49.012690
1200 101108 58.312930 14.159600
1200 201599 88.716190 38.939500
1200 201933 66.655970 27.446900
1212 -1 59.192890 13.178240
1212 200765 78.905900 12.747580
1212 200752 73.704750 22.940950
1212 201954 65.394960 17.821230
1212 201158 85.234330 41.706320
1212 202326 87.054770 30.648210
1212 1718 79.691600 10.458200
1212 200755 86.245710 48.828880
1212 101108 58.719670 13.696780
1212 201599 89.106070 39.088030
1212 201933 66.746250 28.321210
1224 -1 59.446830 13.082780
1224 200765 78.538840 12.326490
1224 200752 73.696340 23.583300
1224 201954 65.595130 17.617040
1224 201158 85.099650 42.089900
1224 202326 87.263810 30.678950
1224 1718 79.503200 10.387840
1224 200755 85.810230 48.881570
1224 101108 59.114420 13.375390
1224 201599 89.465720 39.282020
1224 201933 66.921350 28.915240
1236 -1 59.695490 13.093310
1236 200765 78.195150 12.044580
1236 200752 73.670760 24.272040
1236 201954 65.814690 17.358610
1236 201158 84.906210 42.474030
1236 202326 87.408610 30.877270
1236 1718 79.139630 10.334480
1236 200755 85.391430 48.917980
1236 101108 59.471150 13.262410
1236 201599 89.801780 39.475250
1236 201933 67.091560 29.376200
1248 -1 60.094000 13.001010
1248 200765 77.868770 11.820160
1248 200752 73.582970 25.024170
1248 201954 65.986970 17.154780
1248 201158 84.680490 42.820850
1248 202326 87.521670 31.193190
1248 1718 78.928210 10.294290
1248 200755 85.022680 48.915450
1248 101108 59.773220 13.376950
1248 201599 90.081650 39.668510
1248 201933 67.247010 29.803780
1260 -1 60.535850 13.089700
1260 200765 77.630660 11.627710
1260 200752 73.477650 25.738610
1260 201954 66.069740 17.106790
1260 201158 84.437860 43.158610
1260 202326 87.614270 31.539630
1260 1718 78.740850 10.195530
1260 200755 84.690510 48.897350
1260 101108 60.059850 13.684800
1260 201599 90.172290 40.055930
1260 201933 67.373150 30.225650
1272 -1 61.059030 12.853450
1272 200765 77.439730 11.455980
1272 200752 73.380030 26.354260
1272 201954 66.156040 17.088840
1272 201158 84.203250 43.483280
1272 202326 87.727750 31.849240
1272 1718 78.605930 10.135650
1272 200755 84.294650 49.009720
1272 101108 60.336630 14.075550
1272 201599 90.214130 40.408900
1272 201933 67.423150 30.735210
1284 -1 61.213810 12.875450
1284 200765 77.268660 11.467920
1284 200752 73.258300 26.888350
1284 201954 66.228910 17.131920
1284 201158 83.949490 43.896840
1284 202326 87.819480 32.095750
1284 1718 78.552990 10.055730
1284 200755 84.038900 48.959580
1284 101108 60.564980 14.503020
1284 201599 90.238920 40.682060
1284 201933 67.347560 31.390930
1296 -1 61.358340 12.770960
1296 200765 77.180620 11.504220
1296 200752 73.124760 27.357430
1296 201954 66.316000 17.207320
1296 201158 83.745420 44.234110
1296 202326 87.905830 32.272000
1296 1718 78.651190 9.946440
1296 200755 83.765400 48.973740
1296 101108 60.756460 14.929180
1296 201599 90.214510 40.920640
1296 201933 67.225510 32.061650
1308 -1 61.485790 12.776420
1308 200765 77.190130 11.565380
1308 200752 73.154400 27.491140
1308 201954 66.466870 17.245030
1308 201158 83.580950 44.509890
1308 202326 87.966380 32.344960
1308 1718 78.644870 9.804600
1308 200755 83.516620 48.975130
1308 101108 60.966960 15.118650
1308 201599 90.179150 41.162500
1308 201933 67.145520 32.679430
1320 -1 61.693020 12.792530
1320 200765 77.229670 11.665100
1320 200752 73.212320 27.647590
1320 201954 66.687240 17.212880
1320 201158 83.383060 44.807250
1320 202326 88.014300 32.357540
1320 1718 78.623430 9.895400
1320 200755 83.267690 49.006710
1320 101108 61.187340 15.116730
1320 201599 90.217970 41.251190
1320 201933 67.070160 33.250700
1332 -1 61.982990 12.818880
1332 200765 77.243680 11.865150
1332 200752 73.324320 27.818110
1332 201954 66.872430 17.199060
1332 201158 83.161070 45.182170
1332 202326 88.030720 32.341170
1332 1718 78.534200 9.948430
1332 200755 83.091400 48.995820
1332 101108 61.418470 14.982370
1332 201599 90.218130 41.327310
1332 201933 67.004050 33.789290
1344 -1 62.472130 12.932730
1344 200765 77.267770 11.950130
1344 200752 73.506810 27.920490
1344 201954 67.042650 17.150900
1344 201158 83.020690 45.457180
1344 202326 88.052150 32.326580
1344 1718 78.421830 9.932040
1344 200755 82.933660 48.996010
1344 101108 61.638370 14.871700
1344 201599 90.193200 41.404140
1344 201933 66.987260 34.300170
1356 -1 63.046510 13.112330
1356 200765 77.173700 12.220280
1356 200752 73.738320 27.927610
1356 201954 67.216580 17.048120
1356 201158 82.840770 45.753130
1356 202326 88.057530 32.284100
1356 1718 78.340790 9.998650
1356 200755 82.817640 48.964800
1356 101108 61.848550 14.729970
1356 201599 90.191310 41.473670
1356 201933 67.020760 34.753750
1368 -1 63.305620 13.053070
1368 200765 77.043140 12.415140
1368 200752 73.881490 28.157340
1368 201954 67.405390 16.876990
1368 201158 82.608350 46.103990
1368 202326 88.054830 32.253030
1368 1718 78.274960 10.012580
1368 200755 82.692720 48.997840
1368 101108 62.047400 14.580020
1368 201599 90.179400 41.527550
1368 201933 67.035580 35.138640
1380 -1 63.316260 12.884010
1380 200765 76.823260 12.434890
1380 200752 74.042620 28.222780
1380 201954 67.552640 16.845140
1380 201158 82.439410 46.377450
1380 202326 88.065260 32.233060
1380 1718 78.207020 9.905820
1380 200755 82.573760 49.059770
1380 101108 62.213980 14.480110
1380 201599 90.168400 41.552770
1380 201933 67.039090 35.470390
1392 -1 63.442790 13.002220
1392 200765 76.613450 12.208930
1392 200752 74.195990 28.136560
1392 201954 67.709160 16.861060
1392 201158 82.335860 46.513760
1392 202326 88.081090 32.254460
1392 1718 78.187430 9.794740
1392 200755 82.520880 49.037740
1392 101108 62.348710 14.448650
1392 201599 90.188110 41.547110
1392 201933 67.051030 35.723940
1404 -1 63.397020 12.882080
1404 200765 76.368740 11.944190
1404 200752 74.359110 27.891890
1404 201954 67.897390 16.848770
1404 201158 82.307450 46.548540
1404 202326 88.102710 32.297170
1404 1718 78.192270 9.798710
1404 200755 82.479490 49.007360
1404 101108 62.425680 14.399540
1404 201599 90.190900 41.552240
1404 201933 67.035400 35.908510
1416 -1 63.578660 12.947430
1416 200765 76.187300 11.570760
1416 200752 74.485330 27.691490
1416 201954 68.090080 16.782490
1416 201158 82.320110 46.519450
1416 202326 88.121150 32.387350
1416 1718 78.215010 9.803120
1416 200755 82.407950 48.886000
1416 101108 62.484860 14.275700
1416 201599 90.168260 41.556860
1416 201933 67.005430 36.055730
1428 -1 63.850240 13.097860
1428 200765 76.033440 11.171140
1428 200752 74.573100 27.534100
1428 201954 68.216290 16.774970
1428 201158 82.361170 46.461000
1428 202326 88.155130 32.481800
1428 1718 78.183650 9.774130
1428 200755 82.373840 48.820160
1428 101108 62.479750 14.325890
1428 201599 90.150490 41.551810
1428 201933 66.966650 36.165930
1440 -1 65.229090 12.835870
1440 200765 76.052800 10.844280
1440 200752 74.689750 27.293030
1440 201954 68.354840 16.642350
1440 201158 82.462540 46.324650
1440 202326 88.183570 32.570360
1440 1718 78.234720 9.531180
1440 200755 82.373210 48.761630
1440 101108 62.451350 14.394530
1440 201599 90.143590 41.547780
1440 201933 66.930010 36.237360
1452 -1 67.330020 12.440390
1452 200765 76.137880 10.840930
1452 200752 74.824140 27.111940
1452 201954 68.496640 16.452500
1452 201158 82.586750 46.169460
1452 202326 88.212000 32.656140
1452 1718 78.368150 9.471310
1452 200755 82.315010 48.639230
1452 101108 62.417730 14.492910
1452 201599 90.132050 41.529820
1452 201933 66.903640 36.298430
1464 -1 69.608780 11.680520
1464 200765 76.338020 10.927990
1464 200752 74.921850 27.159480
1464 201954 68.625730 16.319480
1464 201158 82.731880 45.855980
1464 202326 88.229260 32.716510
1464 1718 78.565880 9.332770
1464 200755 82.266110 48.596950
1464 101108 62.416840 14.646350
1464 201599 90.128040 41.502250
1464 201933 66.902430 36.328550
1476 -1 71.590530 11.462630
1476 200765 76.645960 10.854460
1476 200752 75.054890 27.201320
1476 201954 68.756590 16.260170
1476 201158 82.924850 45.535040
1476 202326 88.250780 32.702270
1476 1718 78.688830 8.963890
1476 200755 82.276960 48.654040
1476 101108 62.394130 14.827350
1476 201599 90.146570 41.465310
1476 201933 66.893480 36.346680
1488 -1 73.661870 10.914290
1488 200765 77.014570 10.837860
1488 200752 75.337400 27.054910
1488 201954 68.942330 16.230400
1488 201158 83.150850 45.163180
1488 202326 88.270080 32.642160
1488 1718 79.143030 8.833400
1488 200755 82.224780 48.719040
1488 101108 62.437260 14.809910
1488 201599 90.154670 41.421190
1488 201933 66.881430 36.347840
1500 -1 75.865410 10.256860
1500 200765 77.402520 10.786610
1500 200752 75.653140 26.981950
1500 201954 69.195350 16.161120
1500 201158 83.306140 44.826210
1500 202326 88.277820 32.552180
1500 1718 79.691780 8.491750
1500 200755 82.248390 48.722370
1500 101108 62.553670 14.582090
1500 201599 90.159430 41.373380
1500 201933 66.863600 36.344490
1512 -1 77.929380 9.894130
1512 200765 77.823250 10.451660
1512 200752 76.032000 26.845030
1512 201954 69.495660 16.061280
1512 201158 83.470310 44.446190
1512 202326 88.291270 32.383390
1512 1718 80.281140 8.161400
1512 200755 82.311330 48.813710
1512 101108 62.722310 14.087780
1512 201599 90.162750 41.325250
1512 201933 66.831870 36.347440
1524 -1 79.884700 9.530700
1524 200765 78.368380 9.721680
1524 200752 76.502460 26.586150
1524 201954 69.810390 15.935490
1524 201158 83.630020 44.214510
1524 202326 88.337040 32.173450
1524 1718 80.932400 7.897470
1524 200755 82.348930 48.847400
1524 101108 62.897840 13.552060
1524 201599 90.188470 41.254700
1524 201933 66.808290 36.354130
1536 -1 81.901460 9.102890
1536 200765 78.987720 9.124530
1536 200752 77.145710 26.060890
1536 201954 70.109430 15.831570
1536 201158 83.769760 43.956760
1536 202326 88.406680 31.977900
1536 1718 81.649750 7.553900
1536 200755 82.372270 48.868490
1536 101108 63.077760 13.297920
1536 201599 90.209750 41.159970
1536 201933 66.804400 36.357490
1548 -1 83.635720 8.397660
1548 200765 79.712240 8.509030
1548 200752 77.900640 25.228510
1548 201954 70.371320 15.740940
1548 201158 83.904990 43.712330
1548 202326 88.523710 31.758460
1548 1718 82.207020 7.095960
1548 200755 82.430510 48.828640
1548 101108 63.213380 13.266280
1548 201599 90.239350 41.002440
1548 201933 66.823320 36.343890
1560 -1 83.542390 8.544290
1560 200765 80.430750 7.959000
1560 200752 78.737880 24.236960
1560 201954 70.576770 15.690710
1560 201158 84.054430 43.551300
1560 202326 88.674950 31.531460
1560 1718 82.716400 6.997490
1560 200755 82.404300 48.815880
1560 101108 63.370110 13.195990
1560 201599 90.248970 40.782660
1560 201933 66.874200 36.328060
1572 -1 84.227530 8.012530
1572 200765 81.146530 7.651160
1572 200752 79.656250 23.146230
1572 201954 70.738450 15.719290
1572 201158 84.183750 43.341070
1572 202326 88.835640 31.356190
1572 1718 83.297250 6.867870
1572 200755 82.378780 48.820940
1572 101108 63.464730 13.426070
1572 201599 90.238270 40.547140
1572 201933 66.954040 36.282190
1584 -1 84.995650 7.579450
1584 200765 81.725700 7.764910
1584 200752 80.642850 21.891590
1584 201954 70.883710 15.797550
1584 201158 84.260200 43.009800
1584 202326 88.959170 31.192900
1584 1718 83.906460 6.659520
1584 200755 82.366830 48.824220
1584 101108 63.541620 13.670860
1584 201599 90.252510 40.197040
1584 201933 66.980150 36.164050
1596 -1 85.788680 7.185780
1596 200765 82.239470 7.918890
1596 200752 81.522400 20.812850
1596 201954 71.031170 15.898890
1596 201158 84.314960 42.507500
1596 202326 89.050770 31.015330
1596 1718 84.466210 6.696780
1596 200755 82.359860 48.832280
1596 101108 63.601640 13.755590
1596 201599 90.186390 39.900480
1596 201933 67.072380 35.991390
1608 -1 86.519260 6.539450
1608 200765 82.651180 8.174970
1608 200752 82.282330 20.061540
1608 201954 71.176820 16.007860
1608 201158 84.286550 41.929820
1608 202326 89.072750 30.884100
1608 1718 84.956860 6.709860
1608 200755 82.379420 48.827890
1608 101108 63.635010 13.783990
1608 201599 90.086090 39.608670
1608 201933 67.183340 35.773660
1620 -1 86.272590 6.313560
1620 200765 83.046500 8.565370
1620 200752 82.934800 19.500720
1620 201954 71.325400 16.127640
1620 201158 84.171120 41.216750
1620 202326 89.042730 30.714940
1620 1718 85.394390 6.819820
1620 200755 82.422860 48.821630
1620 101108 63.562680 14.053790
1620 201599 89.973270 39.300350
1620 201933 67.357130 35.515070
1632 -1 86.414320 6.521330
1632 200765 83.444480 8.959350
1632 200752 83.404090 19.196260
1632 201954 71.496390 16.245030
1632 201158 83.999150 40.482830
1632 202326 88.968250 30.498000
1632 1718 85.588920 7.032260
1632 200755 82.495770 48.833440
1632 101108 63.443630 14.292870
1632 201599 89.854340 38.943590
1632 201933 67.664740 35.177230
1644 -1 87.003820 6.833650
1644 200765 83.823250 9.386620
1644 200752 83.608340 19.387390
1644 201954 71.672050 16.398650
1644 201158 83.677900 39.965010
1644 202326 88.881330 30.274370
1644 1718 85.673240 7.289790
1644 200755 82.631630 48.843390
1644 101108 63.287410 14.492450
1644 201599 89.675930 38.648100
1644 201933 68.155980 34.844760
1656 -1 86.367140 7.342570
1656 200765 84.200820 9.854670
1656 200752 83.632980 19.800990
1656 201954 71.865360 16.595490
1656 201158 83.195290 39.692050
1656 202326 88.781350 30.030840
1656 1718 85.811260 7.585520
1656 200755 82.817990 48.828220
1656 101108 63.079770 14.600570
1656 201599 89.571740 38.249570
1656 201933 68.702740 34.449610
1668 -1 85.379790 8.320210
1668 200765 84.576410 10.248400
1668 200752 83.469640 20.437600
1668 201954 72.067280 16.826530
1668 201158 82.719260 39.447900
1668 202326 88.666930 29.732570
1668 1718 85.963550 7.772910
1668 200755 83.028380 48.792020
1668 101108 62.838990 14.668940
1668 201599 89.521400 37.845100
1668 201933 69.275860 34.014730
1680 -1 85.142830 7.702490
1680 200765 84.863500 10.569390
1680 200752 83.191750 21.229610
1680 201954 72.259610 17.055720
1680 201158 82.324220 39.095780
1680 202326 88.544720 29.448800
1680 1718 86.003190 7.768760
1680 200755 83.241840 48.740950
1680 101108 62.552110 14.774630
1680 201599 89.574980 37.409820
1680 201933 69.842650 33.551920
1692 -1 85.253630 7.577700
1692 200765 85.041660 10.858770
1692 200752 82.894040 21.942790
1692 201954 72.414410 17.222240
1692 201158 81.849070 38.901620
1692 202326 88.436030 29.177230
1692 1718 86.022950 7.661090
1692 200755 83.412810 48.675500
1692 101108 62.189180 15.010860
1692 201599 89.648250 37.000110
1692 201933 70.348270 33.162300
1704 -1 85.343340 7.639010
1704 200765 85.117450 11.174750
1704 200752 82.669220 22.421400
1704 201954 72.545960 17.286970
1704 201158 81.482350 38.554350
1704 202326 88.350120 28.900520
1704 1718 85.947200 7.563640
1704 200755 83.509550 48.620790
1704 101108 61.803370 15.253220
1704 201599 89.708890 36.636560
1704 201933 70.796420 32.827790
1716 -1 84.426740 7.880140
1716 200765 85.108360 11.266670
1716 200752 82.468600 22.858780
1716 201954 72.626270 17.229550
1716 201158 81.341190 38.020000
1716 202326 88.289230 28.670810
1716 1718 85.757620 7.432910
1716 200755 83.520450 48.617410
1716 101108 61.437750 15.569680
1716 201599 89.773210 36.259140
1716 201933 71.156210 32.572570
1728 -1 83.542350 7.705950
1728 200765 85.014920 11.309140
1728 200752 82.236710 23.272480
1728 201954 72.700140 17.077630
1728 201158 81.290820 37.528820
1728 202326 88.257330 28.515190
1728 1718 85.386380 7.466980
1728 200755 83.498170 48.622780
1728 101108 61.106140 15.858720
1728 201599 89.743740 36.016820
1728 201933 71.475120 32.404690
1740 -1 83.175860 7.796050
1740 200765 84.871080 11.355480
1740 200752 81.938590 23.659050
1740 201954 72.816290 16.865370
1740 201158 81.362820 37.064600
1740 202326 88.249130 28.418530
1740 1718 85.110140 7.653420
1740 200755 83.446050 48.650420
1740 101108 60.808660 16.253030
1740 201599 89.605850 35.889430
1740 201933 71.708680 32.290010
1752 -1 83.031590 7.998670
1752 200765 84.715030 11.415790
1752 200752 81.516540 24.178850
1752 201954 73.025100 16.637150
1752 201158 81.597510 36.573300
1752 202326 88.260800 28.338420
1752 1718 84.932120 7.888660
1752 200755 83.407590 48.656690
1752 101108 60.589270 16.539730
1752 201599 89.457250 35.804250
1752 201933 71.798830 32.216750
1764 -1 83.547210 8.260290
1764 200765 84.655030 11.414290
1764 200752 81.012610 24.709270
1764 201954 73.330840 16.432350
1764 201158 81.880640 36.240650
1764 202326 88.274120 28.320500
1764 1718 84.868780 8.093540
1764 200755 83.406160 48.650580
1764 101108 60.398620 16.963440
1764 201599 89.406430 35.627540
1764 201933 71.766180 32.148240
1776 -1 84.108150 8.713870
1776 200765 84.664420 11.535250
1776 200752 80.439280 25.222020
1776 201954 73.709120 16.263800
1776 201158 82.074720 36.257000
1776 202326 88.297010 28.346790
1776 1718 84.873180 8.351960
1776 200755 83.415220 48.621770
1776 101108 60.249840 17.364710
1776 201599 89.390700 35.475870
1776 201933 71.660350 32.104240
1788 -1 84.139240 8.861120
1788 200765 84.730190 11.755910
1788 200752 79.841020 25.700270
1788 201954 74.093950 16.179310
1788 201158 82.253130 36.314570
1788 202326 88.328600 28.402990
1788 1718 84.925030 8.693150
1788 200755 83.411750 48.601010
1788 101108 60.145270 17.817160
1788 201599 89.428030 35.302070
1788 201933 71.519900 32.068230
1800 -1 84.017660 8.932090
1800 200765 84.839470 12.065860
1800 200752 79.227740 26.149030
1800 201954 74.424280 16.162170
1800 201158 82.355810 36.562600
1800 202326 88.373410 28.497980
1800 1718 84.837670 9.316030
1800 200755 83.436040 48.576840
1800 101108 60.081710 18.308800
1800 201599 89.578640 35.023480
1800 201933 71.390860 32.041200
1812 -1 84.173660 8.732130
1812 200765 84.960020 12.579660
1812 200752 78.618610 26.550940
1812 201954 74.684690 16.199110
1812 201158 82.467040 36.738590
1812 202326 88.413850 28.675300
1812 1718 84.734200 10.080140
1812 200755 83.463390 48.566390
1812 101108 60.031080 19.021640
1812 201599 89.675430 34.906630
1812 201933 71.317950 32.008180
1824 -1 84.192250 9.042580
1824 200765 85.025970 13.307670
1824 200752 77.995400 26.978880
1824 201954 74.836270 16.288400
1824 201158 82.601970 36.881580
1824 202326 88.483500 28.920480
1824 1718 84.651960 11.056920
1824 200755 83.437340 48.584670
1824 101108 59.966670 19.898660
1824 201599 89.719590 34.924550
1824 201933 71.295590 31.995370
1836 -1 84.086200 9.926780
1836 200765 84.958500 14.193060
1836 200752 77.418570 27.383900
1836 201954 74.946680 16.442790
1836 201158 82.756180 36.992770
1836 202326 88.578600 29.306140
1836 1718 84.616220 12.165290
1836 200755 83.430370 48.596240
1836 101108 59.882760 20.980700
1836 201599 89.750890 35.089770
1836 201933 71.302440 31.996930
1848 -1 83.421030 10.846980
1848 200765 84.791880 15.094650
1848 200752 76.832320 27.915370
1848 201954 75.073990 16.581840
1848 201158 82.927780 37.090040
1848 202326 88.674590 29.872100
1848 1718 84.678360 13.340750
1848 200755 83.435720 48.612370
1848 101108 59.815650 22.148180
1848 201599 89.834020 35.315770
1848 201933 71.303080 31.995720
1860 -1 83.337640 12.427240
1860 200765 84.619700 16.238140
1860 200752 76.258810 28.444180
1860 201954 75.273010 16.740230
1860 201158 83.108470 37.075200
1860 202326 88.784170 30.450490
1860 1718 84.818340 14.405270
1860 200755 83.418340 48.620020
1860 101108 59.799630 23.164910
1860 201599 89.868170 35.713660
1860 201933 71.249990 32.009350
1872 -1 83.905970 13.677780
1872 200765 84.505590 17.261800
1872 200752 75.838420 28.813470
1872 201954 75.520250 16.938670
1872 201158 83.267540 37.092950
1872 202326 88.927600 30.989860
1872 1718 85.016680 15.300410
1872 200755 83.380000 48.621380
1872 101108 59.871260 23.854800
1872 201599 90.000420 35.987910
1872 201933 71.208610 32.050410
1884 -1 84.278050 14.445890
1884 200765 84.425560 18.251500
1884 200752 75.494930 29.119730
1884 201954 75.844860 17.109770
1884 201158 83.372250 37.169700
1884 202326 89.056980 31.582930
1884 1718 85.264290 16.089080
1884 200755 83.351840 48.609990
1884 101108 60.029530 24.260230
1884 201599 90.147510 36.260570
1884 201933 71.182540 32.116960
1896 -1 84.820320 15.122400
1896 200765 84.430540 19.235400
1896 200752 75.201000 29.409850
1896 201954 76.174210 17.199310
1896 201158 83.410160 37.318210
1896 202326 89.151820 31.999950
1896 1718 85.544220 16.794050
1896 200755 83.327030 48.599950
1896 101108 60.239770 24.537600
1896 201599 90.290390 36.468090
1896 201933 71.203050 32.196860
1908 -1 85.648330 16.292160
1908 200765 84.633570 20.325300
1908 200752 74.984430 29.591000
1908 201954 76.478460 17.240900
1908 201158 83.401010 37.475460
1908 202326 89.261250 32.194360
1908 1718 85.853080 17.316770
1908 200755 83.292330 48.587140
1908 101108 60.440890 24.784970
1908 201599 90.318930 36.787820
1908 201933 71.275610 32.314760
1920 -1 85.975050 16.722890
1920 200765 85.030640 21.129520
1920 200752 74.948370 29.640080
1920 201954 76.736020 17.191150
1920 201158 83.345740 37.707390
1920 202326 89.340410 32.298270
1920 1718 86.142620 17.564390
1920 200755 83.270460 48.576990
1920 101108 60.611080 25.129270
1920 201599 90.328000 37.069500
1920 201933 71.394200 32.459050
1932 -1 85.769990 17.324350
1932 200765 85.445840 21.796890
1932 200752 74.973750 29.710710
1932 201954 76.971490 17.023120
1932 201158 83.267190 37.971110
1932 202326 89.317150 32.462120
1932 1718 86.260780 17.798580
1932 200755 83.288590 48.568020
1932 101108 60.740090 25.532550
1932 201599 90.282040 37.350010
1932 201933 71.481100 32.558670
1944 -1 85.416140 18.045980
1944 200765 85.800170 22.264510
1944 200752 75.151500 29.680050
1944 201954 77.183930 16.783610
1944 201158 83.207680 38.154780
1944 202326 89.205630 32.510140
1944 1718 86.056610 18.083360
1944 200755 83.307690 48.560990
1944 101108 60.845860 25.925810
1944 201599 90.222850 37.613540
1944 201933 71.565470 32.647450
1956 -1 84.939290 18.851410
1956 200765 86.105920 22.587560
1956 200752 75.422500 29.592900
1956 201954 77.390960 16.644060
1956 201158 83.208290 38.133440
1956 202326 89.104550 32.456780
1956 1718 85.626720 18.512480
1956 200755 83.337280 48.552980
1956 101108 60.957650 26.249710
1956 201599 90.160490 37.883150
1956 201933 71.632690 32.737670
1968 -1 84.365190 19.704260
1968 200765 86.323480 22.477360
1968 200752 75.796900 29.408450
1968 201954 77.580540 16.671210
1968 201158 83.286040 37.853620
1968 202326 89.028510 32.289390
1968 1718 84.922430 19.074170
1968 200755 83.347490 48.544590
1968 101108 61.082130 26.420520
1968 201599 90.204790 37.946250
1968 201933 71.673600 32.790500
1980 -1 83.719610 20.568150
1980 200765 86.320090 22.239960
1980 200752 76.154350 29.223740
1980 201954 77.788750 16.744270
1980 201158 83.362430 37.583010
1980 202326 88.911200 32.154920
1980 1718 84.154860 19.772150
1980 200755 83.359580 48.546370
1980 101108 61.127780 26.658930
1980 201599 90.264350 37.991640
1980 201933 71.701310 32.784440
1992 -1 83.028320 21.406720
1992 200765 86.163590 21.981560
1992 200752 76.509650 29.086520
1992 201954 77.972940 16.889790
1992 201158 83.437150 37.326910
1992 202326 88.912120 31.714390
1992 1718 83.375070 20.495310
1992 200755 83.358120 48.555290
1992 101108 61.145690 26.870110
1992 201599 90.347970 38.024670
1992 201933 71.736300 32.787530
2004 -1 82.317080 22.183580
2004 200765 85.933720 21.602360
2004 200752 76.885110 29.021850
2004 201954 78.180820 17.034740
2004 201158 83.511260 37.039560
2004 202326 89.026790 31.046010
2004 1718 82.730690 21.107870
2004 200755 83.352030 48.571190
2004 101108 61.127800 27.101140
2004 201599 90.423990 38.048040
2004 201933 71.758520 32.758530
2016 -1 81.611660 22.862370
2016 200765 85.582120 21.344290
2016 200752 77.366900 28.912450
2016 201954 78.421060 17.081650
2016 201158 83.539800 36.810810
2016 202326 89.078860 30.568040
2016 1718 82.174040 21.503740
2016 200755 83.346360 48.575050
2016 101108 61.027040 27.441910
2016 201599 90.492450 38.041890
2016 201933 71.781880 32.710120
2028 -1 80.937830 23.406690
2028 200765 85.068870 21.021040
2028 200752 77.898990 28.766200
2028 201954 78.722470 16.918640
2028 201158 83.481800 36.849490
2028 202326 88.953510 30.370940
2028 1718 81.760370 21.756480
2028 200755 83.366120 48.596410
2028 101108 60.931040 27.465540
2028 201599 90.570490 37.985300
2028 201933 71.838150 32.657310
2040 -1 80.301310 23.767050
2040 200765 84.384540 20.898160
2040 200752 78.516600 28.558190
2040 201954 79.031600 16.684710
2040 201158 83.435540 36.783870
2040 202326 88.877430 30.153610
2040 1718 81.297140 22.031680
2040 200755 83.376870 48.602010
2040 101108 60.869570 27.174900
2040 201599 90.570670 37.987010
2040 201933 71.914700 32.639410
2052 -1 80.218400 23.690890
2052 200765 83.629770 20.754970
2052 200752 79.319960 28.175360
2052 201954 79.343630 16.385660
2052 201158 83.324000 36.795810
2052 202326 88.736020 30.137260
2052 1718 80.799880 22.402180
2052 200755 83.352560 48.600510
2052 101108 60.764340 26.863840
2052 201599 90.549110 37.986830
2052 201933 71.978310 32.602240
2064 -1 81.201790 22.906410
2064 200765 82.829050 20.742240
2064 200752 80.018720 27.941880
2064 201954 79.572930 16.114340
2064 201158 83.147760 36.863850
2064 202326 88.531650 30.324420
2064 1718 80.205800 22.955000
2064 200755 83.295020 48.572020
2064 101108 60.569750 26.611570
2064 201599 90.505070 38.001540
2064 201933 72.018350 32.562570
2076 -1 82.571090 23.310690
2076 200765 82.147560 20.515880
2076 200752 80.682490 27.675420
2076 201954 79.730720 15.824830
2076 201158 82.914620 36.939910
2076 202326 88.367730 30.392730
2076 1718 79.546630 23.546480
2076 200755 83.098620 48.608860
2076 101108 60.342950 26.149210
2076 201599 90.450360 38.020740
2076 201933 71.993510 32.538530
2088 -1 83.968770 23.537940
2088 200765 81.565550 20.579520
2088 200752 81.313340 27.572510
2088 201954 79.811030 15.536330
2088 201158 82.599850 37.052780
2088 202326 88.313430 30.259260
2088 1718 78.826640 24.110550
2088 200755 82.852030 48.486480
2088 101108 60.003490 25.894950
2088 201599 90.363410 38.079650
2088 201933 71.864220 32.508600
2100 -1 85.312560 23.998840
2100 200765 81.132000 20.496150
2100 200752 81.913750 27.498230
2100 201954 79.831960 15.244250
2100 201158 82.161240 37.296140
2100 202326 88.212870 30.109270
2100 1718 78.133200 24.521830
2100 200755 82.468680 48.378280
2100 101108 59.589000 25.797870
2100 201599 90.326860 38.065870
2100 201933 71.641310 32.473550
2112 -1 86.633020 24.446340
2112 200765 80.812970 20.677370
2112 200752 82.365180 27.458040
2112 201954 79.811790 14.928960
2112 201158 81.671860 37.480980
2112 202326 88.113280 29.895580
2112 1718 77.473000 24.565450
2112 200755 81.922880 48.373340
2112 101108 59.138290 25.618370
2112 201599 90.282550 38.054950
2112 201933 71.369960 32.480100
2124 -1 87.848140 24.638600
2124 200765 80.631610 20.907850
2124 200752 82.961650 27.019910
2124 201954 79.779460 14.600990
2124 201158 81.152350 37.612810
2124 202326 87.968940 29.625130
2124 1718 76.796670 24.373880
2124 200755 81.240840 48.427550
2124 101108 58.708330 25.262550
2124 201599 90.216400 38.037220
2124 201933 71.034020 32.502660
2136 -1 88.158850 24.587680
2136 200765 80.475230 21.236430
2136 200752 83.450010 26.712100
2136 201954 79.777940 14.201120
2136 201158 80.576020 37.726490
2136 202326 87.781830 29.353430
2136 1718 76.156650 24.152750
2136 200755 80.564060 48.273150
2136 101108 58.249170 24.946970
2136 201599 90.185240 37.953220
2136 201933 70.642880 32.511740
2148 -1 88.501580 24.673730
2148 200765 80.274950 21.552690
2148 200752 83.899660 26.276020
2148 201954 79.775680 13.873060
2148 201158 79.941180 37.840580
2148 202326 87.601750 29.078930
2148 1718 75.578830 23.970020
2148 200755 79.829090 47.969080
2148 101108 57.798400 24.641060
2148 201599 90.311760 37.597450
2148 201933 70.219490 32.547080
2160 -1 88.802600 24.633750
2160 200765 80.073390 21.850900
2160 200752 84.306250 25.797320
2160 201954 79.795410 13.483760
2160 201158 79.249820 37.993660
2160 202326 87.490740 28.791420
2160 1718 75.045000 23.835050
2160 200755 79.046760 47.492510
2160 101108 57.346820 24.198990
2160 201599 90.382370 37.268140
2160 201933 69.776490 32.609540
2172 -1 88.886770 24.664230
2172 200765 79.868240 21.932150
2172 200752 84.670520 25.338520
2172 201954 79.802550 13.183300
2172 201158 78.470720 38.188590
2172 202326 87.435950 28.498840
2172 1718 74.487120 23.875790
2172 200755 78.215110 46.824790
2172 101108 56.872520 23.808070
2172 201599 90.385480 36.922840
2172 201933 69.314090 32.649030
2184 -1 88.583220 24.974770
2184 200765 79.620710 21.981480
2184 200752 84.951250 25.026270
2184 201954 79.808950 12.897120
2184 201158 77.564050 38.498620
2184 202326 87.504310 28.158000
2184 1718 73.938870 23.858400
2184 200755 77.350600 46.071470
2184 101108 56.367690 23.467790
2184 201599 90.344190 36.570620
2184 201933 68.816660 32.721820
2196 -1 88.628810 24.924920
2196 200765 79.359720 21.909730
2196 200752 85.335240 24.528180
2196 201954 79.795030 12.553720
2196 201158 76.631740 38.787660
2196 202326 87.698600 27.734530
2196 1718 73.279820 23.715360
2196 200755 76.388830 45.214890
2196 101108 55.882270 23.063530
2196 201599 90.148670 36.310600
2196 201933 68.271870 32.859660
2208 -1 88.630880 24.898380
2208 200765 79.119530 21.811860
2208 200752 85.707060 23.909470
2208 201954 79.723030 12.140560
2208 201158 75.518430 39.118480
2208 202326 87.945720 27.304060
2208 1718 72.548450 23.426140
2208 200755 75.085900 44.699790
2208 101108 55.372060 22.657030
2208 201599 89.700360 36.302460
2208 201933 67.668360 33.002760
2220 -1 88.681290 24.977590
2220 200765 78.884050 21.656970
2220 200752 86.051710 23.398950
2220 201954 79.565960 11.827470
2220 201158 74.371410 39.494320
2220 202326 88.195840 26.903350
2220 1718 71.704120 23.117140
2220 200755 73.593620 44.329430
2220 101108 54.858040 22.251170
2220 201599 89.179150 36.230730
2220 201933 66.998700 33.045110
2232 -1 88.748300 25.056800
2232 200765 78.674940 21.431910
2232 200752 86.344610 22.964000
2232 201954 79.334220 11.529290
2232 201158 73.288980 39.851670
2232 202326 88.444810 26.526740
2232 1718 70.814890 22.820430
2232 200755 71.977050 43.953670
2232 101108 54.352610 21.797710
2232 201599 88.536410 36.131240
2232 201933 66.273860 33.030330
2244 -1 88.809000 24.782770
2244 200765 78.487540 21.163740
2244 200752 86.555560 22.601880
2244 201954 79.110770 11.098340
2244 201158 72.150360 40.224700
2244 202326 88.695160 26.191600
2244 1718 69.863620 22.536260
2244 200755 70.272960 43.501830
2244 101108 53.859030 21.269860
2244 201599 87.749050 36.008170
2244 201933 65.499990 33.007570
2256 -1 89.159130 24.607090
2256 200765 78.302610 20.884890
2256 200752 86.624680 22.448730
2256 201954 78.861930 10.733540
2256 201158 70.838320 40.847580
2256 202326 88.945690 25.908690
2256 1718 68.883540 22.273930
2256 200755 68.409340 43.247960
2256 101108 53.354250 20.809900
2256 201599 86.885210 35.820710
2256 201933 64.674950 32.956290
2268 -1 89.606950 23.997850
2268 200765 78.086020 20.621680
2268 200752 86.669420 22.369760
2268 201954 78.608980 10.396030
2268 201158 69.652300 41.382550
2268 202326 89.225960 25.664890
2268 1718 67.820710 22.027030
2268 200755 66.571880 42.920860
2268 101108 52.845850 20.417650
2268 201599 85.870210 35.643950
2268 201933 63.770520 32.910420
2280 -1 90.202770 23.420020
2280 200765 77.852520 20.375500
2280 200752 86.684890 22.254840
2280 201954 78.366660 10.009730
2280 201158 68.446820 41.820160
2280 202326 89.566640 25.354140
2280 1718 66.697460 21.750850
2280 200755 64.711020 42.554220
2280 101108 52.321590 20.079500
2280 201599 84.719700 35.452370
2280 201933 62.810040 32.897570
2292 -1 90.846530 23.825110
2292 200765 77.595430 20.151320
2292 200752 86.646470 22.101280
2292 201954 78.123410 9.632560
2292 201158 67.068780 42.279910
2292 202326 89.938190 25.127000
2292 1718 65.517220 21.379780
2292 200755 62.775360 42.259660
2292 101108 51.789960 19.801600
2292 201599 83.545250 35.244520
2292 201933 61.766360 33.023230
2304 -1 91.285760 24.598350
2304 200765 77.342600 19.873300
2304 200752 86.593490 21.802760
2304 201954 77.759770 9.472280
2304 201158 65.681710 42.750020
2304 202326 90.313840 24.920770
2304 1718 64.303200 21.018800
2304 200755 60.735120 42.129560
2304 101108 51.272630 19.638170
2304 201599 82.339460 34.970120
2304 201933 60.715030 32.967700
2316 -1 91.634680 24.945660
2316 200765 77.099080 19.566470
2316 200752 86.490970 21.383530
2316 201954 77.319300 9.460720
2316 201158 64.331210 43.008160
2316 202326 90.714840 24.740980
2316 1718 63.029710 20.778130
2316 200755 58.637320 42.050200
2316 101108 50.762930 19.476910
2316 201599 81.024500 34.684610
2316 201933 59.648320 32.838210
2328 -1 91.736130 25.427730
2328 200765 76.886920 19.221470
2328 200752 86.356900 20.863350
2328 201954 76.886700 9.261860
2328 201158 62.901580 43.330410
2328 202326 91.154580 24.529730
2328 1718 61.693490 20.580560
2328 200755 56.581730 41.888920
2328 101108 50.270710 19.330480
2328 201599 79.624420 34.439050
2328 201933 58.591680 32.568980
2340 -1 92.161100 25.327010
2340 200765 76.695750 18.826320
2340 200752 86.165800 20.199060
2340 201954 76.315950 9.301720
2340 201158 61.393750 43.814190
2340 202326 91.543290 24.409020
2340 1718 60.368470 20.321100
2340 200755 54.558350 41.750930
2340 101108 49.806120 19.139040
2340 201599 78.193140 34.213480
2340 201933 57.540420 32.262590
2352 -1 92.886760 24.631640
2352 200765 76.546020 18.331360
2352 200752 85.872730 19.616800
2352 201954 75.737900 9.282860
2352 201158 59.902720 44.189450
2352 202326 91.984220 24.182310
2352 1718 59.016170 20.145120
2352 200755 52.613840 41.607460
2352 101108 49.357310 18.917980
2352 201599 76.730360 33.897660
2352 201933 56.473320 31.965870
2364 -1 93.403790 24.131710
2364 200765 76.399520 17.861890
2364 200752 85.452000 19.306780
2364 201954 75.180250 9.123580
2364 201158 58.411150 44.499930
2364 202326 92.466940 23.911660
2364 1718 57.611910 20.055540
2364 200755 50.705160 41.324760
2364 101108 48.914480 18.669450
2364 201599 75.179450 33.659190
2364 201933 55.366040 31.789560
2376 -1 93.773450 23.625020
2376 200765 76.214170 17.426160
2376 200752 84.968920 19.143850
2376 201954 74.579930 8.976250
2376 201158 56.921160 44.857460
2376 202326 93.027370 23.399370
2376 1718 56.142640 19.982050
2376 200755 48.881640 40.932050
2376 101108 48.473090 18.431100
2376 201599 73.697040 33.285190
2376 201933 54.260790 31.605470