0 -1 73.120370 15.763890
0 201564 45.879860 23.126520
0 202328 59.708870 36.106900
0 203114 62.559540 8.094850
0 203507 93.164110 21.048230
0 203953 80.815540 27.266290
0 200755 66.981770 5.398400
0 101108 71.959340 16.156940
0 202325 70.258170 32.656770
0 201599 77.532010 35.538820
0 201933 93.932150 25.208620
12 -1 70.956500 14.524510
12 201564 45.024460 22.396460
12 202328 58.410490 36.031330
12 203114 60.568940 8.293710
12 203507 92.042010 19.367670
12 203953 79.426290 27.004660
12 200755 64.982590 4.804880
12 101108 70.821110 15.240570
12 202325 68.372430 33.231580
12 201599 75.597920 35.242600
12 201933 92.975460 25.214040
24 -1 68.793190 14.394530
24 201564 44.135900 21.787550
24 202328 57.064290 35.916290
24 203114 58.543130 8.414130
24 203507 90.824090 18.144110
24 203953 77.930140 26.843070
24 200755 62.807830 4.256340
24 101108 69.580010 14.389250
24 202325 66.369600 33.796990
24 201599 73.555410 34.788710
24 201933 91.890360 25.319930
36 -1 66.852940 14.026080
36 201564 43.143310 21.122650
36 202328 55.692380 35.782770
36 203114 56.480470 8.501760
36 203507 89.535600 17.554220
36 203953 76.270330 26.550230
36 200755 60.637830 3.738260
36 101108 68.175300 13.689540
36 202325 64.312510 34.369200
36 201599 71.429750 34.304260
36 201933 90.638360 25.562920
48 -1 65.242300 13.934200
48 201564 42.053230 20.441030
48 202328 54.280800 35.598270
48 203114 54.385760 8.539810
48 203507 88.281900 17.239340
48 203953 74.524230 26.205470
48 200755 58.433630 3.304620
48 101108 66.633010 13.163070
48 202325 62.167590 34.926690
48 201599 69.285130 33.771620
48 201933 89.204830 25.848260
60 -1 64.627180 13.885780
60 201564 40.895280 19.710510
60 202328 52.803970 35.356530
60 203114 52.231230 8.523780
60 203507 86.932670 16.971290
60 203953 72.653670 25.986920
60 200755 56.230640 2.935650
60 101108 64.991570 12.742420
60 202325 59.966490 35.498680
60 201599 67.044060 33.037000
60 201933 87.638180 26.078220
72 -1 63.582480 13.718900
72 201564 39.792350 19.219430
72 202328 51.349310 35.023550
72 203114 50.018090 8.477680
72 203507 85.480040 16.720730
72 203953 70.623130 25.681360
72 200755 53.975470 2.620810
72 101108 63.262880 12.370340
72 202325 57.714070 36.051360
72 201599 64.832750 32.352760
72 201933 85.995220 26.309870
84 -1 61.433100 13.449650
84 201564 38.674010 18.746290
84 202328 49.801240 34.578170
84 203114 47.863380 8.430340
84 203507 83.865130 16.545230
84 203953 68.470030 25.300150
84 200755 51.802560 2.335700
84 101108 61.442350 12.091090
84 202325 55.428790 36.591150
84 201599 62.605940 31.614260
84 201933 84.115000 26.560020
96 -1 59.004560 13.010560
96 201564 37.593110 18.411440
96 202328 48.173210 34.043980
96 203114 45.806280 8.333070
96 203507 82.178300 16.519530
96 203953 66.269880 24.997140
96 200755 49.607300 2.124920
96 101108 59.555770 11.880640
96 202325 53.065310 37.103240
96 201599 60.427280 30.889660
96 201933 82.155330 26.841540
108 -1 56.527780 13.032640
108 201564 36.467780 18.161330
108 202328 46.482120 33.490400
108 203114 43.804730 8.257530
108 203507 80.439030 16.594380
108 203953 63.998790 24.757750
108 200755 47.423500 1.920100
108 101108 57.669140 11.712700
108 202325 50.639320 37.577100
108 201599 58.209750 30.129060
108 201933 80.085730 27.155210
120 -1 55.168890 12.728520
120 201564 35.372200 18.117820
120 202328 44.749290 32.919470
120 203114 41.830800 8.146110
120 203507 78.597250 16.679990
120 203953 61.756160 24.510350
120 200755 45.219380 1.732240
120 101108 55.765180 11.614690
120 202325 48.150690 38.031840
120 201599 56.017630 29.422590
120 201933 77.914640 27.525510
132 -1 53.993260 12.597310
132 201564 34.281420 18.015380
132 202328 42.925180 32.310480
132 203114 39.931790 8.062040
132 203507 76.657910 16.841700
132 203953 59.526820 24.341000
132 200755 43.056920 1.532610
132 101108 53.828350 11.590670
132 202325 45.612480 38.405230
132 201599 53.853350 28.741860
132 201933 75.660830 27.956530
144 -1 51.778110 12.798820
144 201564 33.227240 17.931800
144 202328 41.148730 31.730750
144 203114 38.052170 8.037200
144 203507 74.728560 17.096150
144 203953 57.298500 24.175120
144 200755 40.889610 1.402810
144 101108 51.881590 11.571600
144 202325 43.017210 38.679690
144 201599 51.698940 28.078090
144 201933 73.370200 28.430420
156 -1 49.114460 12.473640
156 201564 32.173920 17.821480
156 202328 39.359440 31.169940
156 203114 36.071570 8.081640
156 203507 72.738500 17.393870
156 203953 55.115090 24.090030
156 200755 38.692170 1.323810
156 101108 49.926510 11.573160
156 202325 40.384730 38.880030
156 201599 49.509710 27.438640
156 201933 70.980650 28.877190
168 -1 46.055990 12.332860
168 201564 31.189340 17.783520
168 202328 37.522070 30.676940
168 203114 34.094450 8.117000
168 203507 70.657040 17.756640
168 203953 52.949520 24.017260
168 200755 36.453030 1.213030
168 101108 47.940680 11.570740
168 202325 37.734810 38.984330
168 201599 47.380370 26.820760
168 201933 68.565730 29.388910
180 -1 44.514520 11.617380
180 201564 30.227070 17.712740
180 202328 35.741420 30.171430
180 203114 32.278380 8.190910
180 203507 68.555740 18.154300
180 203953 50.782670 23.951300
180 200755 34.200270 1.119120
180 101108 45.909610 11.536680
180 202325 35.087610 38.952800
180 201599 45.243290 26.213360
180 201933 66.092510 29.864090
192 -1 42.634900 11.886310
192 201564 29.336990 17.560670
192 202328 33.961960 29.723920
192 203114 30.539870 8.285320
192 203507 66.394370 18.595840
192 203953 48.694740 23.917370
192 200755 31.897770 1.059460
192 101108 43.844840 11.523810
192 202325 32.464830 38.750860
192 201599 43.122730 25.621970
192 201933 63.595710 30.390720
204 -1 42.951740 11.982760
204 201564 28.541000 17.382680
204 202328 32.156630 29.376510
204 203114 28.881410 8.286630
204 203507 64.201660 19.065480
204 203953 46.646730 23.911070
204 200755 29.689160 0.951190
204 101108 41.748700 11.635100
204 202325 29.912740 38.411490
204 201599 41.035560 25.074080
204 201933 61.040620 30.875300
216 -1 41.356180 12.106440
216 201564 27.814320 17.199600
216 202328 30.386900 29.067620
216 203114 27.364090 8.360280
216 203507 62.023020 19.533240
216 203953 44.610330 23.880000
216 200755 27.501910 0.840290
216 101108 39.711790 11.794750
216 202325 27.388910 37.887510
216 201599 38.998000 24.570070
216 201933 58.479790 31.383830
228 -1 38.520150 12.316790
228 201564 27.208850 17.068950
228 202328 28.629440 28.739240
228 203114 25.959540 8.444470
228 203507 59.846800 19.978810
228 203953 42.639040 23.878380
228 200755 25.447490 0.764530
228 101108 37.723600 12.011050
228 202325 24.921470 37.271680
228 201599 36.936740 24.118440
228 201933 55.908570 31.926270
240 -1 35.221610 12.660250
240 201564 26.756700 16.942240
240 202328 26.829260 28.535180
240 203114 24.539120 8.668550
240 203507 57.632070 20.469110
240 203953 40.706950 23.899840
240 200755 23.445520 0.707420
240 101108 35.776100 12.346630
240 202325 22.531500 36.485090
240 201599 34.880190 23.806650
240 201933 53.298450 32.448410
252 -1 32.090160 13.506550
252 201564 26.466790 16.921720
252 202328 25.000300 28.397610
252 203114 23.158130 8.942230
252 203507 55.438010 20.937390
252 203953 38.770350 23.929700
252 200755 21.471470 0.708520
252 101108 33.887310 12.661170
252 202325 20.223470 35.592790
252 201599 32.900410 23.416340
252 201933 50.719100 32.914310
264 -1 28.669930 15.268420
264 201564 26.325330 16.988810
264 202328 23.267880 28.213450
264 203114 21.804740 9.370460
264 203507 53.222090 21.407830
264 203953 36.924440 23.909390
264 200755 19.551740 0.708840
264 101108 32.020650 12.860900
264 202325 17.978500 34.642810
264 201599 30.906580 23.103160
264 201933 48.164600 33.357500
276 -1 25.350520 17.442730
276 201564 26.298960 17.138520
276 202328 21.655010 28.014850
276 203114 20.476380 9.794190
276 203507 51.012990 21.861130
276 203953 35.140400 23.901870
276 200755 17.673890 0.743870
276 101108 30.128370 13.066930
276 202325 15.898100 33.591590
276 201599 28.967420 22.815880
276 201933 45.626750 33.741410
288 -1 21.892450 19.058890
288 201564 26.339370 17.153780
288 202328 20.160560 27.800750
288 203114 19.198530 10.294600
288 203507 48.827040 22.311240
288 203953 33.363740 23.915220
288 200755 15.809960 0.806900
288 101108 28.224520 13.309080
288 202325 13.974960 32.375700
288 201599 27.040860 22.494480
288 201933 43.183570 34.016420
300 -1 18.431840 21.160460
300 201564 26.460700 17.296450
300 202328 18.764640 27.483520
300 203114 17.991300 10.761260
300 203507 46.673760 22.822040
300 203953 31.618130 23.944080
300 200755 13.999620 0.888000
300 101108 26.393360 13.512260
300 202325 12.276070 31.330260
300 201599 25.180140 22.189690
300 201933 40.867300 34.280390
312 -1 14.825310 23.233800
312 201564 26.557880 17.469960
312 202328 17.534010 27.156710
312 203114 16.828470 11.238210
312 203507 44.581530 23.339220
312 203953 29.906380 24.092460
312 200755 12.274270 0.979550
312 101108 24.651090 13.806390
312 202325 10.761950 30.506300
312 201599 23.319250 22.228180
312 201933 38.659410 34.543910
324 -1 11.828760 24.888110
324 201564 26.612070 17.639630
324 202328 16.358990 26.897950
324 203114 15.778630 11.691950
324 203507 42.597050 23.859450
324 203953 28.318440 24.280060
324 200755 10.645540 1.118690
324 101108 23.047570 14.240940
324 202325 9.526320 29.885900
324 201599 21.592330 22.205000
324 201933 36.643000 34.712550
336 -1 8.679070 26.815870
336 201564 26.887320 17.858820
336 202328 15.135360 26.570580
336 203114 14.802000 12.148300
336 203507 40.660840 24.407280
336 203953 26.740190 24.458050
336 200755 9.140890 1.246140
336 101108 21.511210 14.747040
336 202325 8.472630 29.420370
336 201599 19.905730 22.279210
336 201933 34.794270 34.823290
348 -1 7.001050 27.218870
348 201564 27.149330 18.200770
348 202328 13.951810 26.313620
348 203114 13.852880 12.638570
348 203507 38.801140 25.027220
348 203953 25.253350 24.618560
348 200755 7.816930 1.431550
348 101108 20.123930 15.245880
348 202325 7.616750 29.132190
348 201599 18.362470 22.511260
348 201933 33.137340 34.903190
360 -1 6.122550 26.741420
360 201564 27.334240 18.541120
360 202328 12.852040 26.106150
360 203114 12.948940 13.155820
360 203507 37.068470 25.680920
360 203953 23.838370 24.826140
360 200755 6.705030 1.598200
360 101108 18.875800 15.723050
360 202325 6.707750 28.538600
360 201599 16.950290 22.685160
360 201933 31.789140 34.915450
372 -1 4.761360 24.212630
372 201564 27.566640 18.867610
372 202328 11.760190 25.859190
372 203114 12.124110 13.642600
372 203507 35.449420 26.394310
372 203953 22.507490 25.024260
372 200755 5.776120 1.760460
372 101108 17.813040 16.211890
372 202325 5.737480 27.838440
372 201599 15.720040 22.793410
372 201933 30.802050 34.888620
384 -1 4.005900 23.811910
384 201564 27.846050 19.212320
384 202328 10.688050 25.632540
384 203114 11.364570 14.130020
384 203507 33.955110 27.177270
384 203953 21.172180 25.318310
384 200755 5.056220 1.897290
384 101108 16.970320 16.668010
384 202325 4.705750 26.943330
384 201599 14.674380 22.988680
384 201933 30.101920 34.890190
396 -1 3.662930 22.918670
396 201564 27.998110 19.573550
396 202328 9.728200 25.552550
396 203114 10.748940 14.519380
396 203507 32.623030 28.008670
396 203953 19.923330 25.728710
396 200755 4.595120 2.034890
396 101108 16.439030 17.099430
396 202325 3.727660 26.045390
396 201599 13.891250 23.226870
396 201933 29.752070 34.844470
408 -1 2.684650 22.617500
408 201564 28.188840 19.911620
408 202328 8.879160 25.469370
408 203114 10.279130 14.766790
408 203507 31.439920 28.852220
408 203953 18.738320 26.212830
408 200755 4.274690 2.143300
408 101108 16.198130 17.550430
408 202325 2.800870 25.207530
408 201599 13.410420 23.415760
408 201933 29.684790 34.754910
420 -1 1.993020 22.057680
420 201564 28.408400 20.221180
420 202328 8.087160 25.410110
420 203114 9.911830 14.806970
420 203507 30.431830 29.704760
420 203953 17.666110 26.738770
420 200755 4.152960 2.297030
420 101108 16.331580 18.017960
420 202325 2.092690 24.626720
420 201599 13.241330 23.678980
420 201933 29.847730 34.697090
432 -1 1.527230 21.452770
432 201564 28.549460 20.507990
432 202328 7.389020 25.380580
432 203114 9.642260 14.686640
432 203507 29.548610 30.697610
432 203953 16.650740 27.242670
432 200755 4.272840 2.513870
432 101108 16.757160 18.428040
432 202325 1.649650 24.091320
432 201599 13.297300 23.895440
432 201933 30.202390 34.622430
444 -1 1.169330 21.495960
444 201564 28.619440 20.756580
444 202328 6.704610 25.336700
444 203114 9.426390 14.372440
444 203507 28.738290 31.804450
444 203953 15.708260 27.838330
444 200755 4.626250 2.837530
444 101108 17.302800 18.808510
444 202325 1.497160 23.617680
444 201599 13.530040 24.170880
444 201933 30.731320 34.484720
456 -1 1.151480 21.774130
456 201564 28.582400 20.918030
456 202328 6.052810 25.289620
456 203114 9.268540 13.930590
456 203507 28.207810 32.898730
456 203953 14.865250 28.339260
456 200755 5.166700 3.216080
456 101108 17.974330 19.105580
456 202325 1.422900 23.266760
456 201599 13.987220 24.395840
456 201933 31.414960 34.316410
468 -1 1.221770 21.814140
468 201564 28.447230 21.035030
468 202328 5.408100 25.260420
468 203114 9.221780 13.334240
468 203507 27.908620 34.070250
468 203953 14.106700 28.902160
468 200755 5.882740 3.665420
468 101108 18.770250 19.296300
468 202325 1.512020 22.966420
468 201599 14.661570 24.563120
468 201933 32.222740 34.104810
480 -1 1.405650 21.824160
480 201564 28.252570 21.133950
480 202328 4.756830 25.263730
480 203114 9.348370 12.620130
480 203507 27.779690 35.306120
480 203953 13.370270 29.486070
480 200755 6.763800 4.147120
480 101108 19.602490 19.408120
480 202325 1.797760 22.752150
480 201599 15.533150 24.624390
480 201933 33.122190 33.831630
492 -1 1.256020 21.305350
492 201564 27.985520 21.271190
492 202328 4.130320 25.221210
492 203114 9.430090 11.931990
492 203507 27.860240 36.490630
492 203953 12.741900 30.128800
492 200755 7.765510 4.632310
492 101108 20.477280 19.466090
492 202325 2.219830 22.583190
492 201599 16.624280 24.602880
492 201933 34.090360 33.497340
504 -1 0.814760 21.100490
504 201564 27.648820 21.452290
504 202328 3.616240 25.157550
504 203114 9.730200 11.203550
504 203507 28.222910 37.646210
504 203953 12.119720 30.766120
504 200755 8.802990 5.095100
504 101108 21.486680 19.464660
504 202325 2.729020 22.480480
504 201599 17.885490 24.521720
504 201933 35.144200 33.169740
516 -1 2.037110 21.485680
516 201564 27.264960 21.628090
516 202328 3.084060 25.090390
516 203114 10.205590 10.472840
516 203507 28.696050 38.850180
516 203953 11.528100 31.623130
516 200755 10.000560 5.558980
516 101108 22.529170 19.475870
516 202325 3.532570 22.299650
516 201599 19.160830 24.523200
516 201933 36.273030 32.877090
528 -1 5.482190 21.526110
528 201564 26.940070 21.781680
528 202328 2.417160 25.077300
528 203114 10.792310 9.799890
528 203507 29.321320 39.975120
528 203953 10.921010 32.442890
528 200755 11.342820 5.978570
528 101108 23.592720 19.503400
528 202325 4.500820 22.067490
528 201599 20.455430 24.610360
528 201933 37.489000 32.610280
540 -1 6.424210 21.420010
540 201564 26.476540 21.882510
540 202328 1.750750 25.581310
540 203114 11.435010 9.217960
540 203507 30.129290 41.001570
540 203953 10.331220 33.322000
540 200755 12.737650 6.339920
540 101108 24.635670 19.567410
540 202325 5.624900 21.849980
540 201599 21.758940 24.785130
540 201933 38.765050 32.352290
552 -1 6.991630 22.243140
552 201564 25.975090 21.999600
552 202328 1.097560 26.700300
552 203114 12.375850 8.609060
552 203507 31.112740 41.934830
552 203953 9.800940 33.976730
552 200755 14.209130 6.637140
552 101108 25.618470 19.696020
552 202325 6.906840 21.621290
552 201599 23.062480 25.007330
552 201933 40.065450 32.174590
564 -1 9.340370 21.645070
564 201564 25.451880 22.149980
564 202328 0.411530 28.392040
564 203114 13.364470 8.076450
564 203507 32.207550 42.773100
564 203953 9.341120 34.584880
564 200755 15.837900 6.906310
564 101108 26.471260 19.881050
564 202325 8.302030 21.487530
564 201599 24.349520 25.170970
564 201933 41.400760 32.027360