0 -1 69.562680 12.294950
0 200765 91.243040 14.805420
0 200752 86.076770 34.289120
0 201585 80.965470 28.109770
0 202326 80.563530 18.259460
0 203463 88.322170 4.955550
0 200755 87.145420 5.065030
0 101108 93.537970 13.597630
0 201599 68.808580 10.772490
0 201933 76.795110 34.041620
0 202362 86.426200 47.871430
12 -1 69.054460 13.351590
12 200765 91.149090 15.016530
12 200752 85.941960 34.263640
12 201585 80.558070 28.878700
12 202326 80.272010 18.496110
12 203463 88.123940 5.593180
12 200755 86.838920 5.858090
12 101108 93.326950 13.772390
12 201599 68.920970 10.594570
12 201933 76.979970 34.235980
12 202362 86.432010 47.895230
24 -1 68.739990 14.055980
24 200765 91.095260 15.457030
24 200752 85.876800 34.268470
24 201585 80.210640 29.550910
24 202326 80.081610 18.585910
24 203463 87.957380 6.379360
24 200755 86.529920 6.881250
24 101108 93.128340 13.798710
24 201599 68.955010 10.643930
24 201933 77.210670 34.420930
24 202362 86.444280 47.924640
36 -1 68.515750 13.716340
36 200765 91.031740 15.907750
36 200752 85.849360 34.331210
36 201585 79.883610 29.983290
36 202326 79.911850 18.706640
36 203463 87.827860 7.310030
36 200755 86.275520 7.880050
36 101108 92.931790 13.472010
36 201599 68.994170 10.674000
36 201933 77.483530 34.568410
36 202362 86.453310 47.946570
48 -1 68.339460 13.835250
48 200765 91.026520 16.492970
48 200752 85.833130 34.463050
48 201585 79.676290 30.142500
48 202326 79.758350 18.908660
48 203463 87.720600 8.327610
48 200755 86.087150 8.838820
48 101108 92.600110 13.100280
48 201599 69.035850 10.682060
48 201933 77.789170 34.690980
48 202362 86.469620 47.971930
60 -1 68.305890 14.024080
60 200765 91.112390 16.999050
60 200752 85.823420 34.617220
60 201585 79.609990 30.208760
60 202326 79.627920 18.994160
60 203463 87.648140 9.364800
60 200755 85.947010 9.735340
60 101108 92.113320 12.535130
60 201599 69.093980 10.690620
60 201933 78.091670 34.811780
60 202362 86.494030 47.961980
72 -1 68.494150 14.194750
72 200765 90.980260 17.454310
72 200752 85.797920 34.758250
72 201585 79.781460 30.197360
72 202326 79.576780 18.864010
72 203463 87.509180 10.322130
72 200755 85.846170 10.458950
72 101108 91.528620 11.746280
72 201599 69.148620 10.715900
72 201933 78.362110 34.911120
72 202362 86.484220 47.920450
84 -1 68.847670 13.902070
84 200765 90.603780 17.512580
84 200752 85.745050 34.904070
84 201585 79.960460 30.292940
84 202326 79.517480 18.789310
84 203463 87.309160 11.132280
84 200755 85.793400 10.816010
84 101108 90.722980 10.961900
84 201599 69.247630 10.747520
84 201933 78.638410 34.888430
84 202362 86.486530 47.877650
96 -1 69.431990 13.283620
96 200765 90.201900 17.485630
96 200752 85.593550 35.158480
96 201585 80.190940 30.639000
96 202326 79.447890 18.732870
96 203463 87.008660 11.725970
96 200755 85.654490 11.061470
96 101108 89.690810 10.381330
96 201599 69.437510 10.648060
96 201933 78.919140 34.759900
96 202362 86.475160 47.817780
108 -1 70.015680 12.162510
108 200765 89.724230 17.364470
108 200752 85.560190 35.148150
108 201585 80.469020 30.969410
108 202326 79.406840 18.551290
108 203463 86.486210 12.283070
108 200755 85.483150 11.177870
108 101108 88.518940 9.614180
108 201599 69.731310 10.429090
108 201933 79.201520 34.624040
108 202362 86.468600 47.751110
120 -1 70.474760 10.888270
120 200765 89.151180 17.202310
120 200752 85.465160 35.154560
120 201585 80.818820 31.126830
120 202326 79.385980 18.365190
120 203463 85.724150 12.575440
120 200755 85.342340 11.382540
120 101108 87.301050 8.790870
120 201599 70.130540 10.158970
120 201933 79.484790 34.560960
120 202362 86.461460 47.705180
132 -1 71.046870 10.111950
132 200765 88.778720 17.060850
132 200752 85.285120 35.227700
132 201585 81.179690 31.060940
132 202326 79.346050 18.520080
132 203463 84.799430 12.648880
132 200755 85.151540 11.543240
132 101108 86.040930 8.154950
132 201599 70.665020 9.858160
132 201933 79.794610 34.523570
132 202362 86.458400 47.671700
144 -1 71.757670 9.408900
144 200765 88.613730 16.927870
144 200752 85.049140 35.347370
144 201585 81.595030 31.057760
144 202326 79.289680 18.467520
144 203463 83.744310 12.517840
144 200755 85.050540 11.669490
144 101108 84.656650 7.521220
144 201599 71.271090 9.465890
144 201933 80.086720 34.550350
144 202362 86.452110 47.653760
156 -1 72.589450 9.062720
156 200765 88.487740 16.580480
156 200752 84.898980 35.346280
156 201585 82.022370 30.899070
156 202326 79.259720 18.308940
156 203463 82.562570 12.169580
156 200755 85.193040 11.795920
156 101108 83.121070 6.700190
156 201599 71.915680 9.140620
156 201933 80.319650 34.686580
156 202362 86.453160 47.664890
168 -1 73.351070 8.576000
168 200765 88.360790 16.123460
168 200752 84.629930 35.586030
168 201585 82.440580 30.768890
168 202326 79.231020 18.207410
168 203463 81.320890 11.642120
168 200755 85.352800 12.144210
168 101108 81.530270 6.260130
168 201599 72.393710 9.236340
168 201933 80.516600 34.834120
168 202362 86.452670 47.669110
180 -1 74.433960 7.748900
180 200765 88.223700 15.660010
180 200752 84.387400 35.723570
180 201585 82.708160 30.819440
180 202326 79.219700 18.127700
180 203463 79.989020 11.159440
180 200755 85.587270 12.412460
180 101108 79.772320 6.198630
180 201599 72.907360 9.411760
180 201933 80.705270 34.916920
180 202362 86.464250 47.699350
192 -1 75.513900 6.792470
192 200765 88.060390 15.187530
192 200752 84.274500 35.835300
192 201585 82.929430 31.127240
192 202326 79.177030 17.844490
192 203463 78.676620 10.683950
192 200755 85.906350 12.851010
192 101108 77.980710 6.362410
192 201599 73.382430 9.836840
192 201933 80.845710 34.963140
192 202362 86.464600 47.696180
204 -1 75.373890 6.360510
204 200765 87.925020 14.845560
204 200752 84.157710 35.614730
204 201585 83.104920 31.167980
204 202326 79.166310 17.782120
204 203463 77.518900 10.303980
204 200755 86.446660 13.353130
204 101108 76.294910 6.688760
204 201599 73.723240 10.196300
204 201933 80.921120 35.022140
204 202362 86.438840 47.667120
216 -1 73.810720 6.630720
216 200765 87.729910 14.762160
216 200752 83.953250 35.142970
216 201585 83.292890 31.196440
216 202326 79.158120 17.840350
216 203463 76.579770 10.190050
216 200755 86.983300 13.964500
216 101108 74.519110 7.326280
216 201599 74.016220 10.329780
216 201933 80.939320 35.029130
216 202362 86.417100 47.635240
228 -1 71.947200 6.481300
228 200765 87.563600 15.000160
228 200752 83.866620 34.845390
228 201585 83.480900 31.122390
228 202326 79.141870 17.902800
228 203463 75.957430 10.098210
228 200755 87.517360 14.494080
228 101108 72.798850 8.040140
228 201599 74.386140 10.136230
228 201933 80.922470 35.021250
228 202362 86.397860 47.572290
240 -1 69.936480 7.130010
240 200765 87.492310 15.441540
240 200752 83.897010 34.890720
240 201585 83.683790 30.889380
240 202326 79.143920 17.906840
240 203463 75.629250 10.360700
240 200755 87.998770 15.023740
240 101108 71.193110 8.712160
240 201599 74.698900 9.904230
240 201933 80.882280 34.942100
240 202362 86.372050 47.490520
252 -1 68.054600 8.300200
252 200765 87.565560 15.967580
252 200752 83.911750 34.924720
252 201585 83.859460 30.495640
252 202326 79.243820 17.773910
252 203463 75.431060 10.885270
252 200755 88.530470 15.481700
252 101108 69.575000 9.354550
252 201599 74.805710 9.633620
252 201933 80.806240 34.853090
252 202362 86.341430 47.457620
264 -1 66.186890 9.467970
264 200765 87.661380 16.771140
264 200752 83.989640 35.298250
264 201585 84.012980 30.212680
264 202326 79.371650 17.623780
264 203463 75.182660 11.701240
264 200755 89.087950 15.786470
264 101108 68.004690 10.110850
264 201599 74.918360 9.561950
264 201933 80.666580 34.716740
264 202362 86.290760 47.529900
276 -1 64.546840 10.693270
276 200765 87.879810 17.506970
276 200752 84.144560 35.897170
276 201585 84.076470 30.007500
276 202326 79.350200 17.729650
276 203463 74.744600 12.430240
276 200755 89.464060 15.825740
276 101108 66.641750 10.861670
276 201599 75.032820 9.664370
276 201933 80.543320 34.495960
276 202362 86.212830 47.475190
288 -1 63.691820 11.369020
288 200765 88.148570 18.026720
288 200752 84.186230 36.306140
288 201585 84.062780 29.880960
288 202326 79.389620 17.707290
288 203463 74.115510 13.265320
288 200755 89.902610 15.862610
288 101108 65.353110 11.689770
288 201599 75.166730 9.879720
288 201933 80.440170 34.213730
288 202362 86.007910 47.546340
300 -1 62.853500 12.202220
300 200765 88.342310 18.440830
300 200752 84.146180 36.477050
300 201585 84.059220 29.598530
300 202326 79.449340 17.658740
300 203463 73.319320 13.946490
300 200755 90.112170 15.956250
300 101108 64.235560 12.596910
300 201599 75.282750 10.092850
300 201933 80.374520 33.842080
300 202362 85.698840 47.747670
312 -1 62.129840 13.382450
312 200765 88.451680 18.836760
312 200752 84.116550 36.621040
312 201585 83.943190 29.403780
312 202326 79.485940 17.696750
312 203463 72.334990 14.624030
312 200755 90.099030 15.670050
312 101108 63.356010 13.629390
312 201599 75.624720 10.117900
312 201933 80.355790 33.414120
312 202362 85.389310 47.981840
324 -1 61.575580 15.042720
324 200765 88.540350 18.855470
324 200752 84.103410 36.746830
324 201585 83.731790 29.545440
324 202326 79.522670 17.738860
324 203463 71.306890 15.210010
324 200755 89.693900 15.304810
324 101108 62.594890 14.682380
324 201599 76.078470 10.074650
324 201933 80.395410 33.123030
324 202362 85.120810 48.120960
336 -1 61.236090 16.312440
336 200765 88.576960 18.619630
336 200752 84.092970 36.949450
336 201585 83.494010 29.586620
336 202326 79.688840 17.569370
336 203463 70.326200 16.057490
336 200755 89.182850 14.834570
336 101108 62.012430 15.639280
336 201599 76.538180 10.136540
336 201933 80.467160 32.863650
336 202362 84.899760 48.269000
348 -1 60.687320 17.294980
348 200765 88.511350 18.099210
348 200752 84.057450 37.183940
348 201585 83.246960 29.508620
348 202326 79.824660 17.501880
348 203463 69.351470 16.980800
348 200755 88.456570 14.094340
348 101108 61.625100 16.427960
348 201599 77.020620 10.195620
348 201933 80.538010 32.622420
348 202362 84.814540 48.333730
360 -1 60.332490 17.882340
360 200765 88.302860 17.364030
360 200752 83.996000 37.417110
360 201585 82.872170 29.466670
360 202326 79.935200 17.530850
360 203463 68.462950 17.892730
360 200755 87.646400 13.167010
360 101108 61.321660 17.097120
360 201599 77.473200 10.253200
360 201933 80.562670 32.508610
360 202362 84.847600 48.384950
372 -1 60.363830 18.626870
372 200765 87.911830 16.374380
372 200752 83.899190 37.683630
372 201585 82.505790 29.287520
372 202326 80.003100 17.701690
372 203463 67.671030 18.706730
372 200755 86.685540 12.317100
372 101108 61.137370 17.388840
372 201599 77.842070 10.181800
372 201933 80.563600 32.431120
372 202362 84.920220 48.396930
384 -1 60.993520 17.797860
384 200765 87.591620 15.291870
384 200752 83.802720 37.958820
384 201585 82.219410 28.775730
384 202326 79.969640 18.073830
384 203463 66.966260 19.366330
384 200755 85.526170 11.365730
384 101108 61.121140 17.432420
384 201599 78.116270 10.040170
384 201933 80.522410 32.294370
384 202362 85.027770 48.324730
396 -1 61.636500 17.342560
396 200765 87.223260 14.200980
396 200752 83.732910 38.213110
396 201585 81.996220 28.332560
396 202326 79.952470 18.407790
396 203463 66.411740 19.802000
396 200755 84.267640 10.302500
396 101108 60.993370 17.499650
396 201599 78.354520 9.817210
396 201933 80.345260 32.308200
396 202362 85.093530 48.448320
408 -1 64.047000 15.630500
408 200765 86.606900 12.939130
408 200752 83.716000 38.466760
408 201585 81.733300 28.182210
408 202326 80.057770 18.619200
408 203463 66.034910 19.992020
408 200755 82.837550 9.279030
408 101108 60.767620 17.668970
408 201599 78.740890 9.136150
408 201933 80.076370 32.370010
408 202362 85.198950 48.545010
420 -1 67.116840 13.680730
420 200765 85.835970 11.433630
420 200752 83.747320 38.719060
420 201585 81.584080 28.295710
420 202326 80.244120 18.683750
420 203463 65.722270 20.109850
420 200755 81.285910 8.023110
420 101108 60.540310 17.930920
420 201599 78.740770 8.471660
420 201933 79.697910 32.495140
420 202362 85.255550 48.524170
432 -1 70.184220 11.624930
432 200765 84.834080 9.828200
432 200752 83.807810 38.935890
432 201585 81.514880 28.619490
432 202326 80.483750 18.508700
432 203463 65.534960 20.128430
432 200755 79.701990 6.899040
432 101108 60.167250 18.499910
432 201599 78.727260 8.065560
432 201933 79.181830 32.721860
432 202362 85.280730 48.495040
444 -1 73.156220 9.584960
444 200765 83.341110 8.537510
444 200752 83.883430 39.080780
444 201585 81.503480 28.965730
444 202326 80.779880 18.140070
444 203463 65.452720 20.129060
444 200755 78.290170 6.203920
444 101108 59.608500 19.406850
444 201599 78.862790 7.599820
444 201933 78.632190 32.985510
444 202362 85.271080 48.575660
456 -1 75.688960 7.830840
456 200765 81.679220 7.290760
456 200752 83.964250 39.171670
456 201585 81.458960 29.320360
456 202326 81.053490 17.712850
456 203463 65.447010 20.140960
456 200755 77.013360 5.973510
456 101108 59.178300 20.372490
456 201599 79.032510 7.285740
456 201933 78.066210 33.175230
456 202362 85.284480 48.585140
468 -1 74.703210 7.940500
468 200765 80.152450 6.333950
468 200752 84.022830 39.213960
468 201585 81.576870 29.402230
468 202326 81.193260 17.278800
468 203463 65.504330 20.320450
468 200755 75.958070 5.968160
468 101108 58.883180 21.380170
468 201599 79.074040 7.329130
468 201933 77.511870 33.254200
468 202362 85.208230 48.617380
480 -1 73.662490 8.811520
480 200765 78.750060 5.829600
480 200752 84.061710 39.183850
480 201585 81.710650 29.366010
480 202326 81.165440 17.011360
480 203463 65.816290 20.375850
480 200755 75.175210 6.324370
480 101108 58.603270 22.438910
480 201599 79.500300 7.509350
480 201933 77.054670 32.995380
480 202362 85.146760 48.645060
492 -1 72.606070 10.407640
492 200765 77.557750 5.663870
492 200752 84.073700 39.104590
492 201585 81.821120 29.269030
492 202326 81.068720 16.761290
492 203463 66.303500 20.416550
492 200755 74.605580 6.897890
492 101108 58.406530 23.631460
492 201599 80.182390 7.718190
492 201933 76.593310 32.606080
492 202362 85.070800 48.657950
504 -1 72.148200 11.049850
504 200765 76.566280 5.388320
504 200752 84.118600 38.973140
504 201585 81.902710 29.109740
504 202326 80.873580 16.492730
504 203463 66.936560 20.399930
504 200755 74.035960 7.471410
504 101108 58.358070 24.796620
504 201599 80.753140 7.954820
504 201933 76.100260 32.161180
504 202362 85.004790 48.673650
516 -1 71.994660 12.023390
516 200765 75.709610 5.450200
516 200752 84.124310 38.785920
516 201585 82.023330 28.879080
516 202326 80.587110 16.254190
516 203463 67.693870 20.269130
516 200755 73.466330 8.044930
516 101108 58.458580 25.885890
516 201599 81.306320 7.928790
516 201933 75.638920 31.719970
516 202362 84.943290 48.619800
528 -1 72.280700 12.669490
528 200765 74.982880 5.869580
528 200752 84.140100 38.535620
528 201585 82.066370 28.686940
528 202326 80.347810 16.153760
528 203463 68.517470 20.101660
528 200755 72.896710 8.618450
528 101108 58.657710 26.949240
528 201599 81.883170 8.007390
528 201933 75.171290 31.484890
528 202362 84.908430 48.532640
540 -1 72.369780 13.303240
540 200765 74.396830 6.483890
540 200752 84.157530 38.246050
540 201585 82.000520 28.759540
540 202326 80.357820 15.980510
540 203463 69.303280 20.112150
540 200755 72.327080 9.191970
540 101108 58.991500 27.895290
540 201599 82.556610 8.161070
540 201933 74.720340 31.480110
540 202362 84.880430 48.376790
552 -1 71.633450 13.098440
552 200765 74.009700 7.241280
552 200752 84.149420 38.010900
552 201585 82.071580 28.625150
552 202326 80.453180 16.216420
552 203463 69.995450 20.273820
552 200755 71.896990 9.956720
552 101108 59.341550 28.741130
552 201599 83.056260 8.583340
552 201933 74.405510 31.484770
552 202362 84.916430 47.988620
564 -1 71.680050 13.752290
564 200765 73.899210 8.128450
564 200752 84.093660 37.735910
564 201585 82.262300 28.305900
564 202326 80.870080 16.538120
564 203463 70.538020 20.457370
564 200755 71.655090 10.793980
564 101108 59.703390 29.499600
564 201599 83.602940 9.333780
564 201933 74.107590 31.431160
564 202362 84.961370 47.533560
576 -1 72.464330 14.305690
576 200765 73.958640 9.045580
576 200752 84.077330 37.390700
576 201585 82.468960 28.000410
576 202326 81.621040 16.494270
576 203463 70.991140 20.617010
576 200755 71.497350 11.726070
576 101108 60.033210 30.116550
576 201599 84.180200 10.290620
576 201933 73.841500 31.327260
576 202362 84.976960 47.177490
588 -1 74.267120 15.442400
588 200765 74.134630 9.942760
588 200752 84.085750 36.966300
588 201585 82.663970 27.722960
588 202326 82.453740 16.294680
588 203463 71.372180 20.631710
588 200755 71.425670 12.721430
588 101108 60.307120 30.572220
588 201599 84.712240 11.277660
588 201933 73.573560 31.058340
588 202362 85.014120 46.778790
600 -1 75.960770 16.734480
600 200765 74.427190 10.819970
600 200752 84.176800 36.421430
600 201585 82.832350 27.267740
600 202326 83.153410 16.533050
600 203463 71.601000 20.671110
600 200755 71.413230 13.834340
600 101108 60.456040 30.956440
600 201599 85.212260 12.033530
600 201933 73.137770 30.776850
600 202362 85.166350 46.244430
612 -1 77.594420 18.165340
612 200765 74.797460 11.683880
612 200752 84.342520 35.784220
612 201585 82.846130 27.022690
612 202326 83.841510 16.515430
612 203463 71.751710 20.710820
612 200755 71.242240 14.780330
612 101108 60.541950 31.171370
612 201599 85.683430 12.291890
612 201933 72.546990 30.192770
612 202362 85.369240 45.716670
624 -1 79.464770 19.187290
624 200765 75.167730 12.547790
624 200752 84.542340 35.158400
624 201585 82.700360 27.007310
624 202326 84.385950 16.343430
624 203463 71.866230 20.834050
624 200755 70.834580 15.459150
624 101108 60.555200 31.157310
624 201599 86.113650 12.327570
624 201933 72.008890 29.613190
624 202362 85.627590 44.989010
636 -1 81.186380 20.391490
636 200765 75.538000 13.411700
636 200752 84.769410 34.566590
636 201585 82.548030 26.966490
636 202326 84.784530 16.559330
636 203463 71.872840 21.026500
636 200755 70.303320 15.918800
636 101108 60.475860 31.139820
636 201599 86.490630 12.237370
636 201933 71.461120 29.147140
636 202362 85.983790 43.885100
648 -1 82.909290 21.405780
648 200765 75.908270 14.275610
648 200752 85.023330 33.998110
648 201585 82.453370 26.897240
648 202326 85.072450 16.895890
648 203463 71.775000 21.370590
648 200755 69.584330 16.289230
648 101108 60.300220 31.095190
648 201599 86.765230 11.975980
648 201933 70.888230 28.809560
648 202362 86.461030 42.432640
660 -1 84.562800 22.433370
660 200765 76.278540 15.139520
660 200752 85.226570 33.503950
660 201585 82.524440 26.996340
660 202326 85.384500 16.671400
660 203463 71.582940 21.722150
660 200755 68.700150 16.393070
660 101108 60.039390 30.957840
660 201599 86.857500 11.658320
660 201933 70.350160 28.720710
660 202362 86.884870 40.971830
672 -1 86.149210 23.916100
672 200765 76.648810 16.003430
672 200752 85.427860 33.002680
672 201585 82.681830 27.271550
672 202326 85.640600 16.370010
672 203463 71.356530 21.955460
672 200755 67.750840 16.217050
672 101108 59.697340 30.728740
672 201599 86.828010 11.344900
672 201933 69.842190 29.125310
672 202362 87.321780 39.411560
684 -1 87.972360 24.826010
684 200765 77.019090 16.867340
684 200752 85.645070 32.497450
684 201585 82.929870 27.561420
684 202326 85.846960 16.253820
684 203463 71.119360 21.791910
684 200755 66.758390 15.978000
684 101108 59.294840 30.514070
684 201599 86.687830 10.975600
684 201933 69.218240 29.636280
684 202362 87.719330 37.684060
696 -1 89.141650 25.399420
696 200765 77.389360 17.731250
696 200752 85.793440 32.102900
696 201585 83.338420 27.602960
696 202326 85.996270 16.157000
696 203463 70.829990 21.780230
696 200755 65.723730 15.534410
696 101108 58.837430 30.264340
696 201599 86.469280 10.597770
696 201933 68.505700 30.058420
696 202362 88.103000 35.927640
708 -1 89.612580 25.597910
708 200765 77.770190 18.591420
708 200752 85.933800 31.822340
708 201585 83.806390 27.620010
708 202326 86.120540 16.033700
708 203463 70.518410 21.808680
708 200755 64.678260 14.833830
708 101108 58.331060 29.995500
708 201599 86.196920 10.273790
708 201933 67.743320 30.501410
708 202362 88.428090 34.194670