0 -1 2.084010 35.229150
0 201949 19.574080 13.503630
0 202335 45.275740 23.357880
0 201942 44.122600 14.662320
0 202709 40.383200 36.237280
0 1626181 17.753360 45.587120
0 977 4.876080 32.887660
0 203135 12.859210 14.144820
0 1626273 12.917250 20.946040
0 203944 3.183520 34.329760
0 1626156 11.915980 29.833540
12 -1 1.789400 36.021440
12 201949 21.109480 13.823430
12 202335 46.315470 23.368450
12 201942 45.146410 14.657730
12 202709 41.517410 35.427360
12 1626181 19.160550 44.810110
12 977 4.993940 32.893030
12 203135 13.846810 13.794120
12 1626273 13.067250 20.627470
12 203944 3.028370 35.220260
12 1626156 12.328790 29.170430
24 -1 1.563590 36.694610
24 201949 22.712370 14.205720
24 202335 47.352580 23.335680
24 201942 46.160750 14.710860
24 202709 42.618340 34.588200
24 1626181 20.807550 44.217720
24 977 5.156590 32.871960
24 203135 14.899750 13.448040
24 1626273 13.249860 20.275690
24 203944 3.271770 36.101550
24 1626156 12.755280 28.475210
36 -1 1.586740 37.256240
36 201949 24.265250 14.302660
36 202335 48.414560 23.295180
36 201942 47.178940 14.842330
36 202709 43.692270 33.664540
36 1626181 22.347400 43.578480
36 977 5.301110 32.748400
36 203135 16.081790 13.098340
36 1626273 13.538500 19.898070
36 203944 3.775430 36.977520
36 1626156 13.240770 27.773640
48 -1 1.802780 38.494510
48 201949 25.868180 14.341060
48 202335 49.510240 23.211520
48 201942 48.203680 15.079390
48 202709 44.677290 32.722500
48 1626181 23.941540 42.887150
48 977 5.633570 32.585340
48 203135 17.241950 12.663100
48 1626273 13.898150 19.550480
48 203944 4.496790 37.983830
48 1626156 13.823090 27.146000
60 -1 3.317070 40.384500
60 201949 27.503780 14.337290
60 202335 50.621150 23.113200
60 201942 49.215690 15.359000
60 202709 45.631600 31.778410
60 1626181 25.443910 42.194890
60 977 6.146090 32.297660
60 203135 18.545230 12.289560
60 1626273 14.273340 19.156650
60 203944 5.433540 38.959190
60 1626156 14.458830 26.568610
72 -1 5.894120 42.305780
72 201949 29.125720 14.309840
72 202335 51.727620 23.003470
72 201942 50.166890 15.635200
72 202709 46.506120 30.797620
72 1626181 27.051480 41.592080
72 977 6.793570 31.935190
72 203135 20.043070 12.083730
72 1626273 14.700680 18.785470
72 203944 6.398010 39.739040
72 1626156 15.135500 26.018370
84 -1 8.844720 43.306470
84 201949 30.678480 14.082580
84 202335 52.899960 22.852550
84 201942 51.087630 15.869380
84 202709 47.327920 29.791650
84 1626181 28.560670 40.868090
84 977 7.633550 31.585400
84 203135 21.625740 11.920610
84 1626273 15.221890 18.399190
84 203944 7.534740 40.444010
84 1626156 15.890180 25.522790
96 -1 10.789780 43.296770
96 201949 32.275250 13.905450
96 202335 54.128670 22.708980
96 201942 52.007460 16.066810
96 202709 48.165940 28.854940
96 1626181 30.326120 40.298270
96 977 8.777110 31.394660
96 203135 23.091750 11.494070
96 1626273 15.792090 17.955030
96 203944 8.777670 41.069040
96 1626156 16.749350 25.028240
108 -1 12.761850 43.343090
108 201949 33.829170 13.747120
108 202335 55.354560 22.553960
108 201942 52.926960 16.277760
108 202709 48.999130 27.929900
108 1626181 31.838830 39.651780
108 977 10.024900 31.264940
108 203135 24.687960 11.239510
108 1626273 16.447170 17.437030
108 203944 10.208590 41.556630
108 1626156 17.761250 24.574700
120 -1 14.439100 43.117120
120 201949 35.404470 13.656850
120 202335 56.512880 22.389940
120 201942 53.828260 16.523870
120 202709 49.864750 27.077590
120 1626181 33.445540 39.022040
120 977 11.309240 31.172010
120 203135 26.168460 10.833210
120 1626273 17.291530 16.977560
120 203944 11.830210 42.016620
120 1626156 18.869720 24.052210
132 -1 16.335580 42.986480
132 201949 36.954220 13.588470
132 202335 57.615480 22.360690
132 201942 54.730850 16.798010
132 202709 50.750920 26.324910
132 1626181 35.000520 38.361640
132 977 12.759940 31.215880
132 203135 27.705030 10.367360
132 1626273 18.285100 16.577380
132 203944 13.592230 42.423290
132 1626156 20.109920 23.621010
144 -1 18.011100 42.959840
144 201949 38.563960 13.697720
144 202335 58.653280 22.513750
144 201942 55.627360 17.153680
144 202709 51.634400 25.676250
144 1626181 36.583060 37.741050
144 977 14.328770 31.311190
144 203135 29.430470 10.179510
144 1626273 19.314500 16.180330
144 203944 15.419970 42.838040
144 1626156 21.422320 23.063190
156 -1 19.826770 42.859930
156 201949 40.173620 13.874790
156 202335 59.632480 22.664070
156 201942 56.452090 17.586830
156 202709 52.490860 25.082970
156 1626181 38.046510 37.068290
156 977 15.898750 31.303280
156 203135 31.227220 10.066100
156 1626273 20.400640 15.913040
156 203944 17.264750 43.135790
156 1626156 22.877400 22.562220
168 -1 21.587980 42.735350
168 201949 41.795100 14.097590
168 202335 60.585330 22.832980
168 201942 57.215590 17.980420
168 202709 53.333810 24.608120
168 1626181 39.630200 36.503790
168 977 17.459240 31.209210
168 203135 32.967170 9.858480
168 1626273 21.523040 15.660380
168 203944 19.138210 43.376220
168 1626156 24.254270 21.916360
180 -1 23.588260 43.018240
180 201949 43.382150 14.465120
180 202335 61.542280 23.128540
180 201942 57.945280 18.350860
180 202709 54.124390 24.172430
180 1626181 41.251320 36.034160
180 977 19.108060 31.244200
180 203135 34.879640 9.843590
180 1626273 22.596860 15.365330
180 203944 21.016600 43.552680
180 1626156 25.686190 21.254250
192 -1 25.551040 43.590090
192 201949 44.929440 14.888460
192 202335 62.492870 23.471110
192 201942 58.648910 18.673250
192 202709 54.968820 23.820000
192 1626181 42.934660 35.715570
192 977 20.684090 31.122780
192 203135 36.737010 9.763770
192 1626273 23.733640 15.098580
192 203944 22.939290 43.686590
192 1626156 27.206390 20.517390
204 -1 27.318200 43.969950
204 201949 46.453930 15.434500
204 202335 63.383490 23.798420
204 201942 59.294350 19.120040
204 202709 55.800300 23.503970
204 1626181 44.604860 35.494330
204 977 22.232950 30.758330
204 203135 38.456890 9.471520
204 1626273 24.909870 14.876630
204 203944 24.921050 43.810110
204 1626156 28.788590 19.784340
216 -1 28.981100 44.427630
216 201949 47.936960 16.105600
216 202335 64.194380 24.271050
216 201942 59.958630 19.414610
216 202709 56.703790 23.210460
216 1626181 46.230960 35.363980
216 977 23.897930 30.678820
216 203135 40.252610 9.286330
216 1626273 26.127380 14.650730
216 203944 26.943850 43.982700
216 1626156 30.278370 18.924120
228 -1 30.815320 44.427560
228 201949 49.383540 16.895580
228 202335 64.916190 24.855810
228 201942 60.660440 19.663200
228 202709 57.670250 22.935890
228 1626181 47.827310 35.380740
228 977 25.588750 30.718380
228 203135 42.144790 9.226970
228 1626273 27.374970 14.475330
228 203944 29.005980 44.114850
228 1626156 31.898360 18.078290
240 -1 32.490220 45.188300
240 201949 50.816280 17.720290
240 202335 65.583280 25.489340
240 201942 61.341490 19.920020
240 202709 58.647560 22.752180
240 1626181 49.316350 35.538250
240 977 27.227470 30.651430
240 203135 44.039130 9.188780
240 1626273 28.672310 14.384240
240 203944 31.051130 44.013490
240 1626156 33.569160 17.247010
252 -1 34.388350 45.329290
252 201949 52.151570 18.574590
252 202335 66.179440 26.105250
252 201942 61.972630 20.190170
252 202709 59.555250 22.576600
252 1626181 50.734570 35.730680
252 977 28.907060 30.726060
252 203135 45.860270 9.142650
252 1626273 29.894170 14.185470
252 203944 33.036430 44.006030
252 1626156 35.214550 16.314130
264 -1 36.326050 45.433780
264 201949 53.429890 19.431590
264 202335 66.776040 26.668660
264 201942 62.565570 20.214590
264 202709 60.526890 22.404410
264 1626181 52.092290 35.960670
264 977 30.579490 30.948130
264 203135 47.711860 9.124550
264 1626273 31.191440 14.053010
264 203944 35.010770 43.927570
264 1626156 36.919420 15.433610
276 -1 38.407560 44.995720
276 201949 54.653390 20.228090
276 202335 67.250370 27.182950
276 201942 63.094310 20.281070
276 202709 61.445550 22.267080
276 1626181 53.394200 36.203300
276 977 32.169800 30.912750
276 203135 49.552540 9.117140
276 1626273 32.489350 13.891330
276 203944 36.984120 43.802640
276 1626156 38.700690 14.588550
288 -1 40.751960 45.016950
288 201949 55.867720 20.849900
288 202335 67.700060 27.742440
288 201942 63.522670 20.272870
288 202709 62.323070 22.150070
288 1626181 54.726310 36.358490
288 977 33.737820 30.849350
288 203135 51.370700 9.083060
288 1626273 33.846360 13.771170
288 203944 38.934430 43.699750
288 1626156 40.443450 13.735440
300 -1 42.733770 45.176010
300 201949 57.024410 21.278480
300 202335 68.221110 28.247330
300 201942 63.946810 20.202000
300 202709 63.207010 22.074630
300 1626181 56.130370 36.327160
300 977 35.312770 30.859640
300 203135 53.158730 9.121530
300 1626273 35.219990 13.646910
300 203944 40.891550 43.783980
300 1626156 42.151580 12.866020
312 -1 43.970170 45.315440
312 201949 58.027790 21.597380
312 202335 68.734240 28.730380
312 201942 64.457440 20.390450
312 202709 64.093650 21.663170
312 1626181 57.473870 36.217010
312 977 36.898570 30.851870
312 203135 54.983480 9.168600
312 1626273 36.628230 13.572070
312 203944 42.870920 43.719360
312 1626156 43.870760 12.038340
324 -1 45.560980 45.360080
324 201949 58.971400 21.736840
324 202335 69.212780 29.311630
324 201942 65.033280 20.802070
324 202709 64.925010 21.002110
324 1626181 58.714130 36.148350
324 977 38.440570 30.871440
324 203135 56.780260 9.162100
324 1626273 38.024730 13.447910
324 203944 44.822210 43.620820
324 1626156 45.573190 11.222430
336 -1 47.624280 45.397390
336 201949 59.894240 21.646780
336 202335 69.792960 29.918860
336 201942 65.618590 21.304700
336 202709 65.784080 20.250330
336 1626181 59.957920 35.976990
336 977 39.953980 30.915950
336 203135 58.548890 9.178750
336 1626273 39.405540 13.322670
336 203944 46.744140 43.532950
336 1626156 47.250680 10.434620
348 -1 49.882140 45.424300
348 201949 60.710780 21.500750
348 202335 70.384850 30.550790
348 201942 66.219630 21.875080
348 202709 66.622860 19.422570
348 1626181 61.117210 35.679920
348 977 41.462780 30.984110
348 203135 60.301250 9.293910
348 1626273 40.763520 13.157910
348 203944 48.597120 43.431150
348 1626156 48.913050 9.672710
360 -1 52.056640 45.437740
360 201949 61.456430 21.352660
360 202335 70.802110 31.242910
360 201942 66.774240 22.559010
360 202709 67.485300 18.548330
360 1626181 62.158790 35.449080
360 977 42.868890 31.022540
360 203135 62.038880 9.381380
360 1626273 42.116920 13.000190
360 203944 50.456810 43.374860
360 1626156 50.532620 8.927900
372 -1 53.754650 44.753090
372 201949 62.365580 20.902740
372 202335 71.100420 31.902120
372 201942 67.184490 23.027160
372 202709 68.442790 17.941870
372 1626181 63.109830 35.176420
372 977 44.223620 31.067770
372 203135 63.691780 9.565330
372 1626273 43.457520 12.850320
372 203944 52.264860 43.542680
372 1626156 52.116040 8.186150
384 -1 54.647080 44.931310
384 201949 63.263600 20.419180
384 202335 71.297760 32.600240
384 201942 67.418290 23.457320
384 202709 69.478350 17.546050
384 1626181 63.947270 34.871400
384 977 45.601280 31.141660
384 203135 65.321590 9.859410
384 1626273 44.728030 12.695280
384 203944 54.051210 43.650470
384 1626156 53.668830 7.467170
396 -1 55.983640 45.108510
396 201949 64.101890 19.974400
396 202335 71.340800 33.504670
396 201942 67.601090 23.863520
396 202709 70.559130 17.259390
396 1626181 64.571580 34.702980
396 977 46.916980 31.206410
396 203135 66.894550 10.202260
396 1626273 45.988710 12.537820
396 203944 55.862180 43.431950
396 1626156 55.188430 6.777410
408 -1 57.919230 44.740650
408 201949 64.945590 19.498770
408 202335 71.357450 34.321580
408 201942 67.788270 24.223060
408 202709 71.626550 16.925600
408 1626181 65.035050 34.569560
408 977 48.196610 31.280440
408 203135 68.457920 10.369560
408 1626273 47.200640 12.383980
408 203944 57.830840 43.157110
408 1626156 56.709870 6.069290
420 -1 60.184560 44.665250
420 201949 65.780540 19.005710
420 202335 71.413490 34.989660
420 201942 68.016320 24.325430
420 202709 72.723990 16.690170
420 1626181 65.366070 34.501540
420 977 49.556880 31.366550
420 203135 70.013050 10.633530
420 1626273 48.386960 12.238790
420 203944 59.617390 42.923330
420 1626156 58.192060 5.432260
432 -1 62.256410 44.406960
432 201949 66.663780 18.818000
432 202335 71.639620 35.601910
432 201942 68.294900 24.307830
432 202709 73.841270 16.680260
432 1626181 65.613530 34.436020
432 977 50.868790 31.433290
432 203135 71.478310 10.921210
432 1626273 49.556050 12.104790
432 203944 61.305740 42.523360
432 1626156 59.612490 4.832690
444 -1 63.584590 44.588170
444 201949 67.797820 18.836600
444 202335 71.965490 36.045820
444 201942 68.746530 24.101420
444 202709 74.933790 16.810590
444 1626181 65.779990 34.233290
444 977 52.156040 31.500830
444 203135 72.896260 11.120760
444 1626273 50.696130 12.001300
444 203944 62.946550 42.143240
444 1626156 61.012560 4.233200
456 -1 64.589020 44.427310
456 201949 68.963970 18.909680
456 202335 72.405660 36.178580
456 201942 69.224920 23.766480
456 202709 76.011470 17.077570
456 1626181 65.944270 33.842710
456 977 53.506690 31.605100
456 203135 74.288660 11.308270
456 1626273 51.771850 11.901410
456 203944 64.473740 42.058410
456 1626156 62.384540 3.686280
468 -1 65.848360 44.201320
468 201949 70.178990 18.931860
468 202335 72.903150 36.279090
468 201942 69.610450 23.375130
468 202709 77.110170 17.536860
468 1626181 66.120270 33.419550
468 977 54.905840 31.690350
468 203135 75.590510 11.659810
468 1626273 52.810550 11.781590
468 203944 65.760180 41.949530
468 1626156 63.678100 3.268240
480 -1 67.257010 44.013520
480 201949 71.476780 19.006810
480 202335 73.532920 36.268190
480 201942 69.934950 23.050850
480 202709 78.148460 17.983180
480 1626181 66.284870 32.922080
480 977 56.259270 31.728640
480 203135 76.827870 11.991160
480 1626273 53.775110 11.647380
480 203944 67.085820 41.842300
480 1626156 64.983090 2.848320
492 -1 68.796550 43.756350
492 201949 72.776450 19.004650
492 202335 74.092680 36.224970
492 201942 70.279190 22.957140
492 202709 79.072190 18.477870
492 1626181 66.458740 32.544680
492 977 57.654850 31.774360
492 203135 78.061580 12.264490
492 1626273 54.675900 11.559380
492 203944 68.393820 41.756360
492 1626156 66.273200 2.487090
504 -1 70.588480 43.332930
504 201949 73.881550 18.879670
504 202335 74.624920 36.206440
504 201942 70.561020 22.873750
504 202709 79.959130 18.824320
504 1626181 66.723210 32.176900
504 977 59.072210 31.764920
504 203135 79.197890 12.645730
504 1626273 55.504520 11.531000
504 203944 69.616760 41.636780
504 1626156 67.486860 2.172060
516 -1 72.504380 42.661410
516 201949 75.031530 18.836900
516 202335 75.226440 36.172680
516 201942 70.841320 22.789080
516 202709 80.726100 19.035430
516 1626181 66.925330 32.017580
516 977 60.436030 31.632110
516 203135 80.257410 12.964730
516 1626273 56.290860 11.577680
516 203944 70.707510 41.604930
516 1626156 68.615050 1.898250
528 -1 73.718920 42.403490
528 201949 76.129030 18.987360
528 202335 75.932450 36.132630
528 201942 71.172140 22.803280
528 202709 81.409690 19.143290
528 1626181 67.142990 31.791890
528 977 61.829840 31.498620
528 203135 81.197990 13.261360
528 1626273 57.031980 11.682340
528 203944 71.680010 41.603420
528 1626156 69.723720 1.653320
540 -1 74.572480 42.106130
540 201949 77.243030 19.050020
540 202335 76.532010 36.175190
540 201942 71.579530 22.763150
540 202709 82.027270 19.075070
540 1626181 67.367490 31.545070
540 977 63.061510 31.589110
540 203135 82.042410 13.521010
540 1626273 57.725110 11.826810
540 203944 72.638170 41.491070
540 1626156 70.735740 1.526520
552 -1 75.692270 41.441170
552 201949 78.285690 19.233220
552 202335 77.266250 36.135020
552 201942 71.986600 22.423590
552 202709 82.590000 18.705750
552 1626181 67.590740 31.277620
552 977 64.180260 31.681200
552 203135 82.805660 13.817110
552 1626273 58.354490 12.011450
552 203944 73.497270 41.456290
552 1626156 71.679220 1.451010
564 -1 76.594650 41.226400
564 201949 79.310560 19.310060
564 202335 78.023320 36.080490
564 201942 72.358940 22.160390
564 202709 83.027520 18.258620
564 1626181 67.873640 31.123420
564 977 65.164160 31.882920
564 203135 83.515690 14.025850
564 1626273 58.952770 12.189540
564 203944 74.285100 41.531550
564 1626156 72.569670 1.438460
576 -1 77.173090 41.496240
576 201949 80.225680 19.502600
576 202335 78.657880 36.078550
576 201942 72.709810 21.955800
576 202709 83.407980 17.709520
576 1626181 68.275740 30.958300
576 977 66.024010 32.216650
576 203135 84.150920 14.271290
576 1626273 59.490470 12.381620
576 203944 75.073510 41.558680
576 1626156 73.444540 1.473340
588 -1 77.733800 41.783510
588 201949 81.107690 19.755950
588 202335 79.139580 36.066940
588 201942 73.008890 21.699300
588 202709 83.733500 17.164560
588 1626181 68.750950 31.177460
588 977 66.653270 32.563830
588 203135 84.771150 14.506150
588 1626273 59.947710 12.610630
588 203944 75.828740 41.617060
588 1626156 74.212070 1.504810
600 -1 78.053940 42.360690
600 201949 81.906310 20.180900
600 202335 79.560870 36.107880
600 201942 73.195790 21.539780
600 202709 83.985830 16.735920
600 1626181 69.359160 31.493800
600 977 67.340930 32.810340
600 203135 85.359620 14.646740
600 1626273 60.318750 12.874590
600 203944 76.441950 41.629030
600 1626156 74.892320 1.530880
612 -1 78.090560 42.535670
612 201949 82.646940 20.417360
612 202335 79.776110 36.347390
612 201942 73.303940 21.456660
612 202709 84.173120 16.409920
612 1626181 70.004950 31.663480
612 977 67.992570 33.071920
612 203135 85.908420 14.753540
612 1626273 60.639080 13.093200
612 203944 76.914300 41.434720
612 1626156 75.481490 1.588730
624 -1 77.275760 42.429450
624 201949 83.268180 20.774380
624 202335 79.872740 36.535020
624 201942 73.401180 21.305670
624 202709 84.329520 16.232000
624 1626181 70.570900 32.031330
624 977 68.613470 33.343840
624 203135 86.378460 14.817110
624 1626273 60.893580 13.297980
624 203944 77.205360 41.180050
624 1626156 75.974890 1.686160
636 -1 77.133350 42.200730
636 201949 83.827430 20.991410
636 202335 79.895660 36.601040
636 201942 73.469400 21.167720
636 202709 84.441520 16.087950
636 1626181 71.170850 32.359190
636 977 69.207950 33.643170
636 203135 86.809220 14.807950
636 1626273 61.094540 13.473810
636 203944 77.309630 40.971430
636 1626156 76.389500 1.779420
648 -1 77.161510 42.192180
648 201949 84.323780 21.090340
648 202335 79.762140 36.752600
648 201942 73.538570 21.099840
648 202709 84.492580 15.924170
648 1626181 71.639190 32.472440
648 977 69.761370 34.001950
648 203135 87.164940 14.749720
648 1626273 61.267300 13.599580
648 203944 77.335700 40.797180
648 1626156 76.737450 1.865740
660 -1 77.233940 42.144280
660 201949 84.758550 21.067430
660 202335 79.508010 36.780420
660 201942 73.598800 21.081980
660 202709 84.521980 15.776040
660 1626181 71.883660 32.633040
660 977 70.217650 34.387050
660 203135 87.433640 14.663940
660 1626273 61.483150 13.622060
660 203944 77.297390 40.666280
660 1626156 77.054230 1.930060
672 -1 77.294040 42.031700
672 201949 85.151870 21.088040
672 202335 79.227970 36.645870
672 201942 73.658080 21.088520
672 202709 84.535860 15.631520
672 1626181 72.086230 33.043340
672 977 70.605130 34.779960
672 203135 87.659280 14.467680
672 1626273 61.684880 13.607750
672 203944 77.275070 40.623850
672 1626156 77.366770 1.943050
684 -1 77.316990 41.956080
684 201949 85.529080 21.044710
684 202335 78.976640 36.693550
684 201942 73.707490 21.108920
684 202709 84.527800 15.556860
684 1626181 72.393840 33.340240
684 977 70.960180 35.138700
684 203135 87.875240 14.256720
684 1626273 61.877850 13.540130
684 203944 77.243160 40.740380
684 1626156 77.675250 1.908250
696 -1 76.985450 41.905790
696 201949 85.881560 20.911900
696 202335 78.768210 36.967190
696 201942 73.740640 21.134140
696 202709 84.545720 15.587720
696 1626181 72.570810 33.735820
696 977 71.236790 35.455160
696 203135 88.068840 14.021370
696 1626273 62.060360 13.442340
696 203944 77.337270 40.761320
696 1626156 77.947170 1.837910
708 -1 76.731950 41.928550
708 201949 86.181910 20.698010
708 202335 78.537730 37.021150
708 201942 73.761360 21.150900
708 202709 84.596990 15.676110
708 1626181 72.776880 34.199140
708 977 71.521500 35.727020
708 203135 88.262600 13.764710
708 1626273 62.210200 13.343610
708 203944 77.462230 40.919050
708 1626156 78.203720 1.789210
720 -1 76.791280 42.386980
720 201949 86.424140 20.421780
720 202335 78.575810 37.128770
720 201942 73.774990 21.152690
720 202709 84.640280 15.725930
720 1626181 73.052130 34.597750
720 977 71.802790 35.921910
720 203135 88.504980 13.630500
720 1626273 62.287030 13.312620
720 203944 77.626910 41.178470
720 1626156 78.421920 1.728730
732 -1 77.280610 43.255690
732 201949 86.618280 20.076710
732 202335 78.601940 37.366680
732 201942 73.771070 21.147860
732 202709 84.664500 15.755710
732 1626181 73.406350 34.902830
732 977 72.051970 36.117520
732 203135 88.764120 13.589690
732 1626273 62.332400 13.311400
732 203944 77.918650 41.380290
732 1626156 78.540140 1.681650
744 -1 77.678150 43.952610
744 201949 86.792080 19.698960
744 202335 78.562690 37.705950
744 201942 73.752880 21.137590
744 202709 84.672690 15.710830
744 1626181 73.615810 35.093410
744 977 72.317320 36.279970
744 203135 88.987200 13.526010
744 1626273 62.358520 13.341500
744 203944 78.226850 41.692360
744 1626156 78.590730 1.669930
756 -1 78.075640 44.723890
756 201949 86.971300 19.332730
756 202335 78.616100 37.851390
756 201942 73.735360 21.116440
756 202709 84.558610 15.666920
756 1626181 73.975500 35.274320
756 977 72.627360 36.384050
756 203135 89.149790 13.345890
756 1626273 62.379540 13.382720
756 203944 78.441700 42.136530
756 1626156 78.567250 1.680750
768 -1 78.314710 45.417370
768 201949 87.173430 19.017610
768 202335 78.858150 38.105250
768 201942 73.716110 21.090420
768 202709 84.385770 15.599450
768 1626181 74.366030 35.441670
768 977 73.061690 36.587050
768 203135 89.288190 13.206340
768 1626273 62.395490 13.431150
768 203944 78.537790 42.659710
768 1626156 78.478300 1.695730
780 -1 78.348160 45.973420
780 201949 87.380390 18.779990
780 202335 78.981640 38.504380
780 201942 73.699260 21.066660
780 202709 84.201770 15.558640
780 1626181 74.808560 35.690110
780 977 73.519720 36.832270
780 203135 89.364140 12.989740
780 1626273 62.420890 13.453890
780 203944 78.531540 43.258340
780 1626156 78.338620 1.730280
792 -1 78.065680 46.626320
792 201949 87.587480 18.618830
792 202335 79.251770 38.881770
792 201942 73.685300 21.053180
792 202709 84.005800 15.542580
792 1626181 75.212020 35.863720
792 977 73.993090 37.138120
792 203135 89.393870 12.707900
792 1626273 62.437170 13.474770
792 203944 78.333770 43.987940
792 1626156 78.178330 1.787290
804 -1 77.564180 47.035490
804 201949 87.796400 18.466470
804 202335 79.592250 38.951840
804 201942 73.678850 21.051030
804 202709 83.814630 15.595850
804 1626181 75.634940 36.248220
804 977 74.454080 37.527800
804 203135 89.416140 12.434680
804 1626273 62.460170 13.483200
804 203944 78.028530 44.488070
804 1626156 77.985360 1.856680
816 -1 76.770250 46.942560
816 201949 87.995400 18.297000
816 202335 79.793240 39.037350
816 201942 73.674880 21.059720
816 202709 83.699540 15.678810
816 1626181 76.021390 36.440200
816 977 74.997850 37.994070
816 203135 89.461410 12.266600
816 1626273 62.452440 13.529310
816 203944 77.657450 44.753350
816 1626156 77.780560 1.948540
828 -1 75.764110 46.455980
828 201949 88.174790 18.089600
828 202335 79.740050 39.368550
828 201942 73.672900 21.076890
828 202709 83.594450 15.802500
828 1626181 76.294060 36.710440
828 977 75.458830 38.355290
828 203135 89.517690 11.971190
828 1626273 62.396520 13.627710
828 203944 77.231660 44.764580
828 1626156 77.569090 2.057430
840 -1 74.832670 45.512230
840 201949 88.331590 17.794970
840 202335 79.523050 39.597250
840 201942 73.679650 21.103060
840 202709 83.488220 15.912070
840 1626181 77.006840 36.888310
840 977 75.945000 38.636850
840 203135 89.547310 11.642860
840 1626273 62.293470 13.777860
840 203944 76.682210 44.616940
840 1626156 77.365460 2.201090
852 -1 74.210420 44.376470
852 201949 88.477170 17.423690
852 202335 79.301930 39.571820
852 201942 73.709630 21.151770
852 202709 83.388460 15.988000
852 1626181 77.705240 37.048210
852 977 76.431030 38.842430
852 203135 89.570490 11.286640
852 1626273 62.176950 13.943220
852 203944 76.057820 44.298740
852 1626156 77.214120 2.354490
864 -1 73.643630 43.418670
864 201949 88.621680 17.011500
864 202335 79.126880 39.490670
864 201942 73.750750 21.206110
864 202709 83.275100 16.011730
864 1626181 78.303640 36.897660
864 977 76.884410 38.969650
864 203135 89.548770 11.112890
864 1626273 62.048530 14.118500
864 203944 75.379470 43.976630
864 1626156 77.091940 2.503330
876 -1 73.344710 42.563540
876 201949 88.754310 16.615370
876 202335 79.027210 39.455170
876 201942 73.833930 21.336000
876 202709 83.142850 15.970210
876 1626181 78.823090 36.851920
876 977 77.200600 38.977340
876 203135 89.495410 11.050180
876 1626273 61.935940 14.274490
876 203944 74.619910 43.611640
876 1626156 76.988180 2.631680
888 -1 72.982900 41.811810
888 201949 88.856110 16.325120
888 202335 79.117140 39.166120
888 201942 73.942850 21.511840
888 202709 82.990860 15.862740
888 1626181 79.461780 36.701050
888 977 77.455840 38.739640
888 203135 89.411120 11.058530
888 1626273 61.882490 14.376430
888 203944 73.795180 43.177570
888 1626156 76.872310 2.745200
900 -1 72.364370 41.517350
900 201949 88.949050 16.094770
900 202335 79.333930 38.878790
900 201942 74.057770 21.706220
900 202709 82.828830 15.724980
900 1626181 79.668900 36.560220
900 977 77.593770 38.429230
900 203135 89.311470 11.103410
900 1626273 61.876600 14.429940
900 203944 73.046610 42.665580
900 1626156 76.765560 2.784250
912 -1 71.082360 39.954500
912 201949 89.017050 15.984010
912 202335 79.451910 38.794200
912 201942 74.141970 21.886450
912 202709 82.667600 15.629220
912 1626181 79.849130 36.472690
912 977 77.728290 38.038570
912 203135 89.194830 11.096760
912 1626273 61.899880 14.449010
912 203944 72.444300 42.011820
912 1626156 76.587680 2.804090
924 -1 70.500190 39.166060
924 201949 89.045260 15.982460
924 202335 79.525670 38.762840
924 201942 74.204690 22.033590
924 202709 82.510220 15.554070
924 1626181 80.126760 36.458160
924 977 77.831160 37.653470
924 203135 89.096430 10.948860
924 1626273 61.928710 14.457990
924 203944 71.958500 41.086020
924 1626156 76.293020 2.857290
936 -1 69.676460 38.901100
936 201949 89.045200 16.046550
936 202335 79.582490 38.700360
936 201942 74.265090 22.014680
936 202709 82.370810 15.488050
936 1626181 80.415000 36.315660
936 977 77.964970 37.307840
936 203135 88.979790 10.709480
936 1626273 61.972430 14.447580
936 203944 71.568950 40.052250
936 1626156 75.944310 2.926380
948 -1 69.271790 38.222190
948 201949 89.033680 16.095590
948 202335 79.660150 38.527640
948 201942 74.344190 21.969870
948 202709 82.271860 15.519860
948 1626181 80.642340 36.038440
948 977 78.113300 36.995400
948 203135 88.818450 10.526220
948 1626273 62.046420 14.408260
948 203944 71.393260 38.842750
948 1626156 75.588390 3.000850
960 -1 69.509020 36.860350
960 201949 88.997400 16.239200
960 202335 79.709390 38.212700
960 201942 74.528130 22.025980
960 202709 82.192510 15.643940
960 1626181 80.823970 35.614010
960 977 78.315230 36.632070
960 203135 88.656590 10.474730
960 1626273 62.166760 14.337250
960 203944 71.345860 37.491130
960 1626156 75.277270 3.054230
972 -1 70.504950 34.956040
972 201949 88.932770 16.444230
972 202335 79.729950 37.863690
972 201942 74.945380 22.265770
972 202709 82.159910 15.812810
972 1626181 80.960020 34.994790
972 977 78.403490 36.470420
972 203135 88.505810 10.607730
972 1626273 62.353580 14.214350
972 203944 71.457720 36.097990
972 1626156 74.910430 3.077870
984 -1 71.341570 33.189620
984 201949 88.832550 16.764350
984 202335 79.770860 37.518840
984 201942 75.570660 22.490970
984 202709 82.234700 16.068800
984 1626181 81.006920 34.174200
984 977 78.457240 36.218290
984 203135 88.365900 10.868660
984 1626273 62.626330 14.042520
984 203944 71.909750 34.698180
984 1626156 74.831990 3.075390
996 -1 72.110370 32.235140
996 201949 88.688620 17.189840
996 202335 79.871450 37.078130
996 201942 76.405290 22.937400
996 202709 82.394100 16.552690
996 1626181 80.981720 33.233340
996 977 78.436670 35.912310
996 203135 88.265590 11.181000
996 1626273 62.991610 13.802530
996 203944 72.680460 33.383920
996 1626156 74.852670 3.009050
1008 -1 74.248780 30.782050
1008 201949 88.482580 17.696240
1008 202335 79.970190 36.681190
1008 201942 77.166180 23.511530
1008 202709 82.644750 17.231400
1008 1626181 80.907020 32.328890
1008 977 78.292490 35.750500
1008 203135 88.193420 11.616960
1008 1626273 63.423460 13.532140
1008 203944 73.742300 31.936990
1008 1626156 74.887330 2.917630
1020 -1 76.328460 29.296290
1020 201949 88.204990 18.297830
1020 202335 80.085720 36.364940
1020 201942 77.862050 24.069790
1020 202709 82.986640 18.041760
1020 1626181 80.537450 31.715820
1020 977 77.991230 35.740310
1020 203135 88.096600 12.021360
1020 1626273 63.852540 13.253740
1020 203944 74.977070 30.437700
1020 1626156 74.863130 2.820670
1032 -1 78.070500 28.812210
1032 201949 87.905510 18.907490
1032 202335 80.190670 36.041150
1032 201942 78.281900 24.612410
1032 202709 83.381210 18.923720
1032 1626181 80.167690 31.156310
1032 977 77.713900 35.613970
1032 203135 88.018890 12.267640
1032 1626273 64.257940 13.033080
1032 203944 76.375080 29.182960
1032 1626156 74.906680 2.774020
1044 -1 80.143120 29.773030
1044 201949 87.581460 19.462550
1044 202335 80.462120 35.414650
1044 201942 78.598560 25.181260
1044 202709 83.799710 19.867810
1044 1626181 79.958540 30.619120
1044 977 77.408850 35.543360
1044 203135 87.924830 12.432800
1044 1626273 64.599420 12.869250
1044 203944 77.899840 27.887960
1044 1626156 74.766940 2.721490
1056 -1 81.024030 29.191280
1056 201949 87.276180 19.975110
1056 202335 80.757450 34.888460
1056 201942 78.760380 25.518090
1056 202709 84.193370 20.670520
1056 1626181 79.819320 30.337860
1056 977 77.108880 35.435050
1056 203135 87.785010 12.730500
1056 1626273 64.855030 12.811910
1056 203944 79.481650 26.702560
1056 1626156 74.541540 2.761220
1068 -1 81.552170 28.384000
1068 201949 87.020630 20.435780
1068 202335 80.978410 34.471850
1068 201942 78.988860 25.706890
1068 202709 84.477870 21.289770
1068 1626181 79.775060 29.955720
1068 977 76.778090 35.402370
1068 203135 87.650600 12.970990
1068 1626273 65.013390 12.850330
1068 203944 81.021430 25.916390
1068 1626156 74.393300 2.825410
1080 -1 82.796750 27.500120
1080 201949 86.838570 20.739300
1080 202335 81.175890 34.071260
1080 201942 79.164420 25.787950
1080 202709 84.686730 21.737070
1080 1626181 79.991090 29.419150
1080 977 76.463250 35.344140
1080 203135 87.567990 13.194120
1080 1626273 65.139200 12.998310
1080 203944 82.502510 25.393340
1080 1626156 74.286620 2.924560
1092 -1 84.346960 26.747090
1092 201949 86.667700 20.927700
1092 202335 81.346120 33.724500
1092 201942 79.411360 25.711410
1092 202709 84.789210 22.063490
1092 1626181 80.231530 28.958000
1092 977 76.139180 35.262830
1092 203135 87.477720 13.604110
1092 1626273 65.233100 13.278400
1092 203944 83.994580 24.903570
1092 1626156 74.260300 2.996620
1104 -1 85.653940 25.340220
1104 201949 86.562560 21.017190
1104 202335 81.259340 33.783190
1104 201942 79.624710 25.584770
1104 202709 84.798160 22.228540
1104 1626181 80.395120 28.670280
1104 977 75.841310 35.152180
1104 203135 87.415140 14.042060
1104 1626273 65.305840 13.675130
1104 203944 85.294730 24.673870
1104 1626156 74.270370 3.040400
1116 -1 86.862770 24.805330
1116 201949 86.498140 20.992230
1116 202335 81.093910 33.863070
1116 201942 79.798380 25.496910
1116 202709 84.826480 22.352220
1116 1626181 80.543740 28.304160
1116 977 75.377220 35.180500
1116 203135 87.411870 14.400100
1116 1626273 65.393300 14.069270
1116 203944 86.497790 24.389150
1116 1626156 74.354130 3.020200
1128 -1 87.590160 24.891190
1128 201949 86.507630 20.881740
1128 202335 80.937650 33.906260
1128 201942 80.007190 25.396720
1128 202709 84.949030 22.447660
1128 1626181 80.636560 28.071130
1128 977 74.830810 35.243650
1128 203135 87.407720 14.775550
1128 1626273 65.461360 14.502800
1128 203944 87.611650 24.035990
1128 1626156 74.399010 2.973590
1140 -1 88.042650 24.928100
1140 201949 86.551430 20.767220
1140 202335 80.743710 33.982180
1140 201942 80.259470 25.264220
1140 202709 85.108270 22.592230
1140 1626181 80.749320 27.794170
1140 977 74.283350 35.278420
1140 203135 87.432890 15.108000
1140 1626273 65.507020 14.962260
1140 203944 88.716860 23.763950
1140 1626156 74.419010 2.966440
1152 -1 88.573350 25.005560
1152 201949 86.616130 20.712040
1152 202335 80.577340 34.053960
1152 201942 80.535960 25.060280
1152 202709 85.374930 22.742440
1152 1626181 80.758760 27.561600
1152 977 73.664240 35.255080
1152 203135 87.416820 15.382460
1152 1626273 65.491250 15.433340
1152 203944 89.622030 23.389090
1152 1626156 74.383360 2.978100
1164 -1 89.185100 24.793280
1164 201949 86.675910 20.663960
1164 202335 80.422190 34.097020
1164 201942 80.795180 24.879010
1164 202709 85.671550 22.903530
1164 1626181 80.692340 27.359410
1164 977 72.876580 35.265810
1164 203135 87.326130 15.685170
1164 1626273 65.438710 15.916190
1164 203944 90.356770 22.951350
1164 1626156 74.301310 3.026320
1176 -1 89.561280 24.701070
1176 201949 86.705990 20.610240
1176 202335 80.234100 34.169320
1176 201942 81.052930 24.929440
1176 202709 85.946360 23.058930
1176 1626181 80.609950 27.264040
1176 977 72.175740 34.997950
1176 203135 87.136750 15.928850
1176 1626273 65.323870 16.467050
1176 203944 91.052690 22.535970
1176 1626156 74.156060 3.135970
1188 -1 89.614860 24.835720
1188 201949 86.661620 20.569490
1188 202335 80.030640 34.261600
1188 201942 81.264880 25.008080
1188 202709 86.238000 23.363390
1188 1626181 80.465340 27.243460
1188 977 71.505870 34.649190
1188 203135 86.859270 16.198090
1188 1626273 65.196040 17.046340
1188 203944 91.531250 22.098310
1188 1626156 73.960700 3.339060
1200 -1 89.565730 24.986020
1200 201949 86.548770 20.485240
1200 202335 79.810470 34.342560
1200 201942 81.418400 25.220540
1200 202709 86.524220 23.636100
1200 1626181 80.256700 27.328530
1200 977 70.642200 34.350270
1200 203135 86.434390 16.450100
1200 1626273 65.022280 17.645110
1200 203944 91.711200 21.579070
1200 1626156 73.733120 3.565550
1212 -1 89.565180 24.736750
1212 201949 86.379810 20.358790
1212 202335 79.544310 34.413360
1212 201942 81.652700 25.460460
1212 202709 86.775380 23.881940
1212 1626181 80.080860 27.494040
1212 977 69.630320 34.246620
1212 203135 85.748250 16.891570
1212 1626273 64.806150 18.228630
1212 203944 91.676510 21.262960
1212 1626156 73.479290 3.849420
1224 -1 89.758450 24.984100
1224 201949 86.164510 20.199420
1224 202335 79.157140 34.575590
1224 201942 81.906640 25.858730
1224 202709 87.037490 24.147860
1224 1626181 79.853920 27.753890
1224 977 68.601860 34.016250
1224 203135 84.882600 17.324550
1224 1626273 64.536010 18.807180
1224 203944 91.487270 20.996810
1224 1626156 73.187720 4.202590
1236 -1 89.638400 25.138580
1236 201949 85.914050 20.043380
1236 202335 78.682090 34.807770
1236 201942 82.149610 26.155420
1236 202709 87.351810 24.444860
1236 1626181 79.519590 28.004150
1236 977 67.418020 34.024270
1236 203135 83.921270 17.748670
1236 1626273 64.165660 19.410070
1236 203944 90.892850 20.876160
1236 1626156 72.830340 4.645890
1248 -1 89.765800 25.233180
1248 201949 85.614910 19.866330
1248 202335 78.130340 35.099830
1248 201942 82.429750 26.543830
1248 202709 87.652590 24.611220
1248 1626181 79.143920 28.178200
1248 977 66.091400 34.114440
1248 203135 82.800230 18.012110
1248 1626273 63.715890 19.969150
1248 203944 90.139310 20.860210
1248 1626156 72.404460 5.119430
1260 -1 89.377010 24.359710
1260 201949 85.216790 19.738680
1260 202335 77.504250 35.445820
1260 201942 82.776870 26.875960
1260 202709 87.997050 24.771690
1260 1626181 78.718510 28.373720
1260 977 64.716450 34.290120
1260 203135 81.568320 18.214480
1260 1626273 63.209680 20.513350
1260 203944 89.394120 20.912900
1260 1626156 71.846010 5.847170
1272 -1 89.333270 24.669660
1272 201949 84.666060 19.748690
1272 202335 76.817560 35.833370
1272 201942 83.020360 27.340080
1272 202709 88.394920 24.935700
1272 1626181 78.121510 28.579360
1272 977 63.377180 34.300710
1272 203135 80.319220 18.263820
1272 1626273 62.671230 21.048690
1272 203944 88.488360 20.900540
1272 1626156 71.227360 6.587260
1284 -1 88.724580 25.996460
1284 201949 84.044570 19.789210
1284 202335 76.079980 36.285780
1284 201942 83.195870 27.821600
1284 202709 88.851430 25.113550
1284 1626181 77.472370 28.754970
1284 977 61.975050 34.406440
1284 203135 79.054390 18.164710
1284 1626273 62.095480 21.574340
1284 203944 87.404740 21.138590
1284 1626156 70.521070 7.382110
1296 -1 89.350910 26.089870
1296 201949 83.485610 19.681850
1296 202335 75.247600 36.830090
1296 201942 83.295350 28.377090
1296 202709 89.310840 25.216580
1296 1626181 76.749330 28.883390
1296 977 60.549300 34.511060
1296 203135 77.661100 18.098520
1296 1626273 61.504840 22.062360
1296 203944 86.279960 21.365030
1296 1626156 69.743360 8.255000
1308 -1 90.145120 26.153040
1308 201949 82.817430 19.573370
1308 202335 74.368090 37.370240
1308 201942 83.297810 28.864100
1308 202709 89.777260 25.252810
1308 1626181 75.948280 29.027650
1308 977 59.099950 34.606580
1308 203135 76.178220 18.132510
1308 1626273 60.881520 22.556440
1308 203944 85.025100 21.714460
1308 1626156 68.869720 9.222030
1320 -1 90.630130 25.963700
1320 201949 82.181800 19.358090
1320 202335 73.468160 37.841730
1320 201942 83.201810 29.344870
1320 202709 90.268030 25.224950
1320 1626181 74.994110 29.118610
1320 977 57.691990 34.549070
1320 203135 74.615010 18.216180
1320 1626273 60.219740 23.032180
1320 203944 83.482090 22.409560
1320 1626156 67.958580 10.196410
1332 -1 91.542070 25.760420
1332 201949 81.626520 18.952740
1332 202335 72.579650 38.216800
1332 201942 83.050710 29.822680
1332 202709 90.765630 25.147640
1332 1626181 74.042360 29.124640
1332 977 56.244640 34.487130
1332 203135 73.057510 18.163920
1332 1626273 59.495710 23.483260
1332 203944 81.784820 23.220860
1332 1626156 66.973340 11.222230
1344 -1 91.769200 25.833420
1344 201949 80.997710 18.373190
1344 202335 71.688100 38.619700
1344 201942 82.844640 30.244240
1344 202709 91.238990 24.984830
1344 1626181 72.878280 29.159570
1344 977 54.786240 34.445900
1344 203135 71.476190 18.057900
1344 1626273 58.711240 23.952150
1344 203944 80.053460 23.899730
1344 1626156 65.901030 12.348520
1356 -1 92.229850 25.316080
1356 201949 80.201060 17.909420
1356 202335 70.816560 38.956860
1356 201942 82.601380 30.647780
1356 202709 91.693290 24.811430
1356 1626181 71.614900 29.191480
1356 977 53.374530 34.368510
1356 203135 69.977840 17.722740
1356 1626273 57.921960 24.404260
1356 203944 78.310810 24.492260
1356 1626156 64.856330 13.361070
1368 -1 92.610020 25.352890
1368 201949 79.283960 17.637920
1368 202335 69.875170 39.275090
1368 201942 82.330750 31.140060
1368 202709 92.146840 24.649700
1368 1626181 70.195680 29.295500
1368 977 51.999650 34.179730
1368 203135 68.492930 17.354090
1368 1626273 57.099800 24.858650
1368 203944 76.567790 25.037820
1368 1626156 63.768030 14.459310
1380 -1 92.450700 25.514060
1380 201949 78.323950 17.325960
1380 202335 68.829140 39.644120
1380 201942 82.093380 31.636690
1380 202709 92.615620 24.531670
1380 1626181 68.673340 29.493830
1380 977 50.644140 33.943890
1380 203135 66.942530 16.899250
1380 1626273 56.246610 25.273290
1380 203944 74.870510 25.343890
1380 1626156 62.683030 15.458500
1392 -1 92.476020 24.921140
1392 201949 77.224700 17.031000
1392 202335 67.689210 40.129940
1392 201942 81.848340 32.171090
1392 202709 93.095160 24.460140
1392 1626181 66.991170 29.783900
1392 977 49.292150 33.653580
1392 203135 65.433770 16.425930
1392 1626273 55.413430 25.591120
1392 203944 73.198540 25.638810
1392 1626156 61.551110 16.518880