0 -1 13.056700 39.469330
0 101114 14.341100 38.191260
0 200826 16.580970 16.649170
0 2585 10.980100 21.556420
0 101111 12.381850 28.512960
0 202083 34.905920 11.641770
0 977 43.575990 17.615150
0 201156 52.333300 25.226690
0 201579 30.389880 25.638450
0 101150 29.372280 42.521450
0 203944 16.304880 21.672810
12 -1 13.109450 40.378500
12 101114 14.464200 38.472840
12 200826 17.584830 15.340940
12 2585 12.219170 21.352140
12 101111 12.903130 28.526260
12 202083 36.876010 10.920650
12 977 45.137950 17.609700
12 201156 53.547620 25.134950
12 201579 32.387170 25.877420
12 101150 31.104370 42.200780
12 203944 17.614340 21.754940
24 -1 12.960830 41.163890
24 101114 14.597710 38.735960
24 200826 18.836840 14.023200
24 2585 13.569020 21.206590
24 101111 13.480680 28.549340
24 202083 38.894090 10.231460
24 977 46.764140 17.557480
24 201156 54.754000 25.005940
24 201579 34.364700 26.051230
24 101150 32.821420 41.880170
24 203944 19.002120 21.864120
36 -1 12.662080 41.795040
36 101114 14.699120 39.096680
36 200826 20.107930 12.906690
36 2585 14.993020 21.104530
36 101111 14.099060 28.537350
36 202083 40.996040 9.538030
36 977 48.385880 17.527030
36 201156 55.997650 24.843810
36 201579 36.310490 26.219690
36 101150 34.537320 41.556550
36 203944 20.443690 21.967250
48 -1 12.608670 42.585350
48 101114 14.749820 39.706110
48 200826 21.567420 11.759310
48 2585 16.449990 21.100570
48 101111 14.735140 28.498690
48 202083 43.117430 8.935630
48 977 50.023130 17.498330
48 201156 57.242270 24.651940
48 201579 38.297340 26.338450
48 101150 36.195190 41.248860
48 203944 21.941000 22.069460
60 -1 12.478000 43.008650
60 101114 14.869360 40.319500
60 200826 23.095130 10.786170
60 2585 17.959010 21.150310
60 101111 15.391870 28.411320
60 202083 45.284210 8.421190
60 977 51.625230 17.449810
60 201156 58.453570 24.392110
60 201579 40.288570 26.451900
60 101150 37.743960 40.954740
60 203944 23.508230 22.172020
72 -1 13.229480 43.900990
72 101114 15.092060 40.986860
72 200826 24.686310 9.907060
72 2585 19.559880 21.290190
72 101111 16.073860 28.279260
72 202083 47.501190 7.990420
72 977 53.225770 17.373690
72 201156 59.605960 24.113980
72 201579 42.297130 26.512420
72 101150 39.184010 40.650410
72 203944 25.099980 22.254770
84 -1 14.920410 44.513770
84 101114 15.397810 41.680670
84 200826 26.333400 9.064480
84 2585 21.195950 21.511750
84 101111 16.801310 28.102950
84 202083 49.738070 7.654590
84 977 54.809390 17.311370
84 201156 60.754260 23.787140
84 201579 44.300180 26.559520
84 101150 40.526550 40.302240
84 203944 26.734590 22.315620
96 -1 16.817830 44.061670
96 101114 15.871760 42.371550
96 200826 28.047680 8.341700
96 2585 22.895420 21.783270
96 101111 17.607320 27.883900
96 202083 51.968380 7.430560
96 977 56.380180 17.227050
96 201156 61.897200 23.437400
96 201579 46.276200 26.566240
96 101150 41.858370 39.937210
96 203944 28.378080 22.416880
108 -1 18.182120 43.610860
108 101114 16.651030 42.838020
108 200826 29.789770 7.686230
108 2585 24.652180 22.063570
108 101111 18.546540 27.617930
108 202083 54.206840 7.348650
108 977 57.918190 17.126930
108 201156 62.944470 23.161270
108 201579 48.210210 26.554860
108 101150 43.190930 39.577690
108 203944 30.049910 22.504380
120 -1 19.438540 43.274810
120 101114 17.617100 43.163710
120 200826 31.567930 7.083500
120 2585 26.465990 22.439270
120 101111 19.560370 27.370040
120 202083 56.454880 7.415870
120 977 59.429040 17.040250
120 201156 63.917920 22.968800
120 201579 50.150500 26.505420
120 101150 44.532460 39.252060
120 203944 31.730840 22.543520
132 -1 20.360230 43.124120
132 101114 18.698190 43.353810
132 200826 33.417180 6.556670
132 2585 28.243500 22.809670
132 101111 20.638490 27.091620
132 202083 58.713100 7.613620
132 977 60.971690 16.969750
132 201156 64.878330 22.813240
132 201579 52.055740 26.442080
132 101150 45.880880 38.962360
132 203944 33.408850 22.587120
144 -1 21.041500 42.969520
144 101114 19.910400 43.516920
144 200826 35.318730 6.100150
144 2585 30.089410 23.183060
144 101111 21.755330 26.797250
144 202083 60.949760 7.979680
144 977 62.466410 16.901500
144 201156 65.704210 22.673760
144 201579 53.945590 26.368660
144 101150 47.239210 38.769420
144 203944 35.104100 22.601270
156 -1 22.036350 42.857740
156 101114 21.187660 43.651780
156 200826 37.236310 5.696160
156 2585 31.964840 23.572430
156 101111 22.935350 26.499140
156 202083 63.177400 8.501400
156 977 63.987970 16.838680
156 201156 66.400740 22.510560
156 201579 55.817310 26.307010
156 101150 48.530790 38.608720
156 203944 36.762440 22.622170
168 -1 23.419800 43.096720
168 101114 22.491800 43.790290
168 200826 39.188500 5.340020
168 2585 33.868640 23.980180
168 101111 24.137920 26.161410
168 202083 65.360260 9.128190
168 977 65.527820 16.767020
168 201156 67.038110 22.251830
168 201579 57.576950 26.215700
168 101150 49.768140 38.438400
168 203944 38.362340 22.635430
180 -1 25.316270 43.350240
180 101114 23.835690 43.952190
180 200826 41.150020 4.992250
180 2585 35.802280 24.389350
180 101111 25.394920 25.742380
180 202083 67.484070 9.885040
180 977 67.071800 16.710730
180 201156 67.584590 21.934850
180 201579 59.198410 26.142620
180 101150 51.003660 38.214910
180 203944 39.960400 22.637030
192 -1 27.401390 43.847870
192 101114 25.285920 44.115640
192 200826 43.142130 4.673910
192 2585 37.728250 24.798330
192 101111 26.737360 25.283710
192 202083 69.552670 10.790740
192 977 68.528150 16.687200
192 201156 68.010480 21.621720
192 201579 60.787350 26.080310
192 101150 52.241970 38.021530
192 203944 41.584600 22.613580
204 -1 29.463270 44.639300
204 101114 26.926060 44.332960
204 200826 45.144420 4.403640
204 2585 39.644480 25.203660
204 101111 28.148770 24.781510
204 202083 71.522340 11.758970
204 977 69.978150 16.726110
204 201156 68.429300 21.355340
204 201579 62.397700 25.949420
204 101150 53.450300 37.810960
204 203944 43.141630 22.620670
216 -1 30.687610 44.922630
216 101114 28.630800 44.531580
216 200826 47.185110 4.138800
216 2585 41.544150 25.584250
216 101111 29.570900 24.239910
216 202083 73.350010 12.886380
216 977 71.406530 16.887600
216 201156 68.830910 21.148090
216 201579 63.958660 25.849550
216 101150 54.618660 37.634340
216 203944 44.702180 22.621780
228 -1 31.881430 45.451140
228 101114 30.383850 44.706580
228 200826 49.217530 3.889580
228 2585 43.437900 25.948350
228 101111 31.010480 23.703850
228 202083 75.093570 14.154080
228 977 72.794940 17.068050
228 201156 69.188440 20.886810
228 201579 65.491560 25.822840
228 101150 55.815210 37.487720
228 203944 46.262930 22.632360
240 -1 33.173980 45.764150
240 101114 32.178700 44.845350
240 200826 51.236480 3.661510
240 2585 45.302180 26.302740
240 101111 32.452760 23.125280
240 202083 76.638850 15.573450
240 977 74.181150 17.295970
240 201156 69.600650 20.674070
240 201579 67.010920 25.795790
240 101150 56.947610 37.381330
240 203944 47.784200 22.643580
252 -1 34.757170 45.999580
252 101114 34.020990 44.973050
252 200826 53.227610 3.424640
252 2585 47.138150 26.624560
252 101111 33.883280 22.509890
252 202083 78.028900 17.132880
252 977 75.480650 17.602440
252 201156 70.015190 20.350690
252 201579 68.387740 25.831910
252 101150 57.971310 37.287360
252 203944 49.211680 22.632150
264 -1 36.504940 45.963810
264 101114 35.697190 44.963180
264 200826 55.209440 3.177810
264 2585 48.949020 26.949700
264 101111 35.334820 21.886340
264 202083 79.191860 18.840050
264 977 76.679410 17.957550
264 201156 70.380660 19.958990
264 201579 69.587440 25.970610
264 101150 58.942350 37.204420
264 203944 50.665620 22.594070
276 -1 38.773380 45.793630
276 101114 37.403280 44.927330
276 200826 57.144220 2.963640
276 2585 50.717890 27.275620
276 101111 36.787150 21.251220
276 202083 80.119430 20.645440
276 977 77.788500 18.342620
276 201156 70.688730 19.489080
276 201579 70.699250 26.115760
276 101150 59.885000 37.146720
276 203944 52.114470 22.584270
288 -1 40.888400 45.821630
288 101114 39.156880 44.886220
288 200826 59.065580 2.748670
288 2585 52.426650 27.562780
288 101111 38.250430 20.621840
288 202083 80.811030 22.491860
288 977 78.851720 18.911540
288 201156 70.851060 19.190650
288 201579 71.746130 26.248670
288 101150 60.772930 37.119460
288 203944 53.448680 22.555030
300 -1 42.812480 45.632450
300 101114 40.956450 44.890430
300 200826 60.947490 2.547730
300 2585 54.110930 27.868720
300 101111 39.714080 20.043870
300 202083 81.266990 24.323390
300 977 79.823080 19.670680
300 201156 70.943490 18.824810
300 201579 72.644160 26.576930
300 101150 61.661640 37.155880
300 203944 54.716460 22.581260
312 -1 43.719260 45.977260
312 101114 42.731300 44.888780
312 200826 62.804230 2.365620
312 2585 55.732160 28.232590
312 101111 41.164890 19.575090
312 202083 81.457910 26.139140
312 977 80.766370 20.560220
312 201156 71.247750 18.432000
312 201579 73.476290 26.873900
312 101150 62.573450 37.184040
312 203944 55.930200 22.583330
324 -1 45.277510 46.028740
324 101114 44.569030 44.904470
324 200826 64.625810 2.201510
324 2585 57.238790 28.559060
324 101111 42.624850 19.172410
324 202083 81.490510 27.905130
324 977 81.698390 21.591900
324 201156 71.543580 18.044110
324 201579 74.186700 27.211920
324 101150 63.469020 37.230160
324 203944 57.066930 22.545480
336 -1 47.099570 45.982320
336 101114 46.367520 44.924030
336 200826 66.405740 2.041880
336 2585 58.649500 28.929200
336 101111 44.132740 18.814960
336 202083 81.284710 29.577950
336 977 82.554850 22.710810
336 201156 71.851320 17.654760
336 201579 74.735920 27.592020
336 101150 64.306050 37.264390
336 203944 58.132770 22.442880
348 -1 49.599450 45.613030
348 101114 48.133740 44.907250
348 200826 68.139720 1.940040
348 2585 59.978810 29.382760
348 101111 45.630470 18.501400
348 202083 80.855880 31.162940
348 977 83.233310 23.931610
348 201156 72.376770 17.163830
348 201579 75.191440 28.140760
348 101150 65.075430 37.306710
348 203944 59.209990 22.298940
360 -1 51.960510 45.491070
360 101114 49.916360 44.882770
360 200826 69.864110 1.849920
360 2585 61.209710 29.798340
360 101111 47.102380 18.213000
360 202083 80.244600 32.576200
360 977 83.767490 25.204490
360 201156 73.000440 16.700420
360 201579 75.515850 28.516520
360 101150 65.779560 37.368290
360 203944 60.225230 22.077800
372 -1 53.489700 45.860150
372 101114 51.734120 44.944460
372 200826 71.485780 1.775730
372 2585 62.423540 30.214710
372 101111 48.573010 17.913210
372 202083 79.434520 33.785840
372 977 84.130670 26.595580
372 201156 73.479780 16.352690
372 201579 75.766960 28.975340
372 101150 66.467280 37.510500
372 203944 61.190190 21.858820
384 -1 54.576840 46.295060
384 101114 53.523770 44.993390
384 200826 73.077350 1.709850
384 2585 63.569910 30.677810
384 101111 49.975390 17.599100
384 202083 78.456550 34.801690
384 977 84.227400 28.069800
384 201156 74.043510 16.024950
384 201579 76.012770 29.510730
384 101150 67.152220 37.702790
384 203944 62.140380 21.720860
396 -1 56.294880 45.940590
396 101114 55.289440 44.998910
396 200826 74.623300 1.690360
396 2585 64.588060 31.159170
396 101111 51.256750 17.252710
396 202083 77.341110 35.581550
396 977 84.107850 29.612610
396 201156 74.681750 15.733220
396 201579 76.172790 30.050110
396 101150 67.828250 37.911400
396 203944 63.025710 21.585980
408 -1 57.874600 46.051400
408 101114 56.972180 45.036920
408 200826 76.085890 1.696340
408 2585 65.513450 31.622250
408 101111 52.487860 16.857560
408 202083 76.102510 36.085780
408 977 83.829060 31.137470
408 201156 75.328020 15.439660
408 201579 76.497190 30.470060
408 101150 68.458810 38.135220
408 203944 63.872040 21.370870
420 -1 60.290490 45.797450
420 101114 58.583220 45.060850
420 200826 77.461790 1.726520
420 2585 66.388440 32.072240
420 101111 53.693440 16.439820
420 202083 74.843870 36.332550
420 977 83.395900 32.655790
420 201156 75.985720 15.181410
420 201579 76.793220 31.014620
420 101150 69.048560 38.321520
420 203944 64.699570 21.152510
432 -1 61.872850 46.153960
432 101114 60.103070 45.071140
432 200826 78.791400 1.798770
432 2585 67.163470 32.483790
432 101111 54.788950 16.006580
432 202083 73.484530 36.514800
432 977 82.853130 34.068460
432 201156 76.665010 14.966030
432 201579 77.011880 31.584530
432 101150 69.577810 38.537410
432 203944 65.523910 20.955270
444 -1 63.085060 46.017980
444 101114 61.498850 45.095910
444 200826 80.026500 1.892710
444 2585 67.944470 32.825950
444 101111 55.801700 15.604870
444 202083 72.108340 36.507730
444 977 82.321020 35.330290
444 201156 77.370230 14.782890
444 201579 77.206090 32.255620
444 101150 70.106860 38.770290
444 203944 66.278040 20.701770
456 -1 64.107970 46.013300
456 101114 62.789900 45.162370
456 200826 81.183560 1.971130
456 2585 68.664950 33.101060
456 101111 56.769760 15.266930
456 202083 70.638590 36.265240
456 977 81.784700 36.471000
456 201156 78.114070 14.640090
456 201579 77.399960 32.829940
456 101150 70.555120 38.910290
456 203944 67.007340 20.432390
468 -1 65.173500 45.644220
468 101114 63.965920 45.096880
468 200826 82.288030 2.042230
468 2585 69.249690 33.369850
468 101111 57.660970 14.972750
468 202083 69.163990 35.853140
468 977 81.236840 37.495530
468 201156 78.885390 14.555190
468 201579 77.363630 33.387940
468 101150 70.921750 39.050110
468 203944 67.681520 20.218550
480 -1 65.824710 44.825370
480 101114 64.937010 45.002970
480 200826 83.275560 2.114240
480 2585 69.706380 33.623750
480 101111 58.490950 14.777090
480 202083 67.710940 35.397850
480 977 80.721750 38.318480
480 201156 79.649860 14.497870
480 201579 77.452020 33.844150
480 101150 71.203380 39.163290
480 203944 68.319560 20.046400
492 -1 65.735440 43.655710
492 101114 65.756800 44.859020
492 200826 84.195670 2.152330
492 2585 69.986060 33.778090
492 101111 59.276520 14.589770
492 202083 66.425210 34.716080
492 977 80.227590 38.940270
492 201156 80.393310 14.435010
492 201579 77.595430 34.180840
492 101150 71.463590 39.183700
492 203944 68.958860 19.898790
504 -1 65.300580 40.896970
504 101114 66.520970 44.768260
504 200826 85.011160 2.178610
504 2585 70.023070 34.155360
504 101111 60.041460 14.362200
504 202083 65.334080 34.092230
504 977 79.785330 39.346290
504 201156 81.121550 14.401570
504 201579 77.846160 34.328440
504 101150 71.637340 39.178780
504 203944 69.527800 19.676830
516 -1 64.651880 37.227460
516 101114 67.248980 44.723260
516 200826 85.732090 2.174950
516 2585 70.014170 34.454950
516 101111 60.765210 14.141340
516 202083 64.541430 33.402960
516 977 79.430660 39.521560
516 201156 81.808410 14.391990
516 201579 78.210420 34.492610
516 101150 71.845670 39.311330
516 203944 70.048860 19.418720
528 -1 63.953500 33.943820
528 101114 67.939780 44.857180
528 200826 86.345010 2.139000
528 2585 69.982260 34.788250
528 101111 61.458180 13.936100
528 202083 64.013900 32.535310
528 977 79.116390 39.501750
528 201156 82.478410 14.394140
528 201579 78.587180 34.547900
528 101150 72.129490 39.422680
528 203944 70.548190 19.176250
540 -1 63.949040 32.486640
540 101114 68.618970 45.069700
540 200826 86.865380 2.086440
540 2585 69.925390 35.084540
540 101111 62.100210 13.687310
540 202083 63.697780 31.566770
540 977 78.896980 39.289920
540 201156 83.116190 14.416330
540 201579 78.873170 34.464000
540 101150 72.514910 39.571130
540 203944 71.009720 18.925970
552 -1 64.017870 31.031650
552 101114 69.259990 45.285200
552 200826 87.236270 2.032590
552 2585 69.972760 35.537000
552 101111 62.703770 13.426600
552 202083 63.559400 30.553850
552 977 78.748550 38.929700
552 201156 83.693400 14.467640
552 201579 79.230090 34.362840
552 101150 72.933540 39.729320
552 203944 71.406650 18.651980
564 -1 64.151940 29.289360
564 101114 69.820880 45.465310
564 200826 87.489260 1.995570
564 2585 70.136620 35.476460
564 101111 63.233640 13.189320
564 202083 63.582720 29.425420
564 977 78.611650 38.437470
564 201156 84.189530 14.523870
564 201579 79.442220 34.050520
564 101150 73.383280 39.853750
564 203944 71.851280 18.494910
576 -1 64.532520 27.907530
576 101114 70.319990 45.604660
576 200826 87.631690 2.003010
576 2585 70.363150 35.427780
576 101111 63.702300 12.925490
576 202083 63.643060 28.508720
576 977 78.388600 37.867860
576 201156 84.533520 14.534220
576 201579 79.607110 33.720930
576 101150 73.857340 39.888230
576 203944 72.285370 18.327410
588 -1 65.206410 27.084550
588 101114 70.750610 45.636830
588 200826 87.697140 2.054590
588 2585 70.677720 35.215570
588 101111 64.074360 12.629350
588 202083 63.734120 27.887520
588 977 78.177220 37.192610
588 201156 84.717530 14.500620
588 201579 79.712710 33.326330
588 101150 74.345410 39.909260
588 203944 72.728770 18.208550
600 -1 64.323210 27.426270
600 101114 71.090570 45.515520
600 200826 87.720380 2.168740
600 2585 71.038050 34.988490
600 101111 64.333150 12.364690
600 202083 63.871700 27.488520
600 977 77.872220 36.369750
600 201156 84.796280 14.394280
600 201579 79.855240 32.931250
600 101150 74.785500 39.925420
600 203944 73.123470 18.083090
612 -1 64.306200 27.428290
612 101114 71.316620 45.283840
612 200826 87.735460 2.358380
612 2585 71.426540 34.631260
612 101111 64.470320 12.181790
612 202083 64.021140 27.258170
612 977 77.506950 35.523810
612 201156 84.864030 14.277380
612 201579 79.885140 32.438300
612 101150 75.240090 39.938910
612 203944 73.544510 17.980970
624 -1 65.509100 27.238880
624 101114 71.451520 44.981480
624 200826 87.751700 2.602200
624 2585 71.842220 34.504470
624 101111 64.496120 12.085600
624 202083 64.088990 27.091240
624 977 77.195280 34.740160
624 201156 84.978490 14.087860
624 201579 79.949550 32.054760
624 101150 75.701000 39.977550
624 203944 74.000460 17.900470
636 -1 67.827010 27.000960
636 101114 71.473990 44.617630
636 200826 87.772680 2.933410
636 2585 72.314790 34.323490
636 101111 64.424510 12.105830
636 202083 64.220530 26.910600
636 977 76.928840 33.874000
636 201156 85.176500 13.917400
636 201579 79.976910 31.638740
636 101150 76.203080 40.058310
636 203944 74.528600 17.972040
648 -1 70.437870 26.971960
648 101114 71.396690 44.247360
648 200826 87.794550 3.367050
648 2585 72.799510 34.162370
648 101111 64.268180 12.256310
648 202083 64.350460 26.716680
648 977 76.707960 33.037520
648 201156 85.428540 13.798020
648 201579 80.065980 31.306220
648 101150 76.742230 40.133850
648 203944 75.098230 18.049460
660 -1 72.897350 26.602160
660 101114 71.212710 43.871140
660 200826 87.813720 3.893070
660 2585 73.317330 33.900440
660 101111 64.010490 12.428100
660 202083 64.362150 26.501500
660 977 76.535370 32.312150
660 201156 85.697770 13.746840
660 201579 80.164900 31.041500
660 101150 77.351750 40.151780
660 203944 75.775530 18.182900
672 -1 75.367340 26.483400
672 101114 70.944850 43.509200
672 200826 87.789740 4.503370
672 2585 73.863360 33.577350
672 101111 63.652210 12.586060
672 202083 64.242690 26.294820
672 977 76.458400 31.561090
672 201156 85.929730 13.724830
672 201579 80.253670 30.873430
672 101150 77.969810 40.115700
672 203944 76.486050 18.335170
684 -1 77.742490 26.309460
684 101114 70.610180 43.146410
684 200826 87.723980 5.164510
684 2585 74.406760 33.244440
684 101111 63.208020 12.712960
684 202083 64.013370 26.124720
684 977 76.379940 30.738200
684 201156 86.091000 13.817140
684 201579 80.272590 30.779080
684 101150 78.558980 39.978790
684 203944 77.190840 18.489670
696 -1 80.086440 26.069920
696 101114 70.226530 42.776150
696 200826 87.657300 5.859140
696 2585 74.927410 32.900380
696 101111 62.679660 12.797300
696 202083 63.715470 25.996930
696 977 76.383790 30.040870
696 201156 86.227690 13.973000
696 201579 80.237890 30.719150
696 101150 79.079070 39.743060
696 203944 77.963010 18.680160
708 -1 82.465160 25.753240
708 101114 69.762240 42.408480
708 200826 87.533860 6.564190
708 2585 75.443450 32.499460
708 101111 62.078100 12.882470
708 202083 63.333840 25.921580
708 977 76.469460 29.337190
708 201156 86.360620 14.146500
708 201579 80.116930 30.674370
708 101150 79.518270 39.467820
708 203944 78.737800 18.940410
720 -1 84.719720 25.604890
720 101114 69.242750 42.055490
720 200826 87.356080 7.276910
720 2585 75.922610 32.167140
720 101111 61.465560 13.009910
720 202083 62.931240 25.925280
720 977 76.618160 28.665000
720 201156 86.464460 14.317630
720 201579 79.926140 30.635160
720 101150 79.882410 39.168580
720 203944 79.488210 19.244420
732 -1 86.910200 25.384430
732 101114 68.658850 41.683130
732 200826 87.144320 7.974660
732 2585 76.304690 31.872410
732 101111 60.881430 13.188030
732 202083 62.503520 25.956680
732 977 76.814760 28.046530
732 201156 86.513050 14.472480
732 201579 79.780070 30.573280
732 101150 80.171090 38.895480
732 203944 80.247550 19.618100
744 -1 89.023410 25.166420
744 101114 68.029160 41.348980
744 200826 86.933170 8.737260
744 2585 76.486020 31.549810
744 101111 60.291970 13.419400
744 202083 62.021080 26.017390
744 977 77.059810 27.536680
744 201156 86.491030 14.563980
744 201579 79.648260 30.462810
744 101150 80.425850 38.684620
744 203944 80.966600 20.014750
756 -1 88.662180 24.761450
756 101114 67.353240 41.035730
756 200826 86.577320 9.526890
756 2585 76.583210 31.318470
756 101111 59.703480 13.703550
756 202083 61.442310 26.078350
756 977 77.374930 27.020290
756 201156 86.389650 14.575600
756 201579 79.526150 30.391490
756 101150 80.672510 38.540680
756 203944 81.587600 20.432140
768 -1 88.304950 24.544900
768 101114 66.656020 40.687390
768 200826 86.101980 10.333100
768 2585 76.467010 31.068290
768 101111 59.111340 13.923090
768 202083 60.821230 26.121390
768 977 77.736950 26.553950
768 201156 86.191440 14.553660
768 201579 79.401230 30.335490
768 101150 80.923890 38.412780
768 203944 82.197190 20.884450
780 -1 87.973600 24.263060
780 101114 65.937560 40.355080
780 200826 85.509480 11.036920
780 2585 76.364400 30.630160
780 101111 58.519060 14.134700
780 202083 60.047420 26.116780
780 977 77.701950 26.521850
780 201156 85.928860 14.467520
780 201579 79.227010 30.259360
780 101150 81.149120 38.290610
780 203944 82.743780 21.378590
792 -1 87.385910 24.016800
792 101114 65.235090 40.069380
792 200826 84.829970 11.656600
792 2585 76.767630 29.690780
792 101111 57.890550 14.345070
792 202083 59.183760 26.079000
792 977 77.081310 27.048170
792 201156 85.631250 14.366680
792 201579 79.017620 30.202360
792 101150 81.345560 38.126200
792 203944 83.193190 21.871170
804 -1 86.413020 23.936620
804 101114 64.515880 39.773690
804 200826 84.015870 12.152370
804 2585 77.428750 28.562580
804 101111 57.240340 14.518100
804 202083 58.287370 26.032440
804 977 76.180100 27.673880
804 201156 85.291770 14.267390
804 201579 78.816490 30.171400
804 101150 81.516620 37.921520
804 203944 83.584680 22.363850
816 -1 85.527970 23.841830
816 101114 63.770580 39.425640
816 200826 83.163060 12.545040
816 2585 77.945400 27.235620
816 101111 56.556280 14.678890
816 202083 57.361480 25.963180
816 977 74.977680 28.352310
816 201156 84.914820 14.227940
816 201579 78.602300 30.094840
816 101150 81.636250 37.694370
816 203944 83.912830 22.791460
828 -1 85.036180 23.951810
828 101114 63.002960 39.110750
828 200826 82.239620 12.889540
828 2585 78.546610 25.894990
828 101111 55.860450 14.927040
828 202083 56.332250 25.852480
828 977 73.450380 29.072440
828 201156 84.524120 14.178760
828 201579 78.388660 30.009670
828 101150 81.695250 37.483420
828 203944 84.145160 23.196730
840 -1 85.166640 24.256000
840 101114 62.209110 38.795500
840 200826 81.281260 13.293130
840 2585 78.995800 24.692200
840 101111 55.123150 15.187980
840 202083 55.336940 25.731870
840 977 72.084680 29.446130
840 201156 84.123280 14.149970
840 201579 78.220130 29.930190
840 101150 81.689850 37.316500
840 203944 84.338760 23.594780
852 -1 85.626620 24.955330
852 101114 61.403550 38.466370
852 200826 80.296980 13.773780
852 2585 78.853780 23.942410
852 101111 54.378990 15.430760
852 202083 54.355210 25.659470
852 977 71.038100 29.323400
852 201156 83.701550 14.097030
852 201579 77.995190 29.818780
852 101150 81.618210 37.200330
852 203944 84.490470 24.032780
864 -1 86.280950 25.633020
864 101114 60.605270 38.115280
864 200826 79.280890 14.325510
864 2585 78.546490 23.294700
864 101111 53.711720 15.680380
864 202083 53.310520 25.584860
864 977 69.936370 29.131090
864 201156 83.273000 14.032960
864 201579 77.701120 29.648570
864 101150 81.493090 37.110740
864 203944 84.601030 24.486370
876 -1 86.959220 26.299280
876 101114 59.818470 37.781110
876 200826 78.244710 14.915420
876 2585 78.301890 22.646810
876 101111 53.061160 15.969090
876 202083 52.224390 25.505830
876 977 68.778390 28.944940
876 201156 82.836950 13.910150
876 201579 77.354180 29.436030
876 101150 81.358590 37.055600
876 203944 84.646310 25.014390
888 -1 87.638650 26.771330
888 101114 59.027210 37.389900
888 200826 77.246950 15.517860
888 2585 78.014850 21.924100
888 101111 52.456440 16.244070
888 202083 51.088920 25.442740
888 977 67.590920 28.742500
888 201156 82.365020 13.760480
888 201579 76.959960 29.207800
888 101150 81.240520 37.010210
888 203944 84.715180 25.520550
900 -1 88.182010 27.378680
900 101114 58.216480 36.969200
900 200826 76.262290 16.077790
900 2585 77.629950 21.156560
900 101111 51.843610 16.502930
900 202083 49.935660 25.400420
900 977 66.327550 28.558030
900 201156 81.856660 13.594970
900 201579 76.526380 28.997450
900 101150 81.147260 36.951760
900 203944 84.795490 26.024530