0 -1 84.198490 9.425160
0 200765 83.354350 8.357460
0 200752 75.618620 29.482440
0 201158 58.913650 10.641610
0 203112 75.441930 24.478730
0 202326 84.070620 31.889580
0 101138 53.556640 28.957310
0 101150 61.056150 37.013370
0 203903 76.369230 28.796950
0 1626148 49.623310 12.971900
0 203944 79.403570 22.915170
12 -1 82.538410 8.153060
12 200765 82.332550 7.594680
12 200752 74.723740 30.746770
12 201158 56.616880 9.907730
12 203112 73.351050 24.339540
12 202326 83.474360 32.009680
12 101138 52.468120 28.623760
12 101150 59.475210 36.134930
12 203903 74.715240 28.421390
12 1626148 47.940920 12.992820
12 203944 78.182440 22.774680
24 -1 80.130190 6.822390
24 200765 81.029930 6.962740
24 200752 73.705470 32.206990
24 201158 54.249480 9.387220
24 203112 71.278800 24.142160
24 202326 82.827660 32.010010
24 101138 51.355130 28.421180
24 101150 57.896370 35.119420
24 203903 73.201480 27.941750
24 1626148 46.253520 13.012040
24 203944 76.913930 22.487280
36 -1 78.201340 5.609060
36 200765 79.634590 6.321250
36 200752 72.601820 33.704200
36 201158 51.869530 8.874810
36 203112 69.147580 24.042740
36 202326 82.290800 31.665590
36 101138 50.191310 28.217140
36 101150 56.321330 34.032270
36 203903 71.594160 27.433060
36 1626148 44.593310 12.985420
36 203944 75.432680 22.255620
48 -1 76.094100 5.497690
48 200765 78.011370 5.835290
48 200752 71.204760 34.963500
48 201158 49.489880 8.296180
48 203112 66.911620 24.049690
48 202326 81.512420 31.386990
48 101138 48.997490 27.994020
48 101150 54.749850 32.869440
48 203903 69.971670 26.944180
48 1626148 42.949970 12.941740
48 203944 73.915660 22.183480
60 -1 73.801510 5.843730
60 200765 76.299220 5.363690
60 200752 69.755150 35.544980
60 201158 47.103910 7.683520
60 203112 64.608600 24.046830
60 202326 80.507080 31.311100
60 101138 47.772910 27.776910
60 101150 53.175510 31.585880
60 203903 68.414200 26.256710
60 1626148 41.277930 12.798030
60 203944 72.368350 22.165520
72 -1 71.695430 6.462000
72 200765 74.315380 5.433760
72 200752 68.256030 35.823500
72 201158 44.726170 7.225000
72 203112 62.318240 24.042390
72 202326 79.338790 31.441500
72 101138 46.521730 27.549630
72 101150 51.631090 30.242760
72 203903 66.714860 25.794400
72 1626148 39.596960 12.516290
72 203944 70.747370 22.253840
84 -1 70.677000 6.581690
84 200765 72.393750 5.411090
84 200752 66.704090 36.150680
84 201158 42.301010 6.452020
84 203112 59.939430 24.144040
84 202326 78.337610 31.161980
84 101138 45.253010 27.366540
84 101150 50.104180 28.847420
84 203903 64.743640 25.402540
84 1626148 37.922310 12.348240
84 203944 69.017410 22.703980
96 -1 69.575290 6.848320
96 200765 70.419820 5.483220
96 200752 65.078650 36.535930
96 201158 39.935310 5.615490
96 203112 57.561180 24.356800
96 202326 77.048430 31.192830
96 101138 43.991800 27.237970
96 101150 48.534800 27.472560
96 203903 62.713370 25.026380
96 1626148 36.294200 12.398240
96 203944 67.295630 23.065520
108 -1 67.898780 6.935900
108 200765 68.404420 5.501180
108 200752 63.496810 36.839160
108 201158 37.581880 5.008190
108 203112 55.110090 24.734090
108 202326 75.639630 31.557610
108 101138 42.741830 27.135580
108 101150 46.965190 26.160970
108 203903 60.574100 24.786440
108 1626148 34.734730 12.489270
108 203944 65.662010 23.193620
120 -1 65.842370 6.718970
120 200765 66.365390 5.409430
120 200752 61.835700 37.175250
120 201158 35.188070 4.504110
120 203112 52.682840 25.150940
120 202326 74.229280 31.718360
120 101138 41.494420 27.096520
120 101150 45.424030 24.921780
120 203903 58.525560 24.664150
120 1626148 33.243560 12.606690
120 203944 63.946380 23.270170
132 -1 63.326760 6.368120
132 200765 64.335420 5.296480
132 200752 60.147490 37.539190
132 201158 32.769030 3.791800
132 203112 50.260590 25.675510
132 202326 72.952870 31.289560
132 101138 40.237550 27.092540
132 101150 43.902730 23.725080
132 203903 56.470260 24.612270
132 1626148 31.660010 12.649600
132 203944 62.245520 23.333390
144 -1 60.745190 6.901920
144 200765 62.269770 5.376490
144 200752 58.371150 37.904560
144 201158 30.515620 3.589370
144 203112 47.848860 26.279690
144 202326 71.590980 30.850150
144 101138 38.959690 27.087290
144 101150 42.410420 22.626940
144 203903 54.429690 24.752790
144 1626148 30.012790 12.616620
144 203944 60.551380 23.182950
156 -1 59.149250 7.153980
156 200765 60.182750 5.538220
156 200752 56.666980 38.308760
156 201158 28.218870 3.767890
156 203112 45.387940 26.767950
156 202326 70.257400 30.285030
156 101138 37.648020 27.196270
156 101150 40.966640 21.754240
156 203903 52.442420 24.985330
156 1626148 28.322990 12.366680
156 203944 58.839960 23.067310
168 -1 57.800860 7.306060
168 200765 58.069670 5.754570
168 200752 54.918170 38.707000
168 201158 25.933650 3.702790
168 203112 42.989670 27.410540
168 202326 68.933450 29.410420
168 101138 36.311450 27.313800
168 101150 39.596840 20.996260
168 203903 50.510570 25.143080
168 1626148 26.527210 12.020200
168 203944 57.082690 23.294290
180 -1 55.495420 7.584150
180 200765 55.907400 6.212810
180 200752 53.130930 39.115090
180 201158 23.778160 3.859740
180 203112 40.612950 28.065090
180 202326 67.552720 28.691220
180 101138 34.901770 27.420370
180 101150 38.290660 20.306080
180 203903 48.530360 25.452220
180 1626148 24.676510 11.807980
180 203944 55.339350 23.656970
192 -1 52.747580 7.520290
192 200765 53.764890 6.511890
192 200752 51.288610 39.544730
192 201158 21.676170 4.392270
192 203112 38.219630 28.546200
192 202326 66.036420 28.415380
192 101138 33.451280 27.504130
192 101150 37.065190 19.638730
192 203903 46.624360 26.038050
192 1626148 22.926250 11.812830
192 203944 53.556660 23.948740
204 -1 49.697530 8.109960
204 200765 51.592280 6.789390
204 200752 49.451400 39.962070
204 201158 19.496830 4.843990
204 203112 35.842720 28.875140
204 202326 64.483610 28.206160
204 101138 32.013100 27.673970
204 101150 35.923590 18.851720
204 203903 44.775940 26.739690
204 1626148 21.251060 11.761720
204 203944 51.798160 24.181350
216 -1 48.175430 8.380540
216 200765 49.422270 6.962060
216 200752 47.428620 40.404360
216 201158 17.489000 5.123410
216 203112 33.514670 29.315440
216 202326 62.952750 28.045740
216 101138 30.500590 27.799950
216 101150 34.854540 17.863550
216 203903 42.934330 27.506830
216 1626148 19.570440 11.763530
216 203944 50.029380 24.512720
228 -1 46.688470 8.506300
228 200765 47.285820 7.280140
228 200752 45.326480 40.883640
228 201158 15.731210 6.062470
228 203112 31.207200 29.614010
228 202326 61.422380 27.965470
228 101138 28.970770 28.021230
228 101150 33.760450 16.861690
228 203903 41.080820 28.137630
228 1626148 17.921160 11.935330
228 203944 48.229750 24.726650
240 -1 44.909710 8.662790
240 200765 45.248270 7.471650
240 200752 43.252630 41.352710
240 201158 14.020890 6.988260
240 203112 28.997090 29.885600
240 202326 59.834400 27.809030
240 101138 27.485500 28.256550
240 101150 32.646220 16.093780
240 203903 39.360100 28.855660
240 1626148 16.312400 12.082070
240 203944 46.489910 24.883380
252 -1 42.471990 8.767650
252 200765 43.236010 7.647130
252 200752 41.277380 41.673310
252 201158 12.576200 7.892710
252 203112 26.974710 30.492230
252 202326 58.263520 27.504540
252 101138 25.996850 28.401890
252 101150 31.475050 15.458220
252 203903 37.674930 29.671530
252 1626148 14.759650 12.256680
252 203944 44.806780 24.986920
264 -1 39.483720 8.543740
264 200765 41.322630 7.800180
264 200752 39.398620 41.789950
264 201158 11.365580 8.820220
264 203112 25.075110 31.245270
264 202326 56.636340 27.511240
264 101138 24.475500 28.548940
264 101150 30.298500 15.025250
264 203903 35.981120 30.354070
264 1626148 13.260700 12.458660
264 203944 43.143310 25.098030
276 -1 36.763140 7.912130
276 200765 39.491860 8.027530
276 200752 37.632680 41.793670
276 201158 10.131260 9.554410
276 203112 23.306530 32.086410
276 202326 55.014530 27.456040
276 101138 23.043870 28.687170
276 101150 29.147420 14.741710
276 203903 34.352140 31.043060
276 1626148 11.879580 12.635060
276 203944 41.528560 25.156330
288 -1 35.482170 7.652470
288 200765 37.756030 7.903960
288 200752 35.943930 41.825620
288 201158 8.930900 9.743110
288 203112 21.628400 33.236010
288 202326 53.443240 27.368240
288 101138 21.627420 28.877680
288 101150 28.029920 14.419480
288 203903 32.820620 31.872250
288 1626148 10.653970 12.551520
288 203944 39.961210 25.227030
300 -1 34.116160 7.217910
300 200765 36.085300 7.751880
300 200752 34.306980 41.949910
300 201158 7.908810 9.337180
300 203112 19.990350 34.423810
300 202326 51.928740 27.296740
300 101138 20.243140 29.393880
300 101150 26.952260 14.073960
300 203903 31.276560 32.692770
300 1626148 9.595990 12.409310
300 203944 38.435100 25.385620
312 -1 32.843260 6.929480
312 200765 34.601540 7.610600
312 200752 32.698690 42.176070
312 201158 6.985990 8.595980
312 203112 18.340660 35.376760
312 202326 50.377840 27.267420
312 101138 18.914030 29.939530
312 101150 26.017500 13.840310
312 203903 29.811140 33.381040
312 1626148 8.714190 12.305080
312 203944 37.010330 25.642460
324 -1 31.690690 6.672510
324 200765 33.136590 7.376860
324 200752 31.147410 42.403610
324 201158 6.158120 7.718530
324 203112 16.835730 36.215060
324 202326 48.850860 27.064700
324 101138 17.602250 30.407370
324 101150 25.179070 13.642630
324 203903 28.445830 34.150070
324 1626148 8.070160 12.064300
324 203944 35.644400 25.895450
336 -1 30.778930 6.579630
336 200765 31.876470 7.129610
336 200752 29.634500 42.599810
336 201158 5.587040 7.002880
336 203112 15.438440 36.826100
336 202326 47.346900 26.873530
336 101138 16.309620 30.950830
336 101150 24.427730 13.386170
336 203903 27.163690 34.942170
336 1626148 7.599340 11.482620
336 203944 34.311700 26.174810
348 -1 30.943420 7.404560
348 200765 30.875290 7.117950
348 200752 28.245600 42.750580
348 201158 5.191010 6.152270
348 203112 14.136860 37.097080
348 202326 45.811310 26.643220
348 101138 15.065890 31.347000
348 101150 23.846640 13.306300
348 203903 25.954480 35.645550
348 1626148 7.227570 10.841980
348 203944 33.026340 26.425400
360 -1 31.228980 8.155310
360 200765 30.161900 7.277460
360 200752 26.958040 42.736410
360 201158 5.022870 5.592700
360 203112 12.911710 37.349710
360 202326 44.295350 26.420210
360 101138 13.812480 31.580200
360 101150 23.421410 13.187890
360 203903 24.825500 36.197430
360 1626148 6.964630 10.102180
360 203944 31.778790 26.554620
372 -1 31.135130 8.776030
372 200765 29.686650 7.867690
372 200752 25.762890 42.655280
372 201158 4.942250 5.092750
372 203112 11.761590 37.557930
372 202326 42.862300 26.136460
372 101138 12.652430 31.808550
372 101150 23.096530 13.047040
372 203903 23.754990 36.708320
372 1626148 6.762790 9.240720
372 203944 30.526050 26.544690
384 -1 31.095430 9.130710
384 200765 29.515360 8.533720
384 200752 24.642710 42.721400
384 201158 4.902050 4.586030
384 203112 10.549170 37.622040
384 202326 41.400400 25.799260
384 101138 11.675310 31.735490
384 101150 22.834450 12.936010
384 203903 22.793210 37.097180
384 1626148 6.558420 8.516880
384 203944 29.361070 26.153400
396 -1 30.727570 9.687910
396 200765 29.409180 8.833480
396 200752 23.570030 42.718360
396 201158 4.959820 4.357120
396 203112 9.328550 37.496680
396 202326 39.938780 25.425420
396 101138 10.729390 31.724870
396 101150 22.626630 12.837770
396 203903 21.916860 37.327210
396 1626148 6.399370 8.106230
396 203944 28.363270 25.596560
408 -1 30.129130 9.733710
408 200765 29.340810 9.296780
408 200752 22.547290 42.439260
408 201158 5.108010 4.302900
408 203112 8.211220 37.359550
408 202326 38.493680 25.252000
408 101138 9.899360 31.696160
408 101150 22.477590 12.788090
408 203903 21.128400 37.590190
408 1626148 6.312420 7.929440
408 203944 27.549080 24.957640
420 -1 29.743120 10.621050
420 200765 29.253790 9.831930
420 200752 21.512910 41.921680
420 201158 5.325420 4.541280
420 203112 7.211120 37.176910
420 202326 37.002950 25.011340
420 101138 9.261470 31.485320
420 101150 22.399190 12.779240
420 203903 20.364880 37.830610
420 1626148 6.282530 7.864860
420 203944 26.902410 24.400770
432 -1 29.548000 10.399690
432 200765 29.097630 9.968170
432 200752 20.540030 41.070970
432 201158 5.597590 4.796840
432 203112 6.433710 37.308060
432 202326 35.496350 24.656980
432 101138 8.670670 31.403370
432 101150 22.378560 12.808870
432 203903 19.740950 38.037440
432 1626148 6.315680 7.940180
432 203944 26.449360 24.089040
444 -1 29.638390 10.415140
444 200765 28.975700 10.063190
444 200752 19.735110 40.409730
444 201158 5.811230 4.608480
444 203112 5.815330 37.663950
444 202326 34.086600 24.314480
444 101138 8.054940 31.593930
444 101150 22.429780 12.924480
444 203903 19.153530 38.196510
444 1626148 6.346380 8.013570
444 203944 26.261820 24.467850
456 -1 29.944520 10.256550
456 200765 28.903560 10.531010
456 200752 18.887470 40.315780
456 201158 5.840360 4.047730
456 203112 5.299280 38.206280
456 202326 32.713290 24.011240
456 101138 7.559440 31.604430
456 101150 22.540020 13.175080
456 203903 18.617500 38.291900
456 1626148 6.364890 8.154300
456 203944 26.061160 24.715600
468 -1 30.076570 10.119220
468 200765 28.807400 10.833200
468 200752 18.124140 40.752490
468 201158 5.792810 3.371590
468 203112 4.814620 38.721270
468 202326 31.407150 23.556590
468 101138 7.096940 31.654690
468 101150 22.663810 13.292370
468 203903 18.095300 38.276590
468 1626148 6.398740 8.303920
468 203944 25.900400 24.962010
480 -1 30.262170 10.128200
480 200765 28.738140 10.981750
480 200752 17.501030 41.519220
480 201158 5.692370 2.498620
480 203112 4.382180 39.264650
480 202326 30.179740 23.165210
480 101138 6.644510 31.695130
480 101150 22.812600 13.512150
480 203903 17.645420 38.199020
480 1626148 6.432550 8.431110
480 203944 25.654210 25.000230
492 -1 30.235150 10.358660
492 200765 28.706550 11.057450
492 200752 16.958380 42.724740
492 201158 5.509160 1.771990
492 203112 3.903520 39.455900
492 202326 29.034840 22.900000
492 101138 6.274480 31.676860
492 101150 23.005500 13.714200
492 203903 17.147900 38.045170
492 1626148 6.433790 8.474510
492 203944 25.267880 24.708540
504 -1 30.269950 10.774440
504 200765 28.617360 11.504790
504 200752 16.383240 43.810190
504 201158 5.398400 1.558840
504 203112 3.462320 39.469820
504 202326 27.918950 22.593550
504 101138 5.992780 31.679040
504 101150 23.238790 13.962530
504 203903 16.718930 37.904670
504 1626148 6.446610 8.554850
504 203944 24.664710 23.987910
516 -1 29.992200 12.011250
516 200765 28.123430 12.332740
516 200752 16.064380 44.608290
516 201158 5.567810 1.662660
516 203112 3.066200 39.367360
516 202326 26.842170 21.898180
516 101138 5.785280 31.553030
516 101150 23.537330 14.402290
516 203903 16.306030 37.767020
516 1626148 6.475910 8.609710
516 203944 24.046200 23.448520
528 -1 29.362770 13.564730
528 200765 27.093060 13.423960
528 200752 15.851760 45.315040
528 201158 5.692480 1.926340
528 203112 2.739520 39.216440
528 202326 25.744430 21.224650
528 101138 5.670200 31.455350
528 101150 23.985150 15.022760
528 203903 15.930700 37.657840
528 1626148 6.541330 8.690770
528 203944 23.299400 22.880390
540 -1 28.997050 14.973990
540 200765 25.796100 14.415130
540 200752 15.749190 46.002760
540 201158 5.621480 2.157310
540 203112 2.248350 38.704050
540 202326 24.724790 20.677730
540 101138 5.668270 31.273000
540 101150 24.591600 15.515400
540 203903 15.609660 37.603730
540 1626148 6.608810 8.648200
540 203944 22.507080 22.392370
552 -1 29.538890 16.220000
552 200765 24.304460 15.396540
552 200752 15.749160 46.794880
552 201158 5.623350 2.341530
552 203112 1.844620 38.224670
552 202326 23.694650 20.238370
552 101138 5.680500 31.062420
552 101150 25.161180 16.255460
552 203903 15.341560 37.668520
552 1626148 6.695680 8.781280
552 203944 21.687030 21.939430
564 -1 29.782910 16.953390
564 200765 22.693540 16.057050
564 200752 15.787400 47.514580
564 201158 5.610760 2.415440
564 203112 1.530140 37.756090
564 202326 22.647630 19.956590
564 101138 5.702460 30.815280
564 101150 25.675960 17.176440
564 203903 15.067800 37.753060
564 1626148 6.795200 9.340020
564 203944 20.782370 21.472180
576 -1 29.466980 18.684720
576 200765 21.327670 16.292380
576 200752 15.842320 48.118360
576 201158 5.686670 2.170170
576 203112 1.315890 37.256930
576 202326 21.545670 20.014690
576 101138 5.742140 30.683140
576 101150 25.977900 17.975580
576 203903 14.850360 37.954560
576 1626148 6.916290 9.958840
576 203944 19.812270 20.962190
588 -1 28.114180 20.938880
588 200765 20.329300 16.202020
588 200752 15.874720 48.454920
588 201158 5.936500 2.051090
588 203112 1.158980 36.734240
588 202326 20.554410 20.007640
588 101138 5.761790 30.557930
588 101150 26.086730 18.796030
588 203903 14.662090 38.258520
588 1626148 7.036740 10.670310
588 203944 18.857820 20.579870
600 -1 27.044270 23.179380
600 200765 19.369540 16.153520
600 200752 15.917630 48.717290
600 201158 6.493240 1.972430
600 203112 1.188560 36.237460
600 202326 19.538770 20.035420
600 101138 5.760960 30.544030
600 101150 25.806650 19.763880
600 203903 14.466250 38.573140
600 1626148 7.152860 11.651780
600 203944 17.952550 20.319800
612 -1 26.909310 24.560120
612 200765 18.234260 16.418110
612 200752 15.936830 48.778700
612 201158 7.302970 2.006370
612 203112 1.126400 35.519560
612 202326 18.389010 19.999840
612 101138 5.791510 30.557530
612 101150 25.358080 20.745850
612 203903 14.233040 38.798580
612 1626148 7.279810 12.559810
612 203944 17.120200 20.104930
624 -1 25.812490 25.553420
624 200765 17.449010 17.185590
624 200752 15.995320 48.448230
624 201158 8.372830 2.227690
624 203112 1.266560 34.824430
624 202326 17.204730 19.460070
624 101138 5.819480 30.534740
624 101150 24.685700 21.633050
624 203903 13.953430 39.041840
624 1626148 7.455180 13.028000
624 203944 16.398720 19.986680
636 -1 23.602330 26.839920
636 200765 16.688040 17.961630
636 200752 16.096540 47.485580
636 201158 9.633370 2.523270
636 203112 1.413040 34.146240
636 202326 16.170330 18.960830
636 101138 5.825960 30.474240
636 101150 23.882720 22.541560
636 203903 13.620610 39.168600
636 1626148 7.667480 13.424460
636 203944 15.747280 19.963720
648 -1 21.037910 27.574000
648 200765 16.097020 18.653360
648 200752 16.300300 46.310260
648 201158 11.068080 2.758460
648 203112 1.517160 33.220100
648 202326 15.168410 18.506200
648 101138 5.830750 30.391660
648 101150 22.863080 23.413290
648 203903 13.290210 39.286450
648 1626148 7.880480 13.552990
648 203944 15.124490 19.978710
660 -1 20.132040 28.654730
660 200765 15.668060 19.496530
660 200752 16.604760 44.955350
660 201158 12.569420 3.166940
660 203112 1.741970 32.309820
660 202326 14.241420 17.978620
660 101138 5.826030 30.147730
660 101150 21.720360 24.188910
660 203903 13.002950 39.352600
660 1626148 8.072140 13.514230
660 203944 14.495700 19.975500
672 -1 18.026710 28.054230
672 200765 15.786420 20.272750
672 200752 16.964520 43.356680
672 201158 14.072860 3.575880
672 203112 2.191360 31.705020
672 202326 14.201550 18.093860
672 101138 5.824390 29.769900
672 101150 20.402030 24.808620
672 203903 12.825700 39.394030
672 1626148 8.239750 13.536110
672 203944 13.920830 20.054900
684 -1 15.940700 27.070800
684 200765 15.752480 20.521890
684 200752 17.346180 41.888620
684 201158 15.705570 3.954260
684 203112 2.494080 31.103360
684 202326 14.508850 18.821780
684 101138 5.910820 29.385340
684 101150 19.089870 25.236860
684 203903 12.770670 39.324120
684 1626148 8.386920 13.683800
684 203944 13.660550 20.085560
696 -1 14.966250 27.586830
696 200765 15.636590 20.959070
696 200752 17.727750 40.623860
696 201158 17.232920 4.589070
696 203112 2.874370 30.458550
696 202326 14.719430 19.737370
696 101138 6.068580 29.020370
696 101150 17.799780 25.633600
696 203903 12.873050 39.216100
696 1626148 8.511610 14.008410
696 203944 13.276040 20.277780
708 -1 14.289860 27.601080
708 200765 15.162570 21.745090
708 200752 18.036230 39.312070
708 201158 18.689940 5.118760
708 203112 3.350180 29.726310
708 202326 14.639790 20.983680
708 101138 6.225220 28.618840
708 101150 16.553130 25.981720
708 203903 13.121430 39.012430
708 1626148 8.568920 14.551200
708 203944 12.703430 20.469440
720 -1 13.473580 27.523560
720 200765 14.594110 22.589910
720 200752 18.125980 37.889300
720 201158 20.170970 5.567490
720 203112 3.813750 29.128990
720 202326 14.517170 22.425220
720 101138 6.317680 28.285790
720 101150 15.401790 26.388450
720 203903 13.487720 38.843590
720 1626148 8.548650 15.305280
720 203944 12.133700 20.757790
732 -1 12.302090 27.340720
732 200765 13.636940 23.368330
732 200752 17.969130 36.404960
732 201158 21.523320 6.265520
732 203112 4.122660 28.333990
732 202326 13.636940 23.368330
732 101138 6.331580 27.976210
732 101150 14.399690 26.652960
732 203903 13.917640 38.677760
732 1626148 8.340400 15.974760
732 203944 11.469930 20.776520
744 -1 11.225380 27.081610
744 200765 12.745130 24.517130
744 200752 17.678120 34.927220
744 201158 22.790790 7.116620
744 203112 4.516790 27.587560
744 202326 12.456600 24.254160
744 101138 6.187430 27.538140
744 101150 13.497390 26.908550
744 203903 14.372610 38.612970
744 1626148 7.989580 16.544960
744 203944 10.436620 20.665100
756 -1 10.054030 26.567190
756 200765 12.046350 25.551160
756 200752 17.176510 33.569310
756 201158 23.908070 7.888850
756 203112 4.842300 26.974520
756 202326 11.448690 24.674990
756 101138 5.965950 27.198680
756 101150 12.754110 27.091900
756 203903 14.807100 38.663200
756 1626148 7.588840 17.023640
756 203944 9.569930 20.550380
768 -1 8.925170 26.159890
768 200765 11.674360 26.252910
768 200752 16.481900 32.189950
768 201158 24.929150 8.897990
768 203112 5.033930 26.694200
768 202326 10.525450 24.634130
768 101138 5.683050 26.944410
768 101150 12.146230 27.219350
768 203903 15.349240 38.678100
768 1626148 7.193770 17.581460
768 203944 8.922430 20.515230
780 -1 7.892320 25.937120
780 200765 11.390920 26.734660
780 200752 15.755790 30.972200
780 201158 25.808430 10.120740
780 203112 5.268190 26.562060
780 202326 9.743560 24.544650
780 101138 5.477720 26.626430
780 101150 11.682480 27.193980
780 203903 15.880090 38.693880
780 1626148 6.888650 18.077620
780 203944 8.335920 20.553160
792 -1 6.771200 25.681330
792 200765 11.041190 27.557830
792 200752 15.031300 29.935750
792 201158 26.634330 11.198040
792 203112 5.776870 26.257910
792 202326 9.143390 24.323070
792 101138 5.175180 26.413730
792 101150 11.334400 27.144410
792 203903 16.379390 38.738520
792 1626148 6.701700 18.570110
792 203944 7.889490 20.823250
804 -1 5.640360 25.249110
804 200765 10.027790 28.690440
804 200752 14.195900 28.983950
804 201158 27.333220 12.305080
804 203112 6.247630 25.765760
804 202326 8.610690 24.037110
804 101138 4.895210 26.583200
804 101150 11.034180 27.056020
804 203903 16.911510 38.781840
804 1626148 6.569750 19.092510
804 203944 7.560470 21.318160
816 -1 5.196680 24.881500
816 200765 8.887400 29.985870
816 200752 13.067850 28.139920
816 201158 27.943510 13.447350
816 203112 6.704880 25.302400
816 202326 8.144190 24.079560
816 101138 4.574500 26.832790
816 101150 10.743500 26.959500
816 203903 17.483660 38.806860
816 1626148 6.395420 19.561270
816 203944 7.279280 21.734950
828 -1 5.039430 24.319680
828 200765 7.821170 31.266910
828 200752 12.017850 27.604310
828 201158 28.473710 14.504790
828 203112 7.149150 24.778490
828 202326 7.932210 24.154870
828 101138 4.351490 27.021920
828 101150 10.439350 26.881100
828 203903 17.947680 38.930240
828 1626148 6.441220 20.367560
828 203944 6.994920 21.832510