0 -1 88.975790 21.550040 BALL
0 2730 88.239050 20.153930 PLAYER
0 201147 56.471290 40.777650 PLAYER
0 201951 76.940030 45.847510 PLAYER
0 201977 77.656460 32.961800 PLAYER
0 202700 62.979500 13.135880 PLAYER
0 977 40.067210 24.172450 PLAYER
0 201156 57.272500 9.838900 PLAYER
0 203135 67.388830 23.885540 PLAYER
0 203944 83.978110 18.418410 PLAYER
0 1626156 55.206230 38.037260 PLAYER
12 -1 86.851740 24.625930 BALL
12 2730 88.105620 20.210080 PLAYER
12 201147 54.506940 42.090780 PLAYER
12 201951 76.273470 45.866770 PLAYER
12 201977 76.477580 32.657720 PLAYER
12 202700 61.012670 13.590300 PLAYER
12 977 38.927120 25.103980 PLAYER
12 201156 55.464920 10.563620 PLAYER
12 203135 65.667070 23.868300 PLAYER
12 203944 83.287590 18.594230 PLAYER
12 1626156 53.758460 37.867320 PLAYER
24 -1 84.008370 27.877770 BALL
24 2730 87.833000 20.464390 PLAYER
24 201147 52.478820 43.291790 PLAYER
24 201951 75.530440 45.887450 PLAYER
24 201977 75.270330 32.302270 PLAYER
24 202700 58.995900 13.938530 PLAYER
24 977 37.782560 26.057860 PLAYER
24 201156 53.707320 11.271830 PLAYER
24 203135 63.928920 23.912450 PLAYER
24 203944 82.310600 18.602470 PLAYER
24 1626156 52.293650 37.718410 PLAYER
36 -1 81.488280 31.175440 BALL
36 2730 87.559810 20.618380 PLAYER
36 201147 50.406940 44.364640 PLAYER
36 201951 74.724250 45.871980 PLAYER
36 201977 74.032450 31.967660 PLAYER
36 202700 56.937010 14.302920 PLAYER
36 977 36.617500 27.035410 PLAYER
36 201156 51.928990 11.985540 PLAYER
36 203135 62.057600 23.931310 PLAYER
36 203944 80.994720 18.538480 PLAYER
36 1626156 50.845050 37.667960 PLAYER
48 -1 78.959700 34.631090 BALL
48 2730 87.134960 20.911360 PLAYER
48 201147 48.299570 45.244730 PLAYER
48 201951 73.841350 45.789800 PLAYER
48 201977 72.751710 31.639120 PLAYER
48 202700 54.867550 14.665520 PLAYER
48 977 35.458910 28.067370 PLAYER
48 201156 50.056850 12.715800 PLAYER
48 203135 60.076410 23.882280 PLAYER
48 203944 79.695520 18.459310 PLAYER
48 1626156 49.446700 37.634380 PLAYER
60 -1 76.534180 37.564270 BALL
60 2730 86.612420 21.180190 PLAYER
60 201147 46.153730 46.035520 PLAYER
60 201951 72.905300 45.721970 PLAYER
60 201977 71.423180 31.180350 PLAYER
60 202700 52.779380 15.020100 PLAYER
60 977 34.306380 29.127930 PLAYER
60 201156 48.165520 13.412900 PLAYER
60 203135 58.034800 23.667980 PLAYER
60 203944 78.275510 18.340130 PLAYER
60 1626156 48.085420 37.578160 PLAYER
72 -1 74.068380 41.002330 BALL
72 2730 86.040920 21.647150 PLAYER
72 201147 43.955390 46.641440 PLAYER
72 201951 71.923150 45.632840 PLAYER
72 201977 70.136990 30.729560 PLAYER
72 202700 50.677880 15.335850 PLAYER
72 977 33.167050 30.223350 PLAYER
72 201156 46.240910 14.073720 PLAYER
72 203135 55.959530 23.521750 PLAYER
72 203944 76.713980 18.167680 PLAYER
72 1626156 46.709980 37.538900 PLAYER
84 -1 71.719100 44.007920 BALL
84 2730 85.298170 22.148440 PLAYER
84 201147 41.790610 47.157340 PLAYER
84 201951 70.869110 45.550140 PLAYER
84 201977 68.784030 30.270950 PLAYER
84 202700 48.561290 15.686410 PLAYER
84 977 32.039970 31.368450 PLAYER
84 201156 44.257690 14.737280 PLAYER
84 203135 53.806750 23.374970 PLAYER
84 203944 75.184900 18.073060 PLAYER
84 1626156 45.398040 37.436540 PLAYER
96 -1 70.244930 44.511250 BALL
96 2730 84.433840 22.704080 PLAYER
96 201147 39.623690 47.572270 PLAYER
96 201951 69.763760 45.511510 PLAYER
96 201977 67.424220 29.784550 PLAYER
96 202700 46.447030 16.001300 PLAYER
96 977 30.926180 32.528620 PLAYER
96 201156 42.306620 15.356430 PLAYER
96 203135 51.636760 23.206470 PLAYER
96 203944 73.720590 18.090870 PLAYER
96 1626156 44.108510 37.210150 PLAYER
108 -1 68.545770 44.658140 BALL
108 2730 83.398970 23.240780 PLAYER
108 201147 37.504090 47.909270 PLAYER
108 201951 68.550740 45.547620 PLAYER
108 201977 66.070300 29.300610 PLAYER
108 202700 44.342820 16.260030 PLAYER
108 977 29.829710 33.709540 PLAYER
108 201156 40.450040 15.968140 PLAYER
108 203135 49.408660 23.011510 PLAYER
108 203944 71.993220 18.067710 PLAYER
108 1626156 42.850310 36.951790 PLAYER
120 -1 66.706810 44.753080 BALL
120 2730 82.315180 23.802530 PLAYER
120 201147 35.525030 48.000510 PLAYER
120 201951 67.207240 45.575860 PLAYER
120 201977 64.730810 28.856810 PLAYER
120 202700 42.232300 16.569850 PLAYER
120 977 28.801660 34.900400 PLAYER
120 201156 38.571160 16.566610 PLAYER
120 203135 47.151580 22.870660 PLAYER
120 203944 70.265530 18.035240 PLAYER
120 1626156 41.641170 36.645730 PLAYER
132 -1 64.782190 44.927100 BALL
132 2730 81.125050 24.367800 PLAYER
132 201147 33.525500 48.136030 PLAYER
132 201951 65.803510 45.613730 PLAYER
132 201977 63.404490 28.416920 PLAYER
132 202700 40.124230 16.785380 PLAYER
132 977 27.745980 36.171720 PLAYER
132 201156 36.708610 17.251960 PLAYER
132 203135 44.906540 22.512330 PLAYER
132 203944 68.515250 18.066970 PLAYER
132 1626156 40.478020 36.304770 PLAYER
144 -1 62.931130 45.326260 BALL
144 2730 79.903040 24.972490 PLAYER
144 201147 31.526580 48.192580 PLAYER
144 201951 64.336880 45.640430 PLAYER
144 201977 62.100130 27.965470 PLAYER
144 202700 38.054540 16.889180 PLAYER
144 977 26.740130 37.368690 PLAYER
144 201156 34.795850 17.816470 PLAYER
144 203135 42.595790 22.274770 PLAYER
144 203944 66.785250 18.195750 PLAYER
144 1626156 39.329640 36.016230 PLAYER
156 -1 61.019530 45.448400 BALL
156 2730 78.542620 25.353310 PLAYER
156 201147 29.575150 48.218980 PLAYER
156 201951 62.781490 45.628930 PLAYER
156 201977 60.774000 27.517050 PLAYER
156 202700 36.029020 16.892740 PLAYER
156 977 25.816750 38.588000 PLAYER
156 201156 32.788610 18.454760 PLAYER
156 203135 40.339060 22.087710 PLAYER
156 203944 65.072260 18.295790 PLAYER
156 1626156 38.288680 35.858480 PLAYER
168 -1 59.086220 45.703410 BALL
168 2730 77.133480 25.615210 PLAYER
168 201147 27.690680 48.211520 PLAYER
168 201951 61.202100 45.526600 PLAYER
168 201977 59.480830 27.044700 PLAYER
168 202700 34.001510 16.952160 PLAYER
168 977 24.950360 39.781700 PLAYER
168 201156 30.870050 19.074300 PLAYER
168 203135 38.133540 21.873980 PLAYER
168 203944 63.416530 18.445900 PLAYER
168 1626156 37.331800 35.745790 PLAYER
180 -1 58.312620 46.109160 BALL
180 2730 75.684700 26.011980 PLAYER
180 201147 25.791600 48.257300 PLAYER
180 201951 59.651570 45.379900 PLAYER
180 201977 58.200140 26.557340 PLAYER
180 202700 32.033530 16.886040 PLAYER
180 977 24.000240 40.882380 PLAYER
180 201156 29.120540 19.631750 PLAYER
180 203135 35.892360 21.709080 PLAYER
180 203944 61.650890 18.582130 PLAYER
180 1626156 36.392810 35.736540 PLAYER
192 -1 56.999760 46.424860 BALL
192 2730 74.073530 26.212200 PLAYER
192 201147 24.019110 48.202840 PLAYER
192 201951 58.047150 45.220070 PLAYER
192 201977 56.937880 26.105300 PLAYER
192 202700 30.091480 16.928020 PLAYER
192 977 23.084160 41.767460 PLAYER
192 201156 27.423710 20.218830 PLAYER
192 203135 33.606670 21.774670 PLAYER
192 203944 59.886240 18.689600 PLAYER
192 1626156 35.552090 35.788170 PLAYER
204 -1 55.589810 46.432970 BALL
204 2730 72.340910 26.277020 PLAYER
204 201147 22.348610 48.130300 PLAYER
204 201951 56.384110 44.996230 PLAYER
204 201977 55.699370 25.668250 PLAYER
204 202700 28.173730 17.021580 PLAYER
204 977 22.119380 42.542200 PLAYER
204 201156 25.686030 20.982800 PLAYER
204 203135 31.360430 21.692950 PLAYER
204 203944 58.086950 18.789970 PLAYER
204 1626156 34.779920 35.858330 PLAYER
216 -1 53.621140 46.103280 BALL
216 2730 70.595780 26.375790 PLAYER
216 201147 20.776110 47.999190 PLAYER
216 201951 54.696720 44.735050 PLAYER
216 201977 54.520970 25.254970 PLAYER
216 202700 26.279570 17.191340 PLAYER
216 977 21.039450 43.026010 PLAYER
216 201156 24.066850 21.695150 PLAYER
216 203135 29.188250 21.580540 PLAYER
216 203944 56.295780 18.899950 PLAYER
216 1626156 33.995220 35.916400 PLAYER
228 -1 51.077730 45.394740 BALL
228 2730 68.907860 26.499470 PLAYER
228 201147 19.206050 47.857420 PLAYER
228 201951 53.033990 44.448480 PLAYER
228 201977 53.343750 24.873360 PLAYER
228 202700 24.474410 17.348020 PLAYER
228 977 19.897980 43.311100 PLAYER
228 201156 22.523260 22.351090 PLAYER
228 203135 27.051750 21.521590 PLAYER
228 203944 54.507250 18.977130 PLAYER
228 1626156 33.236010 35.927440 PLAYER
240 -1 49.168820 44.138770 BALL
240 2730 67.065930 26.320900 PLAYER
240 201147 17.696600 47.755620 PLAYER
240 201951 51.340680 44.137680 PLAYER
240 201977 52.181970 24.442030 PLAYER
240 202700 22.791780 17.437650 PLAYER
240 977 18.796820 43.439870 PLAYER
240 201156 21.213020 22.916240 PLAYER
240 203135 25.065100 21.396600 PLAYER
240 203944 52.726860 19.093820 PLAYER
240 1626156 32.548510 35.894210 PLAYER
252 -1 48.041860 43.330820 BALL
252 2730 65.362000 26.468040 PLAYER
252 201147 16.333800 47.584520 PLAYER
252 201951 49.691960 43.850970 PLAYER
252 201977 51.055120 23.967370 PLAYER
252 202700 21.222430 17.531120 PLAYER
252 977 17.695030 43.414060 PLAYER
252 201156 20.069960 23.280600 PLAYER
252 203135 23.243920 21.222840 PLAYER
252 203944 50.978890 19.182550 PLAYER
252 1626156 31.834070 35.875800 PLAYER
264 -1 46.792020 42.470110 BALL
264 2730 63.726480 26.598650 PLAYER
264 201147 15.031470 47.492910 PLAYER
264 201951 48.062990 43.552620 PLAYER
264 201977 49.956350 23.498290 PLAYER
264 202700 19.698900 17.714610 PLAYER
264 977 16.602620 43.283100 PLAYER
264 201156 19.431040 23.384550 PLAYER
264 203135 21.615540 21.033220 PLAYER
264 203944 49.299400 19.314130 PLAYER
264 1626156 31.150680 35.843500 PLAYER
276 -1 45.620730 42.182310 BALL
276 2730 62.040610 26.674410 PLAYER
276 201147 13.723800 47.479970 PLAYER
276 201951 46.458320 43.274400 PLAYER
276 201977 48.840210 23.021180 PLAYER
276 202700 18.313110 17.788240 PLAYER
276 977 15.541160 43.127310 PLAYER
276 201156 18.992340 23.374880 PLAYER
276 203135 19.990630 20.882450 PLAYER
276 203944 47.657890 19.478190 PLAYER
276 1626156 30.473790 35.877800 PLAYER
288 -1 44.424330 41.566790 BALL
288 2730 60.277770 26.711570 PLAYER
288 201147 12.519180 47.416440 PLAYER
288 201951 44.839140 43.069860 PLAYER
288 201977 47.753050 22.474160 PLAYER
288 202700 17.021990 17.861900 PLAYER
288 977 14.502840 42.912580 PLAYER
288 201156 18.757470 23.187230 PLAYER
288 203135 18.331440 20.812820 PLAYER
288 203944 45.996930 19.707300 PLAYER
288 1626156 29.762130 35.995320 PLAYER
300 -1 42.923120 41.698030 BALL
300 2730 58.583740 26.814110 PLAYER
300 201147 11.303560 47.394000 PLAYER
300 201951 43.322620 42.960000 PLAYER
300 201977 46.614420 21.777160 PLAYER
300 202700 15.656910 18.094240 PLAYER
300 977 13.494850 42.686120 PLAYER
300 201156 18.492650 23.110590 PLAYER
300 203135 16.716030 20.879650 PLAYER
300 203944 44.407130 19.874340 PLAYER
300 1626156 29.080550 36.156670 PLAYER
312 -1 41.230460 41.769140 BALL
312 2730 56.828330 26.692020 PLAYER
312 201147 10.101550 47.559710 PLAYER
312 201951 41.835750 42.857130 PLAYER
312 201977 45.343040 20.825660 PLAYER
312 202700 14.304390 18.314850 PLAYER
312 977 12.533790 42.492710 PLAYER
312 201156 18.402910 22.901590 PLAYER
312 203135 15.277670 20.885720 PLAYER
312 203944 42.837600 20.167830 PLAYER
312 1626156 28.448820 36.344330 PLAYER
324 -1 39.557410 41.788270 BALL
324 2730 55.022020 26.593640 PLAYER
324 201147 9.042370 47.640800 PLAYER
324 201951 40.384330 42.836050 PLAYER
324 201977 44.115970 19.885040 PLAYER
324 202700 13.061580 18.357930 PLAYER
324 977 11.625210 42.313180 PLAYER
324 201156 18.302650 22.670600 PLAYER
324 203135 13.945030 20.879520 PLAYER
324 203944 41.285730 20.513230 PLAYER
324 1626156 27.820690 36.608360 PLAYER
336 -1 37.883450 41.417710 BALL
336 2730 53.278290 26.541600 PLAYER
336 201147 8.164030 47.672170 PLAYER
336 201951 38.950360 42.772450 PLAYER
336 201977 42.878630 18.780340 PLAYER
336 202700 11.809490 18.482830 PLAYER
336 977 10.771840 42.169310 PLAYER
336 201156 18.350960 22.360650 PLAYER
336 203135 12.653980 20.915680 PLAYER
336 203944 39.794820 20.877200 PLAYER
336 1626156 27.224520 36.880650 PLAYER
348 -1 37.004480 41.244210 BALL
348 2730 51.558720 26.485980 PLAYER
348 201147 7.365390 47.832610 PLAYER
348 201951 37.524550 42.708460 PLAYER
348 201977 41.627760 17.611300 PLAYER
348 202700 10.539860 18.556740 PLAYER
348 977 9.974570 42.080320 PLAYER
348 201156 18.420200 22.064820 PLAYER
348 203135 11.725180 20.809290 PLAYER
348 203944 38.442440 21.177220 PLAYER
348 1626156 26.669540 37.126420 PLAYER
360 -1 36.210820 40.836420 BALL
360 2730 49.757880 26.457110 PLAYER
360 201147 6.696240 48.007370 PLAYER
360 201951 36.150590 42.528790 PLAYER
360 201977 40.392560 16.442500 PLAYER
360 202700 9.414670 18.457330 PLAYER
360 977 9.252070 42.023010 PLAYER
360 201156 18.555120 21.713080 PLAYER
360 203135 10.882280 20.660570 PLAYER
360 203944 37.102950 21.556790 PLAYER
360 1626156 26.146780 37.300000 PLAYER
372 -1 34.940010 40.867090 BALL
372 2730 48.015880 26.435330 PLAYER
372 201147 6.127390 48.007490 PLAYER
372 201951 34.760540 42.320700 PLAYER
372 201977 39.275000 15.432550 PLAYER
372 202700 8.389470 18.191430 PLAYER
372 977 8.605900 42.033480 PLAYER
372 201156 18.733270 21.325220 PLAYER
372 203135 10.072010 20.617050 PLAYER
372 203944 35.784010 21.860800 PLAYER
372 1626156 25.672220 37.392580 PLAYER
384 -1 33.057520 40.493600 BALL
384 2730 46.306840 26.418410 PLAYER
384 201147 5.524420 47.968270 PLAYER
384 201951 33.336340 41.989950 PLAYER
384 201977 38.084760 14.276810 PLAYER
384 202700 7.399730 17.887520 PLAYER
384 977 8.052800 42.110650 PLAYER
384 201156 18.930800 20.962590 PLAYER
384 203135 9.357330 20.635990 PLAYER
384 203944 34.503150 22.114720 PLAYER
384 1626156 25.263120 37.396150 PLAYER
396 -1 31.979610 39.778820 BALL
396 2730 44.571100 26.436640 PLAYER
396 201147 4.988530 48.047680 PLAYER
396 201951 31.955880 41.534310 PLAYER
396 201977 36.878800 13.194480 PLAYER
396 202700 6.522660 17.464990 PLAYER
396 977 7.587510 42.208410 PLAYER
396 201156 19.139910 20.566070 PLAYER
396 203135 8.849130 20.587810 PLAYER
396 203944 33.218930 22.380480 PLAYER
396 1626156 24.901160 37.275880 PLAYER
408 -1 31.272470 39.227430 BALL
408 2730 42.880030 26.491200 PLAYER
408 201147 4.547230 48.092000 PLAYER
408 201951 30.529520 41.076440 PLAYER
408 201977 35.652720 12.014070 PLAYER
408 202700 5.786260 16.904540 PLAYER
408 977 7.209710 42.279020 PLAYER
408 201156 19.346650 20.117450 PLAYER
408 203135 8.362780 20.544460 PLAYER
408 203944 31.961270 22.644550 PLAYER
408 1626156 24.548400 37.091620 PLAYER
420 -1 29.709870 38.996250 BALL
420 2730 41.280850 26.559010 PLAYER
420 201147 4.243890 48.111790 PLAYER
420 201951 28.918760 40.698050 PLAYER
420 201977 34.461950 10.852670 PLAYER
420 202700 5.143830 16.311600 PLAYER
420 977 6.909140 42.284740 PLAYER
420 201156 19.510710 19.388980 PLAYER
420 203135 7.928410 20.524180 PLAYER
420 203944 30.839590 22.843040 PLAYER
420 1626156 24.073000 36.941820 PLAYER
432 -1 26.707600 39.238470 BALL
432 2730 39.614660 26.724600 PLAYER
432 201147 3.945910 48.305260 PLAYER
432 201951 27.207860 40.217770 PLAYER
432 201977 33.271310 9.702690 PLAYER
432 202700 4.592120 15.771430 PLAYER
432 977 6.665530 42.316350 PLAYER
432 201156 19.518370 18.613180 PLAYER
432 203135 7.439850 20.569620 PLAYER
432 203944 29.852250 22.971500 PLAYER
432 1626156 23.441860 36.787790 PLAYER
444 -1 24.156120 40.344290 BALL
444 2730 37.981860 26.904730 PLAYER
444 201147 3.755350 48.630230 PLAYER
444 201951 25.455860 39.792990 PLAYER
444 201977 32.079630 8.610570 PLAYER
444 202700 4.111710 15.182370 PLAYER
444 977 6.464860 42.240750 PLAYER
444 201156 19.447890 17.775860 PLAYER
444 203135 6.991910 20.735060 PLAYER
444 203944 28.935030 23.062720 PLAYER
444 1626156 22.712240 36.686150 PLAYER
456 -1 22.803210 40.642170 BALL
456 2730 36.445190 27.061660 PLAYER
456 201147 3.675550 48.756160 PLAYER
456 201951 23.626050 39.475820 PLAYER
456 201977 30.866610 7.522270 PLAYER
456 202700 3.757620 14.479240 PLAYER
456 977 6.300640 42.087790 PLAYER
456 201156 19.309680 17.106010 PLAYER
456 203135 6.422640 20.779440 PLAYER
456 203944 28.003700 23.204390 PLAYER
456 1626156 21.748360 36.610640 PLAYER
468 -1 21.201280 40.394450 BALL
468 2730 34.870550 27.254850 PLAYER
468 201147 3.679990 48.798250 PLAYER
468 201951 21.825040 39.003700 PLAYER
468 201977 29.656210 6.619180 PLAYER
468 202700 3.463170 13.773750 PLAYER
468 977 6.168660 41.905140 PLAYER
468 201156 18.994630 16.426690 PLAYER
468 203135 5.887830 20.938300 PLAYER
468 203944 27.085190 23.257730 PLAYER
468 1626156 20.552520 36.435850 PLAYER
480 -1 19.083510 39.886090 BALL
480 2730 33.283590 27.514020 PLAYER
480 201147 3.730970 48.818710 PLAYER
480 201951 20.061600 38.450150 PLAYER
480 201977 28.424290 5.829770 PLAYER
480 202700 3.276320 12.925750 PLAYER
480 977 6.082920 41.767670 PLAYER
480 201156 18.654080 15.881960 PLAYER
480 203135 5.436290 21.141070 PLAYER
480 203944 26.070680 23.324200 PLAYER
480 1626156 19.261040 36.202300 PLAYER
492 -1 16.562200 38.895710 BALL
492 2730 31.822890 27.730190 PLAYER
492 201147 3.912810 48.742100 PLAYER
492 201951 18.438840 37.972160 PLAYER
492 201977 27.200110 5.198090 PLAYER
492 202700 3.125380 11.981780 PLAYER
492 977 6.042430 41.543700 PLAYER
492 201156 18.322440 15.416650 PLAYER
492 203135 5.145660 21.332210 PLAYER
492 203944 24.981940 23.419670 PLAYER
492 1626156 17.793590 35.723770 PLAYER
504 -1 14.553370 38.437600 BALL
504 2730 30.344980 27.955570 PLAYER
504 201147 4.191920 48.610990 PLAYER
504 201951 16.871690 37.669020 PLAYER
504 201977 25.985920 4.659340 PLAYER
504 202700 3.093610 10.949740 PLAYER
504 977 6.045910 41.360550 PLAYER
504 201156 17.924150 14.979940 PLAYER
504 203135 4.892080 21.454580 PLAYER
504 203944 23.847630 23.604180 PLAYER
504 1626156 16.265850 35.201000 PLAYER
516 -1 14.052270 38.442610 BALL
516 2730 28.812570 28.168140 PLAYER
516 201147 4.486470 48.578050 PLAYER
516 201951 15.449190 37.441660 PLAYER
516 201977 24.880640 4.231540 PLAYER
516 202700 3.092090 9.917200 PLAYER
516 977 6.095920 41.201920 PLAYER
516 201156 17.457270 14.437770 PLAYER
516 203135 4.814680 21.744260 PLAYER
516 203944 22.776080 23.701680 PLAYER
516 1626156 14.810010 34.641530 PLAYER
528 -1 14.079950 38.467390 BALL
528 2730 27.361810 28.391700 PLAYER
528 201147 4.825890 48.633430 PLAYER
528 201951 14.199210 37.376030 PLAYER
528 201977 23.935480 3.901570 PLAYER
528 202700 3.135480 8.825990 PLAYER
528 977 6.172630 41.091820 PLAYER
528 201156 17.034700 14.026560 PLAYER
528 203135 4.753040 21.986250 PLAYER
528 203944 21.653210 24.025420 PLAYER
528 1626156 13.439190 34.228260 PLAYER
540 -1 14.219770 38.541540 BALL
540 2730 25.956760 28.602220 PLAYER
540 201147 5.368520 48.651310 PLAYER
540 201951 13.202210 37.396090 PLAYER
540 201977 23.241360 3.663780 PLAYER
540 202700 3.171930 7.815390 PLAYER
540 977 6.269990 41.012740 PLAYER
540 201156 16.548980 13.760000 PLAYER
540 203135 4.760630 22.112800 PLAYER
540 203944 20.605550 24.425480 PLAYER
540 1626156 12.190100 33.807730 PLAYER
552 -1 14.008310 38.305190 BALL
552 2730 24.516490 28.855730 PLAYER
552 201147 6.107230 48.629610 PLAYER
552 201951 12.390550 37.482370 PLAYER
552 201977 22.768360 3.490390 PLAYER
552 202700 3.232960 6.824620 PLAYER
552 977 6.399630 41.075320 PLAYER
552 201156 16.076240 13.613360 PLAYER
552 203135 4.805020 21.987910 PLAYER
552 203944 19.759820 24.728420 PLAYER
552 1626156 11.191260 33.648600 PLAYER
564 -1 13.489430 38.098330 BALL
564 2730 23.181150 29.098060 PLAYER
564 201147 7.015240 48.628150 PLAYER
564 201951 11.958080 37.590750 PLAYER
564 201977 22.491090 3.452820 PLAYER
564 202700 3.295140 5.970580 PLAYER
564 977 6.599050 41.201350 PLAYER
564 201156 15.652270 13.570660 PLAYER
564 203135 4.798520 21.831720 PLAYER
564 203944 18.978360 25.095050 PLAYER
564 1626156 10.286230 33.503850 PLAYER
576 -1 13.151250 38.065650 BALL
576 2730 21.981150 29.383370 PLAYER
576 201147 8.110770 48.599950 PLAYER
576 201951 11.825800 37.740630 PLAYER
576 201977 22.423550 3.564730 PLAYER
576 202700 3.366170 5.248830 PLAYER
576 977 6.963190 41.414810 PLAYER
576 201156 15.289630 13.587640 PLAYER
576 203135 4.801430 21.663880 PLAYER
576 203944 18.193490 25.533790 PLAYER
576 1626156 9.579630 33.445030 PLAYER
588 -1 13.269970 37.397310 BALL
588 2730 20.715800 29.721870 PLAYER
588 201147 9.407820 48.495830 PLAYER
588 201951 11.925710 37.869300 PLAYER
588 201977 22.556250 3.840330 PLAYER
588 202700 3.477420 4.617520 PLAYER
588 977 7.551110 41.601650 PLAYER
588 201156 15.016700 13.631040 PLAYER
588 203135 4.802730 21.379200 PLAYER
588 203944 17.521040 25.891170 PLAYER
588 1626156 9.141320 33.404190 PLAYER
600 -1 13.681470 37.318550 BALL
600 2730 19.538110 30.017510 PLAYER
600 201147 10.765110 48.287760 PLAYER
600 201951 12.267040 37.986220 PLAYER
600 201977 22.810340 4.267740 PLAYER
600 202700 3.631340 4.124640 PLAYER
600 977 8.343320 41.771640 PLAYER
600 201156 14.904920 13.663340 PLAYER
600 203135 4.797990 20.888650 PLAYER
600 203944 16.923400 26.218730 PLAYER
600 1626156 8.926030 33.450660 PLAYER
612 -1 14.071060 37.914160 BALL
612 2730 18.462510 30.264550 PLAYER
612 201147 12.176660 47.987210 PLAYER
612 201951 12.791060 38.104490 PLAYER
612 201977 23.155130 4.817050 PLAYER
612 202700 3.815210 3.766790 PLAYER
612 977 9.261410 41.877120 PLAYER
612 201156 14.999660 13.689090 PLAYER
612 203135 4.795230 20.630230 PLAYER
612 203944 16.180880 26.732800 PLAYER
612 1626156 8.908430 33.552070 PLAYER
624 -1 15.026760 38.722570 BALL
624 2730 17.371950 30.565590 PLAYER
624 201147 13.640410 47.614950 PLAYER
624 201951 13.284320 38.165090 PLAYER
624 201977 23.636010 5.438790 PLAYER
624 202700 4.001940 3.420140 PLAYER
624 977 10.399600 41.863260 PLAYER
624 201156 15.284020 13.702460 PLAYER
624 203135 4.844180 20.289690 PLAYER
624 203944 15.485180 27.189580 PLAYER
624 1626156 9.077550 33.707320 PLAYER
636 -1 16.690260 40.575810 BALL
636 2730 16.365910 30.879330 PLAYER
636 201147 15.199650 46.925130 PLAYER
636 201951 13.668630 38.234400 PLAYER
636 201977 24.216080 6.097520 PLAYER
636 202700 4.155480 3.158920 PLAYER
636 977 11.706060 41.799360 PLAYER
636 201156 15.726980 13.757090 PLAYER
636 203135 4.910710 19.771530 PLAYER
636 203944 14.875470 27.628500 PLAYER
636 1626156 9.398060 33.863130 PLAYER
648 -1 18.492650 42.431780 BALL
648 2730 15.581300 31.159000 PLAYER
648 201147 16.658340 46.151960 PLAYER
648 201951 13.938890 38.402500 PLAYER
648 201977 24.849490 6.777050 PLAYER
648 202700 4.261500 2.981690 PLAYER
648 977 12.883420 41.703260 PLAYER
648 201156 16.331590 13.832550 PLAYER
648 203135 4.972460 19.244760 PLAYER
648 203944 14.317480 28.185830 PLAYER
648 1626156 9.769140 34.065470 PLAYER
660 -1 19.383250 43.429940 BALL
660 2730 14.947520 31.427760 PLAYER
660 201147 18.042770 45.230000 PLAYER
660 201951 14.030790 38.678110 PLAYER
660 201977 25.527750 7.462470 PLAYER
660 202700 4.344680 2.802220 PLAYER
660 977 14.073400 41.496960 PLAYER
660 201156 17.013610 13.989580 PLAYER
660 203135 5.025620 18.886460 PLAYER
660 203944 13.774250 28.753300 PLAYER
660 1626156 10.145800 34.311170 PLAYER
672 -1 20.252890 43.913710 BALL
672 2730 14.340270 31.793330 PLAYER
672 201147 19.330300 44.160610 PLAYER
672 201951 13.997160 39.007200 PLAYER
672 201977 26.262880 8.121990 PLAYER
672 202700 4.491950 2.594340 PLAYER
672 977 15.394350 40.884250 PLAYER
672 201156 17.695320 14.263340 PLAYER
672 203135 5.057730 18.524600 PLAYER
672 203944 13.289100 29.336360 PLAYER
672 1626156 10.547530 34.565470 PLAYER
684 -1 21.418890 42.908920 BALL
684 2730 13.962030 32.053930 PLAYER
684 201147 20.433450 42.833920 PLAYER
684 201951 13.973920 39.349430 PLAYER
684 201977 27.013960 8.755140 PLAYER
684 202700 4.614150 2.502010 PLAYER
684 977 16.681570 40.285690 PLAYER
684 201156 18.360200 14.592310 PLAYER
684 203135 5.117530 18.167790 PLAYER
684 203944 12.767480 29.861350 PLAYER
684 1626156 10.899190 34.827160 PLAYER
696 -1 22.795280 41.264460 BALL
696 2730 13.556150 32.349620 PLAYER
696 201147 21.254020 41.487120 PLAYER
696 201951 13.978840 39.728610 PLAYER
696 201977 27.761600 9.354940 PLAYER
696 202700 4.786940 2.416040 PLAYER
696 977 17.767670 39.419240 PLAYER
696 201156 19.019000 14.927540 PLAYER
696 203135 5.194860 17.958220 PLAYER
696 203944 12.262920 30.385000 PLAYER
696 1626156 11.063800 35.166540 PLAYER
708 -1 23.449060 39.067830 BALL
708 2730 13.209520 32.568650 PLAYER
708 201147 21.972920 39.876680 PLAYER
708 201951 14.055470 40.120780 PLAYER
708 201977 28.456080 9.889480 PLAYER
708 202700 5.021880 2.381530 PLAYER
708 977 18.830490 38.272670 PLAYER
708 201156 19.668270 15.129430 PLAYER
708 203135 5.301730 17.823650 PLAYER
708 203944 11.764210 30.789220 PLAYER
708 1626156 11.256830 35.464690 PLAYER
720 -1 23.932100 36.943620 BALL
720 2730 12.793200 32.827840 PLAYER
720 201147 22.471850 38.258360 PLAYER
720 201951 14.188920 40.503780 PLAYER
720 201977 29.027780 10.353480 PLAYER
720 202700 5.338120 2.331360 PLAYER
720 977 19.711840 36.934450 PLAYER
720 201156 20.294160 15.417440 PLAYER
720 203135 5.443640 17.828270 PLAYER
720 203944 11.339350 31.108430 PLAYER
720 1626156 11.541980 35.652070 PLAYER
732 -1 24.605480 34.499210 BALL
732 2730 12.419630 33.027690 PLAYER
732 201147 22.721680 36.690400 PLAYER
732 201951 14.355940 40.913060 PLAYER
732 201977 29.416500 10.634140 PLAYER
732 202700 5.589570 2.341330 PLAYER
732 977 20.404950 35.798540 PLAYER
732 201156 20.883070 15.682590 PLAYER
732 203135 5.588590 17.738330 PLAYER
732 203944 10.712660 31.470680 PLAYER
732 1626156 11.741670 35.870680 PLAYER
744 -1 25.196420 33.508970 BALL
744 2730 11.974620 33.250130 PLAYER
744 201147 22.871590 35.173620 PLAYER
744 201951 14.514050 41.342800 PLAYER
744 201977 29.581140 10.667100 PLAYER
744 202700 5.862940 2.323390 PLAYER
744 977 20.711060 34.539810 PLAYER
744 201156 21.421930 15.968320 PLAYER
744 203135 5.756500 17.665680 PLAYER
744 203944 10.218270 31.790590 PLAYER
744 1626156 11.953600 36.034260 PLAYER
756 -1 25.434600 32.474400 BALL
756 2730 11.377690 33.565360 PLAYER
756 201147 22.956210 33.709780 PLAYER
756 201951 14.666300 41.781230 PLAYER
756 201977 29.494280 10.480970 PLAYER
756 202700 6.073850 2.314820 PLAYER
756 977 20.729120 33.195290 PLAYER
756 201156 21.877630 16.284220 PLAYER
756 203135 5.952620 17.365840 PLAYER
756 203944 9.735700 32.063430 PLAYER
756 1626156 12.321000 36.162590 PLAYER
768 -1 25.542110 31.331190 BALL
768 2730 10.764540 33.887710 PLAYER
768 201147 22.946730 32.364780 PLAYER
768 201951 14.822750 42.183570 PLAYER
768 201977 29.164170 10.120540 PLAYER
768 202700 6.195810 2.254140 PLAYER
768 977 20.558290 31.971340 PLAYER
768 201156 22.185890 16.669550 PLAYER
768 203135 6.154110 17.128180 PLAYER
768 203944 9.263950 32.277710 PLAYER
768 1626156 12.654780 36.270530 PLAYER
780 -1 25.336890 30.173940 BALL
780 2730 10.309750 34.023900 PLAYER
780 201147 22.952780 31.088530 PLAYER
780 201951 14.998110 42.594800 PLAYER
780 201977 28.633490 9.689070 PLAYER
780 202700 6.209330 2.246380 PLAYER
780 977 20.210060 30.934310 PLAYER
780 201156 22.305370 16.828530 PLAYER
780 203135 6.343470 16.788860 PLAYER
780 203944 8.760020 32.479910 PLAYER
780 1626156 12.889770 36.437420 PLAYER
792 -1 25.011530 28.872690 BALL
792 2730 10.055530 34.037170 PLAYER
792 201147 23.072550 29.770800 PLAYER
792 201951 15.195770 43.010590 PLAYER
792 201977 27.991810 9.170840 PLAYER
792 202700 6.183620 2.220030 PLAYER
792 977 19.611930 29.903750 PLAYER
792 201156 22.301410 16.837890 PLAYER
792 203135 6.561220 16.311550 PLAYER
792 203944 8.552630 32.549280 PLAYER
792 1626156 13.141580 36.541240 PLAYER
804 -1 24.983500 27.789510 BALL
804 2730 9.876500 34.032750 PLAYER
804 201147 23.277670 28.472120 PLAYER
804 201951 15.447730 43.356920 PLAYER
804 201977 27.443000 8.690930 PLAYER
804 202700 6.112010 2.210290 PLAYER
804 977 19.060510 28.780870 PLAYER
804 201156 22.132400 16.704390 PLAYER
804 203135 6.747730 15.962660 PLAYER
804 203944 8.319780 32.654260 PLAYER
804 1626156 13.378590 36.581900 PLAYER
816 -1 25.065400 27.156690 BALL
816 2730 10.045500 33.807460 PLAYER
816 201147 23.487380 27.267260 PLAYER
816 201951 15.754830 43.657100 PLAYER
816 201977 27.061670 8.274840 PLAYER
816 202700 6.023590 2.192910 PLAYER
816 977 18.548780 27.958790 PLAYER
816 201156 21.831440 16.434210 PLAYER
816 203135 6.883070 15.717760 PLAYER
816 203944 8.200700 32.690240 PLAYER
816 1626156 13.571780 36.625450 PLAYER
828 -1 25.183680 26.171530 BALL
828 2730 10.340760 33.612760 PLAYER
828 201147 23.747980 26.126590 PLAYER
828 201951 16.111190 43.955270 PLAYER
828 201977 26.858490 7.916730 PLAYER
828 202700 5.943470 2.199460 PLAYER
828 977 18.161060 27.148730 PLAYER
828 201156 21.478150 16.158370 PLAYER
828 203135 6.998100 15.318780 PLAYER
828 203944 8.101530 32.737990 PLAYER
828 1626156 13.687930 36.720510 PLAYER
840 -1 24.985170 24.611180 BALL
840 2730 10.593640 33.539230 PLAYER
840 201147 24.056940 24.930850 PLAYER
840 201951 16.530690 44.194640 PLAYER
840 201977 26.864560 7.586230 PLAYER
840 202700 5.799090 2.263450 PLAYER
840 977 17.935180 26.393430 PLAYER
840 201156 21.158650 15.941070 PLAYER
840 203135 7.095380 14.870630 PLAYER
840 203944 8.052730 32.810660 PLAYER
840 1626156 13.832500 36.777300 PLAYER
852 -1 25.331190 23.044230 BALL
852 2730 10.873670 33.544130 PLAYER
852 201147 24.368640 23.674200 PLAYER
852 201951 16.949460 44.393740 PLAYER
852 201977 27.103140 7.417770 PLAYER
852 202700 5.685470 2.313420 PLAYER
852 977 17.876560 25.758120 PLAYER
852 201156 20.816150 15.866920 PLAYER
852 203135 7.160690 14.561940 PLAYER
852 203944 8.027980 32.783510 PLAYER
852 1626156 14.051250 36.761040 PLAYER
864 -1 26.374390 20.369020 BALL
864 2730 11.208600 33.577860 PLAYER
864 201147 24.601500 22.376870 PLAYER
864 201951 17.341060 44.602830 PLAYER
864 201977 27.448740 7.362490 PLAYER
864 202700 5.657780 2.340240 PLAYER
864 977 17.895170 25.216170 PLAYER
864 201156 20.608140 15.690130 PLAYER
864 203135 7.228430 14.136130 PLAYER
864 203944 8.169330 32.646250 PLAYER
864 1626156 14.366820 36.908160 PLAYER
876 -1 27.210870 17.349780 BALL
876 2730 11.561270 33.551470 PLAYER
876 201147 24.787620 21.007070 PLAYER
876 201951 17.720560 44.807440 PLAYER
876 201977 27.811890 7.389170 PLAYER
876 202700 5.639850 2.412460 PLAYER
876 977 18.022460 24.607150 PLAYER
876 201156 20.568400 15.589850 PLAYER
876 203135 7.334480 13.803680 PLAYER
876 203944 8.326390 32.517370 PLAYER
876 1626156 14.707770 37.010350 PLAYER
888 -1 28.227690 14.434360 BALL
888 2730 11.919290 33.386780 PLAYER
888 201147 24.891590 19.558620 PLAYER
888 201951 18.100660 44.985480 PLAYER
888 201977 28.170900 7.452850 PLAYER
888 202700 5.642230 2.543910 PLAYER
888 977 18.146190 24.058890 PLAYER
888 201156 20.514150 15.586650 PLAYER
888 203135 7.459820 13.557030 PLAYER
888 203944 8.583710 32.401710 PLAYER
888 1626156 15.064710 36.976990 PLAYER
900 -1 28.939920 11.424560 BALL
900 2730 12.343210 33.209210 PLAYER
900 201147 24.888770 18.103580 PLAYER
900 201951 18.476950 45.150290 PLAYER
900 201977 28.475970 7.551080 PLAYER
900 202700 5.710460 2.724790 PLAYER
900 977 18.188350 23.447500 PLAYER
900 201156 20.574630 15.602710 PLAYER
900 203135 7.579060 13.340430 PLAYER
900 203944 8.840100 32.260030 PLAYER
900 1626156 15.403960 36.977030 PLAYER
912 -1 29.649560 8.894200 BALL
912 2730 12.732760 33.007450 PLAYER
912 201147 24.714120 16.713400 PLAYER
912 201951 18.872930 45.275190 PLAYER
912 201977 28.706620 7.740270 PLAYER
912 202700 5.746290 3.058980 PLAYER
912 977 18.185010 22.674550 PLAYER
912 201156 20.821550 15.550750 PLAYER
912 203135 7.663570 13.132760 PLAYER
912 203944 9.207840 32.126130 PLAYER
912 1626156 15.715180 37.015040 PLAYER
924 -1 29.545780 8.911950 BALL
924 2730 13.131990 32.630500 PLAYER
924 201147 24.432840 15.390660 PLAYER
924 201951 19.286510 45.362340 PLAYER
924 201977 28.810280 7.993110 PLAYER
924 202700 5.744030 3.518570 PLAYER
924 977 18.166620 21.899990 PLAYER
924 201156 21.078520 15.773510 PLAYER
924 203135 7.688580 12.909150 PLAYER
924 203944 9.473520 32.070460 PLAYER
924 1626156 15.973630 36.930210 PLAYER
936 -1 29.399720 9.283110 BALL
936 2730 13.511450 32.359710 PLAYER
936 201147 24.030250 14.115550 PLAYER
936 201951 19.697310 45.426040 PLAYER
936 201977 28.805710 8.300110 PLAYER
936 202700 5.782040 4.048350 PLAYER
936 977 18.072350 21.072760 PLAYER
936 201156 21.348270 15.844750 PLAYER
936 203135 7.652690 12.655290 PLAYER
936 203944 9.948410 31.903780 PLAYER
936 1626156 16.219690 36.825120 PLAYER
948 -1 28.924140 9.660590 BALL
948 2730 13.923300 32.062420 PLAYER
948 201147 23.552660 12.885290 PLAYER
948 201951 20.089040 45.484480 PLAYER
948 201977 28.691480 8.722440 PLAYER
948 202700 5.850210 4.638150 PLAYER
948 977 17.864240 20.296540 PLAYER
948 201156 21.832480 15.720880 PLAYER
948 203135 7.602540 12.526070 PLAYER
948 203944 10.436040 31.613720 PLAYER
948 1626156 16.505300 36.761430 PLAYER
960 -1 28.263840 10.240910 BALL
960 2730 14.309820 31.699630 PLAYER
960 201147 23.023880 11.724110 PLAYER
960 201951 20.449710 45.536550 PLAYER
960 201977 28.564250 9.112000 PLAYER
960 202700 5.920520 5.259690 PLAYER
960 977 17.726060 19.447150 PLAYER
960 201156 22.298430 15.488600 PLAYER
960 203135 7.577190 12.497310 PLAYER
960 203944 11.022200 31.269820 PLAYER
960 1626156 16.763950 36.688380 PLAYER
972 -1 27.664460 10.832540 BALL
972 2730 14.790870 31.208000 PLAYER
972 201147 22.485420 10.622630 PLAYER
972 201951 20.762710 45.605390 PLAYER
972 201977 28.377590 9.404480 PLAYER
972 202700 6.036360 5.877040 PLAYER
972 977 17.588740 18.705270 PLAYER
972 201156 22.766150 15.122540 PLAYER
972 203135 7.591670 12.576640 PLAYER
972 203944 11.544580 31.033440 PLAYER
972 1626156 17.000160 36.609690 PLAYER
984 -1 28.345090 10.191940 BALL
984 2730 15.334680 30.744590 PLAYER
984 201147 21.933140 9.496720 PLAYER
984 201951 21.006220 45.705460 PLAYER
984 201977 28.175290 9.671680 PLAYER
984 202700 6.153860 6.519090 PLAYER
984 977 17.454230 17.863950 PLAYER
984 201156 23.273910 14.608970 PLAYER
984 203135 7.648460 12.755590 PLAYER
984 203944 12.035460 30.841490 PLAYER
984 1626156 17.198510 36.509770 PLAYER
996 -1 28.540140 9.568660 BALL
996 2730 15.836050 30.239610 PLAYER
996 201147 21.349710 8.485410 PLAYER
996 201951 21.204640 45.800680 PLAYER
996 201977 27.974180 9.899640 PLAYER
996 202700 6.261850 7.199900 PLAYER
996 977 17.285380 17.074050 PLAYER
996 201156 23.804110 14.177680 PLAYER
996 203135 7.694020 13.060090 PLAYER
996 203944 12.368040 30.647280 PLAYER
996 1626156 17.328330 36.366920 PLAYER
1008 -1 27.987420 9.811750 BALL
1008 2730 16.331740 29.778610 PLAYER
1008 201147 20.775020 7.584050 PLAYER
1008 201951 21.373980 45.867280 PLAYER
1008 201977 27.816630 10.029260 PLAYER
1008 202700 6.381840 7.874920 PLAYER
1008 977 17.152280 16.247190 PLAYER
1008 201156 24.304830 13.830680 PLAYER
1008 203135 7.688940 13.332910 PLAYER
1008 203944 12.676690 30.460250 PLAYER
1008 1626156 17.365220 36.218330 PLAYER
1020 -1 26.443950 10.941670 BALL
1020 2730 16.869730 29.308430 PLAYER
1020 201147 20.238010 6.796580 PLAYER
1020 201951 21.508360 45.897830 PLAYER
1020 201977 27.613060 10.207130 PLAYER
1020 202700 6.520100 8.562520 PLAYER
1020 977 16.883390 15.628300 PLAYER
1020 201156 24.825350 13.566000 PLAYER
1020 203135 7.604630 13.617410 PLAYER
1020 203944 12.901240 30.268520 PLAYER
1020 1626156 17.296820 35.998720 PLAYER
1032 -1 24.424000 12.266500 BALL
1032 2730 17.338250 28.890720 PLAYER
1032 201147 19.767740 6.195190 PLAYER
1032 201951 21.609500 45.887260 PLAYER
1032 201977 27.539390 10.389500 PLAYER
1032 202700 6.716590 9.249070 PLAYER
1032 977 16.549920 15.077270 PLAYER
1032 201156 25.280010 13.465880 PLAYER
1032 203135 7.457030 13.913320 PLAYER
1032 203944 13.097150 29.948250 PLAYER
1032 1626156 17.081740 35.717800 PLAYER
1044 -1 22.333660 13.962300 BALL
1044 2730 17.768800 28.535020 PLAYER
1044 201147 19.405670 5.775350 PLAYER
1044 201951 21.703020 45.840960 PLAYER
1044 201977 27.566620 10.526990 PLAYER
1044 202700 6.944470 9.925490 PLAYER
1044 977 16.176030 14.826200 PLAYER
1044 201156 25.713900 13.308090 PLAYER
1044 203135 7.305530 14.225610 PLAYER
1044 203944 13.483750 29.444460 PLAYER
1044 1626156 16.736990 35.405580 PLAYER
1056 -1 20.158690 15.370920 BALL
1056 2730 18.253910 28.160260 PLAYER
1056 201147 19.186360 5.478030 PLAYER
1056 201951 21.763900 45.780090 PLAYER
1056 201977 27.794330 10.511230 PLAYER
1056 202700 7.216440 10.569080 PLAYER
1056 977 15.848970 14.718160 PLAYER
1056 201156 26.094830 13.198780 PLAYER
1056 203135 7.291840 14.584990 PLAYER
1056 203944 13.819240 28.942850 PLAYER
1056 1626156 16.315560 35.072790 PLAYER
1068 -1 18.150270 16.631720 BALL
1068 2730 18.759470 27.750610 PLAYER
1068 201147 19.107380 5.248960 PLAYER
1068 201951 21.781730 45.707670 PLAYER
1068 201977 28.230120 10.372560 PLAYER
1068 202700 7.503740 11.207790 PLAYER
1068 977 15.528570 14.795300 PLAYER
1068 201156 26.467040 13.147980 PLAYER
1068 203135 7.319050 14.916930 PLAYER
1068 203944 14.096210 28.512820 PLAYER
1068 1626156 15.832630 34.724440 PLAYER
1080 -1 16.217950 18.012210 BALL
1080 2730 19.310760 27.388570 PLAYER
1080 201147 19.192700 5.134630 PLAYER
1080 201951 21.759520 45.640680 PLAYER
1080 201977 28.868510 10.094450 PLAYER
1080 202700 7.786990 11.846210 PLAYER
1080 977 15.193250 14.959920 PLAYER
1080 201156 26.872380 12.933130 PLAYER
1080 203135 7.469890 15.223080 PLAYER
1080 203944 14.324430 28.124410 PLAYER
1080 1626156 15.288180 34.373530 PLAYER
1092 -1 14.145960 19.469020 BALL
1092 2730 19.905180 27.021320 PLAYER
1092 201147 19.325130 5.099690 PLAYER
1092 201951 21.730270 45.543170 PLAYER
1092 201977 29.583350 9.691730 PLAYER
1092 202700 7.972710 12.419040 PLAYER
1092 977 14.926890 15.193760 PLAYER
1092 201156 27.286980 12.594520 PLAYER
1092 203135 7.603520 15.515800 PLAYER
1092 203944 14.458530 27.782930 PLAYER
1092 1626156 14.733380 34.047440 PLAYER
1104 -1 12.113000 20.771980 BALL
1104 2730 20.540420 26.725180 PLAYER
1104 201147 19.545540 5.194490 PLAYER
1104 201951 21.712130 45.408260 PLAYER
1104 201977 30.437320 9.214160 PLAYER
1104 202700 7.993720 12.930640 PLAYER
1104 977 14.723710 15.463760 PLAYER
1104 201156 27.672940 12.286030 PLAYER
1104 203135 7.648780 15.824130 PLAYER
1104 203944 14.360390 27.583070 PLAYER
1104 1626156 14.181620 33.708260 PLAYER
1116 -1 10.104340 22.075740 BALL
1116 2730 21.234580 26.568240 PLAYER
1116 201147 19.809430 5.437040 PLAYER
1116 201951 21.730250 45.251470 PLAYER
1116 201977 31.341830 8.760250 PLAYER
1116 202700 7.875570 13.404070 PLAYER
1116 977 14.544810 15.864840 PLAYER
1116 201156 28.064590 11.956870 PLAYER
1116 203135 7.590920 16.086440 PLAYER
1116 203944 14.087390 27.354830 PLAYER
1116 1626156 13.606380 33.372720 PLAYER
1128 -1 8.185730 23.433190 BALL
1128 2730 22.063430 26.383530 PLAYER
1128 201147 20.137170 5.823120 PLAYER
1128 201951 21.796580 45.082610 PLAYER
1128 201977 32.310500 8.337570 PLAYER
1128 202700 7.667880 13.816790 PLAYER
1128 977 14.421770 16.237530 PLAYER
1128 201156 28.403660 11.562750 PLAYER
1128 203135 7.551700 16.399590 PLAYER
1128 203944 13.715710 27.330620 PLAYER
1128 1626156 12.996400 33.052800 PLAYER
1140 -1 6.221190 24.547680 BALL
1140 2730 22.914740 26.175060 PLAYER
1140 201147 20.504180 6.262720 PLAYER
1140 201951 21.930710 44.908090 PLAYER
1140 201977 33.366510 7.935860 PLAYER
1140 202700 7.431470 14.109750 PLAYER
1140 977 14.460140 16.594170 PLAYER
1140 201156 28.672330 11.292160 PLAYER
1140 203135 7.485430 16.732550 PLAYER
1140 203944 13.268720 27.320320 PLAYER
1140 1626156 12.383310 32.742030 PLAYER
1152 -1 5.197880 25.622790 BALL
1152 2730 23.761480 26.063200 PLAYER
1152 201147 21.079060 6.682270 PLAYER
1152 201951 22.139020 44.753280 PLAYER
1152 201977 34.517420 7.604600 PLAYER
1152 202700 7.243110 14.391190 PLAYER
1152 977 14.618550 16.842530 PLAYER
1152 201156 28.907390 11.023550 PLAYER
1152 203135 7.439360 16.975270 PLAYER
1152 203944 12.764200 27.349950 PLAYER
1152 1626156 11.796100 32.389460 PLAYER
1164 -1 5.089720 25.986170 BALL
1164 2730 24.632110 25.921860 PLAYER
1164 201147 21.737510 7.095290 PLAYER
1164 201951 22.408990 44.619940 PLAYER
1164 201977 35.741490 7.312390 PLAYER
1164 202700 7.194000 14.703630 PLAYER
1164 977 14.764970 17.159970 PLAYER
1164 201156 29.143120 10.772030 PLAYER
1164 203135 7.437110 17.160700 PLAYER
1164 203944 12.213320 27.379950 PLAYER
1164 1626156 11.232220 31.993920 PLAYER
1176 -1 5.361750 26.399950 BALL
1176 2730 25.492200 25.566270 PLAYER
1176 201147 22.565420 7.453960 PLAYER
1176 201951 22.686860 44.513310 PLAYER
1176 201977 37.031460 7.096460 PLAYER
1176 202700 7.231690 15.027140 PLAYER
1176 977 15.084070 17.352310 PLAYER
1176 201156 29.391570 10.503100 PLAYER
1176 203135 7.453800 17.336350 PLAYER
1176 203944 11.655570 27.439160 PLAYER
1176 1626156 10.646190 31.672070 PLAYER
1188 -1 5.604650 26.836390 BALL
1188 2730 26.403200 25.476820 PLAYER
1188 201147 23.497960 7.796480 PLAYER
1188 201951 22.972760 44.413510 PLAYER
1188 201977 38.325880 6.949090 PLAYER
1188 202700 7.358550 15.361880 PLAYER
1188 977 15.581850 17.579940 PLAYER
1188 201156 29.651200 10.244580 PLAYER
1188 203135 7.282060 17.595840 PLAYER
1188 203944 11.086480 27.301290 PLAYER
1188 1626156 10.104450 31.351290 PLAYER
1200 -1 5.763210 27.394820 BALL
1200 2730 27.340650 25.447230 PLAYER
1200 201147 24.498090 8.152800 PLAYER
1200 201951 23.279120 44.309320 PLAYER
1200 201977 39.652890 6.859990 PLAYER
1200 202700 7.599560 15.653720 PLAYER
1200 977 16.135600 17.772760 PLAYER
1200 201156 29.939620 9.991290 PLAYER
1200 203135 6.969790 17.844070 PLAYER
1200 203944 10.459000 27.206470 PLAYER
1200 1626156 9.544160 31.107310 PLAYER
1212 -1 5.875780 27.698320 BALL
1212 2730 28.301850 25.487070 PLAYER
1212 201147 25.527930 8.527440 PLAYER
1212 201951 23.603560 44.171810 PLAYER
1212 201977 40.996850 6.840540 PLAYER
1212 202700 7.854220 15.991430 PLAYER
1212 977 16.626040 18.106920 PLAYER
1212 201156 30.234970 9.755320 PLAYER
1212 203135 6.815140 18.214660 PLAYER
1212 203944 9.891880 27.156560 PLAYER
1212 1626156 9.047470 30.924680 PLAYER
1224 -1 6.232570 27.898180 BALL
1224 2730 29.387130 25.425330 PLAYER
1224 201147 26.641000 8.903290 PLAYER
1224 201951 23.956070 43.984480 PLAYER
1224 201977 42.359650 6.873700 PLAYER
1224 202700 8.183390 16.344560 PLAYER
1224 977 17.253720 18.413790 PLAYER
1224 201156 30.542480 9.544130 PLAYER
1224 203135 6.705840 18.661880 PLAYER
1224 203944 9.259610 27.074670 PLAYER
1224 1626156 8.539420 30.880800 PLAYER
1236 -1 6.654460 27.822240 BALL
1236 2730 30.405890 25.696100 PLAYER
1236 201147 27.840560 9.288610 PLAYER
1236 201951 24.349290 43.744270 PLAYER
1236 201977 43.709670 6.949060 PLAYER
1236 202700 8.571490 16.807820 PLAYER
1236 977 17.986010 18.692500 PLAYER
1236 201156 30.883640 9.383830 PLAYER
1236 203135 6.637530 18.953990 PLAYER
1236 203944 8.592530 27.112920 PLAYER
1236 1626156 8.097810 30.823830 PLAYER
1248 -1 6.763400 27.900620 BALL
1248 2730 31.367110 25.789090 PLAYER
1248 201147 29.124140 9.656070 PLAYER
1248 201951 24.792630 43.484360 PLAYER
1248 201977 45.082310 7.092860 PLAYER
1248 202700 9.058360 17.311290 PLAYER
1248 977 18.787800 19.006740 PLAYER
1248 201156 31.257130 9.179990 PLAYER
1248 203135 6.857260 19.054420 PLAYER
1248 203944 7.948150 27.151880 PLAYER
1248 1626156 7.656350 30.796720 PLAYER
1260 -1 6.152320 27.711230 BALL
1260 2730 32.352670 25.819410 PLAYER
1260 201147 30.370360 10.118820 PLAYER
1260 201951 25.270470 43.214590 PLAYER
1260 201977 46.449490 7.288580 PLAYER
1260 202700 9.617340 17.884620 PLAYER
1260 977 19.708630 19.391800 PLAYER
1260 201156 31.641350 9.098760 PLAYER
1260 203135 7.247110 19.066960 PLAYER
1260 203944 7.327630 27.151540 PLAYER
1260 1626156 7.276910 30.807580 PLAYER
1272 -1 6.227480 26.959090 BALL
1272 2730 33.362710 25.799930 PLAYER
1272 201147 31.613500 10.542840 PLAYER
1272 201951 25.761340 42.989690 PLAYER
1272 201977 47.808180 7.494870 PLAYER
1272 202700 10.324870 18.486710 PLAYER
1272 977 20.762990 19.919810 PLAYER
1272 201156 32.205510 9.012160 PLAYER
1272 203135 7.520250 18.945530 PLAYER
1272 203944 6.617390 27.037950 PLAYER
1272 1626156 6.919390 30.791810 PLAYER
1284 -1 5.263880 27.095840 BALL
1284 2730 34.263720 25.812640 PLAYER
1284 201147 32.878550 11.022910 PLAYER
1284 201951 26.234880 42.837970 PLAYER
1284 201977 49.158560 7.761460 PLAYER
1284 202700 11.126950 19.140530 PLAYER
1284 977 22.026660 20.404980 PLAYER
1284 201156 32.793880 8.855240 PLAYER
1284 203135 7.849380 18.688410 PLAYER
1284 203944 5.959580 27.065200 PLAYER
1284 1626156 6.590860 30.775130 PLAYER
1296 -1 4.599310 26.810690 BALL
1296 2730 35.304360 25.618500 PLAYER
1296 201147 34.139180 11.486840 PLAYER
1296 201951 26.708160 42.756100 PLAYER
1296 201977 50.476510 8.101770 PLAYER
1296 202700 12.045780 19.765880 PLAYER
1296 977 23.312280 21.005230 PLAYER
1296 201156 33.411110 8.733800 PLAYER
1296 203135 8.218650 18.437280 PLAYER
1296 203944 5.346480 27.174600 PLAYER
1296 1626156 6.272760 30.786520 PLAYER