0 -1 16.917220 17.893990
0 2755 41.785480 41.022760
0 203476 40.548980 27.360340
0 203940 10.046170 23.444810
0 203498 14.862460 26.389280
0 203897 33.570800 16.555130
0 201156 11.281680 41.016530
0 203135 25.181320 26.017760
0 1626273 14.124460 12.991660
0 203944 16.245830 18.639010
0 1626156 8.654620 31.886460
12 -1 19.721030 17.722450
12 2755 43.051950 40.659090
12 203476 41.736510 27.424710
12 203940 11.163560 23.666960
12 203498 16.022050 26.610320
12 203897 34.571110 16.797380
12 201156 11.727400 41.061330
12 203135 26.511910 26.028720
12 1626273 14.754610 12.341130
12 203944 17.934740 18.237100
12 1626156 9.655090 32.444240
24 -1 22.033890 17.719760
24 2755 44.338160 40.313090
24 203476 42.961620 27.465220
24 203940 12.350000 23.885380
24 203498 17.262540 26.829270
24 203897 35.641380 17.078840
24 201156 12.204950 41.069670
24 203135 27.881950 26.092890
24 1626273 15.529010 11.756380
24 203944 19.613990 17.772070
24 1626156 10.840890 32.993400
36 -1 23.477770 17.812710
36 2755 45.595830 40.001540
36 203476 44.210290 27.499770
36 203940 13.713980 23.964630
36 203498 18.570080 27.103670
36 203897 36.788050 17.353940
36 201156 12.713310 41.060400
36 203135 29.393720 26.288220
36 1626273 16.381430 11.231820
36 203944 21.403210 17.200820
36 1626156 12.151010 33.502690
48 -1 24.846470 17.731520
48 2755 46.829650 39.735260
48 203476 45.516200 27.523140
48 203940 15.193650 23.827790
48 203498 19.887800 27.458890
48 203897 37.990720 17.514550
48 201156 13.300120 41.050600
48 203135 30.998070 26.688590
48 1626273 17.298130 10.721170
48 203944 23.274590 16.649420
48 1626156 13.587750 33.974800
60 -1 26.294560 17.625970
60 2755 47.998300 39.491530
60 203476 46.881030 27.544650
60 203940 16.748580 23.923030
60 203498 21.263210 27.881800
60 203897 39.243720 17.575990
60 201156 13.997480 41.036560
60 203135 32.600170 27.002610
60 1626273 18.303870 10.278420
60 203944 25.146240 16.139280
60 1626156 15.159900 34.384100
72 -1 27.719850 17.232230
72 2755 49.136220 39.270960
72 203476 48.286590 27.537790
72 203940 18.427430 23.949270
72 203498 22.618910 28.358300
72 203897 40.505920 17.600830
72 201156 14.816090 41.054720
72 203135 34.263780 27.320010
72 1626273 19.398670 9.910250
72 203944 27.171150 15.695400
72 1626156 16.849960 34.732630
84 -1 29.755670 16.382520
84 2755 50.256030 39.078910
84 203476 49.712190 27.512350
84 203940 20.397180 23.880800
84 203498 23.925480 28.926800
84 203897 41.808620 17.554150
84 201156 15.737470 41.077880
84 203135 36.016470 27.685850
84 1626273 20.576720 9.630640
84 203944 29.200620 15.219020
84 1626156 18.664120 35.033460
96 -1 31.880380 15.260630
96 2755 51.388220 38.927160
96 203476 51.131180 27.472960
96 203940 22.414930 23.702450
96 203498 25.232540 29.554930
96 203897 43.152500 17.434870
96 201156 16.738430 41.074990
96 203135 37.824810 28.035230
96 1626273 21.792610 9.439270
96 203944 31.148650 14.648190
96 1626156 20.474870 35.276090
108 -1 34.521380 13.998510
108 2755 52.509130 38.767120
108 203476 52.544910 27.455070
108 203940 24.591670 23.600610
108 203498 26.495140 30.212830
108 203897 44.524980 17.232600
108 201156 17.804690 41.029220
108 203135 39.609430 28.265920
108 1626273 23.000120 9.353470
108 203944 32.939770 13.793650
108 1626156 22.369710 35.414750
120 -1 36.909210 12.305630
120 2755 53.621970 38.621310
120 203476 53.943560 27.430070
120 203940 26.759680 23.273380
120 203498 27.640490 30.895330
120 203897 45.893150 16.943630
120 201156 18.922630 40.934620
120 203135 41.503030 28.593470
120 1626273 24.223980 9.312770
120 203944 34.687700 12.788860
120 1626156 24.364940 35.492920
132 -1 38.397130 10.945320
132 2755 54.711710 38.448920
132 203476 55.327070 27.412410
132 203940 29.084740 22.814620
132 203498 28.753570 31.505300
132 203897 47.305360 16.510590
132 201156 20.111340 40.782020
132 203135 43.456480 28.909190
132 1626273 25.487580 9.345350
132 203944 36.339120 11.550480
132 1626156 26.327890 35.572630
144 -1 39.683450 9.865320
144 2755 55.735580 38.265930
144 203476 56.691130 27.389850
144 203940 31.335960 22.437490
144 203498 29.990120 32.043140
144 203897 48.707720 15.957220
144 201156 21.315440 40.677890
144 203135 45.417390 29.166230
144 1626273 26.759230 9.450250
144 203944 37.962780 10.295760
144 1626156 28.232150 35.570750
156 -1 40.897550 8.779240
156 2755 56.696330 38.053000
156 203476 58.040900 27.369880
156 203940 33.719760 21.983270
156 203498 31.158000 32.570180
156 203897 50.141610 15.344730
156 201156 22.521760 40.593040
156 203135 47.401890 29.356880
156 1626273 28.055990 9.615910
156 203944 39.599370 9.201220
156 1626156 30.279490 35.579630
168 -1 42.055400 7.662790
168 2755 57.631900 37.814730
168 203476 59.381250 27.315560
168 203940 36.134960 21.455410
168 203498 32.430010 33.091050
168 203897 51.581920 14.740380
168 201156 23.743680 40.524150
168 203135 49.434780 29.512520
168 1626273 29.444800 9.860360
168 203944 41.355870 8.214900
168 1626156 32.289510 35.627690
180 -1 43.159980 6.484710
180 2755 58.548200 37.537730
180 203476 60.702250 27.251050
180 203940 38.575400 20.920310
180 203498 33.798840 33.558360
180 203897 53.049280 14.106300
180 201156 24.953270 40.497770
180 203135 51.407670 29.629380
180 1626273 30.871130 10.172140
180 203944 43.109880 7.299920
180 1626156 34.230440 35.692520
192 -1 44.902370 5.517440
192 2755 59.460480 37.248830
192 203476 61.985880 27.175730
192 203940 40.984510 20.362690
192 203498 35.218240 34.059230
192 203897 54.460990 13.505990
192 201156 26.169090 40.489330
192 203135 53.331180 29.717930
192 1626273 32.370610 10.582250
192 203944 44.838320 6.475720
192 1626156 36.314790 35.620170
204 -1 46.934770 6.256330
204 2755 60.378130 36.932030
204 203476 63.216130 27.116580
204 203940 43.472770 19.636200
204 203498 36.497300 34.607460
204 203897 55.849570 12.975460
204 201156 27.420240 40.412210
204 203135 55.283090 29.699730
204 1626273 33.944540 11.039040
204 203944 46.595380 5.753920
204 1626156 38.302810 35.609510
216 -1 49.639340 4.277300
216 2755 61.274590 36.619390
216 203476 64.421610 27.063080
216 203940 45.984610 19.007300
216 203498 37.841320 35.129800
216 203897 57.236540 12.448310
216 201156 28.723670 40.357070
216 203135 57.287690 29.565440
216 1626273 35.568310 11.581790
216 203944 48.302390 5.102340
216 1626156 40.217050 35.625570
228 -1 52.141990 4.160430
228 2755 62.135970 36.296840
228 203476 65.577650 27.016750
228 203940 48.474100 18.341820
228 203498 39.127870 35.609690
228 203897 58.580170 11.966050
228 201156 30.041140 40.323430
228 203135 59.215730 29.457420
228 1626273 37.215070 12.161830
228 203944 50.016900 4.601800
228 1626156 42.138890 35.589830
240 -1 54.093050 4.409200
240 2755 62.979570 35.972130
240 203476 66.678690 26.947910
240 203940 50.997540 17.698880
240 203498 40.385150 36.089740
240 203897 59.891550 11.590690
240 201156 31.381880 40.317100
240 203135 61.079270 29.335810
240 1626273 38.863810 12.828500
240 203944 51.851960 4.173740
240 1626156 44.065940 35.460510
252 -1 55.395510 4.647140
252 2755 63.778010 35.612920
252 203476 67.752980 26.849510
252 203940 53.476200 17.084450
252 203498 41.620610 36.561690
252 203897 61.185230 11.313670
252 201156 32.649060 40.321090
252 203135 62.911220 29.164170
252 1626273 40.485200 13.509690
252 203944 53.559000 3.809870
252 1626156 45.845960 35.331260
264 -1 56.540850 4.537730
264 2755 64.519780 35.210170
264 203476 68.792010 26.680590
264 203940 55.982650 16.473440
264 203498 42.898000 37.000370
264 203897 62.518520 11.041760
264 201156 33.909450 40.333700
264 203135 64.668990 29.003520
264 1626273 42.092810 14.207510
264 203944 55.284270 3.551460
264 1626156 47.694170 35.125600
276 -1 57.771720 4.783270
276 2755 65.257400 34.761020
276 203476 69.820260 26.590030
276 203940 58.382150 15.807980
276 203498 44.159830 37.374670
276 203897 63.714260 10.885770
276 201156 35.157310 40.286930
276 203135 66.403400 28.901950
276 1626273 43.703510 14.914660
276 203944 57.083500 3.400220
276 1626156 49.517590 34.807090
288 -1 59.341040 4.721360
288 2755 65.950510 34.289220
288 203476 70.844690 26.548960
288 203940 60.773740 15.181150
288 203498 45.421360 37.683770
288 203897 64.749830 10.806300
288 201156 36.434370 40.255260
288 203135 68.077880 28.677610
288 1626273 45.281710 15.640970
288 203944 58.839860 3.274330
288 1626156 51.333690 34.512400
300 -1 60.983570 4.692760
300 2755 66.586610 33.770640
300 203476 71.820010 26.497570
300 203940 63.041420 14.565760
300 203498 46.728520 37.929590
300 203897 65.601460 10.853620
300 201156 37.697890 40.225570
300 203135 69.736340 28.477240
300 1626273 46.824310 16.296720
300 203944 60.504910 3.244340
300 1626156 53.084360 34.171690
312 -1 62.866660 4.635190
312 2755 67.178970 33.229410
312 203476 72.799140 26.451600
312 203940 65.290830 13.936590
312 203498 48.042890 38.106340
312 203897 66.290170 11.015850
312 201156 38.975580 40.179800
312 203135 71.337510 28.313400
312 1626273 48.337760 16.908080
312 203944 62.210900 3.326070
312 1626156 54.787850 33.789230
324 -1 65.281070 4.329210
324 2755 67.733360 32.676800
324 203476 73.805610 26.412680
324 203940 67.418810 13.363100
324 203498 49.372730 38.213500
324 203897 66.677690 11.405010
324 201156 40.195040 40.124560
324 203135 72.906190 28.144600
324 1626273 49.790210 17.478230
324 203944 63.874200 3.394280
324 1626156 56.458360 33.331850
336 -1 67.263270 4.211960
336 2755 68.211090 32.126190
336 203476 74.805820 26.260650
336 203940 69.466150 12.837910
336 203498 50.712260 38.279220
336 203897 66.945560 11.868840
336 201156 41.384280 40.072530
336 203135 74.322820 27.934750
336 1626273 51.163220 17.981120
336 203944 65.453350 3.456510
336 1626156 58.105640 32.833320
348 -1 68.688480 3.915620
348 2755 68.637550 31.582550
348 203476 75.805790 26.085990
348 203940 71.200360 12.417460
348 203498 52.065100 38.320430
348 203897 67.193810 12.390160
348 201156 42.563850 39.983260
348 203135 75.665690 27.702650
348 1626273 52.470540 18.427670
348 203944 66.853710 3.627300
348 1626156 59.664440 32.280640
360 -1 70.428060 3.503410
360 2755 69.039100 31.058430
360 203476 76.781900 25.847380
360 203940 72.723260 12.010760
360 203498 53.333520 38.302070
360 203897 67.464230 12.910680
360 201156 43.760600 39.871210
360 203135 76.946660 27.433850
360 1626273 53.740690 18.836730
360 203944 68.143510 3.912280
360 1626156 61.210590 31.728170
372 -1 71.388110 3.520230
372 2755 69.417040 30.503400
372 203476 77.728120 25.595210
372 203940 74.008740 11.594940
372 203498 54.573810 38.242210
372 203897 67.805460 13.405910
372 201156 44.973970 39.823970
372 203135 78.120990 27.144220
372 1626273 54.847380 19.172780
372 203944 69.371590 4.227480
372 1626156 62.678470 31.104420
384 -1 72.661210 3.791280
384 2755 69.770770 29.916560
384 203476 78.728700 25.482040
384 203940 75.036200 11.122950
384 203498 55.772480 38.181270
384 203897 68.296440 13.857060
384 201156 46.221820 39.824510
384 203135 79.116140 26.657650
384 1626273 55.779780 19.436640
384 203944 70.502960 4.710100
384 1626156 64.094690 30.448860
396 -1 73.759320 4.801730
396 2755 70.162110 29.293130
396 203476 79.680430 25.338840
396 203940 75.849140 10.803400
396 203498 56.952620 38.009410
396 203897 68.865110 14.343850
396 201156 47.427040 39.857430
396 203135 80.008870 26.188540
396 1626273 56.542120 19.673290
396 203944 71.605440 5.270770
396 1626156 65.477920 29.783770
408 -1 74.580220 6.256560
408 2755 70.537240 28.660460
408 203476 80.595140 25.067200
408 203940 76.608690 10.641390
408 203498 58.101560 37.746480
408 203897 69.409660 14.782160
408 201156 48.543470 39.912650
408 203135 80.834010 25.794090
408 1626273 57.120360 19.843110
408 203944 72.715020 5.951320
408 1626156 66.809050 28.966170
420 -1 74.575430 7.853110
420 2755 70.940000 28.071160
420 203476 81.494960 24.696170
420 203940 77.257100 10.713120
420 203498 59.268550 37.523650
420 203897 69.928990 15.250090
420 201156 49.620650 40.001530
420 203135 81.590030 25.441170
420 1626273 57.488900 19.993380
420 203944 73.825720 6.785530
420 1626156 68.155030 28.009260
432 -1 74.214240 8.615090
432 2755 71.481440 27.438360
432 203476 82.200860 24.337670
432 203940 77.805550 11.087910
432 203498 60.396130 37.337690
432 203897 70.422260 15.700490
432 201156 50.698250 40.070370
432 203135 82.389640 24.985860
432 1626273 57.714980 20.106690
432 203944 74.685530 7.762830
432 1626156 69.337740 27.180310
444 -1 74.129500 9.453380
444 2755 72.141090 26.817170
444 203476 82.720050 23.861810
444 203940 78.219710 11.788680
444 203498 61.528390 37.069010
444 203897 70.926690 15.972140
444 201156 51.753320 40.147970
444 203135 83.211580 24.642060
444 1626273 57.969790 20.299930
444 203944 75.507830 8.983300
444 1626156 70.335410 26.334940
456 -1 74.693310 11.001890
456 2755 72.837730 26.199640
456 203476 83.204180 23.480890
456 203940 78.484840 12.654390
456 203498 62.678340 36.834820
456 203897 71.571260 16.073520
456 201156 52.834010 40.278450
456 203135 83.996800 24.394700
456 1626273 58.115210 20.482580
456 203944 76.113510 10.478190
456 1626156 71.073220 25.402620
468 -1 75.417670 12.824380
468 2755 73.636660 25.544850
468 203476 83.597500 23.319060
468 203940 78.710950 13.621150
468 203498 63.844700 36.627680
468 203897 72.356520 16.144730
468 201156 53.924230 40.442050
468 203135 84.789240 24.094900
468 1626273 58.298340 20.663270
468 203944 76.582100 12.032100
468 1626156 71.624500 24.567020
480 -1 75.953460 13.786200
480 2755 74.435490 24.861600
480 203476 83.964340 23.405250
480 203940 78.976640 14.694820
480 203498 65.015970 36.372550
480 203897 73.181020 16.092570
480 201156 54.983780 40.604220
480 203135 85.500100 23.753600
480 1626273 58.528740 21.001280
480 203944 76.939290 13.592330
480 1626156 71.850860 23.877540
492 -1 77.001940 14.958300
492 2755 74.989970 24.350930
492 203476 84.446170 23.549830
492 203940 79.286740 15.881010
492 203498 66.206170 36.062020
492 203897 73.915410 15.955090
492 201156 55.891670 40.679540
492 203135 86.047590 23.488440
492 1626273 58.832360 21.477010
492 203944 77.460240 15.371550
492 1626156 71.955170 23.100570
504 -1 77.835440 16.305210
504 2755 75.329960 23.914090
504 203476 84.989740 23.763040
504 203940 79.677560 17.137730
504 203498 67.388580 35.790150
504 203897 74.527300 15.843150
504 201156 56.688160 40.665920
504 203135 86.410050 23.232450
504 1626273 59.106410 21.969790
504 203944 77.982850 17.058980
504 1626156 71.847880 22.304830
516 -1 78.376340 17.788350
516 2755 75.433070 23.510230
516 203476 85.477150 23.907640
516 203940 80.222940 18.478630
516 203498 68.469350 35.562930
516 203897 74.863270 15.716920
516 201156 57.407090 40.567320
516 203135 86.699080 22.907290
516 1626273 59.441070 22.468420
516 203944 78.524140 18.613470
516 1626156 71.606790 21.587140
528 -1 78.412890 19.056250
528 2755 75.332740 23.146550
528 203476 85.970800 23.919780
528 203940 80.876000 19.898840
528 203498 69.434490 35.356500
528 203897 74.962930 15.522200
528 201156 58.082340 40.399410
528 203135 86.896470 22.610890
528 1626273 59.771850 23.038250
528 203944 79.133870 20.125390
528 1626156 71.234330 20.888400
540 -1 78.710620 19.607180
540 2755 75.067200 22.776580
540 203476 86.437700 23.858760
540 203940 81.460570 21.176750
540 203498 70.319020 35.164450
540 203897 74.984670 15.253160
540 201156 58.700400 40.435370
540 203135 87.064970 22.296360
540 1626273 60.115870 23.569040
540 203944 79.561750 21.380540
540 1626156 70.777000 20.156130
552 -1 78.631740 21.711160
552 2755 74.796430 22.347870
552 203476 86.864010 23.682440
552 203940 81.927320 22.382790
552 203498 71.153050 35.034970
552 203897 74.959510 14.971960
552 201156 59.335370 40.422750
552 203135 87.148250 21.959170
552 1626273 60.486710 24.138590
552 203944 80.024130 22.336790
552 1626156 70.285450 19.450940
564 -1 78.741890 22.586210
564 2755 74.513940 21.905390
564 203476 87.243940 23.268950
564 203940 82.360600 23.503910
564 203498 71.925950 34.975530
564 203897 74.862450 14.726990
564 201156 59.984880 40.394250
564 203135 87.365120 21.771280
564 1626273 60.816120 24.740600
564 203944 80.329070 22.826650
564 1626156 69.829290 18.829640
576 -1 79.263050 23.129220
576 2755 74.274140 21.474400
576 203476 87.580930 22.888370
576 203940 82.636370 24.281370
576 203498 72.569550 34.977720
576 203897 74.695640 14.521220
576 201156 60.522430 40.358220
576 203135 87.599400 21.726890
576 1626273 61.124590 25.305650
576 203944 80.705520 23.170000
576 1626156 69.390580 18.230110
588 -1 81.310980 22.689580
588 2755 74.062090 21.091860
588 203476 87.807090 22.516690
588 203940 82.687600 24.734260
588 203498 73.166920 35.065380
588 203897 74.498500 14.337850
588 201156 60.852970 40.306550
588 203135 87.769790 21.783040
588 1626273 61.378020 25.809780
588 203944 81.114770 23.279940
588 1626156 68.978180 17.662300
600 -1 82.534500 22.646110
600 2755 73.839020 20.702720
600 203476 87.990860 22.093660
600 203940 82.627900 25.135110
600 203498 73.773760 35.235980
600 203897 74.251690 14.142330
600 201156 60.969200 39.933380
600 203135 87.906450 21.784270
600 1626273 61.593960 26.213280
600 203944 81.639870 23.461170
600 1626156 68.521200 17.108610
612 -1 83.654710 23.094410
612 2755 73.611510 20.324870
612 203476 88.130950 21.672580
612 203940 82.595490 25.357240
612 203498 74.302600 35.462780
612 203897 74.060460 13.924180
612 201156 61.087940 39.683510
612 203135 88.091390 21.730390
612 1626273 61.738220 26.491400
612 203944 82.083980 23.600150
612 1626156 67.993250 16.541130
624 -1 84.839590 23.516380
624 2755 73.397430 19.920740
624 203476 88.128470 21.303370
624 203940 82.569980 25.404390
624 203498 74.704780 35.689260
624 203897 73.959430 13.671250
624 201156 61.040230 39.451980
624 203135 88.130350 21.472730
624 1626273 61.841040 26.648790
624 203944 82.483890 23.754900
624 1626156 67.410880 15.983630
636 -1 85.936940 23.970560
636 2755 73.169690 19.498410
636 203476 87.964240 21.004920
636 203940 82.657750 25.509770
636 203498 75.125130 35.903150
636 203897 73.962990 13.430130
636 201156 60.923490 39.220430
636 203135 87.966120 21.174270
636 1626273 61.924540 26.809480
636 203944 82.825740 23.835110
636 1626156 66.815810 15.500160
648 -1 87.084050 24.418260
648 2755 72.869560 19.064240
648 203476 87.825400 20.729180
648 203940 82.916360 25.634880
648 203498 75.470120 36.101030
648 203897 74.058570 13.206190
648 201156 60.816110 39.026750
648 203135 87.730910 20.799540
648 1626273 61.957140 26.953900
648 203944 83.080390 23.936190
648 1626156 66.220960 15.047550
660 -1 88.172990 24.787040
660 2755 72.538440 18.654990
660 203476 87.694030 20.571970
660 203940 83.345230 25.694630
660 203498 75.634710 36.257920
660 203897 74.211870 13.023500
660 201156 60.736070 38.934440
660 203135 87.353570 20.479810
660 1626273 61.932820 27.075410
660 203944 83.302590 24.038920
660 1626156 65.689930 14.664240
672 -1 88.592620 25.306090
672 2755 72.177510 18.256120
672 203476 87.528690 20.518220
672 203940 83.885400 25.741190
672 203498 75.657160 36.392670
672 203897 74.410560 12.864800
672 201156 60.440190 38.823020
672 203135 86.981270 20.139710
672 1626273 61.848040 27.123330
672 203944 83.422780 24.299910
672 1626156 65.176540 14.350580
684 -1 87.909430 25.228260
684 2755 71.775610 17.933140
684 203476 87.367260 20.661680
684 203940 84.506950 25.773500
684 203498 75.569420 36.542820
684 203897 74.653700 12.714080
684 201156 60.114310 38.796410
684 203135 86.599790 19.735220
684 1626273 61.703190 27.094630
684 203944 83.563710 24.725600
684 1626156 64.666950 14.035460
696 -1 87.429760 25.484470
696 2755 71.342700 17.685440
696 203476 87.253870 20.677240
696 203940 85.195870 25.800300
696 203498 75.305420 36.743840
696 203897 74.948850 12.581970
696 201156 59.730020 38.751160
696 203135 86.327030 19.268120
696 1626273 61.494470 26.961670
696 203944 83.572830 25.262510
696 1626156 64.115820 13.712110
708 -1 87.181090 25.519790
708 2755 70.869850 17.507660
708 203476 87.100080 20.707350
708 203940 85.939360 25.714640
708 203498 74.921830 36.996850
708 203897 75.310400 12.480470
708 201156 59.220590 38.806960
708 203135 86.124870 18.815230
708 1626273 61.207180 26.732000
708 203944 83.574600 25.909470
708 1626156 63.538980 13.360240
720 -1 87.897490 25.815920
720 2755 70.373140 17.383720
720 203476 86.842950 20.657110
720 203940 86.798720 25.709660
720 203498 74.518620 37.307530
720 203897 75.739450 12.396060
720 201156 58.629400 38.765300
720 203135 85.838360 18.173930
720 1626273 60.816200 26.395740
720 203944 83.413000 26.480770
720 1626156 62.914860 12.955700
732 -1 88.798980 26.264490
732 2755 69.822910 17.321520
732 203476 86.496420 20.512570
732 203940 87.678760 25.760850
732 203498 74.077220 37.632910
732 203897 76.216730 12.318830
732 201156 58.085050 38.555270
732 203135 85.355430 17.642970
732 1626273 60.354430 25.994000
732 203944 83.284980 26.927640
732 1626156 62.333970 12.557650
744 -1 89.531530 26.583570
744 2755 69.251920 17.298840
744 203476 86.087430 20.315890
744 203940 88.581540 25.844570
744 203498 73.615940 38.000890
744 203897 76.722680 12.231200
744 201156 57.461050 38.340620
744 203135 84.665570 17.274250
744 1626273 59.808200 25.640080
744 203944 83.048830 27.370140
744 1626156 61.805010 12.252250
756 -1 90.354360 26.734330
756 2755 68.648730 17.331450
756 203476 85.666870 20.186020
756 203940 89.510080 25.934750
756 203498 73.174570 38.408720
756 203897 77.249830 12.129320
756 201156 56.760280 38.173410
756 203135 83.878420 16.884520
756 1626273 59.162230 25.332860
756 203944 82.693200 27.714940
756 1626156 61.259150 12.039580
768 -1 91.382920 26.561480
768 2755 68.012780 17.381050
768 203476 85.157850 20.025810
768 203940 90.443580 26.100280
768 203498 72.700590 38.825670
768 203897 77.794480 11.984370
768 201156 56.059150 37.885490
768 203135 82.856080 16.542420
768 1626273 58.494890 25.002720
768 203944 82.155470 27.978730
768 1626156 60.690470 11.954820
780 -1 92.285320 26.453160
780 2755 67.352500 17.470680
780 203476 84.589340 19.898000
780 203940 91.308530 26.117650
780 203498 72.132930 39.229980
780 203897 78.363520 11.821720
780 201156 55.312840 37.627260
780 203135 81.850800 16.290880
780 1626273 57.817920 24.679190
780 203944 81.553840 28.272200
780 1626156 60.075050 11.965800
792 -1 92.957290 26.067630
792 2755 66.640030 17.606550
792 203476 83.981640 19.799710
792 203940 92.109930 26.046200
792 203498 71.521650 39.623500
792 203897 78.890260 11.667850
792 201156 54.413280 37.475670
792 203135 80.701170 16.011840
792 1626273 57.070390 24.393120
792 203944 80.714960 28.459710
792 1626156 59.456800 12.037970
804 -1 93.585110 25.598990
804 2755 65.851310 17.766100
804 203476 83.327130 19.689010
804 203940 92.855560 25.901770
804 203498 70.879220 39.981540
804 203897 79.363400 11.525620
804 201156 53.476480 37.243160
804 203135 79.507510 15.720840
804 1626273 56.283320 24.050010
804 203944 79.788870 28.665330
804 1626156 58.747270 12.204510