0 -1 10.113480 36.360940
0 202390 32.287690 34.078230
0 2743 0.084800 30.130400
0 202066 26.508490 8.101460
0 201196 17.123670 42.335030
0 101162 16.937530 23.514350
0 2216 60.810690 27.386220
0 2754 25.758210 30.249240
0 201145 49.147990 10.761890
0 201584 28.143480 31.485670
0 203210 18.109500 26.201530
12 -1 13.457670 38.409380
12 202390 33.756360 34.451270
12 2743 0.838400 30.399810
12 202066 27.694690 7.597430
12 201196 18.387810 42.518610
12 101162 17.822500 23.541010
12 2216 61.400990 27.309470
12 2754 27.236910 29.510880
12 201145 49.594440 10.746890
12 201584 29.276800 32.150080
12 203210 19.479300 26.515410
24 -1 16.711140 40.366150
24 202390 35.209470 34.832880
24 2743 1.708190 30.642240
24 202066 28.973100 7.087840
24 201196 19.616710 42.662880
24 101162 18.776510 23.578210
24 2216 61.974880 27.230700
24 2754 28.951520 28.870350
24 201145 50.095720 10.778370
24 201584 30.384030 32.830930
24 203210 20.798710 26.824770
36 -1 19.660890 41.781490
36 202390 36.658950 35.213420
36 2743 2.691700 30.845130
36 202066 30.324990 6.597040
36 201196 20.843730 42.772690
36 101162 19.740550 23.585280
36 2216 62.579580 27.181710
36 2754 30.654630 28.211980
36 201145 50.636300 10.865070
36 201584 31.575650 33.572770
36 203210 22.219500 27.124100
48 -1 21.701860 41.972820
48 202390 38.128500 35.644220
48 2743 3.798200 31.022810
48 202066 31.744820 6.149100
48 201196 22.117080 42.931760
48 101162 20.705960 23.593680
48 2216 63.186050 27.195760
48 2754 32.403790 27.769160
48 201145 51.211070 10.978570
48 201584 32.794470 34.265900
48 203210 23.628010 27.502770
60 -1 23.244310 42.277220
60 202390 39.559220 36.089510
60 2743 5.042500 31.177300
60 202066 33.242180 5.747180
60 201196 23.487910 43.130040
60 101162 21.751560 23.567470
60 2216 63.765510 27.257550
60 2754 34.248120 27.572690
60 201145 51.807370 11.092870
60 201584 33.954440 34.953990
60 203210 25.112290 27.913300
72 -1 25.084230 42.710690
72 202390 41.020470 36.546140
72 2743 6.385100 31.270640
72 202066 34.836320 5.349540
72 201196 24.895980 43.331380
72 101162 22.833540 23.582470
72 2216 64.350650 27.342100
72 2754 36.166290 27.440910
72 201145 52.445390 11.159130
72 201584 35.177490 35.563410
72 203210 26.570920 28.319890
84 -1 27.089920 43.446050
84 202390 42.511540 37.036030
84 2743 7.782790 31.295280
84 202066 36.458570 4.988660
84 201196 26.329650 43.499170
84 101162 23.966880 23.642000
84 2216 64.961280 27.445440
84 2754 38.077420 27.471410
84 201145 53.108290 11.179200
84 201584 36.536120 36.108050
84 203210 28.185000 28.809680
96 -1 29.103750 43.823590
96 202390 44.020990 37.544460
96 2743 9.230520 31.306400
96 202066 38.073610 4.680460
96 201196 27.840300 43.672740
96 101162 25.177620 23.760780
96 2216 65.549940 27.589990
96 2754 40.022080 27.692600
96 201145 53.789130 11.175080
96 201584 37.906850 36.539140
96 203210 29.786590 29.361270
108 -1 31.179210 44.240180
108 202390 45.573830 38.057460
108 2743 10.766710 31.225730
108 202066 39.642500 4.424320
108 201196 29.375850 43.791820
108 101162 26.516930 23.881910
108 2216 66.113970 27.734120
108 2754 41.934830 28.072080
108 201145 54.526900 11.178720
108 201584 39.297810 36.948700
108 203210 31.438820 29.928750
120 -1 32.378530 44.564330
120 202390 47.191460 38.620780
120 2743 12.349120 31.132350
120 202066 41.204190 4.205590
120 201196 30.900290 43.900820
120 101162 27.839880 24.060440
120 2216 66.667440 27.872390
120 2754 43.865780 28.539600
120 201145 55.292820 11.217930
120 201584 40.709040 37.291650
120 203210 33.140970 30.494850
132 -1 33.065550 44.938870
132 202390 48.866820 39.236140
132 2743 13.925450 31.033690
132 202066 42.770910 4.024890
132 201196 32.383990 43.995150
132 101162 29.187010 24.230530
132 2216 67.184680 28.017220
132 2754 45.743570 29.186300
132 201145 56.092410 11.328310
132 201584 42.136940 37.556200
132 203210 34.842030 31.056120
144 -1 34.133200 45.238960
144 202390 50.531590 39.929970
144 2743 15.561320 30.873340
144 202066 44.326480 3.869270
144 201196 33.921430 44.082190
144 101162 30.587290 24.408820
144 2216 67.679120 28.188160
144 2754 47.623550 29.937790
144 201145 56.940420 11.470760
144 201584 43.587380 37.761800
144 203210 36.473580 31.615000
156 -1 35.442750 45.229500
156 202390 52.198120 40.670940
156 2743 17.249660 30.671000
156 202066 45.856540 3.730600
156 201196 35.500960 44.173100
156 101162 32.014540 24.598230
156 2216 68.167300 28.343890
156 2754 49.514100 30.727410
156 201145 57.814400 11.624760
156 201584 45.079270 37.901930
156 203210 38.156050 32.155680
168 -1 37.044520 44.993670
168 202390 53.828040 41.410490
168 2743 18.991740 30.496070
168 202066 47.424760 3.594410
168 201196 37.067810 44.259900
168 101162 33.395460 24.774800
168 2216 68.621060 28.480470
168 2754 51.401720 31.583280
168 201145 58.691820 11.752710
168 201584 46.558200 37.997760
168 203210 39.739960 32.660160
180 -1 39.319350 44.805390
180 202390 55.483280 42.198620
180 2743 20.763620 30.276550
180 202066 48.928160 3.474350
180 201196 38.634480 44.298000
180 101162 34.850610 24.949880
180 2216 69.064040 28.577020
180 2754 53.241360 32.468250
180 201145 59.561930 11.835160
180 201584 48.027490 38.081260
180 203210 41.310660 33.160100
192 -1 42.330760 44.985490
192 202390 57.123860 42.990290
192 2743 22.622770 30.030910
192 202066 50.354410 3.390380
192 201196 40.234690 44.318100
192 101162 36.334880 25.107530
192 2216 69.487280 28.621260
192 2754 55.132170 33.367760
192 201145 60.433800 11.855560
192 201584 49.424640 38.218570
192 203210 42.847310 33.615610
204 -1 46.751920 45.091100
204 202390 58.753340 43.676230
204 2743 24.484250 29.831210
204 202066 51.780890 3.337410
204 201196 41.817580 44.329290
204 101162 37.780710 25.240250
204 2216 69.882400 28.624390
204 2754 57.007710 34.295680
204 201145 61.307410 11.889680
204 201584 50.779050 38.370490
204 203210 44.437710 33.968380
216 -1 50.982120 45.268190
216 202390 60.364180 44.290960
216 2743 26.377280 29.635390
216 202066 53.186160 3.306200
216 201196 43.344940 44.331570
216 101162 39.259610 25.337880
216 2216 70.285200 28.646550
216 2754 58.899030 35.190540
216 201145 62.204830 11.959450
216 201584 52.146330 38.530730
216 203210 45.910120 34.248400
228 -1 55.174920 45.429250
228 202390 61.881130 44.872200
228 2743 28.265980 29.467480
228 202066 54.536400 3.267310
228 201196 44.878270 44.304760
228 101162 40.791710 25.449810
228 2216 70.655010 28.600450
228 2754 60.721160 36.140420
228 201145 63.074830 12.063830
228 201584 53.472010 38.682180
228 203210 47.427260 34.450380
240 -1 59.402460 45.550690
240 202390 63.247800 45.367460
240 2743 30.181300 29.361930
240 202066 55.883860 3.237790
240 201196 46.400510 44.239820
240 101162 42.281150 25.498150
240 2216 71.021220 28.622050
240 2754 62.508120 37.099020
240 201145 63.979550 12.227010
240 201584 54.736260 38.826790
240 203210 48.914720 34.509540
252 -1 63.228290 45.605780
252 202390 64.484490 45.818400
252 2743 32.101170 29.266710
252 202066 57.240060 3.177660
252 201196 47.928520 44.130510
252 101162 43.774500 25.516290
252 2216 71.418060 28.639150
252 2754 64.359610 37.849720
252 201145 64.907000 12.430590
252 201584 55.978850 38.950240
252 203210 50.471780 34.404020
264 -1 64.936020 45.681450
264 202390 65.591060 46.224580
264 2743 34.073000 29.186950
264 202066 58.473440 3.126080
264 201196 49.496560 44.000790
264 101162 45.321570 25.512580
264 2216 71.867610 28.674710
264 2754 66.290850 38.513320
264 201145 65.823110 12.632160
264 201584 57.174490 39.055520
264 203210 51.956740 34.184830
276 -1 66.604980 46.120120
276 202390 66.617940 46.627980
276 2743 35.999550 29.144130
276 202066 59.631800 3.094730
276 201196 51.079800 43.834890
276 101162 46.785150 25.508570
276 2216 72.299180 28.671900
276 2754 68.046030 39.263230
276 201145 66.697620 12.811510
276 201584 58.334310 39.128440
276 203210 53.415040 33.847570
288 -1 67.957150 46.909570
288 202390 67.629080 46.994630
288 2743 37.882410 29.112890
288 202066 60.763060 3.119800
288 201196 52.691710 43.672280
288 101162 48.227530 25.481290
288 2216 72.769170 28.699710
288 2754 69.545420 39.914440
288 201145 67.560050 12.958180
288 201584 59.469840 39.146250
288 203210 54.788440 33.382520
300 -1 68.980830 47.098040
300 202390 68.567640 47.284590
300 2743 39.785680 29.132280
300 202066 61.815790 3.175460
300 201196 54.319080 43.526170
300 101162 49.703450 25.508750
300 2216 73.192200 28.656430
300 2754 70.944660 40.465380
300 201145 68.402550 13.062690
300 201584 60.587400 39.071400
300 203210 56.145030 32.844470
312 -1 69.797770 47.189040
312 202390 69.345990 47.501720
312 2743 41.665350 29.192820
312 202066 62.841730 3.247680
312 201196 55.972200 43.393750
312 101162 51.152690 25.594510
312 2216 73.533140 28.613070
312 2754 71.969170 41.091380
312 201145 69.229070 13.187610
312 201584 61.679900 38.909860
312 203210 57.359670 32.345090
324 -1 70.672520 47.505230
324 202390 69.980100 47.677630
324 2743 43.496130 29.256420
324 202066 63.849750 3.310600
324 201196 57.629500 43.264420
324 101162 52.501000 25.745740
324 2216 73.741280 28.528800
324 2754 72.737020 41.780420
324 201145 70.039330 13.340320
324 201584 62.786040 38.724370
324 203210 58.574440 31.759320
336 -1 71.003980 47.572800
336 202390 70.380450 47.772970
336 2743 45.379210 29.330040
336 202066 64.799570 3.380830
336 201196 59.360280 43.103550
336 101162 53.907030 25.941800
336 2216 73.850830 28.453850
336 2754 73.369960 42.302350
336 201145 70.813590 13.523280
336 201584 63.940870 38.485150
336 203210 59.763040 31.149750
348 -1 70.569780 48.134840
348 202390 70.522610 47.823350
348 2743 47.236800 29.442430
348 202066 65.659410 3.486250
348 201196 61.108010 42.976990
348 101162 55.296660 26.180300
348 2216 73.898530 28.423360
348 2754 73.919400 42.682930
348 201145 71.581980 13.758560
348 201584 65.041870 38.320700
348 203210 60.879370 30.632170
360 -1 70.160680 47.869030
360 202390 70.394810 47.868930
360 2743 48.990710 29.561370
360 202066 66.493180 3.656890
360 201196 62.769030 42.975390
360 101162 56.587690 26.504770
360 2216 73.928580 28.452790
360 2754 74.179570 42.994670
360 201145 72.307660 13.999780
360 201584 66.141730 38.210100
360 203210 61.875880 30.166470
372 -1 69.589870 47.790090
372 202390 70.108690 47.886980
372 2743 50.752410 29.746230
372 202066 67.261780 3.934570
372 201196 64.436200 43.008070
372 101162 57.765570 26.997600
372 2216 73.964020 28.567650
372 2754 74.291250 43.275700
372 201145 72.941430 14.195210
372 201584 67.272510 38.169750
372 203210 62.793430 29.753870
384 -1 69.095300 47.804740
384 202390 69.732330 47.867560
384 2743 52.511160 30.015800
384 202066 67.980190 4.284250
384 201196 66.073290 43.121900
384 101162 58.984050 27.549680
384 2216 74.036890 28.753460
384 2754 74.137410 43.364910
384 201145 73.487430 14.336240
384 201584 68.438020 38.137710
384 203210 63.635010 29.489790
396 -1 68.886300 48.407090
396 202390 69.404480 47.882640
396 2743 54.152770 30.291230
396 202066 68.664270 4.623740
396 201196 67.696260 43.359710
396 101162 60.106480 28.162050
396 2216 74.122700 28.962740
396 2754 73.867660 43.391520
396 201145 73.986400 14.420970
396 201584 69.535310 38.200650
396 203210 64.475780 29.378770
408 -1 68.457630 48.048180
408 202390 69.157520 47.899530
408 2743 55.733060 30.600190
408 202066 69.340280 4.945410
408 201196 69.324710 43.789230
408 101162 61.162580 28.888330
408 2216 74.206470 29.177790
408 2754 73.501400 43.236930
408 201145 74.392580 14.439230
408 201584 70.663330 38.256330
408 203210 65.291680 29.381330
420 -1 68.315140 47.971630
420 202390 69.045160 47.905720
420 2743 57.255490 30.961090
420 202066 69.965910 5.233960
420 201196 70.907640 44.077320
420 101162 62.243120 29.633860
420 2216 74.296780 29.402510
420 2754 73.171440 43.083190
420 201145 74.702110 14.419430
420 201584 71.817350 38.347470
420 203210 66.081550 29.455650
432 -1 68.334010 47.862900
432 202390 69.043960 47.918640
432 2743 58.639270 31.343580
432 202066 70.548100 5.501270
432 201196 72.365900 44.466970
432 101162 63.331840 30.394640
432 2216 74.393780 29.627990
432 2754 72.826660 42.864680
432 201145 74.928270 14.394800
432 201584 73.015390 38.494170
432 203210 66.733350 29.546890
444 -1 68.240120 47.826310
444 202390 69.141790 47.956710
444 2743 59.912010 31.695820
444 202066 71.101320 5.750590
444 201196 73.766560 44.923860
444 101162 64.404390 31.211690
444 2216 74.466630 29.857490
444 2754 72.493810 42.706680
444 201145 75.079540 14.369350
444 201584 74.162210 38.699070
444 203210 67.235730 29.741080
456 -1 68.351130 47.812570
456 202390 69.231800 47.951530
456 2743 61.080880 32.148140
456 202066 71.660790 6.053260
456 201196 75.047480 45.401990
456 101162 65.385200 32.051820
456 2216 74.560250 30.114710
456 2754 72.162040 42.588660
456 201145 75.154760 14.333650
456 201584 75.235460 38.905160
456 203210 67.580410 30.002440
468 -1 68.672680 47.796200
468 202390 69.306100 47.927620
468 2743 62.203990 32.638070
468 202066 72.209970 6.355300
468 201196 76.214980 45.710370
468 101162 66.307260 32.869670
468 2216 74.688450 30.407940
468 2754 71.923630 42.635350
468 201145 75.215160 14.291650
468 201584 76.296650 39.139200
468 203210 67.801220 30.251280
480 -1 68.992220 47.775640
480 202390 69.351570 47.895760
480 2743 63.220510 33.113890
480 202066 72.735580 6.652480
480 201196 77.420220 46.092840
480 101162 67.054150 33.715070
480 2216 74.855870 30.713920
480 2754 71.580300 42.667730
480 201145 75.312440 14.257350
480 201584 77.326240 39.385150
480 203210 67.872190 30.595060
492 -1 69.307030 47.752000
492 202390 69.389890 47.866980
492 2743 64.117110 33.590550
492 202066 73.234470 6.921270
492 201196 78.650940 46.446890
492 101162 67.606880 34.514640
492 2216 75.082980 31.052950
492 2754 71.140530 42.714480
492 201145 75.479990 14.208730
492 201584 78.279700 39.614240
492 203210 67.889390 31.062600
504 -1 69.614390 47.726400
504 202390 69.397660 47.831120
504 2743 64.918480 34.087810
504 202066 73.706170 7.157780
504 201196 79.846450 46.771260
504 101162 68.017850 35.271970
504 2216 75.362760 31.423480
504 2754 70.803410 42.770990
504 201145 75.717600 14.162820
504 201584 79.179480 39.830940
504 203210 67.856240 31.605910
516 -1 69.911600 47.699960
516 202390 69.386250 47.791390
516 2743 65.572500 34.562140
516 202066 74.158160 7.327900
516 201196 80.946720 47.085020
516 101162 68.276860 36.034600
516 2216 75.662180 31.795000
516 2754 70.483810 42.887000
516 201145 76.012120 14.123590
516 201584 80.017110 40.050670
516 203210 67.780500 32.178870
528 -1 70.195930 47.673780
528 202390 69.396050 47.762760
528 2743 66.121640 35.004540
528 202066 74.614260 7.448480
528 201196 81.971130 47.420680
528 101162 68.305370 36.805980
528 2216 75.970480 32.150090
528 2754 70.102090 43.063660
528 201145 76.326830 14.125840
528 201584 80.826010 40.253060
528 203210 67.692890 32.790620
540 -1 70.464690 47.648980
540 202390 69.459240 47.726810
540 2743 66.574970 35.447970
540 202066 75.111730 7.498380
540 201196 82.868570 47.776250
540 101162 68.351800 37.565460
540 2216 76.290650 32.469770
540 2754 69.826620 43.257560
540 201145 76.639140 14.189050
540 201584 81.574700 40.452220
540 203210 67.612440 33.399530
552 -1 70.715140 47.626670
552 202390 69.562730 47.652300
552 2743 66.907440 35.897530
552 202066 75.609770 7.462350
552 201196 83.665510 48.093910
552 101162 68.757020 38.400110
552 2216 76.622480 32.748620
552 2754 69.849890 43.517230
552 201145 76.941330 14.354230
552 201584 82.250570 40.633910
552 203210 67.552200 34.013020
564 -1 70.944590 47.607960
564 202390 69.754660 47.594560
564 2743 67.093210 36.335410
564 202066 76.114490 7.368520
564 201196 84.412120 48.318260
564 101162 69.247520 39.219330
564 2216 76.974940 33.013160
564 2754 69.837060 43.820800
564 201145 77.266840 14.616680
564 201584 82.856910 40.828270
564 203210 67.529200 34.555070
576 -1 71.150320 47.593970
576 202390 70.012330 47.479890
576 2743 67.280420 36.731400
576 202066 76.614350 7.225630
576 201196 85.130600 48.505230
576 101162 69.863180 39.981320
576 2216 77.331870 33.278750
576 2754 69.932020 44.100860
576 201145 77.616160 14.970320
576 201584 83.440100 41.044220
576 203210 67.538530 35.036200
588 -1 71.329610 47.585810
588 202390 70.283630 47.373560
588 2743 67.337730 37.137610
588 202066 77.080070 7.022600
588 201196 85.822960 48.672190
588 101162 70.640290 40.713760
588 2216 77.674630 33.548100
588 2754 70.313630 44.108360
588 201145 78.006100 15.357910
588 201584 83.967280 41.267430
588 203210 67.622230 35.461210
600 -1 71.472290 48.005790
600 202390 70.519900 47.297000
600 2743 67.340820 37.505890
600 202066 77.484510 6.779590
600 201196 86.515530 48.792360
600 101162 71.426010 41.398790
600 2216 77.974900 33.822570
600 2754 70.839330 44.214390
600 201145 78.403870 15.772860
600 201584 84.419880 41.498910
600 203210 67.735150 35.838210
612 -1 71.546830 47.981130
612 202390 70.664950 47.242360
612 2743 67.322060 37.772820
612 202066 77.874960 6.512360
612 201196 87.149890 48.883520
612 101162 71.975690 41.959780
612 2216 78.218520 34.096270
612 2754 71.408700 44.431590
612 201145 78.786480 16.192180
612 201584 84.804160 41.747800
612 203210 67.936650 36.087280
624 -1 71.459150 47.392370
624 202390 70.708800 47.144240
624 2743 67.279500 37.963750
624 202066 78.280690 6.236640
624 201196 87.697440 48.988790
624 101162 72.411710 42.557720
624 2216 78.429520 34.368840
624 2754 71.830490 44.609170
624 201145 79.147790 16.622660
624 201584 85.152640 41.982700
624 203210 68.236380 36.253820
636 -1 70.225650 47.301940
636 202390 70.721150 47.136410
636 2743 67.202080 38.073760
636 202066 78.688050 5.943950
636 201196 88.189570 49.056540
636 101162 72.740750 43.185710
636 2216 78.600600 34.650610
636 2754 71.999720 44.653510
636 201145 79.518600 17.079760
636 201584 85.482770 42.215440
636 203210 68.383880 36.375740
648 -1 69.253190 47.226470
648 202390 70.844430 47.106030
648 2743 67.126000 38.104790
648 202066 79.083430 5.675280
648 201196 88.603060 49.088940
648 101162 72.933720 43.701190
648 2216 78.765320 34.944790
648 2754 71.759000 44.739050
648 201145 79.866760 17.562450
648 201584 85.799950 42.435610
648 203210 68.517800 36.448260
660 -1 69.078140 47.116690
660 202390 70.996840 47.046920
660 2743 67.059610 38.100440
660 202066 79.465460 5.419740
660 201196 88.955110 49.118070
660 101162 72.967440 44.154750
660 2216 78.877850 35.270140
660 2754 71.253910 44.673880
660 201145 80.189340 18.040720
660 201584 86.086860 42.627500
660 203210 68.662620 36.472280
672 -1 70.232590 46.860030
672 202390 71.351780 47.046730
672 2743 67.030460 38.097820
672 202066 79.804280 5.153720
672 201196 89.273430 49.120260
672 101162 72.814050 44.469920
672 2216 78.926880 35.587590
672 2754 70.627000 44.387710
672 201145 80.466470 18.499150
672 201584 86.325400 42.776700
672 203210 68.760750 36.498520
684 -1 71.550200 47.113720
684 202390 71.866580 46.999070
684 2743 67.081710 38.107150
684 202066 80.057880 4.882900
684 201196 89.551970 49.099810
684 101162 72.510610 44.644970
684 2216 78.911770 35.883440
684 2754 70.206910 44.067380
684 201145 80.696320 18.873320
684 201584 86.459710 42.887140
684 203210 68.744620 36.506470
696 -1 72.974210 47.162190
696 202390 72.447270 46.924580
696 2743 67.062220 38.155980
696 202066 80.192390 4.616290
696 201196 89.820530 49.037630
696 101162 72.185600 44.697230
696 2216 78.812140 36.180140
696 2754 69.901050 43.906190
696 201145 80.877570 19.116520
696 201584 86.521410 42.931770
696 203210 68.842800 36.437270
708 -1 73.769310 47.531540
708 202390 73.009690 46.836480
708 2743 67.021790 38.198730
708 202066 80.222790 4.328110
708 201196 90.101090 48.945260
708 101162 71.861720 44.706620
708 2216 78.620010 36.499290
708 2754 69.864540 44.118440
708 201145 81.019590 19.258740
708 201584 86.512520 42.920700
708 203210 68.933760 36.301990
720 -1 75.045450 46.896660
720 202390 73.667380 46.610060
720 2743 66.883280 38.199110
720 202066 80.179470 4.051620
720 201196 90.371370 48.819150
720 101162 71.493870 44.749950
720 2216 78.685290 36.904740
720 2754 70.100430 44.319590
720 201145 81.151590 19.308250
720 201584 86.463590 42.868740
720 203210 69.046580 36.141010
732 -1 76.332720 46.194730
732 202390 74.382660 46.164520
732 2743 66.769070 38.161940
732 202066 80.077260 3.818040
732 201196 90.596840 48.708900
732 101162 71.157340 44.779460
732 2216 78.816450 37.472260
732 2754 70.253060 44.564130
732 201145 81.302900 19.244480
732 201584 86.375520 42.789920
732 203210 69.393480 35.877840
744 -1 76.606120 46.691390
744 202390 75.254000 45.739700
744 2743 66.612260 38.076730
744 202066 79.923220 3.633940
744 201196 90.784230 48.621750
744 101162 71.108080 44.896900
744 2216 78.931760 38.136510
744 2754 70.462300 45.035230
744 201145 81.441900 19.086470
744 201584 86.305240 42.696190
744 203210 69.889540 35.586270
756 -1 77.494320 45.840140
756 202390 76.266600 45.184560
756 2743 66.463850 37.873380
756 202066 79.742300 3.496610
756 201196 90.905480 48.591810
756 101162 71.133080 44.965870
756 2216 79.133050 38.802230
756 2754 70.817390 45.533950
756 201145 81.542030 18.893460
756 201584 86.270520 42.610630
756 203210 70.496670 35.242780
768 -1 78.645890 45.102680
768 202390 77.329040 44.429310
768 2743 66.328060 37.473950
768 202066 79.501910 3.466100
768 201196 90.958300 48.600200
768 101162 71.229330 45.024780
768 2216 79.518040 39.419980
768 2754 71.241230 45.875650
768 201145 81.609410 18.723230
768 201584 86.244820 42.526790
768 203210 71.047160 34.882330
780 -1 79.876420 44.441010
780 202390 78.537980 43.687080
780 2743 66.244890 37.032990
780 202066 79.235310 3.482070
780 201196 90.967990 48.636310
780 101162 71.333360 44.929130
780 2216 79.761400 39.812520
780 2754 71.705050 46.199470
780 201145 81.638310 18.614380
780 201584 86.189940 42.458750
780 203210 71.637870 34.483010
792 -1 81.283440 43.363190
792 202390 79.804610 42.984790
792 2743 66.099210 36.505440
792 202066 78.970860 3.547150
792 201196 90.965100 48.659270
792 101162 71.605720 44.709270
792 2216 80.093670 39.965240
792 2754 72.380190 46.592460
792 201145 81.649070 18.627620
792 201584 86.018630 42.315180
792 203210 72.160020 34.066480
804 -1 82.068740 42.895880
804 202390 81.030740 42.179900
804 2743 65.902600 35.879070
804 202066 78.683360 3.634390
804 201196 90.956110 48.659530
804 101162 71.619380 44.326590
804 2216 80.587420 39.887020
804 2754 73.053940 46.525530
804 201145 81.670050 18.795540
804 201584 85.892900 42.186520
804 203210 72.702080 33.581030
816 -1 83.272150 40.826240
816 202390 82.174830 41.347320
816 2743 65.730430 35.145860
816 202066 78.394390 3.746350
816 201196 90.945320 48.623580
816 101162 71.540730 43.913730
816 2216 81.225630 39.623340
816 2754 73.789630 46.161870
816 201145 81.711180 19.041930
816 201584 85.811810 42.016200
816 203210 73.244930 33.087070
828 -1 84.048540 40.073300
828 202390 83.344710 40.642370
828 2743 65.545590 34.456530
828 202066 78.164710 3.827450
828 201196 90.956110 48.526470
828 101162 71.348620 43.471540
828 2216 81.882130 39.097020
828 2754 74.619960 45.551250
828 201145 81.782490 19.320140
828 201584 85.822910 41.804150
828 203210 73.912880 32.564470
840 -1 85.145520 39.188780
840 202390 84.481400 39.805060
840 2743 65.376960 33.732990
840 202066 77.967620 3.897940
840 201196 90.993640 48.382480
840 101162 71.195970 43.015850
840 2216 82.624970 38.477600
840 2754 75.452980 44.759560
840 201145 81.886850 19.640080
840 201584 85.966380 41.557590
840 203210 74.601530 32.049900
852 -1 85.127570 37.326110
852 202390 85.447590 38.753650
852 2743 65.206720 33.004850
852 202066 77.789700 3.953190
852 201196 91.045640 48.206800
852 101162 70.839900 42.667660
852 2216 83.343860 37.774740
852 2754 76.303900 43.681000
852 201145 82.049140 19.871170
852 201584 86.297550 41.424070
852 203210 75.250200 31.539450
864 -1 85.543100 36.964700
864 202390 86.272180 37.678880
864 2743 65.084590 32.297830
864 202066 77.688850 3.987800
864 201196 91.084320 48.012830
864 101162 70.459530 42.334390
864 2216 84.097260 36.902160
864 2754 77.226160 42.561950
864 201145 82.279190 19.927890
864 201584 86.602080 41.336070
864 203210 75.891020 30.998540
876 -1 87.257570 35.769760
876 202390 87.044040 36.366290
876 2743 64.978350 31.619020
876 202066 77.651800 3.983480
876 201196 91.090040 47.813190
876 101162 70.095640 42.037070
876 2216 84.777250 35.903890
876 2754 78.125950 41.356890
876 201145 82.574340 19.858350
876 201584 86.847390 41.350740
876 203210 76.530050 30.446880
888 -1 88.686130 34.169680
888 202390 87.560110 34.709730
888 2743 64.880070 30.924730
888 202066 77.718110 3.960060
888 201196 91.027530 47.675180
888 101162 69.769440 41.753290
888 2216 85.492470 34.917270
888 2754 78.983000 40.210480
888 201145 82.902710 19.636130
888 201584 87.006950 41.434790
888 203210 77.165460 29.911960
900 -1 88.712570 32.659000
900 202390 87.915140 33.088990
900 2743 64.778250 30.202410
900 202066 77.913360 3.884110
900 201196 90.880510 47.599250
900 101162 69.434230 41.492740
900 2216 86.108290 33.844230
900 2754 79.819940 38.900920
900 201145 83.294480 19.213950
900 201584 87.135560 41.547090
900 203210 77.816330 29.295840
912 -1 89.354550 31.088770
912 202390 88.200650 31.641140
912 2743 64.709300 29.504440
912 202066 78.030130 3.889040
912 201196 90.659300 47.574850
912 101162 69.116980 41.211070
912 2216 86.696520 32.689180
912 2754 80.562100 37.510770
912 201145 83.711790 18.606820
912 201584 87.291020 41.634050
912 203210 78.412770 28.681880
924 -1 88.484740 28.887660
924 202390 88.492210 30.112550
924 2743 64.591520 28.774030
924 202066 78.145450 3.869450
924 201196 90.381530 47.583730
924 101162 68.827570 40.896110
924 2216 87.238700 31.537810
924 2754 81.217280 36.115310
924 201145 84.136210 17.845260
924 201584 87.456830 41.685900
924 203210 78.929960 28.095360
936 -1 88.566840 27.335600
936 202390 88.662890 28.697660
936 2743 64.415160 28.083450
936 202066 78.338180 3.788980
936 201196 90.058840 47.607440
936 101162 68.553100 40.561680
936 2216 87.890090 30.370980
936 2754 81.905600 34.685100
936 201145 84.436870 17.077870
936 201584 87.599770 41.693470
936 203210 79.439290 27.545780
948 -1 88.811830 26.996680
948 202390 88.924330 27.453980
948 2743 64.162920 27.410650
948 202066 78.481190 3.717930
948 201196 89.713140 47.577240
948 101162 68.306840 40.221160
948 2216 88.421570 29.206570
948 2754 82.497450 33.192640
948 201145 84.659870 16.363830
948 201584 87.708730 41.697320
948 203210 79.902360 26.941710
960 -1 88.794130 26.611220
960 202390 89.127500 26.181910
960 2743 63.903220 26.825560
960 202066 78.453390 3.734950
960 201196 89.341740 47.474250
960 101162 68.076140 39.865150
960 2216 88.883960 28.126470
960 2754 83.070190 31.873700
960 201145 84.876750 15.490870
960 201584 87.729750 41.715700
960 203210 80.335330 26.366700
972 -1 88.782540 26.233300
972 202390 89.231380 24.754330
972 2743 63.624370 26.320000
972 202066 78.426460 3.685530
972 201196 88.939160 47.316630
972 101162 67.869850 39.468320
972 2216 89.371910 27.090110
972 2754 83.690420 30.541990
972 201145 84.991950 14.578840
972 201584 87.619670 41.740760
972 203210 80.782350 25.809960
984 -1 88.775820 25.865820
984 202390 89.321060 23.372800
984 2743 63.310920 25.894920
984 202066 78.189460 3.730180
984 201196 88.489210 47.124870
984 101162 67.662190 39.051100
984 2216 89.746290 26.172780
984 2754 84.298120 29.318570
984 201145 84.915100 13.735270
984 201584 87.409500 41.757840
984 203210 81.199740 25.304950
996 -1 88.772710 25.511630
996 202390 89.510310 22.020830
996 2743 63.015410 25.557780
996 202066 77.727320 3.934700
996 201196 87.990680 46.888570
996 101162 67.434670 38.618160
996 2216 89.919960 25.378040
996 2754 84.767130 28.187760
996 201145 84.821800 12.841370
996 201584 87.118490 41.779380
996 203210 81.507740 24.843520
1008 -1 88.771950 25.173610
1008 202390 89.713720 20.661300
1008 2743 62.730010 25.314940
1008 202066 77.239810 4.071990
1008 201196 87.402100 46.652000
1008 101162 67.182220 38.182890
1008 2216 90.045860 24.716370
1008 2754 85.279520 27.164250
1008 201145 84.703520 11.895330
1008 201584 86.808780 41.798370
1008 203210 81.703130 24.462060
1020 -1 88.643170 24.979990
1020 202390 89.938610 19.272980
1020 2743 62.389470 25.064390
1020 202066 76.677960 4.208650
1020 201196 86.679430 46.444240
1020 101162 66.876700 37.760650
1020 2216 90.161910 24.137050
1020 2754 85.649250 26.173410
1020 201145 84.401060 11.136730
1020 201584 86.456630 41.827920
1020 203210 81.724290 24.154290
1032 -1 88.360370 24.669930
1032 202390 90.232380 17.944570
1032 2743 61.949490 24.790080
1032 202066 76.026720 4.379670
1032 201196 85.838840 46.245700
1032 101162 66.496660 37.341550
1032 2216 90.208120 23.651370
1032 2754 86.065170 25.352410
1032 201145 83.982940 10.502880
1032 201584 86.078070 41.838510
1032 203210 81.506250 23.926110
1044 -1 88.267750 24.578520
1044 202390 90.432500 16.595550
1044 2743 61.450200 24.543390
1044 202066 75.375460 4.490890
1044 201196 84.934350 46.029130
1044 101162 66.044400 36.934380
1044 2216 90.241700 23.283110
1044 2754 86.371780 24.554520
1044 201145 83.461630 9.902870
1044 201584 85.639430 41.870390
1044 203210 81.103820 23.760130
1056 -1 88.598640 23.701380
1056 202390 90.530050 15.305400
1056 2743 60.849930 24.332410
1056 202066 74.612590 4.555570
1056 201196 83.907680 45.826820
1056 101162 65.473240 36.489930
1056 2216 90.319510 22.975540
1056 2754 86.703990 23.774000
1056 201145 82.788310 9.350760
1056 201584 85.164370 41.897710
1056 203210 80.564540 23.633150
1068 -1 89.221440 22.902410
1068 202390 90.467870 14.142120
1068 2743 60.173060 24.157840
1068 202066 73.528640 4.738930
1068 201196 82.790430 45.604050
1068 101162 64.747250 36.022890
1068 2216 90.490620 22.641110
1068 2754 86.823940 23.005530
1068 201145 82.069390 8.900870
1068 201584 84.599310 41.937030
1068 203210 79.912920 23.567070
1080 -1 89.853780 22.969620
1080 202390 90.198420 13.125020
1080 2743 59.427000 24.033780
1080 202066 72.384930 4.937730
1080 201196 81.630620 45.364560
1080 101162 63.894270 35.530490
1080 2216 90.758300 22.325870
1080 2754 86.907440 22.314460
1080 201145 81.195710 8.432470
1080 201584 83.967110 41.957220
1080 203210 79.157600 23.538000
1092 -1 90.482210 22.963060
1092 202390 89.720980 12.305650
1092 2743 58.630130 23.950640
1092 202066 71.181430 5.135900
1092 201196 80.356950 45.091110
1092 101162 62.925700 35.040680
1092 2216 91.037110 22.032620
1092 2754 86.762960 21.706160
1092 201145 80.107210 7.971970
1092 201584 83.299700 41.999800
1092 203210 78.304460 23.536510
1104 -1 90.802870 22.700100
1104 202390 89.012110 11.642110
1104 2743 57.759760 23.918430
1104 202066 69.876160 5.398860
1104 201196 78.894670 44.815600
1104 101162 61.834010 34.544630
1104 2216 91.330050 21.720700
1104 2754 86.730440 21.030890
1104 201145 78.920510 7.575660
1104 201584 82.644320 42.027580
1104 203210 77.424780 23.547550
1116 -1 91.034200 22.300020
1116 202390 88.070830 11.136030
1116 2743 56.854590 23.897870
1116 202066 68.613910 5.709330
1116 201196 77.406190 44.500620
1116 101162 60.640010 34.077890
1116 2216 91.634190 21.460700
1116 2754 86.545430 20.424880
1116 201145 77.613750 7.227560
1116 201584 81.997520 42.067370
1116 203210 76.324180 23.626190
1128 -1 91.241830 21.902110
1128 202390 86.953840 10.757800
1128 2743 55.905650 23.898870
1128 202066 67.341000 5.981200
1128 201196 75.918390 44.190530
1128 101162 59.366440 33.618030
1128 2216 92.029400 21.281060
1128 2754 86.397910 19.821180
1128 201145 76.096730 6.848860
1128 201584 81.326800 42.101380
1128 203210 75.118600 23.737600