0 -1 70.118990 9.811810 BALL
0 2419 45.744090 40.519700 PLAYER
0 201593 70.104510 30.708440 PLAYER
0 201937 71.718250 10.408930 PLAYER
0 203952 76.330040 23.247000 PLAYER
0 1626157 41.229980 10.127610 PLAYER
0 2216 62.050920 26.476020 PLAYER
0 2440 52.749920 7.875640 PLAYER
0 201584 53.802800 29.019020 PLAYER
0 201144 37.969440 15.783710 PLAYER
0 201188 40.141080 25.997810 PLAYER
12 -1 67.798840 9.454240 BALL
12 2419 43.053880 40.583790 PLAYER
12 201593 68.407570 30.665900 PLAYER
12 201937 69.834650 10.494760 PLAYER
12 203952 74.827330 23.440650 PLAYER
12 1626157 39.079060 10.267430 PLAYER
12 2216 60.238480 26.059650 PLAYER
12 2440 50.806000 8.247690 PLAYER
12 201584 51.165540 29.483320 PLAYER
12 201144 36.372740 15.833270 PLAYER
12 201188 38.509350 26.036560 PLAYER
24 -1 66.587830 9.206160 BALL
24 2419 40.419110 40.574800 PLAYER
24 201593 66.642370 30.694460 PLAYER
24 201937 68.007800 10.583490 PLAYER
24 203952 73.293170 23.686420 PLAYER
24 1626157 36.962710 10.489620 PLAYER
24 2216 58.376360 25.730990 PLAYER
24 2440 48.835640 8.625050 PLAYER
24 201584 48.533290 29.886680 PLAYER
24 201144 34.816960 15.913830 PLAYER
24 201188 36.934170 26.053360 PLAYER
36 -1 64.882010 9.040430 BALL
36 2419 37.825360 40.518060 PLAYER
36 201593 64.865120 30.761200 PLAYER
36 201937 66.047250 10.716770 PLAYER
36 203952 71.691700 23.920720 PLAYER
36 1626157 34.825390 10.779430 PLAYER
36 2216 56.469810 25.406940 PLAYER
36 2440 46.933540 8.999770 PLAYER
36 201584 45.834520 30.236900 PLAYER
36 201144 33.278570 16.043510 PLAYER
36 201188 35.403080 26.039300 PLAYER
48 -1 62.746620 9.494220 BALL
48 2419 35.288650 40.389240 PLAYER
48 201593 63.066700 30.694310 PLAYER
48 201937 64.065910 10.701420 PLAYER
48 203952 70.124960 24.146720 PLAYER
48 1626157 32.778610 11.123880 PLAYER
48 2216 54.717120 25.021780 PLAYER
48 2440 45.136440 9.408470 PLAYER
48 201584 43.122540 30.543610 PLAYER
48 201144 31.816910 16.116530 PLAYER
48 201188 33.940510 26.080320 PLAYER
60 -1 60.270060 9.651100 BALL
60 2419 32.814080 40.229530 PLAYER
60 201593 61.252590 30.578040 PLAYER
60 201937 62.083070 10.716230 PLAYER
60 203952 68.608350 24.421720 PLAYER
60 1626157 30.813630 11.533180 PLAYER
60 2216 52.913430 24.707190 PLAYER
60 2440 43.448170 9.899920 PLAYER
60 201584 40.388190 30.766290 PLAYER
60 201144 30.388320 16.115750 PLAYER
60 201188 32.560820 26.090420 PLAYER
72 -1 57.795130 9.420470 BALL
72 2419 30.472010 40.094770 PLAYER
72 201593 59.465610 30.419520 PLAYER
72 201937 60.073260 10.679400 PLAYER
72 203952 66.977390 24.682960 PLAYER
72 1626157 28.875370 11.986680 PLAYER
72 2216 51.126420 24.448870 PLAYER
72 2440 41.756340 10.402080 PLAYER
72 201584 37.651950 30.948600 PLAYER
72 201144 28.998920 16.051080 PLAYER
72 201188 31.245520 26.040400 PLAYER
84 -1 56.343130 9.301920 BALL
84 2419 28.189160 39.966070 PLAYER
84 201593 57.675870 30.207890 PLAYER
84 201937 57.987460 10.596040 PLAYER
84 203952 65.315690 24.942680 PLAYER
84 1626157 27.043270 12.495330 PLAYER
84 2216 49.392330 24.213850 PLAYER
84 2440 40.131570 10.882890 PLAYER
84 201584 34.913700 31.094150 PLAYER
84 201144 27.685950 15.907540 PLAYER
84 201188 30.035460 26.001950 PLAYER
96 -1 54.685560 8.969150 BALL
96 2419 26.026270 39.871610 PLAYER
96 201593 55.878190 29.963710 PLAYER
96 201937 55.984990 10.472290 PLAYER
96 203952 63.701180 25.143160 PLAYER
96 1626157 25.414180 13.007230 PLAYER
96 2216 47.712160 23.986790 PLAYER
96 2440 38.619150 11.305100 PLAYER
96 201584 32.194800 31.187900 PLAYER
96 201144 26.427730 15.744660 PLAYER
96 201188 28.898560 25.929330 PLAYER
108 -1 52.750730 10.234170 BALL
108 2419 23.928240 39.829840 PLAYER
108 201593 54.088000 29.840390 PLAYER
108 201937 54.000050 10.415110 PLAYER
108 203952 61.951110 25.415650 PLAYER
108 1626157 23.783270 13.519480 PLAYER
108 2216 45.959370 23.805700 PLAYER
108 2440 37.220900 11.661860 PLAYER
108 201584 29.577160 31.200890 PLAYER
108 201144 25.133540 15.576910 PLAYER
108 201188 27.650680 25.747480 PLAYER
120 -1 50.576950 8.992940 BALL
120 2419 21.951390 39.852640 PLAYER
120 201593 52.233200 29.711710 PLAYER
120 201937 52.021700 10.300630 PLAYER
120 203952 60.175440 25.629600 PLAYER
120 1626157 22.186840 14.023970 PLAYER
120 2216 44.319290 23.615340 PLAYER
120 2440 35.915770 11.797920 PLAYER
120 201584 27.057450 31.166040 PLAYER
120 201144 23.839340 15.443570 PLAYER
120 201188 26.487450 25.534420 PLAYER
132 -1 48.994130 9.094120 BALL
132 2419 20.082240 39.941620 PLAYER
132 201593 50.360410 29.612880 PLAYER
132 201937 50.071060 10.209470 PLAYER
132 203952 58.482820 25.815650 PLAYER
132 1626157 20.788630 14.502330 PLAYER
132 2216 42.689170 23.470660 PLAYER
132 2440 34.729120 11.897980 PLAYER
132 201584 24.617950 31.207120 PLAYER
132 201144 22.593200 15.373370 PLAYER
132 201188 25.440670 25.321460 PLAYER
144 -1 45.897540 8.724760 BALL
144 2419 18.364830 40.119400 PLAYER
144 201593 48.488180 29.477200 PLAYER
144 201937 48.123650 9.993110 PLAYER
144 203952 56.796010 25.944530 PLAYER
144 1626157 19.423270 14.839980 PLAYER
144 2216 41.118360 23.326690 PLAYER
144 2440 33.633480 11.996740 PLAYER
144 201584 22.313810 31.279260 PLAYER
144 201144 21.359400 15.363360 PLAYER
144 201188 24.456950 25.110200 PLAYER
156 -1 45.312160 8.175810 BALL
156 2419 16.771990 40.386530 PLAYER
156 201593 46.612240 29.282290 PLAYER
156 201937 46.183940 9.717250 PLAYER
156 203952 55.062740 26.150700 PLAYER
156 1626157 18.072430 15.155110 PLAYER
156 2216 39.764850 23.262270 PLAYER
156 2440 32.527730 12.163670 PLAYER
156 201584 20.166100 31.409330 PLAYER
156 201144 20.243280 15.453230 PLAYER
156 201188 23.516910 24.915030 PLAYER
168 -1 43.700510 8.006430 BALL
168 2419 15.367370 40.730460 PLAYER
168 201593 44.798810 29.039120 PLAYER
168 201937 44.311950 9.436830 PLAYER
168 203952 53.390470 26.287340 PLAYER
168 1626157 16.845770 15.371380 PLAYER
168 2216 38.456180 23.178430 PLAYER
168 2440 31.430030 12.343360 PLAYER
168 201584 18.120210 31.611420 PLAYER
168 201144 19.195960 15.574790 PLAYER
168 201188 22.781440 24.782130 PLAYER
180 -1 41.638710 8.377860 BALL
180 2419 14.125900 41.127160 PLAYER
180 201593 43.129210 28.685290 PLAYER
180 201937 42.501790 9.110040 PLAYER
180 203952 51.691520 26.435790 PLAYER
180 1626157 15.747380 15.554310 PLAYER
180 2216 37.182810 23.150080 PLAYER
180 2440 30.368000 12.608410 PLAYER
180 201584 16.252160 31.914220 PLAYER
180 201144 18.225450 15.781600 PLAYER
180 201188 22.075790 24.691660 PLAYER
192 -1 39.475670 7.726090 BALL
192 2419 13.033540 41.602480 PLAYER
192 201593 41.543790 28.224650 PLAYER
192 201937 40.756690 8.817190 PLAYER
192 203952 49.993880 26.591720 PLAYER
192 1626157 14.658300 15.630500 PLAYER
192 2216 36.038210 23.203530 PLAYER
192 2440 29.408810 12.824920 PLAYER
192 201584 14.583190 32.259320 PLAYER
192 201144 17.283680 16.004510 PLAYER
192 201188 21.455150 24.689660 PLAYER
204 -1 38.173990 7.737050 BALL
204 2419 12.107770 42.150310 PLAYER
204 201593 39.945080 27.758620 PLAYER
204 201937 38.991730 8.483770 PLAYER
204 203952 48.368030 26.769170 PLAYER
204 1626157 13.683530 15.588520 PLAYER
204 2216 34.906410 23.253290 PLAYER
204 2440 28.509570 12.887330 PLAYER
204 201584 13.091420 32.656750 PLAYER
204 201144 16.369020 16.165480 PLAYER
204 201188 20.826590 24.675720 PLAYER
216 -1 37.240200 7.813770 BALL
216 2419 11.330680 42.730250 PLAYER
216 201593 38.426770 27.259740 PLAYER
216 201937 37.313340 8.163080 PLAYER
216 203952 46.761730 26.948680 PLAYER
216 1626157 12.890340 15.340770 PLAYER
216 2216 33.774010 23.343960 PLAYER
216 2440 27.742720 12.784940 PLAYER
216 201584 11.802620 33.100870 PLAYER
216 201144 15.438270 16.160680 PLAYER
216 201188 20.191570 24.672660 PLAYER
228 -1 36.775780 8.022030 BALL
228 2419 10.714260 43.312850 PLAYER
228 201593 36.940470 26.662300 PLAYER
228 201937 35.685160 7.899430 PLAYER
228 203952 45.171640 27.176850 PLAYER
228 1626157 12.186000 15.029280 PLAYER
228 2216 32.854490 23.452000 PLAYER
228 2440 27.065880 12.570950 PLAYER
228 201584 10.737060 33.593190 PLAYER
228 201144 14.590470 16.110970 PLAYER
228 201188 19.585630 24.639130 PLAYER
240 -1 34.628300 6.654780 BALL
240 2419 10.253200 43.930130 PLAYER
240 201593 35.493310 26.152220 PLAYER
240 201937 34.201800 7.692720 PLAYER
240 203952 43.684040 27.442280 PLAYER
240 1626157 11.647870 14.623920 PLAYER
240 2216 32.017480 23.645330 PLAYER
240 2440 26.481700 12.247030 PLAYER
240 201584 9.894530 34.106380 PLAYER
240 201144 13.809370 15.909690 PLAYER
240 201188 19.017710 24.598860 PLAYER
252 -1 31.670690 6.338010 BALL
252 2419 9.917030 44.520070 PLAYER
252 201593 34.021300 25.597000 PLAYER
252 201937 32.821850 7.442650 PLAYER
252 203952 42.203790 27.754410 PLAYER
252 1626157 11.145200 14.098740 PLAYER
252 2216 31.242350 23.818890 PLAYER
252 2440 25.965730 11.822860 PLAYER
252 201584 9.263460 34.578450 PLAYER
252 201144 13.157260 15.557870 PLAYER
252 201188 18.451490 24.483280 PLAYER
264 -1 30.231200 5.969880 BALL
264 2419 9.690480 45.067350 PLAYER
264 201593 32.714960 24.739150 PLAYER
264 201937 31.608800 7.255040 PLAYER
264 203952 40.662200 28.091900 PLAYER
264 1626157 10.767850 13.541620 PLAYER
264 2216 30.541660 24.059860 PLAYER
264 2440 25.553000 11.374250 PLAYER
264 201584 8.829580 35.039850 PLAYER
264 201144 12.647200 15.142840 PLAYER
264 201188 18.024350 24.376640 PLAYER
276 -1 29.673580 5.571090 BALL
276 2419 9.538280 45.544090 PLAYER
276 201593 31.551790 23.846550 PLAYER
276 201937 30.532310 7.106610 PLAYER
276 203952 39.164210 28.424860 PLAYER
276 1626157 10.434650 12.999470 PLAYER
276 2216 29.811180 24.301760 PLAYER
276 2440 25.200750 10.828570 PLAYER
276 201584 8.543110 35.518060 PLAYER
276 201144 12.279080 14.645700 PLAYER
276 201188 17.762210 24.266580 PLAYER
288 -1 28.882350 5.320570 BALL
288 2419 9.440400 45.996020 PLAYER
288 201593 30.467230 22.961380 PLAYER
288 201937 29.465050 6.882940 PLAYER
288 203952 37.788640 28.807710 PLAYER
288 1626157 10.332340 12.388310 PLAYER
288 2216 29.078010 24.716240 PLAYER
288 2440 24.924350 10.137830 PLAYER
288 201584 8.340400 36.013800 PLAYER
288 201144 12.092020 14.018510 PLAYER
288 201188 17.655710 24.149900 PLAYER
300 -1 28.604580 4.742150 BALL
300 2419 9.380750 46.410000 PLAYER
300 201593 29.415800 22.023820 PLAYER
300 201937 28.352260 6.679910 PLAYER
300 203952 36.368850 29.214850 PLAYER
300 1626157 10.344940 11.753590 PLAYER
300 2216 28.303300 25.215440 PLAYER
300 2440 24.662260 9.479940 PLAYER
300 201584 8.202620 36.486010 PLAYER
300 201144 12.085310 13.320500 PLAYER
300 201188 17.646850 24.018280 PLAYER
312 -1 27.711650 4.087520 BALL
312 2419 9.343620 46.791940 PLAYER
312 201593 28.507030 21.093130 PLAYER
312 201937 27.366920 6.498980 PLAYER
312 203952 34.968560 29.571320 PLAYER
312 1626157 10.569300 11.230900 PLAYER
312 2216 27.554170 25.666260 PLAYER
312 2440 24.276630 8.926610 PLAYER
312 201584 8.076690 36.925430 PLAYER
312 201144 12.262100 12.724870 PLAYER
312 201188 17.635670 23.837070 PLAYER
324 -1 25.287990 3.263120 BALL
324 2419 9.317320 47.142360 PLAYER
324 201593 27.698690 20.358610 PLAYER
324 201937 26.550640 6.481700 PLAYER
324 203952 33.676170 29.973030 PLAYER
324 1626157 10.915160 10.824920 PLAYER
324 2216 26.829210 26.209680 PLAYER
324 2440 23.843140 8.509670 PLAYER
324 201584 7.963350 37.289640 PLAYER
324 201144 12.547370 12.203410 PLAYER
324 201188 17.527460 23.588440 PLAYER
336 -1 21.088350 4.452520 BALL
336 2419 9.288720 47.471910 PLAYER
336 201593 26.932210 19.640780 PLAYER
336 201937 25.865240 6.529660 PLAYER
336 203952 32.386990 30.418300 PLAYER
336 1626157 11.237550 10.463760 PLAYER
336 2216 26.096600 26.805400 PLAYER
336 2440 23.404170 8.268800 PLAYER
336 201584 7.857070 37.551970 PLAYER
336 201144 12.921290 11.825950 PLAYER
336 201188 17.335530 23.291530 PLAYER
348 -1 17.561290 5.388610 BALL
348 2419 9.270630 47.758110 PLAYER
348 201593 26.290080 18.991340 PLAYER
348 201937 25.627450 6.808340 PLAYER
348 203952 31.047820 30.785580 PLAYER
348 1626157 11.449960 10.114210 PLAYER
348 2216 25.335780 27.346850 PLAYER
348 2440 22.899290 8.305690 PLAYER
348 201584 7.794420 37.730820 PLAYER
348 201144 13.230370 11.580980 PLAYER
348 201188 17.075750 22.925750 PLAYER
360 -1 14.953860 6.263140 BALL
360 2419 9.281220 47.986700 PLAYER
360 201593 25.764390 18.427840 PLAYER
360 201937 25.692760 7.251770 PLAYER
360 203952 29.795260 31.072180 PLAYER
360 1626157 11.538970 9.767780 PLAYER
360 2216 24.589550 27.841370 PLAYER
360 2440 22.364040 8.500370 PLAYER
360 201584 7.771440 37.827110 PLAYER
360 201144 13.371550 11.406580 PLAYER
360 201188 16.746520 22.500500 PLAYER
372 -1 12.465540 7.036150 BALL
372 2419 9.316990 48.149590 PLAYER
372 201593 25.285570 18.051410 PLAYER
372 201937 25.891250 7.942490 PLAYER
372 203952 28.614550 31.363200 PLAYER
372 1626157 11.475200 9.374760 PLAYER
372 2216 23.808240 28.430840 PLAYER
372 2440 21.878660 8.874460 PLAYER
372 201584 7.816030 37.843890 PLAYER
372 201144 13.288740 11.303400 PLAYER
372 201188 16.328840 22.054500 PLAYER
384 -1 10.598560 7.902620 BALL
384 2419 9.368830 48.245730 PLAYER
384 201593 24.784210 17.856030 PLAYER
384 201937 26.227270 8.669370 PLAYER
384 203952 27.402110 31.608590 PLAYER
384 1626157 11.324680 9.023510 PLAYER
384 2216 23.042590 29.041580 PLAYER
384 2440 21.473910 9.351960 PLAYER
384 201584 7.901340 37.810570 PLAYER
384 201144 13.023420 11.215890 PLAYER
384 201188 15.811580 21.587300 PLAYER
396 -1 9.946710 8.027260 BALL
396 2419 9.438690 48.313330 PLAYER
396 201593 24.292340 17.804540 PLAYER
396 201937 26.678800 9.575620 PLAYER
396 203952 26.190830 31.867000 PLAYER
396 1626157 11.201260 8.761470 PLAYER
396 2216 22.251510 29.589960 PLAYER
396 2440 20.967160 10.058200 PLAYER
396 201584 8.023520 37.744470 PLAYER
396 201144 12.517850 11.182650 PLAYER
396 201188 15.196190 21.121400 PLAYER
408 -1 9.947700 7.671390 BALL
408 2419 9.533030 48.365800 PLAYER
408 201593 23.779440 17.886080 PLAYER
408 201937 27.052780 10.570900 PLAYER
408 203952 24.960240 32.096330 PLAYER
408 1626157 11.051730 8.657790 PLAYER
408 2216 21.467380 30.098200 PLAYER
408 2440 20.556210 10.690000 PLAYER
408 201584 8.155150 37.650290 PLAYER
408 201144 11.930150 11.191370 PLAYER
408 201188 14.547750 20.658550 PLAYER
420 -1 10.710230 7.177700 BALL
420 2419 9.631520 48.411870 PLAYER
420 201593 23.263420 18.141830 PLAYER
420 201937 27.456910 11.632030 PLAYER
420 203952 23.769270 32.360660 PLAYER
420 1626157 10.935360 8.563850 PLAYER
420 2216 20.696900 30.529960 PLAYER
420 2440 20.203090 11.320220 PLAYER
420 201584 8.253950 37.571410 PLAYER
420 201144 11.431960 11.238160 PLAYER
420 201188 13.738240 20.228170 PLAYER
432 -1 11.181380 7.394720 BALL
432 2419 9.743930 48.446230 PLAYER
432 201593 22.720960 18.481900 PLAYER
432 201937 27.860320 12.763020 PLAYER
432 203952 22.604700 32.613060 PLAYER
432 1626157 10.898770 8.536350 PLAYER
432 2216 19.952550 30.933960 PLAYER
432 2440 19.961440 11.841420 PLAYER
432 201584 8.348840 37.504160 PLAYER
432 201144 10.999660 11.253020 PLAYER
432 201188 12.917610 19.852520 PLAYER
444 -1 11.404420 7.828610 BALL
444 2419 9.845690 48.478410 PLAYER
444 201593 22.197670 18.938790 PLAYER
444 201937 28.228030 14.003450 PLAYER
444 203952 21.516580 32.827980 PLAYER
444 1626157 10.798500 8.537750 PLAYER
444 2216 19.216500 31.249830 PLAYER
444 2440 19.693160 12.337990 PLAYER
444 201584 8.466790 37.469970 PLAYER
444 201144 10.678910 11.301460 PLAYER
444 201188 12.134730 19.523980 PLAYER
456 -1 11.334470 7.819920 BALL
456 2419 9.937880 48.503130 PLAYER
456 201593 21.590590 19.412380 PLAYER
456 201937 28.565220 15.278170 PLAYER
456 203952 20.534490 32.947240 PLAYER
456 1626157 10.676890 8.596710 PLAYER
456 2216 18.502520 31.565930 PLAYER
456 2440 19.516280 12.629090 PLAYER
456 201584 8.601370 37.468830 PLAYER
456 201144 10.545080 11.299650 PLAYER
456 201188 11.367290 19.149540 PLAYER
468 -1 11.341520 7.831160 BALL
468 2419 9.999720 48.528580 PLAYER
468 201593 20.914580 20.004210 PLAYER
468 201937 28.858310 16.578440 PLAYER
468 203952 19.690550 33.097740 PLAYER
468 1626157 10.584660 8.559960 PLAYER
468 2216 17.855940 31.821740 PLAYER
468 2440 19.340090 13.046060 PLAYER
468 201584 8.763730 37.474970 PLAYER
468 201144 10.535020 11.296820 PLAYER
468 201188 10.600020 18.774800 PLAYER
480 -1 11.213720 7.665000 BALL
480 2419 10.039770 48.542320 PLAYER
480 201593 20.175770 20.608840 PLAYER
480 201937 29.156030 17.894600 PLAYER
480 203952 18.853530 33.266470 PLAYER
480 1626157 10.497050 8.621370 PLAYER
480 2216 17.152730 32.034420 PLAYER
480 2440 19.230680 13.518060 PLAYER
480 201584 8.985920 37.459570 PLAYER
480 201144 10.530230 11.334550 PLAYER
480 201188 9.933330 18.428100 PLAYER
492 -1 11.249180 7.379150 BALL
492 2419 10.068020 48.539860 PLAYER
492 201593 19.419400 21.243710 PLAYER
492 201937 29.512670 19.134230 PLAYER
492 203952 18.027890 33.454120 PLAYER
492 1626157 10.404460 8.711790 PLAYER
492 2216 16.527830 32.163240 PLAYER
492 2440 19.172520 14.099250 PLAYER
492 201584 9.266340 37.445830 PLAYER
492 201144 10.554320 11.406780 PLAYER
492 201188 9.331940 18.072030 PLAYER
504 -1 10.701290 7.660480 BALL
504 2419 10.053610 48.537980 PLAYER
504 201593 18.620470 21.834040 PLAYER
504 201937 29.899680 20.343850 PLAYER
504 203952 17.379490 33.667290 PLAYER
504 1626157 10.351390 8.743230 PLAYER
504 2216 15.996250 32.266050 PLAYER
504 2440 19.242270 14.747300 PLAYER
504 201584 9.614120 37.414200 PLAYER
504 201144 10.570940 11.470190 PLAYER
504 201188 8.843050 17.757950 PLAYER
516 -1 10.315960 7.687110 BALL
516 2419 10.002100 48.521200 PLAYER
516 201593 17.784350 22.488840 PLAYER
516 201937 30.295600 21.470630 PLAYER
516 203952 16.772860 33.924640 PLAYER
516 1626157 10.312170 8.774340 PLAYER
516 2216 15.251910 32.245500 PLAYER
516 2440 19.391850 15.484190 PLAYER
516 201584 10.075260 37.395650 PLAYER
516 201144 10.554530 11.568160 PLAYER
516 201188 8.574820 17.554850 PLAYER
528 -1 10.225640 7.670920 BALL
528 2419 9.930950 48.489090 PLAYER
528 201593 16.917770 23.092940 PLAYER
528 201937 30.660380 22.522310 PLAYER
528 203952 16.164440 34.120690 PLAYER
528 1626157 10.289850 8.866720 PLAYER
528 2216 14.545260 32.148560 PLAYER
528 2440 19.541880 16.228320 PLAYER
528 201584 10.603540 37.465910 PLAYER
528 201144 10.531450 11.661440 PLAYER
528 201188 8.444430 17.459800 PLAYER
540 -1 10.264290 7.739830 BALL
540 2419 9.842360 48.457700 PLAYER
540 201593 16.053980 23.608080 PLAYER
540 201937 30.983020 23.529810 PLAYER
540 203952 15.593470 34.298090 PLAYER
540 1626157 10.297850 8.936280 PLAYER
540 2216 13.806330 31.974460 PLAYER
540 2440 19.688080 16.992240 PLAYER
540 201584 11.186810 37.554050 PLAYER
540 201144 10.532080 11.741030 PLAYER
540 201188 8.453290 17.439140 PLAYER
552 -1 10.400490 7.813160 BALL
552 2419 9.722040 48.432200 PLAYER
552 201593 15.185690 24.125730 PLAYER
552 201937 31.265910 24.531510 PLAYER
552 203952 15.064360 34.449460 PLAYER
552 1626157 10.269160 8.900840 PLAYER
552 2216 12.948670 31.657700 PLAYER
552 2440 19.824910 17.728620 PLAYER
552 201584 11.789250 37.627120 PLAYER
552 201144 10.552830 11.770330 PLAYER
552 201188 8.607390 17.483180 PLAYER
564 -1 10.876950 7.888310 BALL
564 2419 9.629360 48.399190 PLAYER
564 201593 14.340720 24.664220 PLAYER
564 201937 31.502720 25.540090 PLAYER
564 203952 14.548370 34.576850 PLAYER
564 1626157 10.239950 8.835200 PLAYER
564 2216 12.061900 31.218500 PLAYER
564 2440 19.905860 18.369650 PLAYER
564 201584 12.377170 37.688530 PLAYER
564 201144 10.567830 11.759860 PLAYER
564 201188 8.709510 17.474790 PLAYER
576 -1 11.273710 7.956490 BALL
576 2419 9.551830 48.357450 PLAYER
576 201593 13.577750 25.222160 PLAYER
576 201937 31.725360 26.506240 PLAYER
576 203952 13.884300 34.662220 PLAYER
576 1626157 10.218780 8.594860 PLAYER
576 2216 11.500450 30.780170 PLAYER
576 2440 19.998400 18.985230 PLAYER
576 201584 12.873430 37.720920 PLAYER
576 201144 10.559930 11.703680 PLAYER
576 201188 8.733000 17.538510 PLAYER
588 -1 11.062550 7.826300 BALL
588 2419 9.483000 48.289320 PLAYER
588 201593 12.906070 25.771890 PLAYER
588 201937 31.901060 27.462230 PLAYER
588 203952 13.197730 34.794820 PLAYER
588 1626157 10.121520 8.394940 PLAYER
588 2216 10.924730 30.235500 PLAYER
588 2440 20.144520 19.639850 PLAYER
588 201584 13.300760 37.667150 PLAYER
588 201144 10.481060 11.621600 PLAYER
588 201188 8.680670 17.639700 PLAYER
600 -1 11.039900 7.529780 BALL
600 2419 9.432670 48.191720 PLAYER
600 201593 12.335050 26.346470 PLAYER
600 201937 32.033930 28.382900 PLAYER
600 203952 12.496620 34.906020 PLAYER
600 1626157 9.869940 8.268320 PLAYER
600 2216 10.518380 29.702150 PLAYER
600 2440 20.382420 20.299690 PLAYER
600 201584 13.618130 37.593970 PLAYER
600 201144 10.389950 11.510320 PLAYER
600 201188 8.437020 17.670140 PLAYER
612 -1 10.974930 7.379350 BALL
612 2419 9.396300 48.065640 PLAYER
612 201593 11.891520 26.883660 PLAYER
612 201937 32.129330 29.226880 PLAYER
612 203952 11.761370 35.020660 PLAYER
612 1626157 9.575480 8.202270 PLAYER
612 2216 10.201680 29.287160 PLAYER
612 2440 20.492140 20.852120 PLAYER
612 201584 13.792810 37.525580 PLAYER
612 201144 10.261780 11.447290 PLAYER
612 201188 8.212830 17.746990 PLAYER
624 -1 9.965180 8.196180 BALL
624 2419 9.388730 47.902480 PLAYER
624 201593 11.591850 27.301200 PLAYER
624 201937 32.189470 29.985190 PLAYER
624 203952 10.889760 35.073830 PLAYER
624 1626157 9.361490 8.242220 PLAYER
624 2216 9.860340 28.942160 PLAYER
624 2440 20.582310 21.377880 PLAYER
624 201584 13.814600 37.459040 PLAYER
624 201144 10.058690 11.433270 PLAYER
624 201188 8.030820 17.874930 PLAYER
636 -1 7.740070 8.892580 BALL
636 2419 9.379470 47.750270 PLAYER
636 201593 11.376670 27.666960 PLAYER
636 201937 32.184530 30.666420 PLAYER
636 203952 10.207960 35.093310 PLAYER
636 1626157 8.693050 8.242790 PLAYER
636 2216 9.471740 28.600420 PLAYER
636 2440 20.615430 21.858460 PLAYER
636 201584 13.757350 37.404520 PLAYER
636 201144 9.776410 11.444600 PLAYER
636 201188 7.671630 17.848690 PLAYER
648 -1 5.948040 9.578790 BALL
648 2419 9.347760 47.600190 PLAYER
648 201593 11.158060 28.083600 PLAYER
648 201937 32.195090 31.220860 PLAYER
648 203952 9.516940 35.067560 PLAYER
648 1626157 7.851850 8.375860 PLAYER
648 2216 9.074810 28.384110 PLAYER
648 2440 20.565910 22.231200 PLAYER
648 201584 13.607200 37.336280 PLAYER
648 201144 9.492300 11.471900 PLAYER
648 201188 7.220160 17.722520 PLAYER
660 -1 5.104790 10.086420 BALL
660 2419 9.296940 47.439030 PLAYER
660 201593 10.974440 28.510040 PLAYER
660 201937 32.192780 31.637920 PLAYER
660 203952 8.792820 35.003290 PLAYER
660 1626157 7.161510 8.626810 PLAYER
660 2216 8.725200 28.134440 PLAYER
660 2440 20.383380 22.474080 PLAYER
660 201584 13.464630 37.266330 PLAYER
660 201144 9.136250 11.575600 PLAYER
660 201188 6.863410 17.541440 PLAYER
672 -1 4.488150 10.111860 BALL
672 2419 9.221940 47.296470 PLAYER
672 201593 10.809090 28.932270 PLAYER
672 201937 32.171820 31.954910 PLAYER
672 203952 8.138120 34.916400 PLAYER
672 1626157 6.331110 8.967700 PLAYER
672 2216 8.330510 28.099120 PLAYER
672 2440 20.318090 22.701430 PLAYER
672 201584 13.413210 37.202660 PLAYER
672 201144 8.718040 11.645250 PLAYER
672 201188 6.327160 17.230260 PLAYER
684 -1 4.327660 10.246480 BALL
684 2419 9.110830 47.177440 PLAYER
684 201593 10.581110 29.417610 PLAYER
684 201937 32.127710 32.143410 PLAYER
684 203952 7.506920 34.849500 PLAYER
684 1626157 5.290220 9.293060 PLAYER
684 2216 7.832370 27.922240 PLAYER
684 2440 20.268110 22.902960 PLAYER
684 201584 13.498080 37.137100 PLAYER
684 201144 8.298080 11.685830 PLAYER
684 201188 5.757180 16.901490 PLAYER
696 -1 3.496210 10.785230 BALL
696 2419 9.017540 47.055540 PLAYER
696 201593 10.361290 29.893910 PLAYER
696 201937 32.117030 32.205720 PLAYER
696 203952 6.828030 34.792130 PLAYER
696 1626157 4.678620 9.797750 PLAYER
696 2216 7.348600 27.789360 PLAYER
696 2440 20.243460 23.070660 PLAYER
696 201584 13.686450 37.045300 PLAYER
696 201144 7.871700 11.616450 PLAYER
696 201188 5.279830 16.623790 PLAYER
708 -1 3.334070 10.898510 BALL
708 2419 8.954640 46.959580 PLAYER
708 201593 10.225990 30.277520 PLAYER
708 201937 32.101490 32.125900 PLAYER
708 203952 6.177680 34.727610 PLAYER
708 1626157 4.360730 10.185140 PLAYER
708 2216 6.959060 27.752890 PLAYER
708 2440 20.228870 23.197690 PLAYER
708 201584 13.943180 36.983220 PLAYER
708 201144 7.396340 11.448740 PLAYER
708 201188 4.845950 16.420420 PLAYER
720 -1 3.092430 10.766150 BALL
720 2419 8.927920 46.888980 PLAYER
720 201593 10.153390 30.616170 PLAYER
720 201937 32.109200 31.905740 PLAYER
720 203952 5.578110 34.627730 PLAYER
720 1626157 3.787390 10.275220 PLAYER
720 2216 6.594150 27.814960 PLAYER
720 2440 20.218350 23.310900 PLAYER
720 201584 14.206630 36.877170 PLAYER
720 201144 6.933370 11.219720 PLAYER
720 201188 4.446320 16.326610 PLAYER
732 -1 2.639170 10.669050 BALL
732 2419 8.937480 46.834240 PLAYER
732 201593 10.201130 30.816620 PLAYER
732 201937 32.141740 31.554380 PLAYER
732 203952 4.997510 34.457020 PLAYER
732 1626157 3.432460 10.247790 PLAYER
732 2216 6.376760 27.784240 PLAYER
732 2440 20.185510 23.396140 PLAYER
732 201584 14.465750 36.736360 PLAYER
732 201144 6.474520 11.010900 PLAYER
732 201188 4.128730 16.276500 PLAYER
744 -1 1.980870 10.054850 BALL
744 2419 8.976540 46.812830 PLAYER
744 201593 10.386600 30.844410 PLAYER
744 201937 32.200370 31.031390 PLAYER
744 203952 4.418260 34.224870 PLAYER
744 1626157 3.328180 10.196360 PLAYER
744 2216 6.302370 27.944300 PLAYER
744 2440 20.107880 23.432650 PLAYER
744 201584 14.676700 36.575430 PLAYER
744 201144 6.007270 10.851630 PLAYER
744 201188 3.909880 16.245300 PLAYER
756 -1 1.786890 9.277870 BALL
756 2419 9.025960 46.792010 PLAYER
756 201593 10.422700 30.523050 PLAYER
756 201937 32.259130 30.264090 PLAYER
756 203952 3.910300 33.840740 PLAYER
756 1626157 3.224240 10.102980 PLAYER
756 2216 6.364020 28.139350 PLAYER
756 2440 19.954290 23.429410 PLAYER
756 201584 14.852490 36.420020 PLAYER
756 201144 5.713380 10.762150 PLAYER
756 201188 3.836930 16.250040 PLAYER
768 -1 1.833340 9.159930 BALL
768 2419 9.083120 46.762620 PLAYER
768 201593 10.655730 29.809720 PLAYER
768 201937 32.311530 29.462500 PLAYER
768 203952 3.398450 33.298400 PLAYER
768 1626157 2.979240 10.137280 PLAYER
768 2216 6.399530 28.182220 PLAYER
768 2440 19.636850 23.473450 PLAYER
768 201584 15.010160 36.246780 PLAYER
768 201144 5.509930 10.750980 PLAYER
768 201188 3.875760 16.213700 PLAYER
780 -1 1.872470 9.657680 BALL
780 2419 9.095900 46.737390 PLAYER
780 201593 10.888740 28.872360 PLAYER
780 201937 32.368930 28.492790 PLAYER
780 203952 2.947950 32.581180 PLAYER
780 1626157 3.012760 10.376080 PLAYER
780 2216 6.317740 28.001110 PLAYER
780 2440 19.236300 23.468090 PLAYER
780 201584 15.095130 36.116870 PLAYER
780 201144 5.302790 10.755870 PLAYER
780 201188 4.011570 16.148070 PLAYER
792 -1 2.067410 10.433780 BALL
792 2419 9.077670 46.696350 PLAYER
792 201593 11.089770 27.758810 PLAYER
792 201937 32.415140 27.368460 PLAYER
792 203952 2.564970 31.754080 PLAYER
792 1626157 3.165690 10.677020 PLAYER
792 2216 6.459030 27.776130 PLAYER
792 2440 18.803180 23.444380 PLAYER
792 201584 14.993880 36.057470 PLAYER
792 201144 5.161910 10.754220 PLAYER
792 201188 4.110500 16.121900 PLAYER
804 -1 2.590490 10.850750 BALL
804 2419 9.031150 46.603030 PLAYER
804 201593 11.217970 26.645890 PLAYER
804 201937 32.434710 26.160510 PLAYER
804 203952 2.287030 30.830220 PLAYER
804 1626157 3.238130 10.898120 PLAYER
804 2216 6.805630 27.486240 PLAYER
804 2440 18.419980 23.428660 PLAYER
804 201584 14.746790 36.085650 PLAYER
804 201144 5.071100 10.729420 PLAYER
804 201188 4.243390 16.079290 PLAYER
816 -1 3.033510 10.635750 BALL
816 2419 8.950160 46.482760 PLAYER
816 201593 11.502300 25.632790 PLAYER
816 201937 32.409210 24.958000 PLAYER
816 203952 2.120180 29.887830 PLAYER
816 1626157 3.321980 11.242090 PLAYER
816 2216 7.152950 27.110990 PLAYER
816 2440 18.127630 23.401630 PLAYER
816 201584 14.278550 36.170980 PLAYER
816 201144 4.905800 10.742290 PLAYER
816 201188 4.344430 16.071870 PLAYER
828 -1 3.170590 10.231280 BALL
828 2419 8.832920 46.322210 PLAYER
828 201593 11.606450 24.812340 PLAYER
828 201937 32.345700 23.603940 PLAYER
828 203952 2.132520 29.007060 PLAYER
828 1626157 3.587000 11.368190 PLAYER
828 2216 7.454340 26.761620 PLAYER
828 2440 18.021580 23.313610 PLAYER
828 201584 13.685380 36.259290 PLAYER
828 201144 4.866320 10.870850 PLAYER
828 201188 4.419970 16.114590 PLAYER
840 -1 3.862700 10.930390 BALL
840 2419 8.753050 46.144040 PLAYER
840 201593 11.712700 24.067720 PLAYER
840 201937 32.204870 22.262750 PLAYER
840 203952 2.244370 28.409000 PLAYER
840 1626157 3.776160 11.142250 PLAYER
840 2216 7.776640 26.569520 PLAYER
840 2440 18.025390 23.233280 PLAYER
840 201584 13.036100 36.394250 PLAYER
840 201144 4.912710 11.030200 PLAYER
840 201188 4.503420 16.212720 PLAYER
852 -1 8.383760 12.359700 BALL
852 2419 8.725630 45.962720 PLAYER
852 201593 11.696570 23.430150 PLAYER
852 201937 31.993990 20.950120 PLAYER
852 203952 2.375100 28.024540 PLAYER
852 1626157 3.725290 11.106080 PLAYER
852 2216 7.836690 26.262260 PLAYER
852 2440 18.153130 23.256880 PLAYER
852 201584 12.448900 36.602340 PLAYER
852 201144 4.968190 11.220910 PLAYER
852 201188 4.721660 16.308650 PLAYER
864 -1 12.967730 13.584160 BALL
864 2419 8.777120 45.776530 PLAYER
864 201593 11.746430 22.835670 PLAYER
864 201937 31.654700 19.811900 PLAYER
864 203952 2.499360 27.812040 PLAYER
864 1626157 3.538980 11.305010 PLAYER
864 2216 7.680550 25.990560 PLAYER
864 2440 18.366850 23.178840 PLAYER
864 201584 11.907100 36.837420 PLAYER
864 201144 5.118460 11.446820 PLAYER
864 201188 4.953900 16.492150 PLAYER
876 -1 17.511180 14.866930 BALL
876 2419 8.969180 45.637640 PLAYER
876 201593 11.897940 22.393310 PLAYER
876 201937 31.241430 18.908170 PLAYER
876 203952 2.537590 27.817500 PLAYER
876 1626157 3.345090 11.423020 PLAYER
876 2216 7.459410 25.773620 PLAYER
876 2440 18.647640 23.035360 PLAYER
876 201584 11.539380 37.082110 PLAYER
876 201144 5.363840 11.729900 PLAYER
876 201188 5.226510 16.690150 PLAYER
888 -1 21.899820 16.056440 BALL
888 2419 9.403350 45.539830 PLAYER
888 201593 12.117540 22.000890 PLAYER
888 201937 30.800750 18.195670 PLAYER
888 203952 2.516480 27.966010 PLAYER
888 1626157 3.054200 11.596330 PLAYER
888 2216 7.317180 25.596730 PLAYER
888 2440 19.010100 22.693520 PLAYER
888 201584 11.307260 37.375980 PLAYER
888 201144 5.588390 12.000310 PLAYER
888 201188 5.533540 16.909970 PLAYER
900 -1 26.532730 17.325170 BALL
900 2419 9.870210 45.453140 PLAYER
900 201593 12.392220 21.673470 PLAYER
900 201937 30.404650 17.634590 PLAYER
900 203952 2.494090 28.104950 PLAYER
900 1626157 2.705910 11.964880 PLAYER
900 2216 7.221890 25.444610 PLAYER
900 2440 19.452160 22.229850 PLAYER
900 201584 11.202420 37.662860 PLAYER
900 201144 5.863620 12.326640 PLAYER
900 201188 5.840920 17.194330 PLAYER
912 -1 28.641770 17.701040 BALL
912 2419 10.418900 45.356810 PLAYER
912 201593 12.836620 21.311900 PLAYER
912 201937 30.051170 17.255370 PLAYER
912 203952 2.498990 28.257440 PLAYER
912 1626157 2.499720 12.092370 PLAYER
912 2216 7.117120 25.378800 PLAYER
912 2440 19.996350 21.572640 PLAYER
912 201584 11.193880 37.855470 PLAYER
912 201144 6.170360 12.680690 PLAYER
912 201188 6.174760 17.544290 PLAYER
924 -1 29.020950 16.579680 BALL
924 2419 11.047950 45.258760 PLAYER
924 201593 13.237590 20.924030 PLAYER
924 201937 29.772690 16.886910 PLAYER
924 203952 2.567480 28.535490 PLAYER
924 1626157 2.427090 11.994400 PLAYER
924 2216 7.004160 25.359910 PLAYER
924 2440 20.591520 20.932530 PLAYER
924 201584 11.287230 37.947490 PLAYER
924 201144 6.452790 13.021280 PLAYER
924 201188 6.568160 17.886100 PLAYER
936 -1 29.247270 15.615050 BALL
936 2419 11.709870 45.107310 PLAYER
936 201593 13.687250 20.371680 PLAYER
936 201937 29.508490 16.481430 PLAYER
936 203952 2.714510 28.885400 PLAYER
936 1626157 2.463070 11.692150 PLAYER
936 2216 6.798840 25.412400 PLAYER
936 2440 21.192900 20.276450 PLAYER
936 201584 11.428710 37.953410 PLAYER
936 201144 6.638120 13.361330 PLAYER
936 201188 7.051380 18.207530 PLAYER
948 -1 28.875320 15.304970 BALL
948 2419 12.325380 44.949010 PLAYER
948 201593 14.101590 19.869720 PLAYER
948 201937 29.282140 16.102070 PLAYER
948 203952 2.958090 29.297750 PLAYER
948 1626157 2.434730 11.465520 PLAYER
948 2216 6.421840 25.557400 PLAYER
948 2440 21.717310 19.717830 PLAYER
948 201584 11.611250 37.886190 PLAYER
948 201144 6.770330 13.694350 PLAYER
948 201188 7.554020 18.543270 PLAYER
960 -1 28.002200 14.705600 BALL
960 2419 13.032590 44.776140 PLAYER
960 201593 14.544260 19.383710 PLAYER
960 201937 29.050550 15.812960 PLAYER
960 203952 3.230380 29.729380 PLAYER
960 1626157 2.525880 11.267290 PLAYER
960 2216 6.065870 25.890220 PLAYER
960 2440 22.155080 19.283020 PLAYER
960 201584 11.847400 37.771800 PLAYER
960 201144 6.916020 13.923510 PLAYER
960 201188 8.127710 18.762220 PLAYER
972 -1 27.685570 14.509260 BALL
972 2419 13.795240 44.583720 PLAYER
972 201593 15.014380 18.920160 PLAYER
972 201937 28.856490 15.571140 PLAYER
972 203952 3.548260 30.147850 PLAYER
972 1626157 2.666820 10.804530 PLAYER
972 2216 5.646410 26.196550 PLAYER
972 2440 22.430410 18.975180 PLAYER
972 201584 12.160530 37.626950 PLAYER
972 201144 7.120930 14.022940 PLAYER
972 201188 8.756980 18.918920 PLAYER
984 -1 27.768160 14.362590 BALL
984 2419 14.593570 44.371160 PLAYER
984 201593 15.642660 18.363260 PLAYER
984 201937 28.767540 15.454890 PLAYER
984 203952 3.932870 30.485060 PLAYER
984 1626157 2.843080 10.204290 PLAYER
984 2216 5.548040 26.557700 PLAYER
984 2440 22.604410 18.748590 PLAYER
984 201584 12.548080 37.489440 PLAYER
984 201144 7.350110 13.991980 PLAYER
984 201188 9.382980 19.019790 PLAYER
996 -1 27.823680 14.557830 BALL
996 2419 15.358670 44.152430 PLAYER
996 201593 16.298520 17.997130 PLAYER
996 201937 28.780970 15.464730 PLAYER
996 203952 4.419410 30.775320 PLAYER
996 1626157 2.976510 9.605740 PLAYER
996 2216 5.491430 26.911250 PLAYER
996 2440 22.737730 18.611340 PLAYER
996 201584 13.006210 37.399410 PLAYER
996 201144 7.639540 13.804730 PLAYER
996 201188 9.999500 19.042290 PLAYER
1008 -1 28.206640 14.960880 BALL
1008 2419 16.091650 43.910570 PLAYER
1008 201593 17.092820 17.687330 PLAYER
1008 201937 28.849070 15.557950 PLAYER
1008 203952 4.995670 31.014240 PLAYER
1008 1626157 3.260530 8.698540 PLAYER
1008 2216 5.672810 27.298000 PLAYER
1008 2440 22.915200 18.510570 PLAYER
1008 201584 13.517540 37.343920 PLAYER
1008 201144 7.968180 13.476690 PLAYER
1008 201188 10.698520 19.015490 PLAYER
1020 -1 28.084540 15.359800 BALL
1020 2419 16.808180 43.690370 PLAYER
1020 201593 17.905630 17.336530 PLAYER
1020 201937 28.932170 15.683620 PLAYER
1020 203952 5.605650 31.191260 PLAYER
1020 1626157 3.521860 7.705540 PLAYER
1020 2216 5.916490 27.554760 PLAYER
1020 2440 23.140350 18.359300 PLAYER
1020 201584 14.046380 37.301770 PLAYER
1020 201144 8.283010 13.108800 PLAYER
1020 201188 11.403990 18.982150 PLAYER
1032 -1 27.914690 15.786840 BALL
1032 2419 17.483840 43.537740 PLAYER
1032 201593 18.740580 17.033030 PLAYER
1032 201937 28.987940 15.787940 PLAYER
1032 203952 6.295650 31.398980 PLAYER
1032 1626157 3.715900 6.888050 PLAYER
1032 2216 6.291730 27.913930 PLAYER
1032 2440 23.387440 18.182460 PLAYER
1032 201584 14.562520 37.242860 PLAYER
1032 201144 8.590160 12.770770 PLAYER
1032 201188 12.090910 18.829920 PLAYER
1044 -1 27.942920 15.212130 BALL
1044 2419 18.061690 43.476320 PLAYER
1044 201593 19.522650 16.830740 PLAYER
1044 201937 28.965530 15.750340 PLAYER
1044 203952 7.045410 31.615640 PLAYER
1044 1626157 3.828590 6.213160 PLAYER
1044 2216 6.456030 28.254270 PLAYER
1044 2440 23.593580 18.015010 PLAYER
1044 201584 15.040560 37.158020 PLAYER
1044 201144 8.899330 12.483260 PLAYER
1044 201188 12.735440 18.581040 PLAYER
1056 -1 28.098710 14.332070 BALL
1056 2419 18.572990 43.483670 PLAYER
1056 201593 20.312750 16.640130 PLAYER
1056 201937 28.896860 15.570750 PLAYER
1056 203952 7.747610 31.770590 PLAYER
1056 1626157 3.912580 5.676060 PLAYER
1056 2216 6.750400 28.494280 PLAYER
1056 2440 23.763910 17.824020 PLAYER
1056 201584 15.467440 37.026710 PLAYER
1056 201144 9.200910 12.255320 PLAYER
1056 201188 13.345730 18.310280 PLAYER
1068 -1 28.231650 13.694890 BALL
1068 2419 18.987050 43.538270 PLAYER
1068 201593 21.042580 16.410560 PLAYER
1068 201937 28.716490 15.197180 PLAYER
1068 203952 8.439900 31.848430 PLAYER
1068 1626157 3.890540 5.308000 PLAYER
1068 2216 7.004420 28.657700 PLAYER
1068 2440 23.870900 17.622210 PLAYER
1068 201584 15.864370 36.873850 PLAYER
1068 201144 9.484720 12.047790 PLAYER
1068 201188 14.073100 17.988720 PLAYER
1080 -1 28.367980 13.169370 BALL
1080 2419 19.282170 43.614930 PLAYER
1080 201593 21.738530 16.174500 PLAYER
1080 201937 28.368180 14.634430 PLAYER
1080 203952 9.195630 31.827670 PLAYER
1080 1626157 3.833190 4.980710 PLAYER
1080 2216 7.312940 28.822010 PLAYER
1080 2440 23.855620 17.451870 PLAYER
1080 201584 16.245160 36.709150 PLAYER
1080 201144 9.730900 11.830470 PLAYER
1080 201188 14.814080 17.611300 PLAYER
1092 -1 27.971840 12.498470 BALL
1092 2419 19.424200 43.680930 PLAYER
1092 201593 22.315760 15.949810 PLAYER
1092 201937 27.876000 13.921920 PLAYER
1092 203952 9.843810 31.778750 PLAYER
1092 1626157 3.723460 4.769610 PLAYER
1092 2216 7.682920 28.904270 PLAYER
1092 2440 23.825800 17.256660 PLAYER
1092 201584 16.598680 36.563120 PLAYER
1092 201144 9.932270 11.574860 PLAYER
1092 201188 15.351290 17.196710 PLAYER
1104 -1 27.325500 11.940220 BALL
1104 2419 19.439470 43.723790 PLAYER
1104 201593 22.760950 15.755610 PLAYER
1104 201937 27.321360 13.219140 PLAYER
1104 203952 10.383040 31.813220 PLAYER
1104 1626157 3.618260 4.597800 PLAYER
1104 2216 8.065690 28.955750 PLAYER
1104 2440 23.889680 17.016750 PLAYER
1104 201584 16.917570 36.433720 PLAYER
1104 201144 10.090160 11.285440 PLAYER
1104 201188 15.901100 16.795710 PLAYER
1116 -1 26.211860 11.456840 BALL
1116 2419 19.334580 43.738720 PLAYER
1116 201593 23.092970 15.491050 PLAYER
1116 201937 26.647070 12.546440 PLAYER
1116 203952 10.922740 32.039480 PLAYER
1116 1626157 3.426050 4.681260 PLAYER
1116 2216 8.405380 29.012970 PLAYER
1116 2440 24.093570 16.705630 PLAYER
1116 201584 17.197270 36.295610 PLAYER
1116 201144 10.218650 10.983000 PLAYER
1116 201188 16.410590 16.368390 PLAYER
1128 -1 24.888410 10.381210 BALL
1128 2419 19.132890 43.729150 PLAYER
1128 201593 23.309580 15.173350 PLAYER
1128 201937 25.835150 11.913970 PLAYER
1128 203952 11.300330 32.328750 PLAYER
1128 1626157 3.129200 5.048050 PLAYER
1128 2216 8.723620 29.105610 PLAYER
1128 2440 24.374770 16.386310 PLAYER
1128 201584 17.381720 36.102290 PLAYER
1128 201144 10.310940 10.715410 PLAYER
1128 201188 16.695350 15.895960 PLAYER
1140 -1 24.005950 9.732730 BALL
1140 2419 18.918170 43.705740 PLAYER
1140 201593 23.401780 14.841560 PLAYER
1140 201937 24.882480 11.352690 PLAYER
1140 203952 11.537970 32.751840 PLAYER
1140 1626157 2.855520 5.709120 PLAYER
1140 2216 8.981220 29.059030 PLAYER
1140 2440 24.745930 15.972680 PLAYER
1140 201584 17.449030 35.796780 PLAYER
1140 201144 10.356910 10.511330 PLAYER
1140 201188 16.855980 15.441010 PLAYER
1152 -1 23.139430 9.235330 BALL
1152 2419 18.737670 43.650970 PLAYER
1152 201593 23.435480 14.509990 PLAYER
1152 201937 23.767810 10.860520 PLAYER
1152 203952 11.731280 33.193300 PLAYER
1152 1626157 2.570980 6.698650 PLAYER
1152 2216 9.131450 28.954460 PLAYER
1152 2440 25.092420 15.356880 PLAYER
1152 201584 17.398940 35.388970 PLAYER
1152 201144 10.350350 10.373750 PLAYER
1152 201188 17.070760 15.081970 PLAYER
1164 -1 21.986700 8.720010 BALL
1164 2419 18.663740 43.552040 PLAYER
1164 201593 23.423210 14.177150 PLAYER
1164 201937 22.503300 10.437000 PLAYER
1164 203952 11.838860 33.519310 PLAYER
1164 1626157 2.248680 7.780590 PLAYER
1164 2216 9.180900 28.775570 PLAYER
1164 2440 25.236620 14.605420 PLAYER
1164 201584 17.255680 34.991970 PLAYER
1164 201144 10.298670 10.273300 PLAYER
1164 201188 17.088390 14.737860 PLAYER
1176 -1 19.905100 7.960830 BALL
1176 2419 18.782640 43.420440 PLAYER
1176 201593 23.263580 13.851820 PLAYER
1176 201937 21.299810 10.048640 PLAYER
1176 203952 11.817870 33.669320 PLAYER
1176 1626157 2.037670 8.856520 PLAYER
1176 2216 9.180370 28.639980 PLAYER
1176 2440 25.108210 13.867680 PLAYER
1176 201584 17.113860 34.513770 PLAYER
1176 201144 10.202720 10.160400 PLAYER
1176 201188 16.855480 14.448660 PLAYER
1188 -1 16.000700 9.875090 BALL
1188 2419 19.065330 43.253160 PLAYER
1188 201593 23.028840 13.613970 PLAYER
1188 201937 20.195410 9.676390 PLAYER
1188 203952 11.785820 33.772300 PLAYER
1188 1626157 1.987320 9.997380 PLAYER
1188 2216 9.130500 28.439790 PLAYER
1188 2440 24.702200 13.084650 PLAYER
1188 201584 16.942310 34.004200 PLAYER
1188 201144 10.016330 10.188480 PLAYER
1188 201188 16.470710 14.221900 PLAYER
1200 -1 11.476670 12.981880 BALL
1200 2419 19.427890 43.021490 PLAYER
1200 201593 22.751080 13.591820 PLAYER
1200 201937 19.309810 9.343130 PLAYER
1200 203952 11.713270 33.775260 PLAYER
1200 1626157 1.987020 11.194640 PLAYER
1200 2216 9.019780 28.283000 PLAYER
1200 2440 24.139820 12.333930 PLAYER
1200 201584 16.769610 33.540700 PLAYER
1200 201144 9.705190 10.371610 PLAYER
1200 201188 15.944250 14.047930 PLAYER
1212 -1 8.559570 14.930340 BALL
1212 2419 19.855090 42.701750 PLAYER
1212 201593 22.150180 13.849660 PLAYER
1212 201937 18.714640 9.102610 PLAYER
1212 203952 11.614040 33.653040 PLAYER
1212 1626157 2.138710 12.475750 PLAYER
1212 2216 8.845710 28.077410 PLAYER
1212 2440 23.359200 11.703120 PLAYER
1212 201584 16.622030 33.104280 PLAYER
1212 201144 9.300290 10.733520 PLAYER
1212 201188 15.313870 13.847270 PLAYER
1224 -1 6.144320 16.632460 BALL
1224 2419 20.345630 42.283100 PLAYER
1224 201593 21.508210 14.199920 PLAYER
1224 201937 18.424120 8.896310 PLAYER
1224 203952 11.466540 33.400220 PLAYER
1224 1626157 2.412130 14.068960 PLAYER
1224 2216 8.600850 27.742750 PLAYER
1224 2440 22.418020 11.195310 PLAYER
1224 201584 16.449620 32.591960 PLAYER
1224 201144 8.811390 11.350630 PLAYER
1224 201188 14.652000 13.709890 PLAYER
1236 -1 3.819470 18.242490 BALL
1236 2419 20.787510 41.814300 PLAYER
1236 201593 20.785370 14.761560 PLAYER
1236 201937 18.310130 8.695810 PLAYER
1236 203952 11.335950 33.001920 PLAYER
1236 1626157 2.724120 15.739740 PLAYER
1236 2216 8.190900 27.247460 PLAYER
1236 2440 21.456980 10.820790 PLAYER
1236 201584 16.079260 32.157060 PLAYER
1236 201144 8.169610 12.312560 PLAYER
1236 201188 13.988540 13.742350 PLAYER
1248 -1 3.443150 19.101740 BALL
1248 2419 21.224350 41.309770 PLAYER
1248 201593 20.013270 15.495100 PLAYER
1248 201937 18.426070 8.537150 PLAYER
1248 203952 11.271510 32.535170 PLAYER
1248 1626157 3.090190 17.495950 PLAYER
1248 2216 7.738610 26.605240 PLAYER
1248 2440 20.542560 10.568080 PLAYER
1248 201584 15.627000 31.765400 PLAYER
1248 201144 7.580960 13.396530 PLAYER
1248 201188 13.307140 13.842350 PLAYER
1260 -1 3.600680 20.591980 BALL
1260 2419 21.700860 40.795500 PLAYER
1260 201593 19.200610 16.084420 PLAYER
1260 201937 18.731750 8.380130 PLAYER
1260 203952 11.201440 32.017770 PLAYER
1260 1626157 3.499380 19.188040 PLAYER
1260 2216 7.268410 25.959170 PLAYER
1260 2440 19.623400 10.412750 PLAYER
1260 201584 15.077600 31.430470 PLAYER
1260 201144 7.058740 14.601580 PLAYER
1260 201188 12.618640 13.946540 PLAYER
1272 -1 3.718400 22.618110 BALL
1272 2419 22.192690 40.299240 PLAYER
1272 201593 18.639680 16.447630 PLAYER
1272 201937 19.191530 8.185590 PLAYER
1272 203952 11.048920 31.495910 PLAYER
1272 1626157 3.838090 20.690060 PLAYER
1272 2216 6.821470 25.471610 PLAYER
1272 2440 18.841560 10.373890 PLAYER
1272 201584 14.394240 31.201240 PLAYER
1272 201144 6.651640 15.863340 PLAYER
1272 201188 12.014190 14.245600 PLAYER
1284 -1 4.021370 22.456470 BALL
1284 2419 22.685200 39.883870 PLAYER
1284 201593 18.053650 16.864520 PLAYER
1284 201937 19.742520 7.961450 PLAYER
1284 203952 10.870440 30.925710 PLAYER
1284 1626157 4.169150 21.885890 PLAYER
1284 2216 6.557510 25.108680 PLAYER
1284 2440 18.248240 10.366600 PLAYER
1284 201584 13.744300 31.127680 PLAYER
1284 201144 6.277220 17.064890 PLAYER
1284 201188 11.475120 14.544660 PLAYER
1296 -1 4.298280 22.128930 BALL
1296 2419 23.219080 39.492980 PLAYER
1296 201593 17.561580 17.257740 PLAYER
1296 201937 20.349860 7.746560 PLAYER
1296 203952 10.623490 30.447020 PLAYER
1296 1626157 4.544140 22.848380 PLAYER
1296 2216 6.508720 24.924820 PLAYER
1296 2440 17.702550 10.281490 PLAYER
1296 201584 13.174950 31.164190 PLAYER
1296 201144 6.002910 18.123850 PLAYER
1296 201188 11.213780 14.828710 PLAYER
1308 -1 5.127490 23.005900 BALL
1308 2419 23.752120 39.089350 PLAYER
1308 201593 17.146020 17.510630 PLAYER
1308 201937 21.031990 7.594760 PLAYER
1308 203952 10.264380 29.985160 PLAYER
1308 1626157 4.780930 23.618180 PLAYER
1308 2216 6.558160 25.035670 PLAYER
1308 2440 17.306170 10.183560 PLAYER
1308 201584 12.576080 31.330020 PLAYER
1308 201144 5.672370 19.144910 PLAYER
1308 201188 10.949540 15.064960 PLAYER
1320 -1 5.014960 23.157460 BALL
1320 2419 24.306500 38.681790 PLAYER
1320 201593 16.809860 17.833940 PLAYER
1320 201937 21.744300 7.542950 PLAYER
1320 203952 9.871000 29.545380 PLAYER
1320 1626157 5.026490 24.221650 PLAYER
1320 2216 6.682850 25.345880 PLAYER
1320 2440 17.063460 10.067620 PLAYER
1320 201584 12.110650 31.588650 PLAYER
1320 201144 5.238670 19.982360 PLAYER
1320 201188 10.814110 15.344760 PLAYER
1332 -1 4.797230 23.542730 BALL
1332 2419 24.878550 38.287870 PLAYER
1332 201593 16.644310 18.196820 PLAYER
1332 201937 22.475600 7.538290 PLAYER
1332 203952 9.555960 29.123110 PLAYER
1332 1626157 5.359370 24.491050 PLAYER
1332 2216 6.802560 25.675200 PLAYER
1332 2440 16.911830 9.881690 PLAYER
1332 201584 11.719280 31.877640 PLAYER
1332 201144 4.814600 20.574140 PLAYER
1332 201188 10.724430 15.549940 PLAYER
1344 -1 4.685700 24.080820 BALL
1344 2419 25.413130 37.879870 PLAYER
1344 201593 16.534260 18.526640 PLAYER
1344 201937 23.189670 7.578810 PLAYER
1344 203952 9.353350 28.818240 PLAYER
1344 1626157 5.694040 24.756710 PLAYER
1344 2216 6.769020 25.846060 PLAYER
1344 2440 16.855950 9.639490 PLAYER
1344 201584 11.276850 32.169190 PLAYER
1344 201144 4.469620 21.006710 PLAYER
1344 201188 10.760870 15.819410 PLAYER
1356 -1 4.910220 24.535920 BALL
1356 2419 25.940900 37.457360 PLAYER
1356 201593 16.535300 18.811570 PLAYER
1356 201937 23.929300 7.684690 PLAYER
1356 203952 9.271290 28.534480 PLAYER
1356 1626157 5.815410 25.034900 PLAYER
1356 2216 6.648130 25.899810 PLAYER
1356 2440 16.950240 9.368030 PLAYER
1356 201584 10.872770 32.491720 PLAYER
1356 201144 4.066220 21.533910 PLAYER
1356 201188 10.635580 16.117710 PLAYER
1368 -1 5.342470 24.941550 BALL
1368 2419 26.495360 37.056610 PLAYER
1368 201593 16.641160 19.106810 PLAYER
1368 201937 24.692560 7.836260 PLAYER
1368 203952 9.338840 28.274550 PLAYER
1368 1626157 6.036720 25.068220 PLAYER
1368 2216 6.405310 25.973180 PLAYER
1368 2440 17.097380 9.042300 PLAYER
1368 201584 10.589520 32.833430 PLAYER
1368 201144 3.672990 21.895990 PLAYER
1368 201188 10.831320 16.265440 PLAYER
1380 -1 5.632540 24.986500 BALL
1380 2419 27.046450 36.671460 PLAYER
1380 201593 16.868660 19.416330 PLAYER
1380 201937 25.531950 8.032480 PLAYER
1380 203952 9.589860 28.024850 PLAYER
1380 1626157 6.195350 25.130850 PLAYER
1380 2216 6.267350 25.812400 PLAYER
1380 2440 17.277790 8.675340 PLAYER
1380 201584 10.299900 33.187300 PLAYER
1380 201144 3.371190 22.210950 PLAYER
1380 201188 11.054370 16.488860 PLAYER
1392 -1 5.870880 25.236290 BALL
1392 2419 27.652800 36.291890 PLAYER
1392 201593 17.094980 19.767080 PLAYER
1392 201937 26.436310 8.322210 PLAYER
1392 203952 9.984210 27.838840 PLAYER
1392 1626157 6.272410 25.403650 PLAYER
1392 2216 6.532250 25.794880 PLAYER
1392 2440 17.506440 8.301570 PLAYER
1392 201584 10.132640 33.593490 PLAYER
1392 201144 2.987820 22.515770 PLAYER
1392 201188 11.336420 16.666560 PLAYER
1404 -1 6.104830 25.478870 BALL
1404 2419 28.289940 35.913790 PLAYER
1404 201593 17.503310 20.146750 PLAYER
1404 201937 27.430830 8.695360 PLAYER
1404 203952 10.528530 27.644210 PLAYER
1404 1626157 6.358090 25.674100 PLAYER
1404 2216 6.953920 25.926030 PLAYER
1404 2440 17.773040 7.904040 PLAYER
1404 201584 10.102840 34.015830 PLAYER
1404 201144 2.563140 22.822200 PLAYER
1404 201188 11.653270 16.806320 PLAYER
1416 -1 5.892300 25.479480 BALL
1416 2419 28.927070 35.530390 PLAYER
1416 201593 18.026180 20.547340 PLAYER
1416 201937 28.469340 9.143350 PLAYER
1416 203952 11.191490 27.393340 PLAYER
1416 1626157 6.670100 26.044080 PLAYER
1416 2216 7.462150 26.114430 PLAYER
1416 2440 18.076420 7.474280 PLAYER
1416 201584 10.190240 34.419730 PLAYER
1416 201144 2.238270 22.880320 PLAYER
1416 201188 12.129770 16.827870 PLAYER
1428 -1 5.690350 25.464690 BALL
1428 2419 29.566500 35.149230 PLAYER
1428 201593 18.659610 20.933800 PLAYER
1428 201937 29.539020 9.616930 PLAYER
1428 203952 11.857910 27.203290 PLAYER
1428 1626157 7.061130 26.535090 PLAYER
1428 2216 8.079720 26.179810 PLAYER
1428 2440 18.472430 7.027710 PLAYER
1428 201584 10.393510 34.810270 PLAYER
1428 201144 1.947140 22.873630 PLAYER
1428 201188 12.513480 17.021560 PLAYER
1440 -1 5.468520 25.327130 BALL
1440 2419 30.220690 34.758260 PLAYER
1440 201593 19.386990 21.348920 PLAYER
1440 201937 30.614170 10.063830 PLAYER
1440 203952 12.645790 27.015950 PLAYER
1440 1626157 7.559750 26.843210 PLAYER
1440 2216 8.668460 26.358830 PLAYER
1440 2440 18.989420 6.545340 PLAYER
1440 201584 10.678590 35.171790 PLAYER
1440 201144 1.699300 22.801050 PLAYER
1440 201188 12.972240 17.111780 PLAYER
1452 -1 5.167230 24.995840 BALL
1452 2419 30.856750 34.345420 PLAYER
1452 201593 20.258740 21.722350 PLAYER
1452 201937 31.736920 10.537570 PLAYER
1452 203952 13.599480 26.782120 PLAYER
1452 1626157 7.947900 27.162940 PLAYER
1452 2216 9.018900 26.315930 PLAYER
1452 2440 19.587750 6.044320 PLAYER
1452 201584 11.024790 35.475440 PLAYER
1452 201144 1.511760 22.719450 PLAYER
1452 201188 13.455210 17.191240 PLAYER
1464 -1 4.851200 24.667230 BALL
1464 2419 31.523310 33.914130 PLAYER
1464 201593 21.252700 22.032420 PLAYER
1464 201937 32.896370 10.992620 PLAYER
1464 203952 14.595030 26.556340 PLAYER
1464 1626157 8.388550 27.484350 PLAYER
1464 2216 9.309050 26.328080 PLAYER
1464 2440 20.335070 5.565350 PLAYER
1464 201584 11.415070 35.730120 PLAYER
1464 201144 1.352160 22.612520 PLAYER
1464 201188 13.967440 17.232920 PLAYER
1476 -1 4.525610 24.395840 BALL
1476 2419 32.280820 33.532630 PLAYER
1476 201593 22.368400 22.301740 PLAYER
1476 201937 34.100500 11.431390 PLAYER
1476 203952 15.646930 26.329010 PLAYER
1476 1626157 8.863420 27.723670 PLAYER
1476 2216 9.547460 26.478060 PLAYER
1476 2440 21.190640 5.104800 PLAYER
1476 201584 11.828200 35.989280 PLAYER
1476 201144 1.177350 22.526890 PLAYER
1476 201188 14.439660 17.107910 PLAYER
1488 -1 4.116800 24.105750 BALL
1488 2419 33.202610 33.260730 PLAYER
1488 201593 23.574720 22.576590 PLAYER
1488 201937 35.319490 11.892440 PLAYER
1488 203952 16.864420 26.001090 PLAYER
1488 1626157 9.394820 27.991340 PLAYER
1488 2216 9.743200 26.743460 PLAYER
1488 2440 22.138890 4.632710 PLAYER
1488 201584 12.258260 36.256230 PLAYER
1488 201144 1.018640 22.486350 PLAYER
1488 201188 14.999710 17.083940 PLAYER