0 -1 86.386480 7.546900
0 201162 62.944520 13.776880
0 202066 57.712620 35.799910
0 101162 86.105340 13.269710
0 202322 85.391100 8.894930
0 203490 55.363300 40.876610
0 2548 52.400660 11.065550
0 2547 45.522100 21.804130
0 2736 46.319650 37.698630
0 201609 61.650170 35.546640
0 202355 80.818020 24.203180
12 -1 83.385470 6.750490
12 201162 61.957230 14.658560
12 202066 56.228850 36.541180
12 101162 85.114720 12.444340
12 202322 84.161530 7.616940
12 203490 53.673380 41.515820
12 2548 50.946250 11.107770
12 2547 44.228810 21.784790
12 2736 44.787450 37.388200
12 201609 59.980920 34.554230
12 202355 79.583480 23.647420
24 -1 81.121410 6.521350
24 201162 61.032270 15.588740
24 202066 54.769430 37.335250
24 101162 83.920670 11.752030
24 202322 82.608080 6.571300
24 203490 51.909890 42.146560
24 2548 49.490070 11.113870
24 2547 42.888910 21.797200
24 2736 43.235220 37.170850
24 201609 58.280140 33.572150
24 202355 78.204660 23.140980
36 -1 79.080950 6.225340
36 201162 60.107130 16.595890
36 202066 53.294290 38.068310
36 101162 82.530500 11.156980
36 202322 80.929220 5.763430
36 203490 50.146240 42.694740
36 2548 48.025830 11.230130
36 2547 41.550320 21.857250
36 2736 41.543050 37.048980
36 201609 56.603550 32.603380
36 202355 76.671860 22.711430
48 -1 77.178550 5.757560
48 201162 59.180670 17.639900
48 202066 51.859440 38.808520
48 101162 80.957780 10.755280
48 202322 79.110400 5.153230
48 203490 48.349370 43.205110
48 2548 46.580270 11.343540
48 2547 40.216270 21.992240
48 2736 39.945190 36.917820
48 201609 54.953250 31.650130
48 202355 75.030320 22.313070
60 -1 76.626700 5.929410
60 201162 58.268220 18.713020
60 202066 50.396160 39.549620
60 101162 79.338620 10.503190
60 202322 77.165210 4.694900
60 203490 46.504420 43.657610
60 2548 45.145570 11.432910
60 2547 38.877790 22.139890
60 2736 38.385310 36.885350
60 201609 53.273040 30.800800
60 202355 73.304950 22.087640
72 -1 74.769210 5.841410
72 201162 57.389320 19.796720
72 202066 48.905980 40.271440
72 101162 77.569720 10.331990
72 202322 75.037500 4.409650
72 203490 44.672640 44.030700
72 2548 43.713360 11.514720
72 2547 37.545940 22.327520
72 2736 36.859120 36.856500
72 201609 51.653510 30.041440
72 202355 71.490940 21.829440
84 -1 71.677280 5.534380
84 201162 56.430900 20.898150
84 202066 47.401100 40.853170
84 101162 75.757050 10.277020
84 202322 72.768940 4.282640
84 203490 42.782300 44.387810
84 2548 42.249660 11.613010
84 2547 36.239700 22.537880
84 2736 35.344620 36.652970
84 201609 50.057750 29.402760
84 202355 69.548400 21.597660
96 -1 68.296680 5.079080
96 201162 55.437880 21.931590
96 202066 45.924910 41.413160
96 101162 73.877680 10.338670
96 202322 70.421440 4.263190
96 203490 40.891690 44.714270
96 2548 40.791270 11.700380
96 2547 34.940310 22.761610
96 2736 33.959490 36.397290
96 201609 48.434020 28.926180
96 202355 67.623500 21.434640
108 -1 64.777750 4.705990
108 201162 54.446580 22.899610
108 202066 44.434420 41.862680
108 101162 71.930710 10.494380
108 202322 67.937870 4.257900
108 203490 39.000210 44.969780
108 2548 39.423990 11.850340
108 2547 33.637770 23.042720
108 2736 32.519750 36.229420
108 201609 46.801340 28.614560
108 202355 65.582360 21.330710
120 -1 62.830280 4.103870
120 201162 53.459670 23.783150
120 202066 42.973150 42.256740
120 101162 69.942590 10.676670
120 202322 65.337840 4.265900
120 203490 37.130040 45.199700
120 2548 38.115970 12.051940
120 2547 32.390220 23.443820
120 2736 31.045990 36.058320
120 201609 45.198650 28.401780
120 202355 63.496960 21.279690
132 -1 61.116000 3.691240
132 201162 52.403990 24.584660
132 202066 41.529160 42.668400
132 101162 67.924310 10.940830
132 202322 62.665280 4.454250
132 203490 35.274610 45.450250
132 2548 36.830120 12.229560
132 2547 31.198300 23.974610
132 2736 29.634070 35.919770
132 201609 43.542330 28.364940
132 202355 61.385530 21.249910
144 -1 59.104760 3.402030
144 201162 51.420480 25.330480
144 202066 40.058420 43.036200
144 101162 65.842220 11.269090
144 202322 60.013370 4.740060
144 203490 33.483920 45.690800
144 2548 35.593320 12.381210
144 2547 30.072040 24.486050
144 2736 28.251610 35.927570
144 201609 41.941380 28.430700
144 202355 59.243650 21.287230
156 -1 56.331990 3.918740
156 201162 50.430000 26.039630
156 202066 38.592710 43.333560
156 101162 63.751910 11.637940
156 202322 57.309130 5.096670
156 203490 31.708000 45.892140
156 2548 34.384380 12.542170
156 2547 28.968850 25.081640
156 2736 26.850270 35.988820
156 201609 40.447580 28.526600
156 202355 57.065820 21.371280
168 -1 53.055970 5.086980
168 201162 49.407890 26.714340
168 202066 37.172720 43.596230
168 101162 61.619110 12.035970
168 202322 54.601100 5.570150
168 203490 29.992360 46.051040
168 2548 33.054800 12.615530
168 2547 27.942090 25.652680
168 2736 25.451270 35.970810
168 201609 39.024240 28.668630
168 202355 54.869430 21.441130
180 -1 49.849190 6.642100
180 201162 48.342230 27.314210
180 202066 35.785220 43.849990
180 101162 59.469210 12.459840
180 202322 51.932810 6.189910
180 203490 28.279590 46.167930
180 2548 31.605830 12.674090
180 2547 26.959900 26.107810
180 2736 24.057820 35.905460
180 201609 37.662320 28.833870
180 202355 52.625900 21.534170
192 -1 46.966410 8.233240
192 201162 47.258710 27.799650
192 202066 34.434610 44.055340
192 101162 57.314880 12.886780
192 202322 49.241040 6.917220
192 203490 26.574310 46.186250
192 2548 30.313360 12.820770
192 2547 25.967710 26.483210
192 2736 22.672230 35.778510
192 201609 36.345650 29.038990
192 202355 50.345800 21.640990
204 -1 45.368810 9.118170
204 201162 46.096480 28.210900
204 202066 33.140020 44.244380
204 101162 55.154370 13.332100
204 202322 46.474240 7.757250
204 203490 24.881940 46.149620
204 2548 29.135900 13.016770
204 2547 24.987020 26.925740
204 2736 21.345880 35.592940
204 201609 35.055540 29.234450
204 202355 48.061120 21.756320
216 -1 43.666060 9.899420
216 201162 44.961870 28.576090
216 202066 31.867850 44.452980
216 101162 52.982660 13.791960
216 202322 43.700700 8.695120
216 203490 23.279020 46.048920
216 2548 27.968580 13.240770
216 2547 24.048000 27.321780
216 2736 20.072750 35.323410
216 201609 33.838860 29.414110
216 202355 45.758860 21.866470
228 -1 41.434050 10.835380
228 201162 43.897040 28.839910
228 202066 30.671740 44.618320
228 101162 50.899920 14.267450
228 202322 40.938250 9.568660
228 203490 21.723430 45.895240
228 2548 26.892040 13.562230
228 2547 23.134700 27.721740
228 2736 18.803380 35.026690
228 201609 32.715190 29.576420
228 202355 43.381630 21.945600
240 -1 38.333170 11.981160
240 201162 42.802280 29.032680
240 202066 29.570600 44.732480
240 101162 48.788630 14.762770
240 202322 38.145240 10.503570
240 203490 20.292090 45.636830
240 2548 25.939230 13.933340
240 2547 22.231470 28.132600
240 2736 17.611150 34.762010
240 201609 31.734590 29.718040
240 202355 41.037870 22.070000
252 -1 34.936130 13.354320
252 201162 41.714000 29.180430
252 202066 28.521580 44.784010
252 101162 46.702380 15.255870
252 202322 35.409470 11.686080
252 203490 19.024150 45.245540
252 2548 24.926010 14.409410
252 2547 21.426660 28.505740
252 2736 16.461760 34.451810
252 201609 30.834320 29.794340
252 202355 38.633830 22.189490
264 -1 32.600370 14.991620
264 201162 40.738090 29.214580
264 202066 27.583540 44.826370
264 101162 44.652960 15.711130
264 202322 32.744250 12.968500
264 203490 17.946150 44.708870
264 2548 23.918940 15.062030
264 2547 20.694860 28.911950
264 2736 15.394770 34.036670
264 201609 30.043610 29.770040
264 202355 36.280290 22.307690
276 -1 31.036620 16.060330
276 201162 39.765050 29.088460
276 202066 26.737530 44.853680
276 101162 42.623290 16.156150
276 202322 30.116930 14.341240
276 203490 16.925060 44.008000
276 2548 22.940510 15.842250
276 2547 19.950980 29.306900
276 2736 14.411820 33.446410
276 201609 29.337910 29.647900
276 202355 33.902580 22.469000
288 -1 28.017020 17.588020
288 201162 38.785790 28.852160
288 202066 25.941350 44.942540
288 101162 40.631930 16.594440
288 202322 27.455080 16.002860
288 203490 16.036090 43.156020
288 2548 21.996580 16.814810
288 2547 19.183070 29.674690
288 2736 13.537020 32.786870
288 201609 28.688050 29.448930
288 202355 31.605630 22.689930
300 -1 24.963650 19.575290
300 201162 37.881840 28.522400
300 202066 25.176840 45.034920
300 101162 38.767540 17.040160
300 202322 24.877210 17.815000
300 203490 15.297530 42.187900
300 2548 20.974020 17.937500
300 2547 18.446090 29.970530
300 2736 12.723410 31.963830
300 201609 27.964380 29.191600
300 202355 29.274820 22.919670
312 -1 23.147720 20.596760
312 201162 36.979560 28.125480
312 202066 24.511120 45.091260
312 101162 36.975930 17.491120
312 202322 22.486780 19.448410
312 203490 14.679980 41.164580
312 2548 19.908720 19.014920
312 2547 17.731410 30.151990
312 2736 12.026340 31.121890
312 201609 27.457840 28.812050
312 202355 27.067300 23.163970
324 -1 20.280280 22.054940
324 201162 36.071290 27.663250
324 202066 23.869290 45.098250
324 101162 35.253790 17.935970
324 202322 20.197970 20.954300
324 203490 14.198030 40.067680
324 2548 18.729150 19.996210
324 2547 16.933100 30.188410
324 2736 11.422360 30.415070
324 201609 27.046190 28.389110
324 202355 24.898460 23.444410
336 -1 18.142720 23.389620
336 201162 35.297280 27.163490
336 202066 23.302200 45.038990
336 101162 33.609470 18.312710
336 202322 18.097290 22.296920
336 203490 13.902630 38.958430
336 2548 17.382210 20.955600
336 2547 16.117200 30.134550
336 2736 10.952400 29.988000
336 201609 26.616180 28.010750
336 202355 22.852070 23.650300
348 -1 15.640590 24.472550
348 201162 34.588040 26.623160
348 202066 22.777290 44.915650
348 101162 32.026570 18.664620
348 202322 16.294100 23.515280
348 203490 13.675340 37.852460
348 2548 15.914450 21.790220
348 2547 15.368950 30.059470
348 2736 10.520930 29.771660
348 201609 26.215720 27.611010
348 202355 20.896910 23.918520
360 -1 14.103310 24.485920
360 201162 33.964150 26.039730
360 202066 22.287800 44.757860
360 101162 30.552750 18.957780
360 202322 14.674960 24.479070
360 203490 13.589800 36.781700
360 2548 14.540440 22.471630
360 2547 14.674950 29.996890
360 2736 10.144550 29.850240
360 201609 25.933570 27.152540
360 202355 19.070120 24.162320
372 -1 13.187800 25.110820
372 201162 33.457810 25.428370
372 202066 21.813400 44.665420
372 101162 29.228480 19.205020
372 202322 13.193900 25.739170
372 203490 13.362400 35.778360
372 2548 13.223200 23.303500
372 2547 13.968080 30.013200
372 2736 9.786130 30.237740
372 201609 25.590100 26.735530
372 202355 17.304650 24.362810
384 -1 12.553610 27.771160
384 201162 32.994160 24.842290
384 202066 21.333540 44.664420
384 101162 28.047420 19.424470
384 202322 11.870250 26.974170
384 203490 13.047300 34.870320
384 2548 11.748710 24.062880
384 2547 13.453340 30.069240
384 2736 9.439780 30.801900
384 201609 25.272410 26.336050
384 202355 15.613960 24.413090
396 -1 13.220570 31.385850
396 201162 32.521350 24.303890
396 202066 20.800960 44.713830
396 101162 26.968140 19.657980
396 202322 10.813280 28.127170
396 203490 12.768590 33.935890
396 2548 10.529240 24.556050
396 2547 13.171450 30.175670
396 2736 9.049090 31.498520
396 201609 24.990940 25.936920
396 202355 13.938830 24.421600
408 -1 13.866650 34.724000
408 201162 32.095330 23.829250
408 202066 20.182660 44.890570
408 101162 26.012690 19.807090
408 202322 9.756800 29.179930
408 203490 12.675360 33.152690
408 2548 9.412220 24.954680
408 2547 13.021030 30.296120
408 2736 8.731930 32.355110
408 201609 24.690700 25.663630
408 202355 12.488370 24.345560
420 -1 14.525190 38.170450
420 201162 31.687510 23.381080
420 202066 19.568350 45.218970
420 101162 25.137790 19.907830
420 202322 8.617150 30.349110
420 203490 12.588270 32.493090
420 2548 8.422070 25.288440
420 2547 13.008020 30.500760
420 2736 8.451500 33.362340
420 201609 24.341460 25.568440
420 202355 11.295040 24.199750
432 -1 15.005690 41.399470
432 201162 31.325900 22.937150
432 202066 18.982350 45.672540
432 101162 24.307570 19.966370
432 202322 7.497640 31.337790
432 203490 12.677730 31.981110
432 2548 7.329740 25.509600
432 2547 13.294500 30.664120
432 2736 8.321170 34.491190
432 201609 23.988700 25.660470
432 202355 10.133280 24.077780
444 -1 15.607990 44.771000
444 201162 31.011760 22.450340
444 202066 18.427280 46.081050
444 101162 23.473950 19.993030
444 202322 6.513960 32.495850
444 203490 12.905920 31.566660
444 2548 6.502790 25.853340
444 2547 13.633270 30.959470
444 2736 8.396970 35.657650
444 201609 23.633460 25.964610
444 202355 9.273360 23.964810
456 -1 15.773480 46.234290
456 201162 30.688180 21.879360
456 202066 17.917590 46.443350
456 101162 22.640480 20.022040
456 202322 5.289550 33.825770
456 203490 13.101920 31.297090
456 2548 5.700180 26.417770
456 2547 13.896900 31.141050
456 2736 8.694750 36.863710
456 201609 23.256810 26.399260
456 202355 8.668600 23.826350
468 -1 15.491680 46.646170
468 201162 30.386450 21.220560
468 202066 17.606940 46.664040
468 101162 21.800350 20.110730
468 202322 4.220650 35.359290
468 203490 13.075770 31.068410
468 2548 5.018490 27.096310
468 2547 14.112820 31.255620
468 2736 9.207970 38.133730
468 201609 22.855960 26.888510
468 202355 8.115090 23.744790
480 -1 15.672620 46.498790
480 201162 30.169060 20.567220
480 202066 17.411370 46.711260
480 101162 20.939000 20.245100
480 202322 3.549090 37.009350
480 203490 12.925700 30.792120
480 2548 4.355580 28.044230
480 2547 14.266740 31.268780
480 2736 9.973110 39.315700
480 201609 22.436650 27.381230
480 202355 7.540680 23.741440
492 -1 16.185130 46.953500
492 201162 29.982890 19.898050
492 202066 17.264740 46.543280
492 101162 20.033540 20.399550
492 202322 3.028800 38.592790
492 203490 12.739870 30.350950
492 2548 3.879190 29.036880
492 2547 14.161110 31.277270
492 2736 10.931260 40.324090
492 201609 21.978650 27.876410
492 202355 6.995900 23.701420
504 -1 16.677180 45.921010
504 201162 29.781610 19.257150
504 202066 17.240030 46.287770
504 101162 19.086280 20.523560
504 202322 2.580740 40.113480
504 203490 12.495350 29.809010
504 2548 3.518680 30.057990
504 2547 13.989400 31.051000
504 2736 11.929490 41.162150
504 201609 21.550720 28.310300
504 202355 6.410540 23.751940
516 -1 16.537840 45.593460
516 201162 29.596280 18.632010
516 202066 17.248620 46.052700
516 101162 18.117660 20.562610
516 202322 2.484260 41.619190
516 203490 12.237980 29.149830
516 2548 3.224600 31.211100
516 2547 13.808780 30.844880
516 2736 12.970260 41.728250
516 201609 21.177620 28.736630
516 202355 5.879880 23.856290
528 -1 15.878050 46.263820
528 201162 29.444200 18.014580
528 202066 17.154620 45.952210
528 101162 17.094640 20.518570
528 202322 2.594200 43.002580
528 203490 12.054150 28.327910
528 2548 3.020780 32.418640
528 2547 13.629320 30.628150
528 2736 14.003470 41.984630
528 201609 20.898260 29.099390
528 202355 5.463520 23.903120
540 -1 15.577130 45.750350
540 201162 29.252730 17.326700
540 202066 17.068230 45.748150
540 101162 16.011140 20.407520
540 202322 2.741360 44.224660
540 203490 11.887090 27.572980
540 2548 2.915380 33.576680
540 2547 13.393440 30.362890
540 2736 14.954990 42.052780
540 201609 20.744080 29.389920
540 202355 5.166260 23.869300
552 -1 16.042390 47.183720
552 201162 29.050820 16.593270
552 202066 16.937590 45.739820
552 101162 14.963200 20.250280
552 202322 2.948660 45.224610
552 203490 11.660770 26.884020
552 2548 2.951720 34.747240
552 2547 13.162870 30.033270
552 2736 15.712140 42.035240
552 201609 20.672640 29.569240
552 202355 5.167290 23.828870
564 -1 15.214550 46.859680
564 201162 28.808900 15.829630
564 202066 16.721500 45.832580
564 101162 13.941610 20.090590
564 202322 3.257530 46.011350
564 203490 11.391000 26.275850
564 2548 3.052070 35.913380
564 2547 12.908030 29.693370
564 2736 16.291790 42.040780
564 201609 20.608490 29.657450
564 202355 5.219920 23.757300
576 -1 13.177050 46.813220
576 201162 28.583910 15.091990
576 202066 16.610050 45.852750
576 101162 12.950180 19.962150
576 202322 3.576580 46.662200
576 203490 11.083390 25.732140
576 2548 3.220470 36.989430
576 2547 12.639800 29.360630
576 2736 16.677470 42.109620
576 201609 20.605470 29.637080
576 202355 5.342120 23.701380
588 -1 10.458010 47.039510
588 201162 28.277280 14.321310
588 202066 16.666330 45.563990
588 101162 12.036930 19.779850
588 202322 3.868000 47.149210
588 203490 10.573920 25.134750
588 2548 3.461730 37.964310
588 2547 12.323840 28.988220
588 2736 16.899850 42.203380
588 201609 20.648580 29.541340
588 202355 5.501640 23.628180
600 -1 7.818350 47.349180
600 201162 27.907730 13.579910
600 202066 16.738890 45.613800
600 101162 11.247780 19.644680
600 202322 4.098100 47.523140
600 203490 10.029500 24.420050
600 2548 3.758590 38.829190
600 2547 11.928820 28.585060
600 2736 17.026720 42.346110
600 201609 20.698650 29.379690
600 202355 5.644180 23.608050
612 -1 5.735130 47.343640
612 201162 27.496010 12.854420
612 202066 16.973900 45.529600
612 101162 10.468770 19.322830
612 202322 4.261970 47.793620
612 203490 9.513140 23.781640
612 2548 4.035590 39.545340
612 2547 11.535280 28.082280
612 2736 17.078260 42.418510
612 201609 20.689930 29.149520
612 202355 5.628760 23.691610
624 -1 5.510310 47.426400
624 201162 27.150720 12.132630
624 202066 17.204490 45.258450
624 101162 9.848840 19.152290
624 202322 4.280840 47.952020
624 203490 8.930220 23.159110
624 2548 4.303350 40.149750
624 2547 11.092710 27.520860
624 2736 17.103230 42.391400
624 201609 20.609780 28.808660
624 202355 5.589930 23.690020
636 -1 5.192030 47.363730
636 201162 26.778910 11.428820
636 202066 17.689070 45.013330
636 101162 9.425570 18.964390
636 202322 4.189350 48.044250
636 203490 8.317300 22.478590
636 2548 4.521820 40.687940
636 2547 10.728280 26.928810
636 2736 17.124260 42.301840
636 201609 20.448650 28.406640
636 202355 5.510280 23.527910
648 -1 4.622470 47.242050
648 201162 26.386590 10.770610
648 202066 18.266160 45.020540
648 101162 9.212620 18.809950
648 202322 4.016320 48.085390
648 203490 7.878110 21.958720
648 2548 4.659110 41.155900
648 2547 10.462390 26.298980
648 2736 17.149440 42.167820
648 201609 20.202730 27.910910
648 202355 5.354670 23.424020
660 -1 3.952400 47.080020
660 201162 25.941230 10.135800
660 202066 19.015880 44.776990
660 101162 9.122950 18.593560
660 202322 3.839710 48.083450
660 203490 7.380340 21.535170
660 2548 4.746400 41.536500
660 2547 10.203270 25.604730
660 2736 17.118550 41.896490
660 201609 19.916790 27.327950
660 202355 5.126980 23.176420
672 -1 3.332590 46.896320
672 201162 25.485060 9.518800
672 202066 19.852500 44.458660
672 101162 9.237070 18.486310
672 202322 3.632450 47.979910
672 203490 6.831570 20.931580
672 2548 4.802920 41.825280
672 2547 9.962030 24.943210
672 2736 17.097510 41.571740
672 201609 19.639840 26.644460
672 202355 5.036360 22.793160
684 -1 2.913800 46.709620
684 201162 25.009900 8.939900
684 202066 20.905960 44.218880
684 101162 9.474450 18.075720
684 202322 3.491280 47.914740
684 203490 6.347610 20.213940
684 2548 4.815020 42.049970
684 2547 9.799260 24.365410
684 2736 17.118330 41.204130
684 201609 19.351810 25.899300
684 202355 4.989190 22.475430
696 -1 2.868190 46.530230
696 201162 24.524680 8.401330
696 202066 21.792760 43.909450
696 101162 9.723040 17.603010
696 202322 3.477240 47.886110
696 203490 5.964510 19.560920
696 2548 4.746740 42.215850
696 2547 9.541250 23.774260
696 2736 17.160690 40.778710
696 201609 19.059510 25.089510
696 202355 4.945600 22.224240
708 -1 3.251410 47.275300
708 201162 24.079330 7.984500
708 202066 22.653700 43.465240
708 101162 9.929090 17.095280
708 202322 3.475170 47.789820
708 203490 5.661320 18.782150
708 2548 4.655000 42.362750
708 2547 9.121020 23.185790
708 2736 17.198510 40.312740
708 201609 18.764290 24.265750
708 202355 4.932640 21.821310
720 -1 3.475190 47.409830
720 201162 23.774470 7.644370
720 202066 23.466140 42.987990
720 101162 10.181380 16.613610
720 202322 3.432660 47.652400
720 203490 5.331020 17.960230
720 2548 4.506370 42.571030
720 2547 8.796240 22.633430
720 2736 17.237920 39.860960
720 201609 18.441570 23.416860
720 202355 5.081510 21.406080
732 -1 3.341180 46.980960
732 201162 23.626880 7.391520
732 202066 24.240500 42.515910
732 101162 10.392230 16.310670
732 202322 3.416140 47.569250
732 203490 5.118550 17.211240
732 2548 4.289450 42.848400
732 2547 8.241580 22.190910
732 2736 17.227970 39.388280
732 201609 18.091930 22.595680
732 202355 5.390920 21.033140
744 -1 3.572740 44.838450
744 201162 23.524140 7.243460
744 202066 24.976960 42.054320
744 101162 10.521380 16.263030
744 202322 3.212880 47.241680
744 203490 4.975400 16.455560
744 2548 4.040720 43.225390
744 2547 7.508990 21.763450
744 2736 17.148400 38.851500
744 201609 17.731790 21.841560
744 202355 5.722760 20.631880
756 -1 3.699570 42.724730
756 201162 23.494140 7.170020
756 202066 25.731050 41.636870
756 101162 10.709900 16.517740
756 202322 3.046080 47.017110
756 203490 4.884630 15.725100
756 2548 3.912520 43.752330
756 2547 6.850480 21.287580
756 2736 17.042000 38.307260
756 201609 17.344440 21.128210
756 202355 6.049490 20.237130
768 -1 3.975410 40.444590
768 201162 23.559350 7.168070
768 202066 26.466500 41.199880
768 101162 10.773800 17.026750
768 202322 3.081670 46.718680
768 203490 4.819170 15.134290
768 2548 3.868650 44.318400
768 2547 6.387880 20.821820
768 2736 16.913640 37.796750
768 201609 16.965170 20.452060
768 202355 6.240520 19.720090
780 -1 4.171670 38.253740
780 201162 23.577760 7.292900
780 202066 27.139620 40.736070
780 101162 10.900660 17.848560
780 202322 3.430230 46.374010
780 203490 4.991900 14.605450
780 2548 4.064360 44.815840
780 2547 6.219930 20.392990
780 2736 16.691630 37.282970
780 201609 16.591380 19.821030
780 202355 6.324080 19.287600
792 -1 4.308870 36.000340
792 201162 23.521250 7.529260
792 202066 27.778910 40.243260
792 101162 10.872270 18.711620
792 202322 3.700660 46.194900
792 203490 5.283140 14.191020
792 2548 4.488620 45.258930
792 2547 6.374870 20.063870
792 2736 16.399800 36.795590
792 201609 16.271120 19.244060
792 202355 6.294990 18.743050
804 -1 4.501640 33.856180
804 201162 23.477860 7.785430
804 202066 28.423420 39.714690
804 101162 10.771780 19.681560
804 202322 3.936180 46.318500
804 203490 5.725310 13.982910
804 2548 5.171010 45.581000
804 2547 6.693140 19.836640
804 2736 16.029070 36.339280
804 201609 15.974770 18.703520
804 202355 6.223550 18.262650
816 -1 4.790210 31.757750
816 201162 23.468950 8.120890
816 202066 29.050320 39.182000
816 101162 10.546540 20.628120
816 202322 4.063270 46.295220
816 203490 6.271500 13.991520
816 2548 6.024550 45.711040
816 2547 6.968570 19.774910
816 2736 15.580990 35.926550
816 201609 15.696830 18.247870
816 202355 6.173770 17.832060
828 -1 4.703830 29.759670
828 201162 23.420670 8.450960
828 202066 29.724340 38.691170
828 101162 10.303020 21.509480
828 202322 4.035540 46.437200
828 203490 6.953200 14.227100
828 2548 7.038920 45.773580
828 2547 7.185210 19.834900
828 2736 15.035930 35.531250
828 201609 15.404410 17.866520
828 202355 6.249030 17.637240
840 -1 5.022520 27.851170
840 201162 23.513360 8.888060
840 202066 30.409420 38.251020
840 101162 9.587210 22.476970
840 202322 3.759700 46.681160
840 203490 7.639740 14.595630
840 2548 8.092260 45.834660
840 2547 7.181280 19.988380
840 2736 14.423290 35.194230
840 201609 15.137120 17.558520
840 202355 6.385220 17.494370
852 -1 5.454710 26.478250
852 201162 23.687690 9.315830
852 202066 31.128240 37.868750
852 101162 9.004080 23.394270
852 202322 3.618090 46.824930
852 203490 8.424690 15.236780
852 2548 9.200910 45.860300
852 2547 7.106740 20.114480
852 2736 13.756460 34.887960
852 201609 14.852130 17.289600
852 202355 6.514260 17.480520
864 -1 5.869090 25.417790
864 201162 23.961870 9.791560
864 202066 31.886860 37.535080
864 101162 8.472070 24.175480
864 202322 3.662410 46.901800
864 203490 9.229120 16.057400
864 2548 10.340470 45.840900
864 2547 7.036920 20.248760
864 2736 13.098850 34.663320
864 201609 14.570160 17.076100
864 202355 6.668720 17.497120
876 -1 6.357400 24.860600
876 201162 24.328930 10.243830
876 202066 32.661650 37.205780
876 101162 8.010730 24.857550
876 202322 3.753300 46.958210
876 203490 10.029250 17.006710
876 2548 11.507920 45.825640
876 2547 6.969320 20.396520
876 2736 12.439970 34.451250
876 201609 14.310690 16.821930
876 202355 6.900630 17.612230
888 -1 6.924600 25.057600
888 201162 24.873620 10.744020
888 202066 33.401090 36.866650
888 101162 7.703930 25.582310
888 202322 3.995370 46.934600
888 203490 10.858730 18.071670
888 2548 12.730020 45.768610
888 2547 6.826890 20.574540
888 2736 11.843850 34.248840
888 201609 14.084860 16.530500
888 202355 7.254700 17.802810