0 -1 16.436450 36.474770
0 201155 31.963270 38.205990
0 101145 39.551550 38.139890
0 201978 10.575410 24.782870
0 202331 25.559520 23.513870
0 1626167 56.051400 23.328110
0 2736 12.010940 26.441070
0 201596 17.159020 12.845620
0 201609 16.684320 37.479980
0 202355 47.683450 18.863570
0 1626159 27.531900 29.526580
12 -1 18.200590 37.237600
12 201155 33.434340 38.023220
12 101145 40.599350 38.010220
12 201978 11.860110 24.095540
12 202331 26.917930 23.919900
12 1626167 56.987410 23.230620
12 2736 12.666790 26.046350
12 201596 18.867900 11.993120
12 201609 18.011080 37.942490
12 202355 48.713970 18.629970
12 1626159 29.437070 28.493290
24 -1 20.081870 37.654160
24 201155 34.934480 37.820190
24 101145 41.710070 37.942340
24 201978 13.284370 23.413160
24 202331 28.256440 24.317220
24 1626167 57.919120 23.166610
24 2736 13.510060 25.882620
24 201596 20.722320 11.178130
24 201609 19.434870 38.388180
24 202355 49.781730 18.457220
24 1626159 31.367120 27.401210
36 -1 21.981440 37.810590
36 201155 36.467160 37.600850
36 101145 42.859720 37.889900
36 201978 14.847660 22.831930
36 202331 29.784740 24.759360
36 1626167 58.804690 23.118780
36 2736 14.471150 25.778640
36 201596 22.739210 10.424140
36 201609 20.958820 38.765740
36 202355 50.944630 18.338790
36 1626159 33.448250 26.218430
48 -1 22.740240 37.785440
48 201155 38.083220 37.269270
48 101145 44.053040 37.807690
48 201978 16.553940 22.305480
48 202331 31.472510 25.167150
48 1626167 59.840700 23.120920
48 2736 15.509290 25.640120
48 201596 24.837520 9.739180
48 201609 22.629380 38.893290
48 202355 52.190930 18.199430
48 1626159 35.627500 24.991960
60 -1 24.271160 37.828130
60 201155 39.756690 36.829840
60 101145 45.322610 37.716160
60 201978 18.325930 21.835710
60 202331 33.131130 25.580810
60 1626167 60.957930 23.116570
60 2736 16.626790 25.508430
60 201596 27.041710 9.146300
60 201609 24.408160 39.057320
60 202355 53.510520 18.049920
60 1626159 37.709420 23.741000
72 -1 26.511120 37.906470
72 201155 41.388990 36.227070
72 101145 46.634900 37.633420
72 201978 20.164190 21.437630
72 202331 34.837410 25.955910
72 1626167 62.131800 23.039790
72 2736 17.972210 25.610140
72 201596 29.310450 8.615690
72 201609 26.234110 39.203380
72 202355 54.880710 17.942440
72 1626159 39.843830 22.451710
84 -1 28.987820 38.121340
84 201155 43.020080 35.591280
84 101145 47.969590 37.505310
84 201978 22.121550 21.110150
84 202331 36.629180 26.320080
84 1626167 63.326480 22.952080
84 2736 19.454520 25.692410
84 201596 31.634160 8.147280
84 201609 28.146470 39.194220
84 202355 56.288880 17.859130
84 1626159 42.112550 21.100730
96 -1 31.520650 37.887120
96 201155 44.683020 34.830410
96 101145 49.342440 37.359800
96 201978 24.164600 20.814230
96 202331 38.404550 26.648930
96 1626167 64.498780 22.864530
96 2736 21.022500 25.805010
96 201596 33.964800 7.768410
96 201609 30.101290 39.128910
96 202355 57.711880 17.789830
96 1626159 44.407980 19.738570
108 -1 33.047740 37.601060
108 201155 46.381020 34.026630
108 101145 50.713390 37.216300
108 201978 26.224810 20.564290
108 202331 40.124540 26.894750
108 1626167 65.614710 22.728710
108 2736 22.647240 25.961940
108 201596 36.321130 7.464890
108 201609 32.043480 39.101620
108 202355 59.198960 17.789970
108 1626159 46.728350 18.375950
120 -1 34.011280 37.388290
120 201155 48.063230 33.182150
120 101145 52.069600 37.077750
120 201978 28.309790 20.415290
120 202331 42.011310 27.137810
120 1626167 66.751930 22.535800
120 2736 24.399740 26.192640
120 201596 38.708260 7.206580
120 201609 33.976430 38.825010
120 202355 60.679580 17.857200
120 1626159 49.061200 17.034070
132 -1 35.998250 37.040460
132 201155 49.792210 32.245750
132 101145 53.429390 36.965850
132 201978 30.442840 20.307470
132 202331 43.823350 27.369400
132 1626167 67.885490 22.421390
132 2736 26.138740 26.426400
132 201596 41.108400 7.022750
132 201609 35.942790 38.418790
132 202355 62.166420 17.922070
132 1626159 51.410450 15.671440
144 -1 38.661740 36.656330
144 201155 51.578980 31.148920
144 101145 54.809030 36.787090
144 201978 32.572670 20.240060
144 202331 45.529570 27.530750
144 1626167 69.011940 22.396480
144 2736 27.927170 26.713340
144 201596 43.480700 6.926920
144 201609 37.903780 38.026750
144 202355 63.661050 18.046780
144 1626159 53.749400 14.315950
156 -1 41.344100 36.280620
156 201155 53.311480 29.955440
156 101145 56.145150 36.528150
156 201978 34.699170 20.235540
156 202331 47.203890 27.588520
156 1626167 70.212290 22.340370
156 2736 29.748260 27.146920
156 201596 45.821720 6.873360
156 201609 39.877320 37.641800
156 202355 65.092090 18.290790
156 1626159 56.055650 13.033340
168 -1 43.315770 35.758400
168 201155 55.042140 28.649940
168 101145 57.440710 36.252910
168 201978 36.912110 20.254310
168 202331 48.831660 27.574250
168 1626167 71.374310 22.249870
168 2736 31.594000 27.688980
168 201596 48.124720 6.828140
168 201609 41.910560 37.317520
168 202355 66.433220 18.691200
168 1626159 58.351710 11.779090
180 -1 44.636850 35.610190
180 201155 56.734170 27.234710
180 101145 58.712560 36.031000
180 201978 39.153830 20.268060
180 202331 50.321690 27.520680
180 1626167 72.446500 22.236300
180 2736 33.432930 28.293380
180 201596 50.331840 6.765890
180 201609 43.977550 37.161320
180 202355 67.735210 19.168890
180 1626159 60.605200 10.570110
192 -1 46.437270 35.768130
192 201155 58.345830 25.755260
192 101145 59.975570 35.854720
192 201978 41.366780 20.306000
192 202331 51.797390 27.470070
192 1626167 73.407110 22.150600
192 2736 35.258540 29.023020
192 201596 52.414150 6.716660
192 201609 46.052870 37.115500
192 202355 68.989450 19.796950
192 1626159 62.849650 9.448660
204 -1 48.836180 36.178990
204 201155 59.828130 24.292040
204 101145 61.166700 35.714410
204 201978 43.575230 20.344830
204 202331 53.294840 27.495940
204 1626167 74.276330 22.010080
204 2736 37.070600 29.838070
204 201596 54.351860 6.650460
204 201609 48.055840 37.193290
204 202355 70.201590 20.555000
204 1626159 65.070640 8.420340
216 -1 51.542340 37.039110
216 201155 61.339600 22.842550
216 101145 62.283130 35.682300
216 201978 45.806290 20.374830
216 202331 54.709700 27.651520
216 1626167 75.035140 21.986310
216 2736 38.888900 30.623880
216 201596 56.166170 6.595750
216 201609 50.001370 37.418720
216 202355 71.362930 21.359370
216 1626159 67.242020 7.395530
228 -1 54.035110 37.913960
228 201155 62.773690 21.455010
228 101145 63.318500 35.734850
228 201978 48.014180 20.410040
228 202331 56.107410 27.969090
228 1626167 75.715320 22.179990
228 2736 40.716830 31.444850
228 201596 57.859250 6.568370
228 201609 51.831670 37.763020
228 202355 72.526580 22.204590
228 1626159 69.340310 6.454870
240 -1 56.061020 38.680000
240 201155 64.239700 20.154900
240 101145 64.278870 35.819340
240 201978 50.259130 20.428860
240 202331 57.517530 28.351300
240 1626167 76.367640 22.558700
240 2736 42.547860 32.270580
240 201596 59.480940 6.571430
240 201609 53.555450 38.166170
240 202355 73.682870 23.195000
240 1626159 71.354230 5.586460
252 -1 57.045640 39.195810
252 201155 65.734150 18.949060
252 101145 65.144400 35.866830
252 201978 52.553020 20.411700
252 202331 58.954250 28.743740
252 1626167 76.990540 23.156240
252 2736 44.367440 33.020900
252 201596 61.024930 6.515190
252 201609 55.188230 38.558330
252 202355 74.873450 24.276930
252 1626159 73.282410 4.818900
264 -1 57.123010 40.042260
264 201155 67.272990 17.846080
264 101145 65.927010 35.915850
264 201978 54.872030 20.371490
264 202331 60.122780 29.353380
264 1626167 77.575200 23.926450
264 2736 46.205770 33.655350
264 201596 62.480050 6.540080
264 201609 56.689680 38.905690
264 202355 76.037250 25.357030
264 1626159 75.123740 4.140440
276 -1 56.968200 40.690790
276 201155 68.763120 16.884380
276 101145 66.621960 35.904530
276 201978 57.174500 20.281360
276 202331 61.275270 29.975130
276 1626167 78.158010 24.762180
276 2736 48.051180 34.167540
276 201596 63.754610 6.653300
276 201609 58.018900 39.095190
276 202355 77.300030 26.439340
276 1626159 76.888380 3.589620
288 -1 59.409580 40.967440
288 201155 70.239500 16.025470
288 101145 67.245180 35.827760
288 201978 59.464480 20.155930
288 202331 62.416020 30.455390
288 1626167 78.704920 25.653980
288 2736 49.839670 34.546540
288 201596 64.830670 6.868380
288 201609 59.239270 39.270170
288 202355 78.570820 27.484630
288 1626159 78.538360 3.100740
300 -1 60.632340 40.956060
300 201155 71.732960 15.267840
300 101145 67.755030 35.687890
300 201978 61.732770 19.936290
300 202331 63.384910 30.944190
300 1626167 79.229390 26.566720
300 2736 51.561390 34.832410
300 201596 65.628950 7.191230
300 201609 60.294280 39.365520
300 202355 79.671270 28.619600
300 1626159 80.125910 2.704800
312 -1 61.800930 40.685740
312 201155 73.357830 14.618950
312 101145 68.165940 35.576270
312 201978 63.944030 19.619600
312 202331 64.119020 31.454160
312 1626167 79.687470 27.457120
312 2736 53.218820 35.019190
312 201596 66.145980 7.674290
312 201609 61.179740 39.404950
312 202355 80.455590 29.752930
312 1626159 81.599090 2.370940
324 -1 62.888880 40.311830
324 201155 75.004810 14.063240
324 101145 68.511040 35.468360
324 201978 66.082390 19.310520
324 202331 64.925040 31.740710
324 1626167 80.122050 28.277860
324 2736 54.810930 35.092360
324 201596 66.425300 8.173660
324 201609 61.971100 39.492790
324 202355 81.077530 30.841510
324 1626159 82.949090 2.096910
336 -1 63.783230 40.279050
336 201155 76.589240 13.575130
336 101145 68.811830 35.399120
336 201978 68.044440 19.043740
336 202331 65.639400 31.979320
336 1626167 80.444560 29.073670
336 2736 56.306240 35.151520
336 201596 66.518670 8.648440
336 201609 62.734590 39.751870
336 202355 81.452740 31.873740
336 1626159 84.179610 1.880810
348 -1 64.284800 40.813000
348 201155 78.136960 13.166410
348 101145 69.079520 35.384890
348 201978 69.855490 18.825610
348 202331 66.182410 32.266850
348 1626167 80.687190 29.782070
348 2736 57.715140 35.097210
348 201596 66.409650 9.083210
348 201609 63.377000 40.079270
348 202355 81.575970 32.802320
348 1626159 85.323470 1.738280
360 -1 64.074720 41.569040
360 201155 79.587140 12.813880
360 101145 69.353760 35.441450
360 201978 71.515180 18.721900
360 202331 66.650620 32.487040
360 1626167 80.757230 30.381280
360 2736 59.050030 34.941610
360 201596 66.200240 9.454100
360 201609 63.932770 40.472700
360 202355 81.599410 33.365590
360 1626159 86.302910 1.651110
372 -1 64.276600 42.061230
372 201155 80.826270 12.529370
372 101145 69.720010 35.597910
372 201978 72.936450 18.708940
372 202331 67.056420 32.607450
372 1626167 80.788440 30.899360
372 2736 60.272910 34.754570
372 201596 65.901830 9.685290
372 201609 64.510250 40.918020
372 202355 81.492510 33.784190
372 1626159 87.151360 1.611710
384 -1 64.960420 42.683290
384 201155 81.923590 12.229410
384 101145 70.180570 35.819730
384 201978 74.030300 18.732440
384 202331 67.343450 32.730190
384 1626167 80.717170 31.422120
384 2736 61.343050 34.622160
384 201596 65.607920 9.833700
384 201609 65.179090 41.336540
384 202355 81.468010 34.150330
384 1626159 87.892470 1.622280
396 -1 65.984690 42.792890
396 201155 82.933860 11.951910
396 101145 70.759540 36.193750
396 201978 74.858790 18.776080
396 202331 67.419730 32.794440
396 1626167 80.539200 31.903200
396 2736 62.361670 34.431220
396 201596 65.337070 9.937040
396 201609 65.868560 41.723200
396 202355 81.379160 34.375390
396 1626159 88.524660 1.660690
408 -1 67.711610 42.670970
408 201155 83.848750 11.689600
408 101145 71.362240 36.635360
408 201978 75.412490 18.868720
408 202331 67.545670 32.940820
408 1626167 80.350490 32.317910
408 2736 63.242090 34.278930
408 201596 65.125290 9.984930
408 201609 66.634860 42.035810
408 202355 81.275400 34.668540
408 1626159 89.054410 1.700470
420 -1 71.447130 41.920740
420 201155 84.598660 11.483070
420 101145 72.024880 37.134100
420 201978 75.699770 19.020390
420 202331 67.554570 32.991290
420 1626167 80.265590 32.686060
420 2736 63.990300 34.090100
420 201596 65.019770 10.048040
420 201609 67.410760 42.323290
420 202355 81.247980 35.131460
420 1626159 89.488280 1.730950
432 -1 75.256720 41.074800
432 201155 85.241990 11.289620
432 101145 72.699810 37.597520
432 201978 75.859750 19.282260
432 202331 67.562470 33.053830
432 1626167 80.285310 33.022520
432 2736 64.564350 33.809300
432 201596 65.116750 10.122210
432 201609 68.181810 42.548010
432 202355 81.241440 35.374230
432 1626159 89.812830 1.742950
444 -1 78.166970 40.157110
444 201155 85.798410 11.091070
444 101145 73.462310 38.154910
444 201978 75.970570 19.586070
444 202331 67.671390 33.112570
444 1626167 80.421610 33.261020
444 2736 65.011680 33.509770
444 201596 65.252890 10.182850
444 201609 68.952640 42.726900
444 202355 81.163800 35.470010
444 1626159 90.032220 1.737790
456 -1 80.161630 39.556340
456 201155 86.245850 10.893010
456 101145 74.192090 38.645090
456 201978 76.054400 19.896850
456 202331 67.918490 33.173740
456 1626167 80.701950 33.419240
456 2736 65.166920 33.064420
456 201596 65.412810 10.231800
456 201609 69.824120 42.834700
456 202355 81.271030 35.914750
456 1626159 90.133580 1.723570
468 -1 81.913790 39.071290
468 201155 86.565000 10.693670
468 101145 74.939650 38.972160
468 201978 76.099540 20.168730
468 202331 68.122560 33.094600
468 1626167 81.077770 33.531730
468 2736 65.207310 32.584080
468 201596 65.590500 10.272490
468 201609 70.768840 42.851790
468 202355 81.488890 36.105500
468 1626159 90.125130 1.723290
480 -1 81.975620 38.385770
480 201155 86.823940 10.538150
480 101145 75.676280 39.190010
480 201978 76.084270 20.388800
480 202331 68.504470 33.041520
480 1626167 81.475240 33.618410
480 2736 65.144930 32.111070
480 201596 65.714170 10.306420
480 201609 71.788950 42.684760
480 202355 81.714980 36.011670
480 1626159 90.058640 1.740730
492 -1 81.683030 37.829040
492 201155 87.019290 10.473580
492 101145 76.387530 39.325690
492 201978 75.979470 20.536540
492 202331 69.004220 32.918810
492 1626167 81.839870 33.640580
492 2736 65.013840 31.573610
492 201596 65.730530 10.400710
492 201609 73.067540 42.411830
492 202355 82.182000 36.218740
492 1626159 89.954210 1.776450
504 -1 81.143470 37.704800
504 201155 87.173860 10.519060
504 101145 76.962310 39.391630
504 201978 75.792490 20.623970
504 202331 69.489350 32.654050
504 1626167 82.159310 33.505170
504 2736 64.791150 31.004110
504 201596 65.738570 10.556500
504 201609 74.408530 42.047970
504 202355 82.604070 36.604510
504 1626159 89.835450 1.807480
516 -1 80.874220 37.348250
516 201155 87.355070 10.639170
516 101145 77.630960 39.272310
516 201978 75.569260 20.666090
516 202331 69.980770 32.298130
516 1626167 82.474800 33.406380
516 2736 64.622630 30.579720
516 201596 65.750050 10.735920
516 201609 75.689880 41.522520
516 202355 82.924990 36.715870
516 1626159 89.745320 1.837250
528 -1 81.304890 37.360120
528 201155 87.518830 10.821930
528 101145 78.361590 39.133920
528 201978 75.343900 20.672070
528 202331 70.447990 31.893780
528 1626167 82.856260 33.283750
528 2736 64.446330 30.054840
528 201596 65.762990 10.937990
528 201609 76.824000 40.897790
528 202355 83.214270 36.841040
528 1626159 89.683820 1.856440
540 -1 82.157880 37.463320
540 201155 87.661550 11.000600
540 101145 79.170800 38.894740
540 201978 75.157370 20.677350
540 202331 70.868380 31.498350
540 1626167 83.328060 33.119580
540 2736 64.258540 29.499990
540 201596 65.793330 11.106610
540 201609 77.908840 40.189850
540 202355 83.563530 37.027350
540 1626159 89.661520 1.872490
552 -1 84.044440 36.370420
552 201155 87.774290 11.133260
552 101145 79.996520 38.554960
552 201978 75.050200 20.680370
552 202331 71.301290 31.131700
552 1626167 83.825250 32.944020
552 2736 64.105460 29.030120
552 201596 65.841830 11.220520
552 201609 78.689410 39.426790
552 202355 83.845360 36.914960
552 1626159 89.663140 1.873710
564 -1 85.733530 36.040960
564 201155 87.845510 11.213460
564 101145 80.860540 38.003860
564 201978 75.033190 20.697480
564 202331 71.745040 30.797620
564 1626167 84.406830 32.880760
564 2736 64.004620 28.575280
564 201596 65.906710 11.284750
564 201609 79.316840 38.566510
564 202355 84.071920 36.545640
564 1626159 89.659670 1.887400
576 -1 84.789170 35.445200
576 201155 87.866630 11.247670
576 101145 81.628900 37.516660
576 201978 75.119080 20.732960
576 202331 72.197580 30.492330
576 1626167 84.970620 32.792600
576 2736 63.922050 28.136940
576 201596 65.993520 11.323750
576 201609 79.769810 37.482550
576 202355 84.146220 36.057570
576 1626159 89.619400 1.913040
588 -1 82.252190 34.903690
588 201155 87.875620 11.221470
588 101145 82.374670 36.999220
588 201978 75.317460 20.773030
588 202331 72.669570 30.208100
588 1626167 85.449260 32.582600
588 2736 63.883760 27.869170
588 201596 66.078660 11.344830
588 201609 80.111350 36.229210
588 202355 84.206770 35.508890
588 1626159 89.555080 1.928400
600 -1 82.714360 34.582740
600 201155 87.867230 11.160140
600 101145 83.059750 36.471060
600 201978 75.583590 20.789240
600 202331 73.144660 29.940780
600 1626167 85.694690 32.244180
600 2736 63.842310 27.712670
600 201596 66.147700 11.365810
600 201609 80.412320 34.902240
600 202355 84.487140 34.829310
600 1626159 89.438170 1.933320
612 -1 82.665290 33.980560
612 201155 87.846860 11.086830
612 101145 83.691020 35.979180
612 201978 75.861430 20.777170
612 202331 73.569640 29.697730
612 1626167 85.786860 31.787770
612 2736 63.822380 27.660750
612 201596 66.175380 11.381070
612 201609 80.693630 33.454990
612 202355 84.620780 34.154040
612 1626159 89.310480 1.949500
624 -1 83.107780 33.993670
624 201155 87.814720 11.019460
624 101145 84.253350 35.485560
624 201978 76.105970 20.730430
624 202331 74.025520 29.494290
624 1626167 85.751210 31.224040
624 2736 63.807260 27.657320
624 201596 66.145180 11.386710
624 201609 80.926950 31.883790
624 202355 84.898190 33.533880
624 1626159 89.196410 1.959460
636 -1 83.232410 33.339750
636 201155 87.770600 10.965430
636 101145 84.786520 34.968960
636 201978 76.266710 20.652700
636 202331 74.516370 29.380270
636 1626167 85.662550 30.464740
636 2736 63.768110 27.740420
636 201596 66.046190 11.387620
636 201609 81.169710 30.371700
636 202355 85.321020 32.815380
636 1626159 89.126680 1.961740
648 -1 83.441860 33.081620
648 201155 87.736080 10.947850
648 101145 85.346730 34.493920
648 201978 76.346930 20.563080
648 202331 75.010540 29.354450
648 1626167 85.547180 29.738410
648 2736 63.695140 27.920270
648 201596 65.906520 11.407780
648 201609 81.453950 28.917160
648 202355 85.743340 31.897740
648 1626159 89.106830 1.973760
660 -1 84.825160 32.772230
660 201155 87.703710 10.973050
660 101145 85.903430 34.134930
660 201978 76.414350 20.458470
660 202331 75.526610 29.400110
660 1626167 85.609400 29.034500
660 2736 63.628710 28.186320
660 201596 65.731040 11.476540
660 201609 81.814270 27.355740
660 202355 85.980870 31.150000
660 1626159 89.146190 2.001100
672 -1 85.937200 31.493410
672 201155 87.686000 11.031850
672 101145 86.478790 33.782160
672 201978 76.494580 20.368010
672 202331 76.019380 29.512190
672 1626167 85.828660 28.376760
672 2736 63.519610 28.486970
672 201596 65.530030 11.613340
672 201609 82.207930 25.936580
672 202355 86.471630 30.406120
672 1626159 89.213670 2.033580
684 -1 87.863680 30.380570
684 201155 87.680620 11.122640
684 101145 87.103100 33.526780
684 201978 76.604870 20.302160
684 202331 76.453080 29.652260
684 1626167 86.123230 27.827940
684 2736 63.380410 28.838360
684 201596 65.247410 11.820250
684 201609 82.530630 24.761310
684 202355 86.976030 29.668760
684 1626159 89.288820 2.064850
696 -1 88.083680 28.167690
696 201155 87.682340 11.224810
696 101145 87.768340 33.241120
696 201978 76.765510 20.250170
696 202331 76.853410 29.761800
696 1626167 86.466370 27.460810
696 2736 63.241730 29.194480
696 201596 64.996530 12.108080
696 201609 82.852340 23.730900
696 202355 87.443300 29.052950
696 1626159 89.354210 2.094790
708 -1 87.851120 28.132490
708 201155 87.677690 11.319070
708 101145 88.340540 33.006190
708 201978 76.952140 20.225370
708 202331 77.259590 29.806520
708 1626167 86.727400 27.216070
708 2736 63.113720 29.531290
708 201596 64.755920 12.438780
708 201609 83.193250 22.873090
708 202355 88.045570 28.768690
708 1626159 89.383100 2.100710
720 -1 87.908920 27.477660
720 201155 87.671440 11.406380
720 101145 88.837830 32.742830
720 201978 77.121220 20.216880
720 202331 77.656390 29.776110
720 1626167 86.961490 27.030100
720 2736 62.972310 29.848840
720 201596 64.463420 12.771700
720 201609 83.456940 22.397910
720 202355 88.336350 28.500030
720 1626159 89.392180 2.101110
732 -1 89.157910 27.871810
732 201155 87.644800 11.480930
732 101145 89.260860 32.532330
732 201978 77.280360 20.220900
732 202331 78.061900 29.685990
732 1626167 87.132740 26.893390
732 2736 62.812540 30.170660
732 201596 64.141970 13.129230
732 201609 83.702600 22.072130
732 202355 88.482690 28.277020
732 1626159 89.381700 2.098020
744 -1 89.431000 28.165350
744 201155 87.601060 11.538040
744 101145 89.613520 32.345020
744 201978 77.429760 20.228320
744 202331 78.465740 29.599130
744 1626167 87.276980 26.632230
744 2736 62.649540 30.479880
744 201596 63.859660 13.498230
744 201609 84.030240 21.865800
744 202355 88.576060 27.947360
744 1626159 89.354610 2.082830
756 -1 89.619360 27.975440
756 201155 87.556120 11.603280
756 101145 89.896410 32.242820
756 201978 77.566240 20.234450
756 202331 78.865860 29.550590
756 1626167 87.373810 26.264200
756 2736 62.463460 30.767310
756 201596 63.478220 13.833730
756 201609 84.397690 21.877040
756 202355 88.632380 27.581370
756 1626159 89.317700 2.066600
768 -1 88.701190 27.510110
768 201155 87.530060 11.703890
768 101145 90.128310 32.170340
768 201978 77.670600 20.234850
768 202331 79.242740 29.559140
768 1626167 87.661960 25.796780
768 2736 62.259040 30.994350
768 201596 63.024360 14.119750
768 201609 84.764080 22.004720
768 202355 88.559420 27.231510
768 1626159 89.293910 2.067890
780 -1 88.640080 27.376610
780 201155 87.551960 11.830190
780 101145 90.307080 32.128950
780 201978 77.724310 20.249020
780 202331 79.614560 29.625250
780 1626167 88.002090 25.386340
780 2736 62.039060 31.160750
780 201596 62.552970 14.354940
780 201609 85.122080 22.168090
780 202355 88.642240 26.823600
780 1626159 89.269570 2.067570
792 -1 89.157110 27.045830
792 201155 87.615710 11.987570
792 101145 90.423840 32.094800
792 201978 77.712780 20.272590
792 202331 80.003620 29.726490
792 1626167 88.482280 24.993230
792 2736 61.820500 31.286930
792 201596 62.033080 14.496970
792 201609 85.439970 22.319750
792 202355 88.711770 26.384940
792 1626159 89.249920 2.074160
804 -1 89.133240 26.620740
804 201155 87.703200 12.154300
804 101145 90.486070 32.067410
804 201978 77.649100 20.319270
804 202331 80.427410 29.848530
804 1626167 89.155030 24.673950
804 2736 61.614220 31.399990
804 201596 61.431070 14.559020
804 201609 85.682090 22.430600
804 202355 88.762380 25.911630
804 1626159 89.199110 2.083070
816 -1 88.884920 26.153790
816 201155 87.783400 12.305880
816 101145 90.472790 32.060060
816 201978 77.480770 20.388180
816 202331 80.876930 29.978930
816 1626167 90.043590 24.486690
816 2736 61.416810 31.498290
816 201596 60.786290 14.600390
816 201609 85.830350 22.463970
816 202355 88.721570 25.505680
816 1626159 89.075470 2.090910
828 -1 88.696910 25.629300
828 201155 87.842750 12.428950
828 101145 90.434750 32.069380
828 201978 77.207850 20.464930
828 202331 81.303870 30.109000
828 1626167 90.854110 24.377090
828 2736 61.210080 31.625450
828 201596 60.106070 14.641100
828 201609 85.902580 22.468020
828 202355 88.620200 25.095790
828 1626159 88.880810 2.103010
840 -1 88.564850 25.022330
840 201155 87.836680 12.509560
840 101145 90.386030 32.095050
840 201978 76.834820 20.524210
840 202331 81.677950 30.251320
840 1626167 91.524390 24.315820
840 2736 60.986500 31.779140
840 201596 59.387950 14.709850
840 201609 85.871890 22.463990
840 202355 88.534430 24.768550
840 1626159 88.613500 2.142450
852 -1 88.636080 24.842700
852 201155 87.769790 12.559020
852 101145 90.332280 32.144070
852 201978 76.358150 20.538820
852 202331 81.968840 30.426540
852 1626167 92.070680 24.327890
852 2736 60.730880 31.950000
852 201596 58.633940 14.840410
852 201609 85.710170 22.469540
852 202355 88.470180 24.536910
852 1626159 88.272560 2.200320
864 -1 88.768370 24.714300
864 201155 87.645990 12.579260
864 101145 90.252550 32.234670
864 201978 75.785270 20.498530
864 202331 82.168680 30.675830
864 1626167 92.415810 24.412130
864 2736 60.416470 32.118900
864 201596 57.867240 15.052200
864 201609 85.405800 22.488970
864 202355 88.322190 24.474300
864 1626159 87.881930 2.307830
876 -1 88.839600 24.665250
876 201155 87.479430 12.592760
876 101145 90.098480 32.401780
876 201978 75.115800 20.381030
876 202331 82.274190 31.022600
876 1626167 92.533610 24.467800
876 2736 60.044950 32.283870
876 201596 57.095270 15.270910
876 201609 85.064670 22.552120
876 202355 88.113360 24.451810
876 1626159 87.444670 2.468930
888 -1 88.859130 24.743180
888 201155 87.227820 12.592170
888 101145 89.898450 32.640600
888 201978 74.324750 20.179830
888 202331 82.316430 31.460410
888 1626167 92.580480 24.552980
888 2736 59.608650 32.415540
888 201596 56.285260 15.518760
888 201609 84.389310 22.680790
888 202355 87.616720 24.459580
888 1626159 86.935610 2.755550
900 -1 88.996360 24.777940
900 201155 86.906860 12.590720
900 101145 89.688770 32.954190
900 201978 73.413040 19.881750
900 202331 82.291380 32.021860
900 1626167 92.642210 24.622440
900 2736 59.123430 32.517180
900 201596 55.432230 15.788760
900 201609 83.522700 22.845890
900 202355 86.914160 24.446520
900 1626159 86.276220 3.068170
912 -1 89.185850 24.807930
912 201155 86.505750 12.580410
912 101145 89.493740 33.322390
912 201978 72.376260 19.501100
912 202331 82.213770 32.683840
912 1626167 92.738760 24.751370
912 2736 58.583000 32.612890
912 201596 54.523670 16.057360
912 201609 82.495650 23.042940
912 202355 85.994990 24.377100
912 1626159 85.485260 3.431840
924 -1 89.397390 24.792880
924 201155 86.056700 12.558760
924 101145 89.268030 33.760100
924 201978 71.220260 19.043060
924 202331 82.058150 33.401050
924 1626167 92.781470 24.857420
924 2736 57.987960 32.708330
924 201596 53.585830 16.286550
924 201609 81.333720 23.280510
924 202355 85.001310 24.361310
924 1626159 84.569070 3.845260
936 -1 89.675130 24.969180
936 201155 85.570320 12.519540
936 101145 89.046610 34.227850
936 201978 69.982490 18.524470
936 202331 81.763030 34.195950
936 1626167 92.932170 24.998880
936 2736 57.306320 32.814290
936 201596 52.577100 16.524980
936 201609 79.955640 23.541160
936 202355 83.954460 24.318890
936 1626159 83.546510 4.304160
948 -1 89.911780 25.117560
948 201155 85.073610 12.486300
948 101145 88.802310 34.744780
948 201978 68.678730 17.962900
948 202331 81.299070 35.082030
948 1626167 93.042920 25.182370
948 2736 56.556570 32.960550
948 201596 51.525300 16.744590
948 201609 78.618000 23.795230
948 202355 82.896150 24.237920
948 1626159 82.424870 4.771040
960 -1 90.588480 25.467210
960 201155 84.492260 12.443750
960 101145 88.477910 35.289770
960 201978 67.327660 17.381290
960 202331 80.693060 36.000780
960 1626167 93.198390 25.428130
960 2736 55.715930 33.127800
960 201596 50.426290 16.917210
960 201609 77.203130 24.042620
960 202355 81.749260 24.195160
960 1626159 81.318320 5.339300
972 -1 92.679300 26.651470
972 201155 83.794170 12.355000
972 101145 87.974200 35.857450
972 201978 65.899400 16.769350
972 202331 79.905240 36.956150
972 1626167 93.333220 25.629280
972 2736 54.830740 33.278430
972 201596 49.327900 17.027350
972 201609 75.718060 24.297850
972 202355 80.531900 24.230210
972 1626159 80.131600 5.931170
984 -1 93.286930 26.872160
984 201155 82.979770 12.282910
984 101145 87.321710 36.397370
984 201978 64.373840 16.143910
984 202331 78.940830 37.942240
984 1626167 93.473420 25.905730
984 2736 53.890960 33.421540
984 201596 48.182640 17.096510
984 201609 74.158560 24.570680
984 202355 79.090690 24.259900
984 1626159 78.871870 6.541570
996 -1 93.471860 26.857540
996 201155 82.036580 12.227800
996 101145 86.534830 36.865310
996 201978 62.794070 15.509800
996 202331 77.790550 38.855260
996 1626167 93.481050 26.177420
996 2736 52.920260 33.555000
996 201596 47.042710 17.127690
996 201609 72.547400 24.837660
996 202355 77.527150 24.285600
996 1626159 77.555660 7.171300
1008 -1 92.694050 27.215630
1008 201155 80.963900 12.156500
1008 101145 85.600020 37.225230
1008 201978 61.163720 14.860360
1008 202331 76.529250 39.771420
1008 1626167 93.489730 26.365670
1008 2736 51.873860 33.691650
1008 201596 45.851520 17.121500
1008 201609 70.910050 25.090640
1008 202355 75.930780 24.349290
1008 1626159 76.193580 7.785940
1020 -1 90.177230 28.474440
1020 201155 79.809300 12.088160
1020 101145 84.468740 37.494360
1020 201978 59.462070 14.204020
1020 202331 75.082150 40.633900
1020 1626167 93.366260 26.535810
1020 2736 50.812870 33.875200
1020 201596 44.649460 17.080850
1020 201609 69.239900 25.355440
1020 202355 74.239790 24.372830
1020 1626159 74.730260 8.345730
1032 -1 87.032240 30.870660
1032 201155 78.591500 12.034830
1032 101145 83.171790 37.610000
1032 201978 57.736850 13.570680
1032 202331 73.478120 41.448470
1032 1626167 93.018480 26.713800
1032 2736 49.675620 34.106480
1032 201596 43.400330 17.025380
1032 201609 67.528500 25.639540
1032 202355 72.472340 24.388910
1032 1626159 73.251760 8.926860
1044 -1 83.980980 32.844420
1044 201155 77.295970 11.950810
1044 101145 81.866510 37.802480
1044 201978 55.976980 12.943470
1044 202331 71.748710 42.235640
1044 1626167 92.506010 26.874600
1044 2736 48.484240 34.348690
1044 201596 42.153190 16.946480
1044 201609 65.825900 25.919350
1044 202355 70.683550 24.410570
1044 1626159 71.716810 9.492940
1056 -1 80.880890 34.835320
1056 201155 75.923340 11.833420
1056 101145 80.435790 37.911840
1056 201978 54.162720 12.314460
1056 202331 69.923780 43.000940
1056 1626167 91.794120 27.003460
1056 2736 47.252400 34.623120
1056 201596 40.862760 16.852850
1056 201609 64.082150 26.230990
1056 202355 68.831700 24.435210
1056 1626159 70.126890 9.994590
1068 -1 78.276870 36.156470
1068 201155 74.489110 11.694820
1068 101145 78.881060 37.955630
1068 201978 52.293150 11.711560
1068 202331 67.964290 43.646450
1068 1626167 90.878030 27.114290
1068 2736 45.996680 34.913300
1068 201596 39.601560 16.760750
1068 201609 62.323760 26.555250
1068 202355 66.954190 24.453130
1068 1626159 68.499330 10.438590
1080 -1 76.686850 36.607150
1080 201155 73.007160 11.548030
1080 101145 77.292900 38.000400
1080 201978 50.418050 11.139920
1080 202331 65.923160 44.218240
1080 1626167 89.875750 27.372940
1080 2736 44.665120 35.222540
1080 201596 38.326790 16.667740
1080 201609 60.544870 26.866090
1080 202355 65.075380 24.485430
1080 1626159 66.844360 10.844410
1092 -1 74.741200 36.875750
1092 201155 71.487250 11.398780
1092 101145 75.703720 38.018080
1092 201978 48.525190 10.600780
1092 202331 63.821740 44.698790
1092 1626167 88.769220 27.559210
1092 2736 43.356120 35.587420
1092 201596 37.046760 16.577900
1092 201609 58.770930 27.195780
1092 202355 63.151290 24.503830
1092 1626159 65.146740 11.205160