0 -1 27.546340 32.351070
0 2207 31.838450 28.262290
0 101127 3.506050 33.626130
0 201152 7.523910 33.899050
0 201572 19.500650 20.280630
0 202711 2.894870 15.212870
0 2548 6.146400 17.954010
0 2547 8.718460 27.756250
0 2736 27.100970 27.167410
0 201609 1.551510 27.709400
0 202355 13.540600 19.620940
12 -1 24.125390 34.494750
12 2207 31.702520 28.344220
12 101127 4.720550 35.426180
12 201152 7.191130 34.312200
12 201572 19.766080 21.682810
12 202711 2.757960 14.463610
12 2548 6.287470 17.546140
12 2547 8.808530 27.419320
12 2736 26.861220 28.176310
12 201609 2.047810 30.026420
12 202355 14.221860 20.192760
24 -1 21.623490 36.406120
24 2207 31.568410 28.214970
24 101127 6.155060 37.076420
24 201152 6.856880 34.695710
24 201572 19.909410 23.138090
24 202711 2.616120 13.655900
24 2548 6.376000 17.109280
24 2547 8.812820 27.283420
24 2736 26.605670 28.958600
24 201609 2.689560 32.183780
24 202355 14.835700 20.897670
36 -1 19.841200 37.747420
36 2207 31.435140 27.810850
36 101127 7.834680 38.523690
36 201152 6.511750 35.077700
36 201572 19.979880 24.599720
36 202711 2.542740 12.739980
36 2548 6.376220 16.830430
36 2547 8.764240 27.349290
36 2736 26.267530 29.434220
36 201609 3.481970 34.232780
36 202355 15.190850 21.655530
48 -1 18.027070 38.755200
48 2207 31.291820 27.012520
48 101127 9.594350 39.672790
48 201152 6.156670 35.460770
48 201572 20.011770 26.094280
48 202711 2.440810 11.840160
48 2548 6.145520 16.748890
48 2547 8.732150 27.569940
48 2736 26.070020 29.595800
48 201609 4.498810 35.976970
48 202355 15.427760 22.357400
60 -1 16.084450 40.178260
60 2207 31.070920 25.978700
60 101127 11.478340 40.561600
60 201152 5.862280 35.823530
60 201572 19.986640 27.634620
60 202711 2.504500 10.834970
60 2548 5.933030 16.727110
60 2547 8.694240 27.924350
60 2736 26.020190 29.325840
60 201609 5.550210 37.454460
60 202355 15.635960 22.996100
72 -1 15.040110 41.095200
72 2207 30.722380 24.960240
72 101127 13.394900 41.117310
72 201152 5.641980 36.045110
72 201572 19.903570 29.206130
72 202711 2.576900 9.833480
72 2548 5.751630 16.827970
72 2547 8.669210 28.323470
72 2736 25.868990 28.692200
72 201609 6.630890 38.542030
72 202355 15.642880 23.700240
84 -1 16.378820 40.704590
84 2207 30.369000 23.695250
84 101127 15.241870 41.333480
84 201152 5.444650 36.244970
84 201572 19.910920 30.637280
84 202711 2.744120 8.893950
84 2548 5.555160 17.064080
84 2547 8.684380 28.705510
84 2736 25.627270 27.854550
84 201609 7.842680 39.307660
84 202355 15.539680 24.423430
96 -1 18.182840 39.984510
96 2207 29.960480 22.179140
96 101127 16.988200 41.248510
96 201152 5.280510 36.441260
96 201572 19.845530 32.009380
96 202711 2.955470 7.916680
96 2548 5.459750 17.207490
96 2547 8.702070 29.066300
96 2736 25.406880 26.909340
96 201609 9.161630 39.734940
96 202355 15.506560 25.100740
108 -1 20.355930 39.248600
108 2207 29.526390 20.534960
108 101127 18.644790 40.856310
108 201152 5.189650 36.645740
108 201572 19.727960 33.170600
108 202711 3.216880 6.981300
108 2548 5.564960 17.178900
108 2547 8.705200 29.365970
108 2736 24.994200 25.933960
108 201609 10.398220 39.708900
108 202355 15.427130 25.771580
120 -1 22.416650 38.245950
120 2207 29.002300 19.022920
120 101127 20.120580 40.226640
120 201152 5.151960 36.827770
120 201572 19.567970 34.035240
120 202711 3.427010 6.207140
120 2548 5.765600 17.067450
120 2547 8.688000 29.631990
120 2736 24.336940 25.009760
120 201609 11.644950 39.185990
120 202355 15.257480 26.483900
132 -1 23.982560 38.200600
132 2207 28.455910 17.514090
132 101127 21.450910 39.340900
132 201152 5.110850 37.056340
132 201572 19.273380 34.755630
132 202711 3.713940 5.461730
132 2548 6.003140 16.898400
132 2547 8.628020 29.909170
132 2736 23.860080 24.047260
132 201609 12.893650 38.360670
132 202355 15.142620 27.128080
144 -1 24.815700 37.779840
144 2207 27.911550 15.960480
144 101127 22.561020 38.331300
144 201152 5.083770 37.388580
144 201572 18.829830 35.314720
144 202711 4.046930 4.753740
144 2548 6.283920 16.673100
144 2547 8.533650 30.217320
144 2736 23.451290 23.080380
144 201609 13.988510 37.537760
144 202355 15.023030 27.701690
156 -1 25.427430 36.423880
156 2207 27.310190 14.522670
156 101127 23.421580 37.339390
156 201152 5.047680 37.846750
156 201572 18.259540 35.585950
156 202711 4.414310 4.213190
156 2548 6.546370 16.425630
156 2547 8.423760 30.528400
156 2736 23.008240 22.176980
156 201609 14.973640 36.493030
156 202355 14.899490 28.211600
168 -1 25.001970 34.855920
168 2207 26.768410 13.292010
168 101127 23.990600 36.439890
168 201152 4.978920 38.335840
168 201572 17.587220 35.686010
168 202711 4.784310 3.781820
168 2548 6.751070 16.170590
168 2547 8.302760 30.824960
168 2736 22.633190 21.214200
168 201609 15.923270 35.329910
168 202355 14.788210 28.684500
180 -1 24.945660 33.927490
180 2207 26.346070 11.979260
180 101127 24.313810 35.735380
180 201152 4.941620 39.014860
180 201572 16.796610 35.675820
180 202711 5.168200 3.341300
180 2548 6.880050 15.979070
180 2547 8.177730 31.184250
180 2736 22.326290 20.170210
180 201609 16.852030 34.304290
180 202355 14.762800 29.038550
192 -1 24.446990 33.444130
192 2207 25.942650 10.650600
192 101127 24.311990 35.256980
192 201152 4.947440 39.811160
192 201572 15.988970 35.378490
192 202711 5.548230 2.993850
192 2548 6.972350 15.857470
192 2547 7.986580 31.724790
192 2736 21.921830 19.303440
192 201609 17.711210 33.448090
192 202355 14.675250 29.390530
204 -1 24.002910 33.749440
204 2207 25.589350 9.537790
204 101127 24.283740 34.970410
204 201152 4.990620 40.650120
204 201572 15.070420 34.897440
204 202711 5.879910 2.735220
204 2548 7.020420 15.804550
204 2547 7.827060 32.368580
204 2736 21.487840 18.655110
204 201609 18.579000 32.598050
204 202355 14.612230 29.656380
216 -1 22.916310 34.281720
216 2207 25.279310 8.507510
216 101127 24.224390 34.739440
216 201152 5.076010 41.453260
216 201572 14.171190 34.278020
216 202711 6.188980 2.534780
216 2548 7.038370 15.823330
216 2547 7.720050 33.080120
216 2736 21.040730 18.204470
216 201609 19.302040 31.969760
216 202355 14.565750 29.821820
228 -1 23.075960 34.566190
228 2207 25.012700 7.566100
228 101127 24.150520 34.561670
228 201152 5.225280 42.267480
228 201572 13.232040 33.627780
228 202711 6.236970 2.522530
228 2548 7.057540 15.892390
228 2547 7.719280 33.819550
228 2736 20.571200 17.934260
228 201609 19.944420 31.695960
228 202355 14.494210 29.917020
240 -1 22.969550 34.989810
240 2207 24.791950 6.907640
240 101127 24.058390 34.311810
240 201152 5.346180 42.965950
240 201572 12.266830 32.905360
240 202711 6.418820 2.505190
240 2548 7.056430 15.974860
240 2547 7.552440 34.784980
240 2736 20.175860 17.847910
240 201609 20.562350 31.486640
240 202355 14.332150 29.978720
252 -1 23.133170 35.204510
252 2207 24.735340 6.439500
252 101127 23.904980 34.183590
252 201152 5.442810 43.588190
252 201572 11.275020 32.245150
252 202711 6.591240 2.621220
252 2548 7.057000 16.030640
252 2547 7.380750 35.678600
252 2736 19.875650 17.783610
252 201609 21.108240 31.397970
252 202355 14.091280 29.963540
264 -1 23.039370 35.453140
264 2207 24.742920 6.154990
264 101127 23.857980 34.060550
264 201152 5.579710 44.040630
264 201572 10.321040 31.650130
264 202711 6.779030 2.786320
264 2548 7.052480 16.072000
264 2547 7.331800 36.363000
264 2736 19.653610 17.710690
264 201609 21.498050 31.380370
264 202355 13.682670 29.860300
276 -1 22.794950 35.510680
276 2207 24.832510 6.135660
276 101127 23.852540 34.019880
276 201152 5.801820 44.519560
276 201572 9.510040 31.206510
276 202711 6.949210 2.953410
276 2548 7.060290 16.085610
276 2547 7.389630 36.915980
276 2736 19.588740 17.567390
276 201609 21.849330 31.373830
276 202355 13.126070 29.732120
288 -1 23.996390 35.164780
288 2207 25.037420 6.195300
288 101127 23.912940 34.045890
288 201152 6.046380 44.927930
288 201572 8.901290 30.887940
288 202711 7.358240 2.998140
288 2548 7.078970 16.077290
288 2547 7.311260 37.554920
288 2736 19.669460 17.362620
288 201609 22.116200 31.399850
288 202355 12.541750 29.555650
300 -1 25.055100 35.289580
300 2207 25.418010 6.289260
300 101127 24.100140 34.186200
300 201152 6.447160 45.311420
300 201572 8.493290 30.755290
300 202711 7.665890 3.107910
300 2548 7.154320 16.001110
300 2547 7.490650 37.858290
300 2736 19.878280 17.123030
300 201609 22.246030 31.515780
300 202355 12.043900 29.334730
312 -1 25.536830 34.565840
312 2207 25.904390 6.464530
312 101127 24.537550 34.320970
312 201152 6.976840 45.643070
312 201572 8.252710 30.734880
312 202711 8.009720 3.109390
312 2548 7.270550 15.915320
312 2547 7.857170 38.010080
312 2736 20.244480 16.908690
312 201609 22.300620 31.645470
312 202355 11.530780 29.103000
324 -1 26.363430 30.483080
324 2207 26.560920 6.738830
324 101127 24.871410 34.467460
324 201152 7.522410 45.972670
324 201572 8.191980 30.866750
324 202711 8.362070 3.065640
324 2548 7.441230 15.674820
324 2547 8.218400 38.199950
324 2736 20.662840 16.691390
324 201609 22.412400 31.696880
324 202355 11.038790 28.861970
336 -1 27.486280 25.492470
336 2207 27.286390 7.014830
336 101127 25.230140 34.639760
336 201152 8.069340 46.116050
336 201572 8.194660 31.089700
336 202711 8.736460 2.983720
336 2548 7.699320 15.237030
336 2547 8.577360 38.383400
336 2736 21.089520 16.406400
336 201609 22.516330 31.760760
336 202355 10.641010 28.661810
348 -1 28.306540 21.009880
348 2207 27.998620 7.352700
348 101127 25.685590 34.789270
348 201152 8.661470 46.221390
348 201572 8.164600 31.372400
348 202711 9.089440 2.878360
348 2548 8.077760 14.619070
348 2547 9.065970 38.376970
348 2736 21.556430 16.143030
348 201609 22.619520 31.868490
348 202355 10.210920 28.348590
360 -1 29.388550 16.067290
360 2207 28.638530 7.621980
360 101127 26.203160 34.984390
360 201152 9.206550 46.242570
360 201572 8.133220 31.698750
360 202711 9.385280 2.757850
360 2548 8.454850 13.992700
360 2547 9.531540 38.356550
360 2736 21.978780 15.841310
360 201609 22.727610 31.959260
360 202355 9.678920 27.999410
372 -1 29.850860 11.432730
372 2207 29.209310 7.954600
372 101127 26.762460 35.186030
372 201152 9.732020 46.205620
372 201572 8.127310 32.023190
372 202711 9.615370 2.627090
372 2548 8.800120 13.159900
372 2547 9.912930 38.382560
372 2736 22.276160 15.492570
372 201609 22.857690 31.972200
372 202355 9.279570 27.575200
384 -1 30.740880 9.232920
384 2207 29.471820 8.194990
384 101127 27.364120 35.417730
384 201152 10.245790 46.046120
384 201572 8.092860 32.289390
384 202711 9.794450 2.480600
384 2548 9.269040 12.269280
384 2547 10.352750 38.118580
384 2736 22.629130 15.112770
384 201609 22.981950 31.954590
384 202355 9.041130 27.103720
396 -1 30.427930 9.482380
396 2207 29.498700 8.338810
396 101127 27.979260 35.651350
396 201152 10.671800 45.864710
396 201572 8.126560 32.414470
396 202711 9.891190 2.360870
396 2548 9.863130 11.331020
396 2547 10.724870 37.778530
396 2736 22.786740 14.927820
396 201609 23.136040 31.896040
396 202355 8.868790 26.497130
408 -1 29.140290 9.200680
408 2207 29.261610 8.447090
408 101127 28.590420 35.893310
408 201152 11.055760 45.598820
408 201572 8.239700 32.435060
408 202711 9.926570 2.263960
408 2548 10.389340 10.411980
408 2547 11.066350 37.433450
408 2736 22.971000 14.686440
408 201609 23.337560 31.764620
408 202355 8.769100 26.034780
420 -1 26.841350 8.345630
420 2207 28.897200 8.562920
420 101127 29.178370 36.129800
420 201152 11.318440 45.217130
420 201572 8.427190 32.452180
420 202711 10.059250 2.162230
420 2548 10.907750 9.439620
420 2547 11.419150 36.963000
420 2736 23.242150 14.406660
420 201609 23.574010 31.606890
420 202355 8.715250 25.644820
432 -1 22.951570 6.338150
432 2207 28.271950 8.611900
432 101127 29.708570 36.337550
432 201152 11.461700 44.759140
432 201572 8.693240 32.441370
432 202711 10.362740 1.996660
432 2548 11.446640 8.612150
432 2547 11.775690 36.301600
432 2736 23.273740 14.194360
432 201609 23.779390 31.468930
432 202355 8.683510 25.321650
444 -1 18.874240 3.960420
444 2207 27.486400 8.705820
444 101127 30.180640 36.515510
444 201152 11.430880 44.368570
444 201572 8.995150 32.388810
444 202711 10.796690 1.740050
444 2548 11.803990 7.950290
444 2547 11.883910 35.896070
444 2736 23.040340 14.010140
444 201609 23.928260 31.335350
444 202355 8.650470 25.101690
456 -1 14.913380 1.714320
456 2207 26.533220 8.892710
456 101127 30.577030 36.671370
456 201152 11.391110 43.801490
456 201572 9.283440 32.377170
456 202711 11.242780 1.771860
456 2548 11.909620 7.502000
456 2547 11.913520 35.446350
456 2736 22.564530 13.801160
456 201609 23.998850 31.153650
456 202355 8.523270 25.261590
468 -1 13.864350 0.892410
468 2207 25.555840 9.136760
468 101127 30.841200 36.796400
468 201152 11.275430 43.209280
468 201572 9.668740 32.310280
468 202711 11.874330 1.669560
468 2548 11.954760 7.185970
468 2547 11.897180 35.015220
468 2736 21.877450 13.684650
468 201609 23.958820 30.938550
468 202355 8.415420 25.537300
480 -1 14.240460 0.927200
480 2207 24.522150 9.481570
480 101127 31.011360 36.864030
480 201152 11.102610 42.670290
480 201572 10.266180 32.049030
480 202711 12.572290 1.606470
480 2548 11.988100 6.945180
480 2547 11.810760 34.714210
480 2736 20.883500 13.720670
480 201609 23.823640 30.704350
480 202355 8.342480 25.837280
492 -1 14.851650 0.992830
492 2207 23.268260 9.834110
492 101127 31.113020 36.885060
492 201152 10.858790 42.140320
492 201572 10.954000 31.732060
492 202711 13.236580 1.698870
492 2548 11.996510 6.753680
492 2547 11.636790 34.356850
492 2736 19.956160 13.772220
492 201609 23.674870 30.431190
492 202355 8.275130 26.142130
504 -1 15.614600 1.090320
504 2207 21.985820 10.311330
504 101127 31.173600 36.863470
504 201152 10.631380 41.564720
504 201572 11.754540 31.299910
504 202711 13.875830 1.957840
504 2548 12.015660 6.602500
504 2547 11.448470 33.979950
504 2736 18.987450 13.811830
504 201609 23.524140 30.162910
504 202355 8.222510 26.470320
516 -1 16.445960 1.220650
516 2207 20.904760 10.725720
516 101127 31.229450 36.806660
516 201152 10.301960 41.105610
516 201572 12.599520 30.775520
516 202711 14.632120 1.935860
516 2548 12.249770 6.393590
516 2547 11.199770 33.692810
516 2736 18.223370 13.952230
516 201609 23.420390 29.925190
516 202355 8.295020 26.561040
528 -1 17.262410 1.384820
528 2207 19.699870 11.209400
528 101127 31.278540 36.717810
528 201152 9.889880 40.695870
528 201572 13.491340 30.161790
528 202711 15.328290 2.013310
528 2548 12.571560 6.192360
528 2547 10.877370 33.432010
528 2736 17.380810 14.183720
528 201609 23.379550 29.695050
528 202355 8.440730 26.582730
540 -1 17.371280 1.626490
540 2207 18.287630 11.720670
540 101127 31.287020 36.647220
540 201152 9.433190 40.291670
540 201572 14.393980 29.396380
540 202711 15.853600 2.026490
540 2548 12.993990 6.036780
540 2547 10.471580 33.087850
540 2736 16.459250 14.511510
540 201609 23.391770 29.448750
540 202355 8.652190 26.656080
552 -1 17.250780 1.658680
552 2207 16.868860 12.383080
552 101127 31.252360 36.610740
552 201152 8.937100 39.919470
552 201572 15.303320 28.394900
552 202711 16.285690 1.998780
552 2548 13.472810 5.913980
552 2547 10.064610 32.856900
552 2736 15.683630 14.823340
552 201609 23.400430 29.200990
552 202355 8.821050 26.664480
564 -1 17.730400 2.469950
564 2207 15.508840 13.013760
564 101127 31.195830 36.590540
564 201152 8.426720 39.541730
564 201572 16.140940 27.327800
564 202711 16.650080 1.949110
564 2548 13.991150 5.844110
564 2547 9.692830 32.623850
564 2736 14.928150 15.273950
564 201609 23.408270 28.955100
564 202355 9.058410 26.591390
576 -1 18.103650 3.012350
576 2207 13.818640 13.973290
576 101127 31.147660 36.558880
576 201152 7.908620 39.183660
576 201572 16.984210 26.039520
576 202711 16.911850 1.842180
576 2548 14.390130 5.850790
576 2547 9.339470 32.416300
576 2736 14.135030 15.669420
576 201609 23.401650 28.778280
576 202355 9.470180 26.446560
588 -1 18.123820 3.287780
588 2207 12.220360 15.190780
588 101127 31.177040 36.499820
588 201152 7.390720 38.813900
588 201572 17.781850 24.604260
588 202711 17.064590 1.775460
588 2548 14.729830 5.898510
588 2547 9.013430 32.171110
588 2736 13.363520 16.089190
588 201609 23.384020 28.699940
588 202355 9.923970 26.172220
600 -1 17.248720 3.001170
600 2207 10.585690 16.596470
600 101127 31.264640 36.405250
600 201152 6.895070 38.445140
600 201572 18.391540 23.183590
600 202711 17.168370 1.769170
600 2548 14.941260 5.972580
600 2547 8.718190 31.975200
600 2736 12.751020 16.467980
600 201609 23.369710 28.714780
600 202355 10.472140 25.706580
612 -1 16.265090 2.177130
612 2207 9.062280 18.295540
612 101127 31.397540 36.287660
612 201152 6.461560 38.047610
612 201572 18.864730 21.768470
612 202711 17.176230 1.756310
612 2548 15.097300 6.077730
612 2547 8.434500 31.791050
612 2736 11.986220 16.934180
612 201609 23.342710 28.817540
612 202355 11.180690 25.272180
624 -1 15.212320 2.448710
624 2207 7.695020 20.139560
624 101127 31.537680 36.165550
624 201152 6.073520 37.666620
624 201572 19.233140 20.245340
624 202711 17.145590 1.761380
624 2548 15.206210 6.217090
624 2547 8.138410 31.623410
624 2736 11.143090 17.456390
624 201609 23.291110 28.957630
624 202355 11.942820 24.657940
636 -1 14.690790 2.507980
636 2207 6.679580 21.959170
636 101127 31.637220 36.069670
636 201152 5.746260 37.270780
636 201572 19.489150 18.757170
636 202711 17.159080 1.868290
636 2548 15.268830 6.428920
636 2547 7.848110 31.437140
636 2736 10.358910 17.981990
636 201609 23.170110 29.082760
636 202355 12.653020 24.080690
648 -1 14.588280 2.774660
648 2207 5.808180 23.500100
648 101127 31.667980 36.021610
648 201152 5.469450 36.875770
648 201572 19.615780 17.300430
648 202711 17.209200 2.168830
648 2548 15.325740 6.648930
648 2547 7.535360 31.214650
648 2736 9.641580 18.419760
648 201609 22.996350 29.124050
648 202355 13.402850 23.503190
660 -1 15.301590 2.775550
660 2207 5.175150 24.930280
660 101127 31.649550 35.994070
660 201152 5.259280 36.514110
660 201572 19.583700 15.890360
660 202711 17.436980 2.482700
660 2548 15.399140 6.862860
660 2547 7.219160 30.914150
660 2736 8.819360 18.887760
660 201609 22.765100 29.106980
660 202355 13.988360 22.975710
672 -1 17.393880 1.021950
672 2207 4.613640 26.282210
672 101127 31.593740 35.982300
672 201152 5.148440 36.185580
672 201572 19.411580 14.531920
672 202711 17.863550 2.918350
672 2548 15.546350 7.101880
672 2547 6.912420 30.501110
672 2736 8.017840 19.334240
672 201609 22.528130 29.044890
672 202355 14.501730 22.307010
684 -1 19.760340 0.832230
684 2207 4.010440 27.684990
684 101127 31.543230 35.969310
684 201152 5.152080 35.873430
684 201572 19.195320 13.323740
684 202711 18.432810 3.437980
684 2548 15.874490 7.367120
684 2547 6.602390 30.013870
684 2736 7.364390 19.710430
684 201609 22.303080 28.976460
684 202355 14.914050 21.717610
696 -1 20.851130 5.001900
696 2207 3.398500 29.067070
696 101127 31.515710 35.938830
696 201152 5.222850 35.632920
696 201572 18.978920 12.280930
696 202711 19.094780 4.120880
696 2548 16.452060 7.660860
696 2547 6.432980 29.320030
696 2736 6.715570 20.064050
696 201609 22.125230 28.910510
696 202355 15.218620 21.016960
708 -1 21.472980 6.481010
708 2207 2.754550 30.672450
708 101127 31.553810 35.849470
708 201152 5.488430 35.383630
708 201572 18.778440 11.403450
708 202711 19.897750 4.859650
708 2548 17.099450 7.877650
708 2547 6.405150 28.607080
708 2736 6.159310 20.439890
708 201609 21.970270 28.869820
708 202355 15.411650 20.230860
720 -1 22.445390 7.172040
720 2207 2.229680 32.351750
720 101127 31.665520 35.738680
720 201152 5.981030 35.072820
720 201572 18.669550 10.654920
720 202711 20.616440 5.821910
720 2548 17.798140 8.037430
720 2547 6.487490 27.777310
720 2736 5.711150 20.943540
720 201609 21.839400 28.842430
720 202355 15.658220 19.437870
732 -1 23.093910 7.644790
732 2207 1.867770 33.976480
732 101127 31.851930 35.614350
732 201152 6.608420 34.730150
732 201572 18.636140 10.110630
732 202711 21.222590 6.944500
732 2548 18.539350 8.129910
732 2547 6.641690 27.050520
732 2736 5.333120 21.714500
732 201609 21.743990 28.839280
732 202355 15.911150 18.796970
744 -1 23.614990 8.589520
744 2207 1.728900 35.483070
744 101127 32.058320 35.504160
744 201152 7.323900 34.323630
744 201572 18.544400 9.707150
744 202711 21.720600 8.205870
744 2548 19.250590 8.240550
744 2547 6.868140 26.352940
744 2736 5.088110 22.500900
744 201609 21.699760 28.851870
744 202355 16.170060 18.311580
756 -1 23.437290 10.725770
756 2207 1.731170 36.893610
756 101127 32.258080 35.442750
756 201152 8.164450 33.831690
756 201572 18.335710 9.417460
756 202711 22.053400 9.560460
756 2548 19.837250 8.266520
756 2547 7.005000 25.862430
756 2736 5.023350 23.328340
756 201609 21.691250 28.863900
756 202355 16.307360 18.048490
768 -1 23.031820 12.832310
768 2207 1.908820 38.227090
768 101127 32.399760 35.466220
768 201152 9.024170 33.430560
768 201572 18.005630 9.210860
768 202711 22.169240 10.925900
768 2548 20.332190 8.478020
768 2547 7.094760 25.438500
768 2736 4.887870 24.216510
768 201609 21.684320 28.859180
768 202355 16.412870 17.977290
780 -1 23.135640 14.334630
780 2207 2.182280 39.544620
780 101127 32.478930 35.546970
780 201152 9.813680 33.132270
780 201572 17.484370 9.151490
780 202711 22.260330 12.314140
780 2548 20.781710 8.904700
780 2547 7.168040 25.208870
780 2736 4.857800 24.997000
780 201609 21.661800 28.807460
780 202355 16.605670 17.823140
792 -1 23.102560 15.369480
792 2207 2.639420 40.703790
792 101127 32.504660 35.655860
792 201152 10.564570 32.946210
792 201572 16.804260 9.129170
792 202711 22.249250 13.626760
792 2548 21.126590 9.445840
792 2547 7.260330 24.940900
792 2736 4.941410 25.479690
792 201609 21.607400 28.718980
792 202355 16.858670 17.668160
804 -1 22.096920 16.619820
804 2207 3.124170 41.808220
804 101127 32.518160 35.760320
804 201152 11.251290 32.931010
804 201572 16.048700 9.151050
804 202711 22.124660 14.991710
804 2548 21.243780 10.162410
804 2547 7.322660 24.775510
804 2736 4.950240 25.723980
804 201609 21.507430 28.607890
804 202355 16.980170 17.646680
816 -1 19.432640 15.319220
816 2207 3.671020 42.838750
816 101127 32.555370 35.826100
816 201152 11.832900 33.030470
816 201572 15.242300 9.323620
816 202711 22.102510 16.292370
816 2548 21.099000 11.046750
816 2547 7.364150 24.711270
816 2736 4.918110 26.060400
816 201609 21.402960 28.496240
816 202355 17.042690 17.620710
828 -1 17.278870 14.271030
828 2207 4.263220 43.760520
828 101127 32.606330 35.846490
828 201152 12.258570 33.133810
828 201572 14.380800 9.663820
828 202711 22.231120 17.497160
828 2548 20.794870 11.967430
828 2547 7.417000 24.575440
828 2736 5.067270 26.600610
828 201609 21.321240 28.407240
828 202355 17.034950 17.575580
840 -1 15.869190 13.625340
840 2207 4.875950 44.568070
840 101127 32.667070 35.836150
840 201152 12.511380 33.206270
840 201572 13.549230 10.017290
840 202711 22.445890 18.537250
840 2548 20.281460 12.903530
840 2547 7.444030 24.267130
840 2736 5.348570 26.991600
840 201609 21.218680 28.357430
840 202355 16.793720 17.748680
852 -1 14.769310 12.865900
852 2207 5.510500 45.273560
852 101127 32.733610 35.789560
852 201152 12.607980 33.212230
852 201572 12.671940 10.468390
852 202711 22.823980 19.428860
852 2548 19.635650 13.632160
852 2547 7.415140 23.969110
852 2736 5.602510 27.560840
852 201609 21.051620 28.311730
852 202355 16.282520 18.013280
864 -1 13.433500 13.061950
864 2207 6.139880 45.876170
864 101127 32.782150 35.740350
864 201152 12.595990 33.128750
864 201572 11.817170 11.025610
864 202711 23.356940 20.083500
864 2548 18.864680 14.090240
864 2547 7.475110 23.546060
864 2736 5.944700 28.242290
864 201609 20.795590 28.266710
864 202355 15.620660 18.267310
876 -1 11.469290 13.540210
876 2207 6.750530 46.398620
876 101127 32.803450 35.707140
876 201152 12.524630 32.899540
876 201572 10.960650 11.607480
876 202711 23.897050 20.542830
876 2548 17.936660 14.477010
876 2547 7.533680 22.850190
876 2736 6.344340 28.886770
876 201609 20.504610 28.213180
876 202355 14.947330 18.429530
888 -1 9.296940 14.060290
888 2207 7.357880 46.786640
888 101127 32.807760 35.686060
888 201152 12.348510 32.629800
888 201572 10.086600 12.276840
888 202711 24.466690 20.836600
888 2548 17.094520 14.685850
888 2547 7.462330 22.182620
888 2736 6.697390 29.275500
888 201609 20.199890 28.148330
888 202355 14.203350 18.575200
900 -1 8.231260 14.195880
900 2207 7.975510 47.040740
900 101127 32.793560 35.670500
900 201152 12.104770 32.155050
900 201572 9.169590 13.085670
900 202711 25.055340 21.017750
900 2548 16.309100 14.728010
900 2547 7.362970 21.626430
900 2736 6.922360 29.720560
900 201609 19.890460 28.084810
900 202355 13.408290 18.606740
912 -1 7.316650 15.645800
912 2207 8.571970 47.221740
912 101127 32.769800 35.670200
912 201152 11.856720 31.649880
912 201572 8.444130 13.969360
912 202711 25.630620 21.175570
912 2548 15.491190 14.924020
912 2547 7.049410 21.082510
912 2736 7.126530 29.835750
912 201609 19.589420 28.077440
912 202355 12.581280 18.650900
924 -1 6.995720 16.217360
924 2207 9.124350 47.360120
924 101127 32.746640 35.677140
924 201152 11.600610 31.084110
924 201572 7.880430 14.766630
924 202711 26.194040 21.258800
924 2548 14.786730 15.132420
924 2547 6.646740 20.523460
924 2736 7.387480 29.867100
924 201609 19.306410 28.167610
924 202355 11.843030 18.705730
936 -1 6.833540 16.319730
936 2207 9.686770 47.418560
936 101127 32.725870 35.670650
936 201152 11.291460 30.315190
936 201572 7.413970 15.473220
936 202711 26.806090 21.310140
936 2548 14.261150 15.238450
936 2547 6.241270 20.299680
936 2736 7.642710 29.694010
936 201609 18.945350 28.421220
936 202355 11.100860 18.991310
948 -1 6.595190 17.220580
948 2207 10.240400 47.451030
948 101127 32.709600 35.671000
948 201152 10.856990 29.404930
948 201572 7.055900 16.031590
948 202711 27.381640 21.399540
948 2548 13.709200 15.527670
948 2547 6.002860 20.190230
948 2736 7.729860 29.437920
948 201609 18.550280 28.769220
948 202355 10.363400 19.346330
960 -1 6.441340 18.398620
960 2207 10.800950 47.464940
960 101127 32.682850 35.661990
960 201152 10.436410 28.619780
960 201572 7.009340 16.687140
960 202711 27.931410 21.511280
960 2548 13.228840 15.795910
960 2547 5.620540 19.986680
960 2736 7.761320 29.132310
960 201609 18.090330 29.258080
960 202355 9.567520 19.902920
972 -1 6.099970 19.737860
972 2207 11.323910 47.455450
972 101127 32.638740 35.655540
972 201152 10.098990 27.805950
972 201572 6.869060 17.276790
972 202711 28.525180 21.562790
972 2548 12.832740 16.066630
972 2547 5.343120 19.854030
972 2736 7.723880 28.850150
972 201609 17.582060 29.852030
972 202355 8.865700 20.554610
984 -1 5.869980 20.986430
984 2207 11.940840 47.441200
984 101127 32.584980 35.647270
984 201152 9.772660 26.812360
984 201572 6.620230 17.581710
984 202711 29.161390 21.629800
984 2548 12.448690 16.303550
984 2547 5.075960 19.939530
984 2736 7.539200 28.647400
984 201609 17.073400 30.495800
984 202355 8.231850 21.307460
996 -1 5.466460 22.275990
996 2207 12.614430 47.417100
996 101127 32.531250 35.640610
996 201152 9.456400 26.117630
996 201572 6.494320 17.907750
996 202711 29.779170 21.693140
996 2548 12.059050 16.576850
996 2547 4.888900 19.896600
996 2736 7.360660 28.303350
996 201609 16.533680 31.050600
996 202355 7.789650 21.859590
1008 -1 5.136330 23.433530
1008 2207 13.328800 47.350420
1008 101127 32.490480 35.596010
1008 201152 9.354490 25.530990
1008 201572 6.489930 17.955360
1008 202711 30.454590 21.709860
1008 2548 11.738220 16.679080
1008 2547 4.706930 19.764430
1008 2736 7.293550 27.825130
1008 201609 15.901920 31.640030
1008 202355 7.433260 22.425020
1020 -1 4.954340 24.839180
1020 2207 14.067260 47.229720
1020 101127 32.478400 35.519610
1020 201152 9.294210 24.964220
1020 201572 6.468030 17.664720
1020 202711 31.130280 21.765110
1020 2548 11.299910 16.766170
1020 2547 4.764430 19.712560
1020 2736 7.290650 27.318920
1020 201609 15.242440 32.188820
1020 202355 7.281200 23.039190
1032 -1 5.018820 25.350040
1032 2207 14.927390 47.017100
1032 101127 32.503200 35.403360
1032 201152 9.200500 24.496800
1032 201572 6.720180 17.141580
1032 202711 31.730270 21.909690
1032 2548 10.955710 16.820320
1032 2547 4.928240 19.620950
1032 2736 7.333120 26.804960
1032 201609 14.550900 32.689790
1032 202355 7.217300 23.614170
1044 -1 5.083290 25.860910
1044 2207 15.850980 46.712620
1044 101127 32.610560 35.212630
1044 201152 9.128940 24.320640
1044 201572 7.316850 16.733810
1044 202711 32.326580 22.056860
1044 2548 10.707940 16.863610
1044 2547 5.213470 19.372650
1044 2736 7.389230 26.265580
1044 201609 13.813560 33.096020
1044 202355 7.067030 23.967910
1056 -1 5.126880 26.222380
1056 2207 16.833100 46.331520
1056 101127 32.789420 34.979750
1056 201152 8.902150 23.965170
1056 201572 7.949630 16.186510
1056 202711 32.951220 22.224930
1056 2548 10.589420 16.824210
1056 2547 5.465400 19.064690
1056 2736 7.434630 25.886790
1056 201609 13.091690 33.506670
1056 202355 6.620280 24.446650
1068 -1 5.128690 26.285050
1068 2207 17.895220 45.888100
1068 101127 33.019480 34.761950
1068 201152 8.909380 23.643150
1068 201572 8.685440 15.802100
1068 202711 33.566320 22.402270
1068 2548 10.471950 16.769520
1068 2547 5.633150 18.766150
1068 2736 7.423170 25.576270
1068 201609 12.423760 33.887130
1068 202355 6.142180 24.963730
1080 -1 5.130490 26.347720
1080 2207 19.068720 45.382220
1080 101127 33.311480 34.580410
1080 201152 9.094120 23.328980
1080 201572 9.537340 15.388510
1080 202711 34.233050 22.510560
1080 2548 10.483000 16.634620
1080 2547 5.854550 18.517750
1080 2736 7.697210 25.305660
1080 201609 11.788960 34.259590
1080 202355 5.628120 25.284230
1092 -1 4.179320 27.375890
1092 2207 20.326000 44.835190
1092 101127 33.686480 34.409430
1092 201152 9.514470 23.008080
1092 201572 10.434530 15.069930
1092 202711 35.034990 22.539390
1092 2548 10.504080 16.350920
1092 2547 6.237270 18.230160
1092 2736 8.062640 25.115550
1092 201609 11.231120 34.613520
1092 202355 4.947680 25.710750
1104 -1 3.043920 28.584120
1104 2207 21.596250 44.253870
1104 101127 34.102150 34.280630
1104 201152 10.119050 22.647330
1104 201572 11.385890 14.846270
1104 202711 35.881850 22.506300
1104 2548 10.594330 16.039020
1104 2547 6.562720 17.987150
1104 2736 8.571100 25.091650
1104 201609 10.696230 34.982660
1104 202355 4.291360 26.285150
1116 -1 2.216510 29.472050
1116 2207 22.926280 43.646950
1116 101127 34.551840 34.155280
1116 201152 11.099280 22.493340
1116 201572 12.509120 14.649820
1116 202711 36.740390 22.402500
1116 2548 10.668720 15.910430
1116 2547 6.948780 17.785690
1116 2736 9.145280 25.179080
1116 201609 10.167560 35.309660
1116 202355 3.820260 26.838310
1128 -1 1.649010 30.087940
1128 2207 24.298860 43.032590
1128 101127 35.057630 33.978560
1128 201152 12.121240 22.369010
1128 201572 13.825080 14.483760
1128 202711 37.594350 22.273860
1128 2548 10.743240 15.808150
1128 2547 7.443300 17.600880
1128 2736 10.005260 25.375940
1128 201609 9.686320 35.584800
1128 202355 3.246630 27.466140
1140 -1 1.293340 30.480070
1140 2207 25.677590 42.416200
1140 101127 35.600710 33.794990
1140 201152 13.292940 22.342190
1140 201572 15.107920 14.424140
1140 202711 38.499770 22.065580
1140 2548 10.991100 15.702950
1140 2547 7.872390 17.550130
1140 2736 10.768640 25.609760
1140 201609 9.296230 35.835820
1140 202355 2.560660 28.223610
1152 -1 1.101440 30.696710
1152 2207 27.074650 41.864400
1152 101127 36.146220 33.638700
1152 201152 14.417040 22.404650
1152 201572 16.560600 14.402740
1152 202711 39.383850 21.858190
1152 2548 11.338180 15.636150
1152 2547 8.353390 17.643170
1152 2736 11.602050 25.870100
1152 201609 8.990620 36.055430
1152 202355 1.892410 28.880250
1164 -1 1.025230 30.786130
1164 2207 28.527290 41.332490
1164 101127 36.712750 33.520940
1164 201152 15.740590 22.402490
1164 201572 18.160170 14.354350
1164 202711 40.303480 21.606680
1164 2548 11.679750 15.542730
1164 2547 9.028770 17.757280
1164 2736 12.470330 26.098450
1164 201609 8.820850 36.248800
1164 202355 1.190850 29.482200
1176 -1 1.173620 30.638970
1176 2207 29.988950 40.847370
1176 101127 37.321790 33.442840
1176 201152 17.228080 22.384060
1176 201572 19.839900 14.358170
1176 202711 41.235080 21.328790
1176 2548 12.081830 15.288950
1176 2547 9.948440 17.886890
1176 2736 13.367300 26.398180
1176 201609 8.761810 36.439060
1176 202355 0.576210 29.984610