0 -1 61.908540 38.884600
0 203187 63.408770 37.380560
0 202330 55.153580 10.284230
0 203497 72.408690 36.396080
0 203526 68.519840 22.130190
0 1626168 74.803940 24.003700
0 2548 81.028060 44.660360
0 2547 55.252410 30.005640
0 2736 52.094210 14.542790
0 201609 76.082010 4.768560
0 202355 74.998430 28.160390
12 -1 58.941850 37.283780
12 203187 61.393840 37.283630
12 202330 53.328570 9.454960
12 203497 70.253910 35.878140
12 203526 66.331700 22.117790
12 1626168 72.913180 23.625680
12 2548 80.080700 44.547630
12 2547 53.232260 30.033440
12 2736 50.286870 14.857630
12 201609 74.073050 5.339260
12 202355 73.316620 27.657030
24 -1 56.923520 35.721390
24 203187 59.256070 36.940320
24 202330 51.474430 8.603100
24 203497 68.175540 35.353410
24 203526 64.091350 22.061680
24 1626168 70.999680 23.259670
24 2548 79.041300 44.385000
24 2547 51.157300 29.999610
24 2736 48.417150 15.136730
24 201609 71.871900 5.888340
24 202355 71.549330 27.192110
36 -1 55.930620 34.858630
36 203187 57.023540 36.490660
36 202330 49.573060 7.794380
36 203497 65.977800 34.875210
36 203526 61.840880 21.964800
36 1626168 68.862710 22.813680
36 2548 77.879090 44.170390
36 2547 49.006350 29.911850
36 2736 46.449890 15.425670
36 201609 69.600690 6.408880
36 202355 69.680100 26.776060
48 -1 54.416470 34.339600
48 203187 54.626980 36.172130
48 202330 47.569290 7.077540
48 203497 63.699090 34.379800
48 203526 59.548960 21.764480
48 1626168 66.658110 22.486050
48 2548 76.577370 43.945370
48 2547 46.805970 29.777850
48 2736 44.447550 15.682030
48 201609 67.209630 6.980580
48 202355 67.816070 26.447650
60 -1 52.418770 34.241890
60 203187 52.131320 35.905640
60 202330 45.525960 6.366260
60 203497 61.368210 33.886330
60 203526 57.263600 21.504110
60 1626168 64.356140 22.236200
60 2548 75.209370 43.683180
60 2547 44.541830 29.626740
60 2736 42.396390 15.916080
60 201609 64.747460 7.616470
60 202355 65.758110 26.220900
72 -1 49.195470 34.049230
72 203187 49.591900 35.615170
72 202330 43.469040 5.695870
72 203497 58.983960 33.422000
72 203526 54.971260 21.169650
72 1626168 61.996260 21.986470
72 2548 73.765660 43.388610
72 2547 42.307980 29.455710
72 2736 40.313910 16.140390
72 201609 62.209970 8.223330
72 202355 63.604910 26.062390
84 -1 44.838360 34.141350
84 203187 46.944000 35.429910
84 202330 41.384930 5.103870
84 203497 56.529140 32.953090
84 203526 52.685970 20.770570
84 1626168 59.521710 21.767200
84 2548 72.248920 43.079650
84 2547 40.050340 29.305530
84 2736 38.169090 16.323620
84 201609 59.667770 8.864910
84 202355 61.317400 25.939260
96 -1 41.289710 34.437040
96 203187 44.126570 35.345640
96 202330 39.277010 4.532560
96 203497 53.996650 32.505850
96 203526 50.417050 20.361480
96 1626168 57.003420 21.539020
96 2548 70.650970 42.742460
96 2547 37.817180 29.218520
96 2736 36.023740 16.506460
96 201609 57.067150 9.525140
96 202355 58.937840 25.853290
108 -1 38.757430 34.908060
108 203187 41.302210 35.183310
108 202330 37.163870 3.979310
108 203497 51.431940 32.017600
108 203526 48.188320 19.930370
108 1626168 54.466560 21.370630
108 2548 68.994050 42.373280
108 2547 35.611620 29.144220
108 2736 33.859420 16.722960
108 201609 54.425370 10.178400
108 202355 56.470620 25.797770
120 -1 36.195270 35.305550
120 203187 38.439820 34.816930
120 202330 35.037400 3.543930
120 203497 48.862940 31.540950
120 203526 45.996920 19.466830
120 1626168 51.879180 21.334870
120 2548 67.290660 41.988150
120 2547 33.392450 29.105460
120 2736 31.702020 16.943630
120 201609 51.762120 10.783910
120 202355 53.942760 25.764300
132 -1 33.670380 35.340810
132 203187 35.591010 34.491810
132 202330 32.896710 3.090560
132 203497 46.297040 31.074400
132 203526 43.860250 19.059860
132 1626168 49.293120 21.377420
132 2548 65.507780 41.580870
132 2547 31.156370 29.081410
132 2736 29.617470 17.196990
132 201609 49.152310 11.362520
132 202355 51.348380 25.737580
144 -1 30.862850 35.009130
144 203187 32.856880 33.957170
144 202330 30.793180 2.666450
144 203497 43.750680 30.662240
144 203526 41.829850 18.726960
144 1626168 46.720820 21.445590
144 2548 63.722560 41.152200
144 2547 28.899750 29.118740
144 2736 27.641650 17.501420
144 201609 46.512500 11.872960
144 202355 48.767440 25.770140
156 -1 28.012630 34.294660
156 203187 30.234630 33.258930
156 202330 28.712780 2.300440
156 203497 41.177570 30.266330
156 203526 39.865570 18.442770
156 1626168 44.195790 21.581690
156 2548 61.995440 40.746460
156 2547 26.828770 29.182950
156 2736 25.701940 17.832150
156 201609 43.910710 12.352240
156 202355 46.066570 25.773060
168 -1 25.222010 33.506160
168 203187 27.735650 32.496890
168 202330 26.582620 2.003480
168 203497 38.636060 29.906840
168 203526 38.017830 18.253200
168 1626168 41.619720 21.752650
168 2548 60.223110 40.314520
168 2547 24.563510 29.220840
168 2736 23.799090 18.201560
168 201609 41.401160 12.750990
168 202355 43.338610 25.777350
180 -1 24.555960 32.138160
180 203187 25.341770 31.619620
180 202330 24.509260 1.650780
180 203497 36.131520 29.527190
180 203526 36.308270 18.127020
180 1626168 39.165820 21.842820
180 2548 58.416510 39.854400
180 2547 22.491710 29.289820
180 2736 22.004070 18.595530
180 201609 38.923220 13.107090
180 202355 40.725910 25.792710
192 -1 23.335690 32.095210
192 203187 23.127500 30.391980
192 202330 22.411100 1.389670
192 203497 33.652890 29.174470
192 203526 34.683720 18.054460
192 1626168 36.766170 22.191130
192 2548 56.706740 39.427280
192 2547 20.550620 29.269620
192 2736 20.280550 18.916300
192 201609 36.518550 13.421900
192 202355 38.193040 25.802850
204 -1 22.670070 32.446890
204 203187 20.927360 29.250220
204 202330 20.308630 1.142370
204 203497 31.219530 28.751600
204 203526 33.128370 18.030930
204 1626168 34.561430 22.546900
204 2548 54.991190 39.018270
204 2547 18.735990 29.184460
204 2736 18.586200 19.207600
204 201609 34.283410 13.770220
204 202355 35.679480 25.759070
216 -1 22.110110 32.874360
216 203187 18.932980 27.977940
216 202330 18.259940 0.949350
216 203497 28.971100 28.391630
216 203526 31.738830 18.005830
216 1626168 32.509350 22.658400
216 2548 53.275350 38.583640
216 2547 16.925300 29.000890
216 2736 16.968770 19.467270
216 201609 32.003540 13.979630
216 202355 33.148040 25.721960
228 -1 21.327720 33.288680
228 203187 17.096190 26.829610
228 202330 16.408760 0.822850
228 203497 26.813630 28.083410
228 203526 30.484250 18.142580
228 1626168 30.551550 22.769660
228 2548 51.674010 38.204060
228 2547 15.448260 28.853280
228 2736 15.498920 19.669840
228 201609 29.777600 14.190290
228 202355 30.770490 25.747100
240 -1 20.575750 33.705280
240 203187 15.381560 25.843170
240 202330 14.653470 0.849610
240 203497 24.696150 27.861820
240 203526 29.422250 18.447940
240 1626168 28.655390 23.023810
240 2548 50.141050 37.906930
240 2547 13.975140 28.533940
240 2736 14.087260 19.831380
240 201609 27.787810 14.427130
240 202355 28.353140 25.728750
252 -1 19.906150 33.860510
252 203187 13.806200 25.152050
252 202330 13.004760 0.959860
252 203497 22.727730 27.789640
252 203526 28.635650 18.969030
252 1626168 26.904890 23.044250
252 2548 48.710070 37.720870
252 2547 12.753080 28.317690
252 2736 12.728320 19.947210
252 201609 25.951220 14.704270
252 202355 26.083760 25.753540
264 -1 19.291520 34.424170
264 203187 12.470060 24.567780
264 202330 11.548810 1.078090
264 203497 20.988340 28.094670
264 203526 28.123060 19.647720
264 1626168 25.329340 23.088100
264 2548 47.389570 37.612380
264 2547 11.761770 28.192960
264 2736 11.501430 19.973190
264 201609 24.183940 14.863360
264 202355 23.929680 25.827580
276 -1 18.812310 34.773970
276 203187 11.352100 24.270020
276 202330 10.267650 1.225310
276 203497 19.418440 28.615070
276 203526 27.847030 20.535770
276 1626168 23.746070 23.336360
276 2548 46.165140 37.673020
276 2547 11.009540 28.100730
276 2736 10.486720 19.902120
276 201609 22.778920 15.146700
276 202355 22.002850 25.996780
288 -1 18.350420 35.432490
288 203187 10.367320 24.304600
288 202330 9.041430 1.403150
288 203497 17.909550 29.256360
288 203526 27.803770 21.493880
288 1626168 22.609190 23.625370
288 2548 45.010790 37.871920
288 2547 10.540860 27.887230
288 2736 9.636980 19.746660
288 201609 21.665350 15.429710
288 202355 20.204690 26.152240
300 -1 17.950920 36.118980
300 203187 9.711400 24.584520
300 202330 8.014230 1.526100
300 203497 16.846180 30.183510
300 203526 27.936750 22.489820
300 1626168 21.475960 23.842410
300 2548 43.969370 38.176050
300 2547 10.408300 27.858820
300 2736 8.950700 19.498430
300 201609 20.803520 15.720800
300 202355 18.629120 26.545400
312 -1 17.569590 36.743600
312 203187 9.115940 25.023850
312 202330 7.273280 1.571390
312 203497 16.138680 31.310630
312 203526 28.176810 23.459490
312 1626168 20.526370 24.055600
312 2548 42.958810 38.525470
312 2547 10.387110 27.915560
312 2736 8.347570 19.235290
312 201609 20.293790 16.049820
312 202355 17.211950 27.034560
324 -1 17.251940 37.276930
324 203187 8.506820 25.821790
324 202330 6.723410 1.649700
324 203497 15.610680 32.564670
324 203526 28.466350 24.461440
324 1626168 19.668280 24.293390
324 2548 41.978370 38.885490
324 2547 10.442740 27.935410
324 2736 7.917370 18.945810
324 201609 20.107640 16.541030
324 202355 16.017570 27.608280
336 -1 16.850500 38.021970
336 203187 7.999480 26.913830
336 202330 6.249210 1.717350
336 203497 15.266660 33.902040
336 203526 28.763600 25.483760
336 1626168 19.142910 24.612830
336 2548 40.979580 39.132090
336 2547 10.477820 27.995180
336 2736 7.559040 18.630610
336 201609 20.120850 17.137120
336 202355 15.078580 28.257780
348 -1 16.394500 38.707000
348 203187 7.594030 27.995320
348 202330 6.002730 1.677210
348 203497 15.311140 35.221660
348 203526 29.076780 26.529060
348 1626168 18.747720 24.883920
348 2548 39.935180 39.285420
348 2547 10.461160 28.089650
348 2736 7.276650 18.373840
348 201609 20.297200 17.842490
348 202355 14.259010 28.985810
360 -1 15.950100 39.707620
360 203187 7.086580 29.186040
360 202330 5.904750 1.578910
360 203497 15.373870 36.510010
360 203526 29.370780 27.648320
360 1626168 18.814940 25.175810
360 2548 38.859460 39.164460
360 2547 10.317160 28.183480
360 2736 7.073110 18.166430
360 201609 20.497120 18.558110
360 202355 13.559520 29.716170
372 -1 15.428600 40.427210
372 203187 6.651010 30.497570
372 202330 5.879020 1.464760
372 203497 15.396840 37.729600
372 203526 29.557480 28.805480
372 1626168 19.041110 25.487820
372 2548 37.731250 38.859200
372 2547 10.146300 28.050000
372 2736 7.006910 17.952410
372 201609 20.663550 19.188430
372 202355 12.977790 30.461420
384 -1 15.415250 41.157270
384 203187 6.378890 31.756930
384 202330 5.860520 1.362290
384 203497 15.483650 38.893200
384 203526 29.644530 30.008230
384 1626168 19.329560 25.830960
384 2548 36.570730 38.459310
384 2547 10.009150 27.895580
384 2736 6.984040 17.775780
384 201609 20.748650 19.667440
384 202355 12.569570 31.153200
396 -1 15.763960 41.754350
396 203187 6.033350 32.945120
396 202330 5.945810 1.283560
396 203497 15.594130 39.819350
396 203526 29.580020 31.269000
396 1626168 19.612200 26.176820
396 2548 35.380320 38.030360
396 2547 9.955100 27.873320
396 2736 7.041250 17.608890
396 201609 20.713390 19.928960
396 202355 12.149030 31.880330
408 -1 16.366780 42.343070
408 203187 5.680650 34.261890
408 202330 6.027700 1.262350
408 203497 15.712750 40.671170
408 203526 29.265390 32.565290
408 1626168 19.843220 26.488850
408 2548 34.195710 37.548010
408 2547 9.887730 27.834590
408 2736 7.160820 17.389050
408 201609 20.506680 19.924620
408 202355 11.949280 32.627540
420 -1 16.859030 42.625360
420 203187 5.397490 35.591960
420 202330 6.073450 1.322050
420 203497 15.801220 41.290530
420 203526 28.744160 33.862960
420 1626168 20.056160 26.776410
420 2548 33.009260 37.177730
420 2547 9.913370 27.694620
420 2736 7.371740 17.153590
420 201609 20.208860 19.779220
420 202355 11.862840 33.262720
432 -1 17.197080 42.533210
432 203187 5.185290 37.018040
432 202330 6.120450 1.420010
432 203497 15.903610 41.751130
432 203526 28.173390 35.190290
432 1626168 20.330240 27.026510
432 2548 31.809810 36.892120
432 2547 9.981750 27.716600
432 2736 7.639740 16.977840
432 201609 19.766310 19.584340
432 202355 11.817710 33.893490
444 -1 17.342220 42.216840
444 203187 5.025900 38.521490
444 202330 6.194430 1.510580
444 203497 15.982310 41.935040
444 203526 27.472290 36.527900
444 1626168 20.699010 27.213430
444 2548 30.622790 36.711490
444 2547 10.088920 27.736040
444 2736 7.906250 16.849780
444 201609 19.373130 19.527540
444 202355 11.743830 34.566690
456 -1 17.479570 42.012210
456 203187 4.926460 40.038310
456 202330 6.270820 1.574910
456 203497 16.030610 42.108660
456 203526 26.685720 37.863310
456 1626168 21.167180 27.308160
456 2548 29.462020 36.649740
456 2547 10.205770 27.488270
456 2736 8.138450 16.794530
456 201609 18.965480 19.677050
456 202355 11.823640 35.184620
468 -1 17.684060 41.623850
468 203187 4.855840 41.366360
468 202330 6.336230 1.619410
468 203497 15.994150 42.277620
468 203526 25.938290 39.096550
468 1626168 21.648220 27.366200
468 2548 28.337620 36.727760
468 2547 10.392200 27.221880
468 2736 8.368680 16.747700
468 201609 18.624160 20.086970
468 202355 11.814950 35.649690
480 -1 18.014100 41.020990
480 203187 4.774630 42.712790
480 202330 6.366650 1.651380
480 203497 16.121500 42.228790
480 203526 25.279660 40.286740
480 1626168 22.120540 27.380310
480 2548 27.216430 36.939210
480 2547 10.632510 26.917100
480 2736 8.547330 16.683260
480 201609 18.295230 20.746220
480 202355 11.823220 36.051500
492 -1 19.356140 37.829620
492 203187 4.661620 43.922120
492 202330 6.349400 1.687320
492 203497 16.294650 42.031350
492 203526 24.630580 41.403730
492 1626168 22.580990 27.333900
492 2548 26.152610 37.198850
492 2547 10.949140 26.541310
492 2736 8.704200 16.562460
492 201609 18.065370 21.667710
492 202355 11.842080 36.236350
504 -1 20.572050 34.512290
504 203187 4.519990 44.960140
504 202330 6.287670 1.717140
504 203497 16.423730 41.709210
504 203526 24.160690 42.444630
504 1626168 22.960100 27.276010
504 2548 25.127920 37.504240
504 2547 11.301740 26.320210
504 2736 8.830900 16.399230
504 201609 17.865270 22.634400
504 202355 11.867600 36.266260
516 -1 21.964940 31.145760
516 203187 4.361980 45.842880
516 202330 6.194530 1.750680
516 203497 16.501160 41.337300
516 203526 23.852540 43.357650
516 1626168 23.551260 27.303280
516 2548 24.211750 37.828140
516 2547 11.697620 26.160460
516 2736 8.938510 16.209950
516 201609 17.835970 23.597990
516 202355 11.876950 36.158130
528 -1 23.194790 28.574380
528 203187 4.155270 46.525910
528 202330 6.089600 1.789170
528 203497 16.508960 40.942420
528 203526 23.632410 44.200280
528 1626168 24.210440 27.318090
528 2548 23.342380 38.135120
528 2547 12.141350 26.105810
528 2736 9.006390 16.041390
528 201609 17.851870 24.606540
528 202355 11.871470 36.031380
540 -1 24.491760 28.452180
540 203187 3.929380 47.023040
540 202330 6.001780 1.820750
540 203497 16.068800 40.822760
540 203526 23.465090 44.898310
540 1626168 24.936010 27.250600
540 2548 22.578930 38.441030
540 2547 12.575680 26.039200
540 2736 9.094650 15.878820
540 201609 18.034430 25.544300
540 202355 11.866850 35.924820
552 -1 25.301760 28.385080
552 203187 3.715580 47.390150
552 202330 5.976050 1.849880
552 203497 15.572750 40.660070
552 203526 23.527130 45.423440
552 1626168 25.669830 27.196370
552 2548 21.841770 38.763840
552 2547 12.937310 26.023150
552 2736 9.204730 15.558280
552 201609 18.364390 26.336380
552 202355 11.798770 35.821130
564 -1 26.161250 28.253430
564 203187 3.491500 47.659640
564 202330 6.015450 1.869310
564 203497 15.011030 40.521260
564 203526 23.665190 45.760560
564 1626168 26.515910 26.963430
564 2548 21.292160 39.031760
564 2547 13.221460 25.892600
564 2736 9.347870 15.232820
564 201609 18.533590 27.096410
564 202355 11.665370 35.737260
576 -1 27.571940 28.159180
576 203187 3.297200 47.897730
576 202330 6.135740 1.879160
576 203497 14.429460 40.275310
576 203526 23.957810 45.936390
576 1626168 27.060790 26.529520
576 2548 20.757430 39.228510
576 2547 13.400960 25.867880
576 2736 9.517010 14.834850
576 201609 18.522220 27.766120
576 202355 11.545120 35.612040
588 -1 28.452260 27.869700
588 203187 3.172780 48.114710
588 202330 6.308470 1.878870
588 203497 13.953750 39.916480
588 203526 24.414170 45.983480
588 1626168 27.652160 26.150830
588 2548 20.027950 39.386970
588 2547 13.470190 26.016010
588 2736 9.746180 14.378440
588 201609 18.635800 28.301110
588 202355 11.428720 35.461320
600 -1 29.039900 27.512660
600 203187 3.127670 48.313870
600 202330 6.512780 1.881290
600 203497 13.606660 39.394080
600 203526 24.959660 45.939650
600 1626168 28.226050 25.880620
600 2548 19.268090 39.507020
600 2547 13.390310 26.417790
600 2736 10.012980 13.899690
600 201609 18.696180 28.684740
600 202355 11.249940 35.189750
612 -1 29.060690 27.132880
612 203187 3.115220 48.463610
612 202330 6.675020 1.881800
612 203497 13.148860 38.843070
612 203526 25.445990 45.811080
612 1626168 28.768590 25.579080
612 2548 18.585750 39.565490
612 2547 13.097680 26.848210
612 2736 10.307660 13.570490
612 201609 18.792050 28.923910
612 202355 11.088140 34.978200
624 -1 29.146820 26.569830
624 203187 3.102420 48.526150
624 202330 6.769450 1.898110
624 203497 12.672020 38.245340
624 203526 25.962940 45.635700
624 1626168 29.228950 25.499130
624 2548 17.673150 39.576100
624 2547 12.606020 27.287140
624 2736 10.624130 13.210590
624 201609 19.132790 28.991850
624 202355 10.907590 34.747560
636 -1 29.265990 25.944050
636 203187 3.084360 48.536230
636 202330 6.806010 1.924520
636 203497 12.154280 37.651510
636 203526 26.447880 45.466690
636 1626168 29.750850 25.505050
636 2548 16.891490 39.627560
636 2547 11.957630 27.893950
636 2736 10.888510 12.891310
636 201609 19.732980 28.800520
636 202355 10.704730 34.547440
648 -1 29.659770 26.356580
648 203187 3.079020 48.483560
648 202330 6.811550 1.959220
648 203497 11.589280 37.085030
648 203526 26.879080 45.271370
648 1626168 30.086140 25.506340
648 2548 16.614430 39.723770
648 2547 11.210870 28.651110
648 2736 11.180750 12.596210
648 201609 20.218710 28.561080
648 202355 10.432400 34.321850
660 -1 29.415780 29.837440
660 203187 3.090050 48.393130
660 202330 6.796110 2.002340
660 203497 11.199040 36.538310
660 203526 27.277910 45.032200
660 1626168 30.305160 25.498610
660 2548 16.536480 39.798370
660 2547 10.390750 29.402900
660 2736 11.369890 12.325000
660 201609 20.880220 28.171630
660 202355 10.137350 34.147260
672 -1 28.817970 33.899280
672 203187 3.148140 48.319740
672 202330 6.781560 2.044020
672 203497 10.781920 36.069400
672 203526 27.628740 44.728920
672 1626168 30.460770 25.558720
672 2548 16.623060 39.858390
672 2547 9.531290 30.380270
672 2736 11.501230 12.082420
672 201609 21.492590 27.726720
672 202355 9.925030 33.922990
684 -1 28.396100 37.965140
684 203187 3.287750 48.314560
684 202330 6.776080 2.078620
684 203497 10.413470 35.641160
684 203526 27.870340 44.382830
684 1626168 30.537550 25.551840
684 2548 17.040740 39.965460
684 2547 8.814770 31.369820
684 2736 11.751420 11.903490
684 201609 22.139040 27.226490
684 202355 9.781940 33.624190
696 -1 27.686540 41.986620
696 203187 3.478620 48.325050
696 202330 6.767390 2.106080
696 203497 10.076750 35.302220
696 203526 28.084520 44.053300
696 1626168 30.475240 25.486160
696 2548 17.561500 40.087650
696 2547 8.229900 32.406830
696 2736 11.956660 11.775160
696 201609 22.727630 26.847700
696 202355 9.606540 33.208440
708 -1 27.938660 42.867780
708 203187 3.663290 48.372190
708 202330 6.738060 2.131750
708 203497 9.768310 34.907220
708 203526 28.279490 43.689000
708 1626168 30.321970 25.259970
708 2548 18.025930 40.210410
708 2547 7.706340 33.384490
708 2736 12.046770 11.714360
708 201609 23.408950 26.383070
708 202355 9.452190 32.826000
720 -1 28.437380 42.931190
720 203187 3.799580 48.420910
720 202330 6.683970 2.152580
720 203497 9.225860 34.698020
720 203526 28.482520 43.312220
720 1626168 30.103600 24.987970
720 2548 18.503700 40.283480
720 2547 7.242780 34.402950
720 2736 12.267970 11.695640
720 201609 24.034410 25.913960
720 202355 9.477930 32.389820
732 -1 28.885840 42.417240
732 203187 3.869820 48.447570
732 202330 6.621960 2.167770
732 203497 8.829980 34.458640
732 203526 28.697520 42.990800
732 1626168 29.791420 24.659210
732 2548 18.989840 40.277010
732 2547 7.025140 35.463060
732 2736 12.474980 11.743820
732 201609 24.616810 25.430500
732 202355 9.582450 31.992020
744 -1 29.434260 41.741470
744 203187 3.872950 48.460980
744 202330 6.559090 2.176370
744 203497 8.479730 34.233080
744 203526 28.984670 42.701370
744 1626168 29.409520 24.299600
744 2548 19.449940 40.133820
744 2547 6.856600 36.666900
744 2736 12.304080 11.868400
744 201609 25.024060 25.002130
744 202355 9.655850 31.658660
756 -1 29.996020 41.199460
756 203187 3.823940 48.460860
756 202330 6.511690 2.179720
756 203497 8.183140 34.071530
756 203526 29.284090 42.332830
756 1626168 28.978180 23.996660
756 2548 19.817020 39.802980
756 2547 6.706970 37.772440
756 2736 12.107330 12.114220
756 201609 25.113370 24.617550
756 202355 9.815450 31.402230
768 -1 30.667880 41.088290
768 203187 3.760810 48.460880
768 202330 6.509430 2.174040
768 203497 7.903710 34.123810
768 203526 29.664720 41.999300
768 1626168 28.540400 23.778040
768 2548 20.127330 39.393010
768 2547 6.890120 38.822330
768 2736 11.958000 12.451250
768 201609 25.067170 24.247780
768 202355 10.080580 31.136090
780 -1 31.301000 41.186800
780 203187 3.696870 48.456500
780 202330 6.558870 2.163660
780 203497 7.906570 34.132830
780 203526 30.051170 41.681860
780 1626168 28.078950 23.578260
780 2548 20.412150 38.967030
780 2547 7.298130 39.782920
780 2736 11.657350 12.697620
780 201609 24.802160 24.068000
780 202355 10.238820 30.920870
792 -1 31.556520 40.725520
792 203187 3.652170 48.460450
792 202330 6.651580 2.163610
792 203497 8.043600 34.327450
792 203526 30.438710 41.421870
792 1626168 27.624240 23.399440
792 2548 20.681580 38.579830
792 2547 7.699060 40.506010
792 2736 11.300090 12.942250
792 201609 24.399550 23.926160
792 202355 10.251410 30.753040
804 -1 31.558730 40.243440
804 203187 3.626000 48.457020
804 202330 6.781000 2.182010
804 203497 8.377080 34.739800
804 203526 30.831420 41.191760
804 1626168 27.178940 23.193140
804 2548 20.944430 38.252000
804 2547 8.004360 41.187950
804 2736 11.132190 13.151320
804 201609 23.956150 23.759140
804 202355 10.227610 30.621040
816 -1 31.186590 39.892480
816 203187 3.620510 48.455970
816 202330 6.934770 2.221600
816 203497 8.869750 35.099680
816 203526 31.264000 40.958950
816 1626168 26.737050 22.932430
816 2548 21.230880 37.995500
816 2547 8.312700 41.746960
816 2736 11.061920 13.261030
816 201609 23.617250 23.596720
816 202355 10.222170 30.577930
828 -1 31.311580 39.994170
828 203187 3.625260 48.444180
828 202330 7.095250 2.282470
828 203497 9.551330 35.601230
828 203526 31.668710 40.705470
828 1626168 26.282030 22.666640
828 2548 21.521630 37.706500
828 2547 8.305910 42.103870
828 2736 10.965510 13.269960
828 201609 23.199850 23.452260
828 202355 10.319600 30.422050
840 -1 32.183100 40.435920
840 203187 3.653200 48.447850
840 202330 7.242090 2.352100
840 203497 10.327630 36.139680
840 203526 32.088780 40.502710
840 1626168 25.829360 22.361900
840 2548 21.806780 37.424760
840 2547 8.187890 42.360210
840 2736 10.917200 13.366840
840 201609 22.724560 23.253270
840 202355 10.499740 30.327670
852 -1 32.896000 40.968540
852 203187 3.678630 48.446030
852 202330 7.354390 2.420420
852 203497 11.143030 36.657850
852 203526 32.533640 40.276330
852 1626168 25.353730 22.003000
852 2548 22.065230 37.117690
852 2547 8.095660 42.526440
852 2736 10.942260 13.449890
852 201609 22.243040 23.072810
852 202355 10.791580 30.358490
864 -1 33.359210 41.198630
864 203187 3.706110 48.441960
864 202330 7.416120 2.470060
864 203497 12.043780 37.090180
864 203526 32.958270 40.031100
864 1626168 24.826190 21.685580
864 2548 22.295230 36.779850
864 2547 8.155250 42.505080
864 2736 11.015460 13.534650
864 201609 21.761430 22.932310
864 202355 11.270880 30.513030
876 -1 33.229210 40.807820
876 203187 3.731560 48.447880
876 202330 7.415890 2.482750
876 203497 13.053720 37.662460
876 203526 33.320880 39.834060
876 1626168 24.292550 21.460110
876 2548 22.525620 36.423090
876 2547 8.270890 42.396010
876 2736 11.129160 13.624400
876 201609 21.257920 22.798470
876 202355 11.833160 30.683750
888 -1 32.993940 40.205790
888 203187 3.747590 48.466560
888 202330 7.360120 2.473880
888 203497 14.119010 38.011400
888 203526 33.583380 39.672110
888 1626168 23.728300 21.397870
888 2548 22.781630 36.055800
888 2547 8.451740 42.251630
888 2736 11.274420 13.712710
888 201609 20.766160 22.652910
888 202355 12.362730 31.085840
900 -1 33.080770 39.668730
900 203187 3.752230 48.473630
900 202330 7.274750 2.446800
900 203497 15.299270 38.281660
900 203526 33.719160 39.469320
900 1626168 23.122970 21.207980
900 2548 23.077140 35.711030
900 2547 8.612800 42.080390
900 2736 11.456100 13.795690
900 201609 20.256890 22.560970
900 202355 12.900160 31.566000
912 -1 33.021510 39.774610
912 203187 3.756040 48.487390
912 202330 7.194290 2.401370
912 203497 16.451390 38.439610
912 203526 33.722970 39.268260
912 1626168 22.437470 20.951890
912 2548 23.419950 35.414460
912 2547 8.727990 41.928250
912 2736 11.654490 13.872490
912 201609 19.751560 22.494240
912 202355 13.455920 32.043060
924 -1 33.076120 40.163120
924 203187 3.760570 48.511820
924 202330 7.158940 2.351630
924 203497 17.516360 38.494590
924 203526 33.599390 39.136870
924 1626168 21.491720 20.698940
924 2548 23.815710 35.153710
924 2547 8.743160 41.821210
924 2736 11.830820 13.896440
924 201609 19.285070 22.429250
924 202355 13.984220 32.502720
936 -1 33.090570 40.495890
936 203187 3.762480 48.532210
936 202330 7.186850 2.329790
936 203497 18.531600 38.423100
936 203526 33.291600 39.074370
936 1626168 20.596830 20.424140
936 2548 24.237790 34.958830
936 2547 8.695610 41.767090
936 2736 11.991410 13.907580
936 201609 18.845100 22.312960
936 202355 14.483190 32.945020
948 -1 32.964500 40.833440
948 203187 3.762230 48.539820
948 202330 7.311370 2.322930
948 203497 19.449990 38.323010
948 203526 32.805590 39.098500
948 1626168 19.738640 20.030800
948 2548 24.686040 34.807160
948 2547 8.630800 41.744460
948 2736 12.121560 14.116570
948 201609 18.285040 22.174640
948 202355 14.968480 33.333120
960 -1 32.653610 40.993600
960 203187 3.760460 48.549220
960 202330 7.540260 2.314010
960 203497 20.240420 38.213880
960 203526 32.147530 39.229000
960 1626168 18.808730 19.693570
960 2548 25.122130 34.752280
960 2547 8.594770 41.723810
960 2736 12.191630 14.392900
960 201609 17.636850 21.967890
960 202355 15.457120 33.652820
972 -1 31.899310 41.108030
972 203187 3.755410 48.551590
972 202330 8.017820 2.282280
972 203497 21.081330 38.220920
972 203526 31.275030 39.497500
972 1626168 17.874360 19.392670
972 2548 25.565850 34.831390
972 2547 8.620520 41.691390
972 2736 12.214900 14.679060
972 201609 17.036150 21.766100
972 202355 15.926050 33.851800
984 -1 30.016450 41.245560
984 203187 3.743810 48.536450
984 202330 8.586000 2.288210
984 203497 21.898990 38.222580
984 203526 30.252540 39.782740
984 1626168 17.158460 18.969370
984 2548 25.958890 35.126680
984 2547 8.725350 41.644520
984 2736 12.169550 15.017460
984 201609 16.326720 21.546640
984 202355 16.349530 33.965720
996 -1 28.190110 41.382970
996 203187 3.737160 48.519490
996 202330 9.250310 2.301030
996 203497 22.511850 38.235770
996 203526 29.065030 40.081510
996 1626168 16.270780 18.465280
996 2548 26.246920 35.638420
996 2547 8.861930 41.576200
996 2736 11.981610 15.417580
996 201609 15.742630 21.395150
996 202355 16.675240 34.068200
1008 -1 26.286320 41.778810
1008 203187 3.738880 48.507400
1008 202330 9.950910 2.306310
1008 203497 23.087170 38.206830
1008 203526 27.793580 40.389170
1008 1626168 15.362180 17.925020
1008 2548 26.255620 36.447460
1008 2547 8.991830 41.507180
1008 2736 11.636520 15.743300
1008 201609 15.333220 21.292270
1008 202355 16.857340 34.159550
1020 -1 24.916640 42.140820
1020 203187 3.741320 48.491680
1020 202330 10.703530 2.315830
1020 203497 23.591340 37.902790
1020 203526 26.528200 40.591820
1020 1626168 14.499250 17.392480
1020 2548 26.008550 37.219050
1020 2547 9.103120 41.452300
1020 2736 11.255570 16.084550
1020 201609 15.113120 21.237460
1020 202355 16.885440 34.290290
1032 -1 23.954960 42.113430
1032 203187 3.747880 48.481130
1032 202330 11.313890 2.373770
1032 203497 23.951950 37.497670
1032 203526 25.089910 40.708130
1032 1626168 13.552110 16.895700
1032 2548 25.489840 37.907050
1032 2547 9.182860 41.426120
1032 2736 10.874770 16.508350
1032 201609 14.792860 21.239630
1032 202355 16.731440 34.357400
1044 -1 22.582900 41.820100
1044 203187 3.758060 48.477620
1044 202330 11.947230 2.409130
1044 203497 24.177760 36.898930
1044 203526 23.570380 40.692990
1044 1626168 12.591910 16.543720
1044 2548 24.674830 38.470910
1044 2547 9.292920 41.391560
1044 2736 10.422780 16.991790
1044 201609 14.514170 21.407330
1044 202355 16.407360 34.319570
1056 -1 21.118130 41.201130
1056 203187 3.760720 48.471490
1056 202330 12.565740 2.472800
1056 203497 24.567210 36.038350
1056 203526 22.144880 40.432490
1056 1626168 11.640920 16.298360
1056 2548 23.698460 38.815930
1056 2547 9.511280 41.355710
1056 2736 9.992400 17.455080
1056 201609 14.121150 21.676650
1056 202355 15.965100 34.245470
1068 -1 19.947290 39.822590
1068 203187 3.758070 48.470570
1068 202330 13.265070 2.523960
1068 203497 24.628720 35.037800
1068 203526 20.849990 39.834900
1068 1626168 10.606450 16.029180
1068 2548 22.762040 38.745070
1068 2547 9.869810 41.293390
1068 2736 9.658470 17.797920
1068 201609 13.730310 22.046810
1068 202355 15.428360 34.095730
1080 -1 18.735330 38.330320
1080 203187 3.751710 48.473920
1080 202330 13.993510 2.665740
1080 203497 24.486370 34.160560
1080 203526 19.560190 39.134840
1080 1626168 9.636350 15.690620
1080 2548 21.891340 38.452070
1080 2547 10.265590 41.211670
1080 2736 9.278980 18.083290
1080 201609 13.351010 22.496700
1080 202355 14.867730 33.782720
1092 -1 17.663860 37.330800
1092 203187 3.744350 48.477170
1092 202330 14.750850 2.870670
1092 203497 24.262910 33.181440
1092 203526 18.397690 38.354980
1092 1626168 8.847220 15.312820
1092 2548 20.996250 38.039320
1092 2547 10.594280 41.144780
1092 2736 8.806310 18.268700
1092 201609 13.102850 22.906830
1092 202355 14.290470 33.470640
1104 -1 17.135150 36.654700
1104 203187 3.729880 48.475470
1104 202330 15.486520 3.119910
1104 203497 23.863120 32.177410
1104 203526 17.248730 37.595370
1104 1626168 8.141090 14.875900
1104 2548 20.294580 37.320070
1104 2547 10.731850 41.091020
1104 2736 8.390000 18.343470
1104 201609 12.973710 23.244030
1104 202355 13.680220 33.168840
1116 -1 15.814340 35.623720
1116 203187 3.718070 48.473490
1116 202330 16.200590 3.367850
1116 203497 23.095040 31.243450
1116 203526 16.143600 36.940180
1116 1626168 7.498290 14.369510
1116 2548 19.694250 36.311890
1116 2547 10.617910 41.088650
1116 2736 8.008970 18.332810
1116 201609 12.961350 23.526910
1116 202355 13.055180 32.627580
1128 -1 14.344030 35.962330
1128 203187 3.702740 48.471470
1128 202330 16.887680 3.729310
1128 203497 22.254140 30.242840
1128 203526 15.001630 36.551600
1128 1626168 6.857850 13.865870
1128 2548 19.166940 35.238420
1128 2547 10.291080 41.104260
1128 2736 7.603310 18.304000
1128 201609 13.037000 23.771610
1128 202355 12.520490 31.915520
1140 -1 14.098640 36.546360
1140 203187 3.679800 48.458280
1140 202330 17.521290 4.046410
1140 203497 21.335560 29.245030
1140 203526 13.870540 36.230560
1140 1626168 6.249890 13.383240
1140 2548 18.503710 34.040980
1140 2547 9.906800 41.205080
1140 2736 7.208950 18.277900
1140 201609 13.239560 23.926250
1140 202355 11.946090 31.189840
1152 -1 14.814120 32.500170
1152 203187 3.655470 48.448450
1152 202330 18.067000 4.316590
1152 203497 20.274330 28.277280
1152 203526 12.819630 35.935280
1152 1626168 5.657860 12.766700
1152 2548 18.231220 32.685810
1152 2547 9.555850 41.315160
1152 2736 6.892380 18.278960
1152 201609 13.566900 24.107500
1152 202355 11.393870 30.393100
1164 -1 15.696630 27.723200
1164 203187 3.626860 48.440820
1164 202330 18.519460 4.547850
1164 203497 19.150920 27.535310
1164 203526 11.934250 35.653650
1164 1626168 5.084610 12.073610
1164 2548 17.970050 31.366740
1164 2547 9.358270 41.332500
1164 2736 6.649740 18.271680
1164 201609 13.961680 24.207360
1164 202355 10.906360 29.431450
1176 -1 16.502280 23.023290
1176 203187 3.596860 48.431040
1176 202330 18.908900 4.674670
1176 203497 17.983590 26.923330
1176 203526 11.030400 35.437860
1176 1626168 4.584670 11.312010
1176 2548 17.778630 30.166120
1176 2547 9.273080 41.280200
1176 2736 6.486410 18.192010
1176 201609 14.203720 24.105540
1176 202355 10.476440 28.676840
1188 -1 17.375500 18.040370
1188 203187 3.563940 48.406200
1188 202330 19.167750 4.684320
1188 203497 16.886980 26.529910
1188 203526 10.055840 35.199450
1188 1626168 4.230230 10.426640
1188 2548 17.663410 28.951140
1188 2547 9.203250 41.271540
1188 2736 6.486840 18.024300
1188 201609 14.355500 23.909080
1188 202355 10.051730 28.040270
1200 -1 18.331930 13.472660
1200 203187 3.566250 48.384400
1200 202330 19.330750 4.692270
1200 203497 15.736940 26.284820
1200 203526 9.163660 35.174100
1200 1626168 3.871930 9.639130
1200 2548 17.788210 27.912930
1200 2547 9.131860 41.186370
1200 2736 6.658400 17.704700
1200 201609 14.310840 23.445680
1200 202355 9.712830 27.447690
1212 -1 19.111150 8.882020
1212 203187 3.609120 48.349620
1212 202330 19.434240 4.749740
1212 203497 14.709700 25.951370
1212 203526 8.435710 35.218060
1212 1626168 3.541230 9.042800
1212 2548 17.623960 27.089970
1212 2547 8.890250 40.991810
1212 2736 7.030840 17.168590
1212 201609 13.994620 22.884500
1212 202355 9.457840 26.814320
1224 -1 19.618480 6.346930
1224 203187 3.745150 48.343970
1224 202330 19.502300 4.877960
1224 203497 13.736790 25.547500
1224 203526 7.698850 35.415900
1224 1626168 3.264180 8.547520
1224 2548 17.353480 26.526320
1224 2547 8.523020 40.822920
1224 2736 7.468700 16.556340
1224 201609 13.786540 22.043030
1224 202355 9.317700 26.578260
1236 -1 19.616370 6.731950
1236 203187 4.003700 48.327770
1236 202330 19.522060 5.099790
1236 203497 12.907350 25.011840
1236 203526 7.141120 35.692460
1236 1626168 3.035270 8.150780
1236 2548 17.110460 26.116950
1236 2547 8.088660 40.615790
1236 2736 8.084000 15.856930
1236 201609 13.874130 20.922820
1236 202355 9.313660 26.383860
1248 -1 19.487570 6.640770
1248 203187 4.407170 48.304080
1248 202330 19.503150 5.306920
1248 203497 12.116970 24.476620
1248 203526 6.822440 36.041710
1248 1626168 2.821740 7.897760
1248 2548 16.797120 25.946350
1248 2547 7.648190 40.209860
1248 2736 8.807830 15.102260
1248 201609 13.939110 19.689510
1248 202355 9.340120 26.276840
1260 -1 19.343780 6.901730
1260 203187 4.949550 48.260400
1260 202330 19.441370 5.460430
1260 203497 11.597500 23.958160
1260 203526 6.643410 36.283400
1260 1626168 2.650030 7.715690
1260 2548 16.408650 26.020140
1260 2547 7.197450 39.790080
1260 2736 9.741170 14.070930
1260 201609 14.283090 18.394610
1260 202355 9.582390 26.229730
1272 -1 19.274370 6.632730
1272 203187 5.611980 48.183830
1272 202330 19.398100 5.572550
1272 203497 11.144680 23.735510
1272 203526 6.562560 36.482280
1272 1626168 2.522970 7.589000
1272 2548 15.998990 26.266430
1272 2547 6.960250 39.379500
1272 2736 10.595080 13.159390
1272 201609 14.833510 16.814260
1272 202355 10.002140 25.971140
1284 -1 19.473310 5.734500
1284 203187 6.408580 48.064920
1284 202330 19.366640 5.630020
1284 203497 10.723780 23.560670
1284 203526 6.683130 36.546360
1284 1626168 2.462860 7.565290
1284 2548 15.466690 26.433640
1284 2547 6.962130 38.966110
1284 2736 11.643410 12.036640
1284 201609 15.000670 15.301360
1284 202355 10.150750 25.418280
1296 -1 19.255050 5.879540
1296 203187 7.339150 47.927220
1296 202330 19.364750 5.760020
1296 203497 10.447180 23.597510
1296 203526 6.880940 36.565120
1296 1626168 2.490730 7.658580
1296 2548 14.783230 26.727370
1296 2547 7.314490 38.470800
1296 2736 12.731320 10.782760
1296 201609 15.064730 13.934240
1296 202355 10.257550 24.884950
1308 -1 18.252080 7.187380
1308 203187 8.377600 47.785970
1308 202330 19.359060 5.901610
1308 203497 10.337920 23.751930
1308 203526 7.125340 36.516580
1308 1626168 2.588000 7.889620
1308 2548 14.105110 27.007070
1308 2547 7.806140 38.026230
1308 2736 13.774340 9.315150
1308 201609 15.334890 12.587150
1308 202355 10.379830 24.423000
1320 -1 16.889420 9.004900
1320 203187 9.493490 47.653600
1320 202330 19.392280 6.007930
1320 203497 10.257410 23.872420
1320 203526 7.431880 36.337450
1320 1626168 2.737480 8.255350
1320 2548 13.373170 27.268830
1320 2547 8.314410 37.567500
1320 2736 14.838740 8.296020
1320 201609 15.606870 11.355380
1320 202355 10.360500 23.964050
1332 -1 15.447320 10.828090
1332 203187 10.691850 47.480340
1332 202330 19.430650 6.180250
1332 203497 10.090730 23.823560
1332 203526 7.720910 36.026510
1332 1626168 2.825100 8.831840
1332 2548 12.556110 27.629080
1332 2547 8.791700 37.135890
1332 2736 16.261070 7.363330
1332 201609 15.874490 10.360330
1332 202355 10.090730 23.823560
1344 -1 14.094420 12.594600
1344 203187 11.901370 47.230790
1344 202330 19.536970 6.301750
1344 203497 10.105370 23.825840
1344 203526 8.197490 35.621720
1344 1626168 3.065930 9.735840
1344 2548 12.019620 28.096290
1344 2547 9.081950 36.733750
1344 2736 17.422900 6.661260
1344 201609 16.230730 9.476950
1344 202355 10.105370 23.825840
1356 -1 12.836520 14.371080
1356 203187 13.123020 46.965040
1356 202330 19.866110 6.283330
1356 203497 10.142790 23.909310
1356 203526 8.740620 35.167740
1356 1626168 3.362590 10.760570
1356 2548 11.553270 28.487720
1356 2547 9.031820 36.413670
1356 2736 18.338540 5.813820
1356 201609 16.468520 8.750480
1356 202355 10.142790 23.909310
1368 -1 11.587130 16.105000
1368 203187 14.370810 46.672610
1368 202330 20.314170 6.283000
1368 203497 10.173210 23.963700
1368 203526 9.433040 34.631490
1368 1626168 3.618030 11.777680
1368 2548 10.969020 28.852420
1368 2547 8.821940 36.141210
1368 2736 19.432370 5.048530
1368 201609 16.606310 8.213150
1368 202355 10.173210 23.963700
1380 -1 10.419430 17.815870
1380 203187 15.649410 46.338320
1380 202330 20.859530 6.299130
1380 203497 10.159500 24.218670
1380 203526 10.172230 34.110100
1380 1626168 4.079260 12.821830
1380 2548 10.347900 29.091670
1380 2547 8.511780 35.853450
1380 2736 20.418350 3.970500
1380 201609 16.503110 7.958880
1380 202355 10.144780 24.122700
1392 -1 9.229070 19.515590
1392 203187 16.953190 46.007590
1392 202330 21.600900 6.159230
1392 203497 10.333160 25.047680
1392 203526 10.942230 33.618930
1392 1626168 4.795460 13.956820
1392 2548 9.767660 28.988600
1392 2547 8.067550 35.491800
1392 2736 21.258490 2.816720
1392 201609 16.254600 7.867670
1392 202355 10.175010 24.262310
1404 -1 8.010430 21.200900
1404 203187 18.266920 45.669920
1404 202330 22.256250 5.997830
1404 203497 10.532430 25.903890
1404 203526 11.748720 33.183130
1404 1626168 5.088150 14.920980
1404 2548 9.088800 28.842230
1404 2547 7.600410 35.128870
1404 2736 22.367910 1.805700
1404 201609 15.923370 8.028500
1404 202355 10.093190 24.229140
1416 -1 6.757900 22.868560
1416 203187 19.533520 45.267520
1416 202330 22.849920 5.868500
1416 203497 10.650950 26.650690
1416 203526 12.516220 32.716750
1416 1626168 5.360950 15.996740
1416 2548 8.346680 28.603690
1416 2547 7.375760 34.779430
1416 2736 23.762700 1.318570
1416 201609 15.654950 8.309940
1416 202355 9.919030 24.052430
1428 -1 5.465850 24.515290
1428 203187 20.739490 44.831890
1428 202330 23.495050 5.746990
1428 203497 10.748120 27.284570
1428 203526 13.379840 32.319130
1428 1626168 5.561460 17.229540
1428 2548 7.724680 28.550870
1428 2547 7.204500 34.453600
1428 2736 24.879280 1.423130
1428 201609 15.296470 8.624310
1428 202355 9.808360 23.877310
1440 -1 5.259940 24.904290
1440 203187 21.836710 44.291840
1440 202330 24.240070 5.639370
1440 203497 10.834660 27.742980
1440 203526 14.318330 31.920490
1440 1626168 5.514780 18.524500
1440 2548 7.209760 28.714780
1440 2547 7.142220 34.173400
1440 2736 25.618960 2.324290
1440 201609 14.956920 8.970550
1440 202355 9.746340 23.632030
1452 -1 5.490900 24.525740
1452 203187 23.003810 43.735190
1452 202330 25.056250 5.605680
1452 203497 10.803160 27.576010
1452 203526 15.454040 31.541470
1452 1626168 5.440780 19.608710
1452 2548 6.739160 28.999830
1452 2547 7.086570 33.956730
1452 2736 26.336370 3.304480
1452 201609 14.564570 9.403080
1452 202355 9.551320 23.389580
1464 -1 5.480200 23.854240
1464 203187 24.184040 43.215550
1464 202330 26.157690 5.636270
1464 203497 10.674510 27.458140
1464 203526 16.539590 31.146380
1464 1626168 5.738120 20.578660
1464 2548 6.297060 29.311070
1464 2547 7.074640 33.778660
1464 2736 27.042690 4.245680
1464 201609 14.359360 9.755370
1464 202355 9.288990 23.443720
1476 -1 5.561450 23.772690
1476 203187 25.389290 42.730220
1476 202330 27.351330 5.717370
1476 203497 10.729130 27.330710
1476 203526 17.774200 30.731630
1476 1626168 5.986670 21.282540
1476 2548 5.893100 29.668470
1476 2547 6.951660 33.697760
1476 2736 27.785970 4.831430
1476 201609 14.113170 10.133880
1476 202355 9.005280 23.806870
1488 -1 5.688670 23.986140
1488 203187 26.592620 42.208500
1488 202330 28.643460 5.767500
1488 203497 10.991850 27.272890
1488 203526 18.992450 30.256070
1488 1626168 6.354510 21.792600
1488 2548 5.447500 29.854310
1488 2547 7.039320 33.678450
1488 2736 28.787740 4.723070
1488 201609 13.897070 10.482170
1488 202355 8.806770 24.387950
1500 -1 5.656460 25.392610
1500 203187 27.847950 41.731000
1500 202330 30.014970 5.877060
1500 203497 11.312740 26.693510
1500 203526 20.276630 29.792080
1500 1626168 6.751790 22.148260
1500 2548 4.987120 29.829990
1500 2547 7.198960 33.704140
1500 2736 30.155770 4.065130
1500 201609 13.576790 10.805720
1500 202355 8.621300 24.991800
1512 -1 5.618520 27.461760
1512 203187 28.990600 41.248870
1512 202330 31.431880 6.004160
1512 203497 11.939770 25.859700
1512 203526 21.590760 29.335170
1512 1626168 7.025470 22.445860
1512 2548 4.574510 29.794050
1512 2547 7.653150 33.837160
1512 2736 31.409370 3.384090
1512 201609 13.362750 11.024820
1512 202355 8.515720 25.458270
1524 -1 5.506950 28.842970
1524 203187 30.113950 40.722110
1524 202330 32.901110 6.163400
1524 203497 12.646140 25.015030
1524 203526 22.959080 28.886570
1524 1626168 7.207060 22.674280
1524 2548 4.155900 29.719780
1524 2547 8.186760 33.976920
1524 2736 32.553710 2.682670
1524 201609 13.092560 11.250430
1524 202355 8.630240 25.891540
1536 -1 5.658820 29.740780
1536 203187 31.231760 40.208220
1536 202330 34.376840 6.363250
1536 203497 13.354500 24.148960
1536 203526 24.353060 28.423790
1536 1626168 7.361080 22.895650
1536 2548 3.754540 29.677230
1536 2547 8.749930 34.100440
1536 2736 33.558380 2.258640
1536 201609 12.767900 11.486870
1536 202355 8.803680 25.974030
1548 -1 5.698800 30.536410
1548 203187 32.380060 39.709140
1548 202330 35.905010 6.679580
1548 203497 14.106640 23.262240
1548 203526 25.743710 27.974490
1548 1626168 7.677060 22.987900
1548 2548 3.416310 29.597660
1548 2547 9.231580 34.222580
1548 2736 34.401140 2.249560
1548 201609 12.374550 11.754780
1548 202355 8.792690 25.750880
1560 -1 5.783560 31.432530
1560 203187 33.504870 39.212250
1560 202330 37.411170 7.006100
1560 203497 15.023870 22.829780
1560 203526 27.150870 27.524200
1560 1626168 8.476940 22.987640
1560 2548 3.103630 29.584610
1560 2547 9.756820 34.317530
1560 2736 35.132750 2.297760
1560 201609 11.849680 12.034900
1560 202355 8.758290 25.303690
1572 -1 5.830280 32.249770
1572 203187 34.560900 38.721590
1572 202330 38.877080 7.328690
1572 203497 15.899200 22.740180
1572 203526 28.563170 27.065650
1572 1626168 9.657970 22.935350
1572 2548 2.788940 29.582750
1572 2547 10.257910 34.364900
1572 2736 35.781190 2.290960
1572 201609 11.289060 12.332880
1572 202355 8.783290 24.946380
1584 -1 5.824130 33.326560
1584 203187 35.557300 38.245530
1584 202330 40.343370 7.698290
1584 203497 16.979040 22.566460
1584 203526 29.957250 26.614670
1584 1626168 10.929870 22.863160
1584 2548 2.496330 29.580230
1584 2547 10.829030 34.430390
1584 2736 36.555500 2.299330
1584 201609 10.756590 12.607770
1584 202355 8.782010 24.717440
1596 -1 5.948750 34.086090
1596 203187 36.502230 37.727050
1596 202330 41.849170 8.018550
1596 203497 18.160840 22.415340
1596 203526 31.312690 26.222750
1596 1626168 12.388270 22.747590
1596 2548 2.267560 29.596160
1596 2547 11.465310 34.485630
1596 2736 37.282950 2.335250
1596 201609 10.343940 12.875000
1596 202355 8.798150 24.667960