0 -1 55.782050 34.057820
0 200782 68.858960 32.481200
0 203141 74.637030 18.545250
0 203933 88.439150 48.265340
0 203462 49.887530 17.725160
0 1626164 55.694510 35.264800
0 2548 84.564790 39.136240
0 2405 79.231920 23.118170
0 101123 71.598470 28.724730
0 204020 59.534790 18.711330
0 1626159 64.489550 32.923930
12 -1 55.947800 34.219980
12 200782 69.681900 32.897240
12 203141 74.598960 18.178230
12 203933 88.536820 48.297180
12 203462 50.482690 17.786050
12 1626164 55.926280 35.211140
12 2548 84.725840 38.927980
12 2405 79.448480 22.525050
12 101123 72.072660 29.210330
12 204020 59.482320 18.800910
12 1626159 64.344690 32.751140
24 -1 55.854220 34.379400
24 200782 70.374860 33.299920
24 203141 74.474710 17.852030
24 203933 88.563150 48.346420
24 203462 50.938820 17.859410
24 1626164 56.129040 35.178100
24 2548 84.879680 38.751720
24 2405 79.581030 22.012250
24 101123 72.520130 29.705470
24 204020 59.489630 18.892670
24 1626159 64.214810 32.670440
36 -1 55.875800 34.355890
36 200782 70.980640 33.712810
36 203141 74.324900 17.558440
36 203933 88.545920 48.397880
36 203462 51.244810 17.932600
36 1626164 56.293470 35.136570
36 2548 85.025920 38.605360
36 2405 79.632070 21.620240
36 101123 72.912290 30.140090
36 204020 59.529440 19.001920
36 1626159 64.096300 32.751060
48 -1 56.124080 35.088810
48 200782 71.519760 34.120180
48 203141 74.173130 17.260390
48 203933 88.512630 48.444360
48 203462 51.424990 18.019100
48 1626164 56.447480 35.064730
48 2548 85.163490 38.504320
48 2405 79.603940 21.186440
48 101123 73.320460 30.553330
48 204020 59.525260 19.115280
48 1626159 64.067070 32.772920
60 -1 56.477190 34.334320
60 200782 72.042910 34.517160
60 203141 73.988710 16.936470
60 203933 88.455700 48.492670
60 203462 51.518350 18.165140
60 1626164 56.605570 34.992480
60 2548 85.309340 38.439960
60 2405 79.460550 20.784610
60 101123 73.717940 30.922500
60 204020 59.439250 19.224180
60 1626159 64.058980 32.770050
72 -1 55.691940 31.964300
72 200782 72.501860 34.859990
72 203141 73.771070 16.631730
72 203933 88.390210 48.528600
72 203462 51.581040 18.284640
72 1626164 56.758610 34.914770
72 2548 85.480730 38.392730
72 2405 79.223400 20.417240
72 101123 74.043100 31.279590
72 204020 59.311250 19.318530
72 1626159 64.054240 32.712800
84 -1 54.235650 28.070420
84 200782 72.945580 35.164430
84 203141 73.512600 16.375450
84 203933 88.300890 48.562410
84 203462 51.680910 18.268270
84 1626164 56.951150 34.905040
84 2548 85.672260 38.339510
84 2405 78.919980 20.096550
84 101123 74.277750 31.625360
84 204020 59.194700 19.421720
84 1626159 64.094200 32.557020
96 -1 52.876830 24.178410
96 200782 73.378190 35.415260
96 203141 73.199180 16.235830
96 203933 88.189690 48.599270
96 203462 51.833940 18.215760
96 1626164 57.218950 34.960810
96 2548 85.879770 38.260620
96 2405 78.559110 19.805710
96 101123 74.511870 31.960110
96 204020 59.137620 19.544430
96 1626159 64.208640 32.329140
108 -1 51.520900 20.358850
108 200782 73.780310 35.617970
108 203141 72.806520 16.112880
108 203933 88.049970 48.647070
108 203462 52.078720 18.039230
108 1626164 57.538010 35.088320
108 2548 86.100360 38.171520
108 2405 78.187530 19.550750
108 101123 74.750460 32.229300
108 204020 59.206510 19.675460
108 1626159 64.336230 32.308080
120 -1 51.826870 19.577510
120 200782 74.118740 35.811230
120 203141 72.383000 16.057020
120 203933 87.908480 48.687580
120 203462 52.537000 17.593230
120 1626164 57.884060 35.276820
120 2548 86.309010 38.063720
120 2405 77.822540 19.292270
120 101123 75.011240 32.463700
120 204020 59.389800 19.798150
120 1626159 64.513330 32.467620
132 -1 52.541590 18.682200
132 200782 74.375140 36.001760
132 203141 71.907680 16.016670
132 203933 87.778710 48.725680
132 203462 53.169150 16.978860
132 1626164 58.269520 35.493880
132 2548 86.481970 37.949850
132 2405 77.471020 18.995200
132 101123 75.305480 32.640000
132 204020 59.679010 19.846550
132 1626159 64.829470 32.561650
144 -1 54.547980 16.604620
144 200782 74.577420 36.204450
144 203141 71.361140 15.980060
144 203933 87.679340 48.758930
144 203462 53.919110 16.363980
144 1626164 58.639180 35.684300
144 2548 86.617890 37.839530
144 2405 77.115040 18.635450
144 101123 75.661300 32.774870
144 204020 60.126040 19.801560
144 1626159 65.200190 32.674770
156 -1 55.860190 15.052940
156 200782 74.718550 36.435110
156 203141 70.785080 15.828810
156 203933 87.588350 48.787910
156 203462 54.832730 15.664610
156 1626164 58.979860 35.866560
156 2548 86.717660 37.725540
156 2405 76.740970 18.257270
156 101123 76.036390 32.859930
156 204020 60.736360 19.596570
156 1626159 65.634060 32.734130
168 -1 57.174190 14.039700
168 200782 74.811830 36.706970
168 203141 70.207650 15.699130
168 203933 87.534690 48.802140
168 203462 55.939490 14.895560
168 1626164 59.288170 36.064370
168 2548 86.778330 37.601660
168 2405 76.345660 17.873850
168 101123 76.369520 32.883610
168 204020 61.475920 19.228730
168 1626159 66.113690 32.721150
180 -1 58.403000 12.890310
180 200782 74.867730 36.988180
180 203141 69.580370 15.603700
180 203933 87.499100 48.809160
180 203462 57.091440 14.176390
180 1626164 59.614660 36.256790
180 2548 86.811480 37.453980
180 2405 75.950760 17.506830
180 101123 76.615050 32.847210
180 204020 62.355050 18.662740
180 1626159 66.660880 32.549820
192 -1 58.814860 11.984070
192 200782 74.886690 37.249590
192 203141 68.893120 15.551590
192 203933 87.455860 48.809960
192 203462 58.295210 13.517260
192 1626164 59.923930 36.419070
192 2548 86.835060 37.277880
192 2405 75.570700 17.218030
192 101123 76.814640 32.795280
192 204020 63.350070 17.966370
192 1626159 67.171890 32.498960
204 -1 59.506390 11.375110
204 200782 74.820410 37.501010
204 203141 68.287090 15.457260
204 203933 87.410270 48.782610
204 203462 59.594100 12.886280
204 1626164 60.279690 36.548110
204 2548 86.841380 37.074660
204 2405 75.298910 16.932520
204 101123 76.942060 32.710320
204 204020 64.263280 17.125150
204 1626159 67.681400 32.458700
216 -1 60.663200 11.068880
216 200782 74.671690 37.716220
216 203141 67.781370 15.352820
216 203933 87.379690 48.731740
216 203462 61.106770 12.217070
216 1626164 60.666640 36.632090
216 2548 86.818260 36.879620
216 2405 75.132490 16.667520
216 101123 77.018890 32.623340
216 204020 65.035830 16.145760
216 1626159 68.175600 32.408970
228 -1 62.733240 10.600250
228 200782 74.450620 37.884250
228 203141 67.345610 15.274060
228 203933 87.330880 48.674260
228 203462 62.704370 11.627410
228 1626164 61.064750 36.676300
228 2548 86.780900 36.671500
228 2405 75.106820 16.415620
228 101123 77.078670 32.591160
228 204020 65.711000 15.152790
228 1626159 68.657440 32.290110
240 -1 65.163620 9.820670
240 200782 74.202280 38.029340
240 203141 66.916670 15.198960
240 203933 87.275700 48.613570
240 203462 64.317240 11.168010
240 1626164 61.464140 36.679530
240 2548 86.742340 36.466750
240 2405 75.209230 16.220660
240 101123 77.108800 32.610650
240 204020 66.363510 14.256620
240 1626159 69.114410 32.135450
252 -1 66.914490 8.872530
252 200782 73.968960 38.172240
252 203141 66.564510 15.194180
252 203933 87.205000 48.551060
252 203462 66.137190 10.778930
252 1626164 61.868160 36.692960
252 2548 86.680780 36.268010
252 2405 75.560430 15.951690
252 101123 77.106120 32.609970
252 204020 67.014380 13.450300
252 1626159 69.542360 31.897660
264 -1 68.408380 8.571620
264 200782 73.823700 38.258630
264 203141 66.154020 15.265220
264 203933 87.110140 48.500180
264 203462 68.167560 10.386760
264 1626164 62.231290 36.728740
264 2548 86.595870 36.073370
264 2405 75.971290 15.712240
264 101123 77.094520 32.589560
264 204020 67.809230 12.765840
264 1626159 69.944570 31.610540
276 -1 70.253850 8.674560
276 200782 73.760430 38.303220
276 203141 65.673980 15.439440
276 203933 86.970900 48.473070
276 203462 70.140020 10.096620
276 1626164 62.570330 36.806320
276 2548 86.522770 35.846060
276 2405 76.525440 15.381650
276 101123 77.064010 32.584700
276 204020 68.737080 12.363720
276 1626159 70.299650 31.314520
288 -1 72.460820 8.596550
288 200782 73.773140 38.320250
288 203141 65.156530 15.709780
288 203933 86.791860 48.461440
288 203462 72.070640 9.930960
288 1626164 62.943180 36.871670
288 2548 86.451370 35.607880
288 2405 77.146640 15.022680
288 101123 76.994440 32.602180
288 204020 69.783060 12.158180
288 1626159 70.588590 31.033190
300 -1 74.825510 8.905090
300 200782 73.835980 38.316470
300 203141 64.713010 16.050200
300 203933 86.571720 48.466010
300 203462 73.864000 9.777590
300 1626164 63.293050 36.940880
300 2548 86.378830 35.374840
300 2405 77.935600 14.589300
300 101123 76.954190 32.568720
300 204020 70.812200 12.077370
300 1626159 70.866430 30.754350
312 -1 76.946310 10.248240
312 200782 73.949400 38.277860
312 203141 64.319740 16.311500
312 203933 86.346420 48.482100
312 203462 75.466550 9.764140
312 1626164 63.595630 36.979090
312 2548 86.322830 35.146190
312 2405 78.529460 14.198560
312 101123 76.918910 32.592080
312 204020 71.597380 12.198420
312 1626159 71.145620 30.471710
324 -1 76.722880 10.705770
324 200782 74.088410 38.207920
324 203141 64.036800 16.450990
324 203933 86.138090 48.501620
324 203462 76.883170 9.927450
324 1626164 63.897610 36.985950
324 2548 86.317700 34.910330
324 2405 79.304960 13.803740
324 101123 76.882370 32.655240
324 204020 72.069150 12.456450
324 1626159 71.396800 30.175750
336 -1 75.274680 11.416500
336 200782 74.248950 38.123410
336 203141 63.796930 16.478890
336 203933 85.982220 48.514170
336 203462 78.148630 10.080620
336 1626164 64.141480 36.952790
336 2548 86.352720 34.696490
336 2405 80.031450 13.474740
336 101123 76.851060 32.684850
336 204020 72.271940 12.846310
336 1626159 71.621340 29.853410
348 -1 72.957210 12.812600
348 200782 74.427520 38.021330
348 203141 63.624330 16.323070
348 203933 85.887540 48.518490
348 203462 79.193580 10.213970
348 1626164 64.295200 36.934770
348 2548 86.416250 34.500330
348 2405 80.735280 13.164570
348 101123 76.821980 32.708830
348 204020 72.124430 13.324540
348 1626159 71.832080 29.514540
360 -1 70.499140 14.233560
360 200782 74.576830 37.895620
360 203141 63.540730 15.977980
360 203933 85.870250 48.502220
360 203462 80.276690 10.387900
360 1626164 64.393760 36.951360
360 2548 86.497560 34.319670
360 2405 81.364020 12.903300
360 101123 76.738730 32.781160
360 204020 71.615920 13.861370
360 1626159 71.991620 29.146550
372 -1 68.340270 15.485280
372 200782 74.649710 37.768930
372 203141 63.553880 15.515310
372 203933 85.900850 48.485280
372 203462 81.372190 10.410420
372 1626164 64.520490 37.039850
372 2548 86.581270 34.191310
372 2405 82.133310 12.679760
372 101123 76.649900 32.848140
372 204020 70.953750 14.331590
372 1626159 72.092290 28.829990
384 -1 66.447660 16.629430
384 200782 74.600240 37.651510
384 203141 63.669130 15.027120
384 203933 85.959960 48.473750
384 203462 82.321460 10.219950
384 1626164 64.582250 37.187760
384 2548 86.636170 34.140280
384 2405 82.687900 12.601960
384 101123 76.530150 32.926550
384 204020 70.192900 14.818710
384 1626159 72.163710 28.579410
396 -1 65.807030 16.607940
396 200782 74.469730 37.523330
396 203141 63.944210 14.473560
396 203933 86.024370 48.468460
396 203462 83.142950 9.864170
396 1626164 64.609880 37.414650
396 2548 86.656800 34.135550
396 2405 83.180130 12.670650
396 101123 76.387630 33.004230
396 204020 69.365090 15.098070
396 1626159 72.217890 28.399610
408 -1 64.802110 14.288080
408 200782 74.300070 37.389060
408 203141 64.380540 13.844090
408 203933 86.091660 48.467630
408 203462 83.982820 9.329300
408 1626164 64.592570 37.662590
408 2548 86.656600 34.167180
408 2405 83.606020 12.828390
408 101123 76.254960 33.055010
408 204020 68.671650 15.202180
408 1626159 72.248770 28.305350
420 -1 65.285070 12.753590
420 200782 74.200400 37.234630
420 203141 65.008860 13.213320
420 203933 86.144650 48.478390
420 203462 84.747660 8.646640
420 1626164 64.519540 37.909510
420 2548 86.650070 34.223040
420 2405 83.889980 13.022570
420 101123 76.174920 33.100180
420 204020 68.272330 15.117060
420 1626159 72.244320 28.294830
432 -1 66.144380 11.851660
432 200782 74.196860 37.040500
432 203141 65.918810 12.662920
432 203933 86.202900 48.491580
432 203462 85.244660 7.863920
432 1626164 64.342910 38.122520
432 2548 86.642890 34.268220
432 2405 84.059670 13.224220
432 101123 76.140250 33.132890
432 204020 68.164730 14.871530
432 1626159 72.214080 28.284740
444 -1 67.430700 10.958180
444 200782 74.237760 36.854990
444 203141 66.939220 12.160870
444 203933 86.247250 48.508500
444 203462 85.640430 7.030360
444 1626164 64.112320 38.309220
444 2548 86.648800 34.278650
444 2405 84.125810 13.444890
444 101123 76.187980 33.184440
444 204020 68.446360 14.521960
444 1626159 72.162630 28.280180
456 -1 68.335700 10.156130
456 200782 74.384640 36.662880
456 203141 68.122890 11.786990
456 203933 86.270810 48.526290
456 203462 85.977620 6.234680
456 1626164 63.868420 38.447320
456 2548 86.659900 34.257200
456 2405 84.272860 13.438830
456 101123 76.322550 33.259090
456 204020 69.146000 14.225510
456 1626159 72.098300 28.283210
468 -1 69.035180 11.071880
468 200782 74.655540 36.447470
468 203141 69.498050 11.490460
468 203933 86.270400 48.529250
468 203462 86.192630 5.484370
468 1626164 63.639330 38.546150
468 2548 86.673420 34.210990
468 2405 84.394060 13.420860
468 101123 76.518340 33.341540
468 204020 70.107270 13.935040
468 1626159 72.042520 28.291370
480 -1 70.845860 10.056770
480 200782 75.058400 35.984050
480 203141 70.936130 11.371790
480 203933 86.210710 48.526350
480 203462 86.209340 4.701450
480 1626164 63.459010 38.577290
480 2548 86.678760 34.134990
480 2405 84.598830 13.297910
480 101123 76.775300 33.406520
480 204020 71.310740 13.735200
480 1626159 72.020520 28.299270
492 -1 73.499500 9.683280
492 200782 75.490880 35.425330
492 203141 72.377150 11.366740
492 203933 86.048670 48.522450
492 203462 86.117850 4.037740
492 1626164 63.353120 38.552930
492 2548 86.677380 34.048620
492 2405 84.709150 13.212960
492 101123 77.038620 33.440060
492 204020 72.779370 13.662600
492 1626159 72.044630 28.306790
504 -1 76.918740 8.000140
504 200782 76.037480 34.956180
504 203141 73.938550 11.443810
504 203933 85.795540 48.521700
504 203462 85.906780 3.544400
504 1626164 63.309540 38.469730
504 2548 86.656300 33.970800
504 2405 84.814010 13.008120
504 101123 77.287360 33.401340
504 204020 74.360460 13.622840
504 1626159 72.120650 28.286980
516 -1 80.479510 6.259670
516 200782 76.695540 34.332060
516 203141 75.577770 11.624640
516 203933 85.474260 48.531480
516 203462 85.604190 3.228820
516 1626164 63.311120 38.331760
516 2548 86.612300 33.929940
516 2405 84.836960 12.803460
516 101123 77.552140 33.316790
516 204020 75.964860 13.649990
516 1626159 72.209670 28.217050
528 -1 84.119420 4.462520
528 200782 77.243150 33.685620
528 203141 77.201170 11.970570
528 203933 85.125040 48.557190
528 203462 85.234430 3.019240
528 1626164 63.349640 38.142330
528 2548 86.556390 33.914700
528 2405 84.871660 12.399820
528 101123 77.855850 33.213980
528 204020 77.561320 13.791810
528 1626159 72.267360 28.137890
540 -1 84.602780 4.388950
540 200782 77.690410 33.352690
540 203141 78.792060 12.374530
540 203933 84.777810 48.558450
540 203462 84.855130 2.923910
540 1626164 63.409840 37.916330
540 2548 86.499920 33.930140
540 2405 84.880670 11.858330
540 101123 78.158450 33.072630
540 204020 79.077560 14.052920
540 1626159 72.263510 28.064670
552 -1 84.651580 3.952430
552 200782 78.179900 33.059950
552 203141 80.366900 12.937950
552 203933 84.476640 48.529720
552 203462 84.505970 2.917910
552 1626164 63.472180 37.677790
552 2548 86.441740 33.952450
552 2405 84.925440 11.126190
552 101123 78.467680 32.930230
552 204020 80.393740 14.450890
552 1626159 72.197060 28.009290
564 -1 84.724210 3.621020
564 200782 78.613870 32.699740
564 203141 81.937750 13.637140
564 203933 84.242460 48.462290
564 203462 84.285820 3.007040
564 1626164 63.515290 37.422470
564 2548 86.394220 33.978260
564 2405 84.961930 10.309790
564 101123 78.772250 32.797650
564 204020 81.558880 14.963580
564 1626159 72.071730 27.955610
576 -1 84.839430 3.406870
576 200782 79.064910 32.471970
576 203141 83.360210 14.416830
576 203933 84.039900 48.353220
576 203462 84.254270 3.151120
576 1626164 63.497930 37.116960
576 2548 86.363870 33.990900
576 2405 84.914210 9.599290
576 101123 79.089810 32.652020
576 204020 82.510050 15.421240
576 1626159 71.942980 27.885530
588 -1 85.212980 4.330590
588 200782 79.564360 32.317950
588 203141 84.661720 15.404310
588 203933 83.806950 48.211250
588 203462 84.468640 3.550850
588 1626164 63.404210 36.804650
588 2548 86.328010 33.983930
588 2405 84.787890 9.018230
588 101123 79.483630 32.455660
588 204020 83.294930 15.827270
588 1626159 71.850650 27.738860
600 -1 85.411560 5.238330
600 200782 80.055580 32.115650
600 203141 85.948620 16.588590
600 203933 83.554520 48.092660
600 203462 84.953170 4.136310
600 1626164 63.268490 36.454030
600 2548 86.287880 33.965690
600 2405 84.593640 8.672960
600 101123 79.900510 32.278550
600 204020 83.933120 16.164470
600 1626159 71.819030 27.520980
612 -1 84.531330 5.077680
612 200782 80.458170 31.965410
612 203141 86.977750 17.931790
612 203933 83.258800 47.978350
612 203462 85.703490 4.870980
612 1626164 63.079570 36.096020
612 2548 86.217230 33.976490
612 2405 84.464850 8.530970
612 101123 80.317230 32.058890
612 204020 84.510610 16.472440
612 1626159 71.862490 27.234250
624 -1 87.029950 4.934050
624 200782 80.832040 31.737980
624 203141 87.833710 19.500810
624 203933 82.862800 47.894460
624 203462 86.512440 5.819960
624 1626164 62.872520 35.721520
624 2548 86.097040 33.988120
624 2405 84.544090 8.672840
624 101123 80.706280 31.793640
624 204020 85.085960 16.674880
624 1626159 71.969540 26.909360
636 -1 88.831890 6.279670
636 200782 81.071570 31.524490
636 203141 88.580720 21.215040
636 203933 82.377360 47.857700
636 203462 87.252800 7.029710
636 1626164 62.708370 35.349650
636 2548 85.934160 33.994460
636 2405 84.784080 8.996420
636 101123 81.063190 31.521470
636 204020 85.726760 16.846390
636 1626159 72.094090 26.564840
648 -1 89.292320 8.509210
648 200782 81.294540 31.237880
648 203141 89.173990 23.014630
648 203933 81.867590 47.828380
648 203462 87.890160 8.320520
648 1626164 62.601500 34.930000
648 2548 85.783400 34.047080
648 2405 85.239210 9.557530
648 101123 81.294540 31.237880
648 204020 86.474990 16.966620
648 1626159 72.262560 26.235890
660 -1 90.187700 10.580860
660 200782 81.537730 30.896690
660 203141 89.592580 24.901060
660 203933 81.299690 47.790090
660 203462 88.458740 9.865980
660 1626164 62.511630 34.521440
660 2548 85.651290 34.122130
660 2405 85.769350 10.225280
660 101123 81.537730 30.896690
660 204020 87.286270 17.042890
660 1626159 72.521730 25.945970
672 -1 90.852410 11.412100
672 200782 81.802010 30.510960
672 203141 90.020790 26.747850
672 203933 80.696780 47.721130
672 203462 88.829370 11.460740
672 1626164 62.441190 34.100440
672 2548 85.556900 34.150720
672 2405 86.342260 11.125300
672 101123 81.799550 30.515630
672 204020 88.115220 16.975380
672 1626159 72.847540 25.694510
684 -1 90.249370 13.069220
684 200782 82.161530 30.086210
684 203141 90.314300 28.551430
684 203933 80.085900 47.592340
684 203462 89.019250 12.987570
684 1626164 62.435880 33.656340
684 2548 85.573010 34.224260
684 2405 86.761790 12.079490
684 101123 82.179710 30.165600
684 204020 88.791770 16.993100
684 1626159 73.225480 25.483940
696 -1 89.187010 14.817570
696 200782 82.596670 29.571220
696 203141 90.483640 30.424620
696 203933 79.491350 47.420120
696 203462 89.002470 14.522820
696 1626164 62.440270 33.195210
696 2548 85.616670 34.332390
696 2405 87.059650 13.118740
696 101123 82.631220 29.792740
696 204020 89.303190 17.101880
696 1626159 73.647830 25.321750
708 -1 88.152270 16.066530
708 200782 83.023900 29.092650
708 203141 90.592990 32.278700
708 203933 78.870660 47.250120
708 203462 88.808880 16.030300
708 1626164 62.427000 32.733910
708 2548 85.653500 34.418990
708 2405 87.149550 14.280630
708 101123 83.062280 29.379870
708 204020 89.543000 17.367180
708 1626159 74.071600 25.203100
720 -1 87.990050 18.188520
720 200782 83.363900 28.616520
720 203141 90.534190 34.064460
720 203933 78.259520 47.040340
720 203462 88.378570 17.421150
720 1626164 62.387810 32.266800
720 2548 85.673990 34.497400
720 2405 87.124870 15.559750
720 101123 83.383820 28.925080
720 204020 89.581150 17.740720
720 1626159 74.443550 25.126900
732 -1 87.800500 19.836270
732 200782 83.625780 28.150460
732 203141 90.359110 35.859570
732 203933 77.644140 46.852920
732 203462 87.765440 18.626750
732 1626164 62.350640 31.793610
732 2548 85.679920 34.606480
732 2405 87.023390 16.822910
732 101123 83.648160 28.454350
732 204020 89.378470 18.353030
732 1626159 74.770630 25.112540
744 -1 88.052700 20.473990
744 200782 83.671810 27.682930
744 203141 90.090510 37.611040
744 203933 77.038860 46.688180
744 203462 87.182850 19.738150
744 1626164 62.292680 31.330510
744 2548 85.623370 34.664650
744 2405 86.904690 18.136690
744 101123 83.733440 27.921680
744 204020 89.147270 18.899580
744 1626159 75.079480 25.141160
756 -1 88.123440 21.247530
756 200782 83.475890 27.234710
756 203141 89.740410 39.214910
756 203933 76.467540 46.495710
756 203462 86.726260 20.603790
756 1626164 62.254300 30.888470
756 2548 85.609030 34.686100
756 2405 86.736800 19.426380
756 101123 83.521150 27.331320
756 204020 88.928500 19.455090
756 1626159 75.374140 25.200940
768 -1 88.037420 21.687540
768 200782 83.473710 26.871700
768 203141 89.277500 40.692530
768 203933 75.922690 46.272490
768 203462 86.355150 21.356210
768 1626164 62.247570 30.479450
768 2548 85.658240 34.693020
768 2405 86.530110 20.610130
768 101123 83.515140 26.902610
768 204020 88.730770 19.951460
768 1626159 75.630310 25.268400
780 -1 87.865210 22.821800
780 200782 83.252870 26.503230
780 203141 88.771860 42.069430
780 203933 75.405540 46.034940
780 203462 86.037100 22.014600
780 1626164 62.277050 30.085180
780 2548 85.771000 34.686770
780 2405 86.286280 21.722790
780 101123 83.312770 26.512800
780 204020 88.561320 20.387460
780 1626159 75.830930 25.313030
792 -1 88.668600 23.450880
792 200782 82.969300 26.169970
792 203141 88.164210 43.330650
792 203933 74.929350 45.768110
792 203462 85.861610 22.891260
792 1626164 62.307620 29.661070
792 2548 85.940700 34.664700
792 2405 86.019410 22.843780
792 101123 82.956130 26.119540
792 204020 88.494250 20.692190
792 1626159 75.974300 25.322520
804 -1 89.163570 23.935000
804 200782 83.045410 26.121890
804 203141 87.540300 44.484770
804 203933 74.490270 45.448310
804 203462 85.771620 23.824510
804 1626164 62.308300 29.206790
804 2548 86.121220 34.635650
804 2405 85.770620 23.898870
804 101123 82.538940 25.657660
804 204020 88.408430 20.996980
804 1626159 76.063310 25.276650
816 -1 89.708320 24.491270
816 200782 83.294290 26.303400
816 203141 86.885940 45.462770
816 203933 74.058470 45.126780
816 203462 85.912090 24.838680
816 1626164 62.244240 28.751530
816 2548 86.267290 34.608170
816 2405 85.583940 24.863910
816 101123 82.276440 25.257710
816 204020 88.288420 21.264130
816 1626159 76.126520 25.205610
828 -1 89.298140 24.913740
828 200782 83.246650 26.451570
828 203141 86.201920 46.314160
828 203933 73.644390 44.783310
828 203462 85.993650 25.884120
828 1626164 62.088900 28.309220
828 2548 86.335810 34.592730
828 2405 85.481640 25.740080
828 101123 81.806230 24.663480
828 204020 88.227660 21.499050
828 1626159 76.195020 25.141780
840 -1 88.828660 25.399270
840 200782 83.366650 26.652040
840 203141 85.505740 46.993870
840 203933 73.219230 44.417280
840 203462 86.102770 27.035360
840 1626164 61.857310 27.880660
840 2548 86.316290 34.588140
840 2405 85.435640 26.556070
840 101123 81.499750 24.002220
840 204020 88.178150 21.729070
840 1626159 76.255910 25.083230
852 -1 88.420810 25.061910
852 200782 83.547700 26.976680
852 203141 84.759440 47.475120
852 203933 72.758620 44.059690
852 203462 86.334690 28.212680
852 1626164 61.565660 27.507220
852 2548 86.217650 34.604130
852 2405 85.438010 27.232520
852 101123 81.353170 23.349590
852 204020 88.155190 21.916120
852 1626159 76.244500 24.989680
864 -1 88.591280 24.560620
864 200782 83.382090 27.084730
864 203141 83.902940 47.807020
864 203933 72.263950 43.740500
864 203462 86.479880 29.567950
864 1626164 61.186210 27.214420
864 2548 86.087900 34.630890
864 2405 85.456070 27.804480
864 101123 81.333940 22.753670
864 204020 88.173340 22.114740
864 1626159 76.101790 24.866040
876 -1 88.845260 24.573980
876 200782 83.064040 26.985330
876 203141 82.952590 48.061610
876 203933 71.751020 43.410280
876 203462 86.330630 30.959300
876 1626164 60.718720 26.979090
876 2548 85.935940 34.697850
876 2405 85.465700 28.339430
876 101123 81.329930 22.130790
876 204020 88.257980 22.331740
876 1626159 75.627270 24.609740
888 -1 89.154760 24.667510
888 200782 82.848660 26.902380
888 203141 81.888380 48.199040
888 203933 71.186800 43.064230
888 203462 86.285930 32.155510
888 1626164 60.216020 26.734740
888 2548 85.748100 34.809020
888 2405 85.466730 28.821080
888 101123 81.308550 21.511240
888 204020 88.385030 22.574750
888 1626159 75.130300 24.346590
900 -1 89.447890 24.920340
900 200782 82.437400 26.616640
900 203141 80.762870 48.176080
900 203933 70.581600 42.720120
900 203462 86.301340 33.137090
900 1626164 59.688720 26.482450
900 2548 85.534630 34.987050
900 2405 85.379030 29.269590
900 101123 81.309070 20.908390
900 204020 88.564630 22.820090
900 1626159 74.510480 24.039760
912 -1 89.688010 24.862710
912 200782 81.962540 26.210430
912 203141 79.554630 48.113790
912 203933 69.961350 42.338410
912 203462 86.060590 33.964140
912 1626164 59.119520 26.225460
912 2548 85.330440 35.261730
912 2405 85.236350 29.630080
912 101123 81.287250 20.283780
912 204020 88.778800 23.082170
912 1626159 73.808250 23.716770
924 -1 90.020230 24.869250
924 200782 81.470850 25.770080
924 203141 78.353270 47.899930
924 203933 69.327050 41.959730
924 203462 85.680890 34.704080
924 1626164 58.555210 25.924680
924 2548 85.087460 35.605990
924 2405 85.022500 29.907190
924 101123 81.213560 19.647550
924 204020 89.049710 23.311160
924 1626159 73.024230 23.395900
936 -1 90.389720 25.021370
936 200782 80.916510 25.313200
936 203141 77.086330 47.635890
936 203933 68.651120 41.576500
936 203462 85.297910 35.333230
936 1626164 57.983140 25.601850
936 2548 84.786930 36.015830
936 2405 84.713790 30.122730
936 101123 81.097330 18.982870
936 204020 89.409830 23.612950
936 1626159 72.299070 23.171850