0 -1 77.016570 39.709830
0 200782 88.303000 43.658350
0 202693 77.514110 32.644750
0 202339 84.660210 17.927840
0 203458 87.188430 39.762600
0 1626164 90.871540 31.891620
0 203142 63.208180 26.215390
0 201564 93.990080 35.663870
0 202328 75.472860 39.977830
0 203114 89.301920 43.882870
0 203487 82.710430 6.419140
12 -1 76.959740 39.162110
12 200782 88.588540 43.640610
12 202693 77.341370 32.243100
12 202339 84.022630 18.057900
12 203458 86.430140 38.995260
12 1626164 90.708390 31.847370
12 203142 63.049510 25.435680
12 201564 93.761230 35.903140
12 202328 75.646200 39.578820
12 203114 89.268740 43.875970
12 203487 82.395260 6.208850
24 -1 75.963940 38.127520
24 200782 88.843890 43.595660
24 202693 77.119900 31.854470
24 202339 83.233990 18.188220
24 203458 85.640720 38.140300
24 1626164 90.506650 31.815660
24 203142 62.925240 24.761430
24 201564 93.536660 36.203950
24 202328 75.838250 39.010560
24 203114 89.283360 43.856850
24 203487 82.155610 6.020680
36 -1 75.811830 37.138840
36 200782 89.031600 43.493070
36 202693 76.853920 31.410620
36 202339 82.284660 18.291330
36 203458 84.822380 37.228200
36 1626164 90.237980 31.803780
36 203142 62.850500 24.213270
36 201564 93.285090 36.537440
36 202328 76.123090 38.324040
36 203114 89.226820 43.663740
36 203487 82.050250 5.850050
48 -1 76.203480 35.679320
48 200782 89.125710 43.313060
48 202693 76.521400 30.874540
48 202339 81.200810 18.304700
48 203458 84.029210 36.222940
48 1626164 89.965720 31.833780
48 203142 62.819810 23.787350
48 201564 93.040470 36.783580
48 202328 76.560230 37.394260
48 203114 89.225620 43.737610
48 203487 81.994070 5.699890
60 -1 76.059580 35.043450
60 200782 89.112100 43.106580
60 202693 76.111350 30.306780
60 202339 80.187080 18.273690
60 203458 83.323640 35.226710
60 1626164 89.729070 31.901960
60 203142 62.881610 23.454130
60 201564 92.789400 36.956250
60 202328 77.032530 36.434450
60 203114 89.267090 44.184030
60 203487 82.022630 5.655150
72 -1 76.961250 34.580800
72 200782 89.028130 42.874260
72 202693 76.115650 30.204760
72 202339 79.288880 18.334370
72 203458 82.650440 34.196110
72 1626164 89.497980 32.001510
72 203142 62.931640 23.142520
72 201564 92.490230 37.046240
72 202328 77.647960 35.368500
72 203114 89.381550 45.115980
72 203487 82.068100 5.769630
84 -1 78.114900 32.856040
84 200782 88.853680 42.622850
84 202693 75.964110 29.906680
84 202339 78.605090 18.306600
84 203458 82.138780 33.107950
84 1626164 89.302550 32.130750
84 203142 63.007120 22.859120
84 201564 92.116770 37.063560
84 202328 78.323960 34.057960
84 203114 89.452380 46.239970
84 203487 82.170990 6.105030
96 -1 78.928570 31.854800
96 200782 88.623380 42.397880
96 202693 75.692740 29.592800
96 202339 78.212180 18.202160
96 203458 81.735790 32.019910
96 1626164 89.186040 32.242210
96 203142 63.076760 22.612170
96 201564 91.710600 37.009950
96 202328 79.140300 32.621280
96 203114 89.405570 47.317340
96 203487 82.339740 6.640350
108 -1 79.837900 30.416180
108 200782 88.312720 42.255110
108 202693 75.450060 29.223830
108 202339 78.151920 18.028420
108 203458 81.679700 31.120700
108 1626164 89.056860 32.345280
108 203142 63.131620 22.428150
108 201564 91.141450 37.029730
108 202328 79.776360 31.263940
108 203114 89.224090 48.183670
108 203487 82.692500 7.460650
120 -1 80.597640 28.722000
120 200782 87.942750 42.144140
120 202693 75.314060 28.897800
120 202339 78.309800 17.781760
120 203458 81.819820 30.251190
120 1626164 88.925140 32.456240
120 203142 63.159440 22.290320
120 201564 90.523380 37.048470
120 202328 80.498660 29.789150
120 203114 88.891230 48.646990
120 203487 83.132420 8.457090
132 -1 81.343690 27.131800
132 200782 87.543550 41.999800
132 202693 74.825630 28.178030
132 202339 78.698860 17.436910
132 203458 82.184660 29.409430
132 1626164 88.844170 32.549620
132 203142 63.168750 22.206610
132 201564 89.902850 36.996970
132 202328 81.187810 28.378340
132 203114 88.485060 48.725030
132 203487 83.688200 9.655120
144 -1 82.549480 26.074110
144 200782 87.146260 41.811520
144 202693 74.472120 27.531270
144 202339 79.291700 17.080000
144 203458 82.634240 28.599750
144 1626164 88.736140 32.588620
144 203142 63.163170 22.153570
144 201564 89.280770 36.929870
144 202328 81.726270 27.131550
144 203114 88.027760 48.608470
144 203487 84.347710 10.962020
156 -1 82.315320 25.421270
156 200782 86.744600 41.572750
156 202693 74.244770 26.934080
156 202339 79.997790 16.775480
156 203458 83.206000 27.765470
156 1626164 88.586230 32.562620
156 203142 63.139920 22.136220
156 201564 88.660400 36.807270
156 202328 82.082560 25.858910
156 203114 87.546000 48.569520
156 203487 85.026690 12.379990
168 -1 82.132070 24.462570
168 200782 86.386050 41.262560
168 202693 74.023420 26.445780
168 202339 80.824090 16.575060
168 203458 83.633610 26.805560
168 1626164 88.462140 32.405550
168 203142 63.076870 22.148670
168 201564 88.132580 36.555250
168 202328 82.536870 24.584780
168 203114 87.025320 48.462180
168 203487 85.668150 13.760190
180 -1 82.946230 24.253690
180 200782 86.071980 40.908210
180 202693 73.785800 26.077550
180 202339 81.767300 16.482870
180 203458 84.027040 25.808090
180 1626164 88.325770 32.148460
180 203142 62.982650 22.215310
180 201564 87.603500 36.256440
180 202328 82.816480 23.387300
180 203114 86.440110 48.332340
180 203487 86.253980 15.169790
192 -1 84.139710 24.353980
192 200782 85.781200 40.537220
192 202693 73.557540 25.920890
192 202339 82.729660 16.463350
192 203458 84.383250 24.915370
192 1626164 88.159830 31.806700
192 203142 62.825160 22.348880
192 201564 87.047300 35.974980
192 202328 82.874270 22.244250
192 203114 85.734420 48.173790
192 203487 86.759400 16.506280
204 -1 85.353850 24.627170
204 200782 85.460110 40.190250
204 202693 73.282340 25.833130
204 202339 83.660820 16.548950
204 203458 84.662160 24.199800
204 1626164 88.008260 31.402040
204 203142 62.589350 22.515180
204 201564 86.501590 35.659690
204 202328 82.866080 21.145790
204 203114 84.888250 47.969950
204 203487 87.211000 17.847280
216 -1 86.581410 24.897850
216 200782 85.126990 39.867070
216 202693 72.953220 25.739480
216 202339 84.497780 16.707170
216 203458 84.936850 23.715570
216 1626164 87.894740 30.907290
216 203142 62.261440 22.686560
216 201564 85.973950 35.307060
216 202328 82.723710 20.216520
216 203114 83.963740 47.733640
216 203487 87.620110 19.129040
228 -1 87.683070 24.944190
228 200782 84.731420 39.575550
228 202693 72.574030 25.615180
228 202339 85.260600 16.957330
228 203458 85.224840 23.503430
228 1626164 87.771370 30.447640
228 203142 61.854320 22.844920
228 201564 85.465530 34.920930
228 202328 82.561880 19.059500
228 203114 83.004620 47.510010
228 203487 87.953280 20.421760
240 -1 88.872670 25.166060
240 200782 84.257170 39.314310
240 202693 72.140020 25.453830
240 202339 85.885820 17.244400
240 203458 85.603330 23.527240
240 1626164 87.642040 30.010080
240 203142 61.358680 22.973680
240 201564 84.928610 34.464690
240 202328 82.363690 17.836560
240 203114 81.989270 47.260190
240 203487 88.227860 21.405740
252 -1 88.459450 24.879130
252 200782 83.740660 39.096240
252 202693 71.615310 25.277820
252 202339 86.392520 17.590240
252 203458 85.943140 23.616700
252 1626164 87.471120 29.604410
252 203142 60.794720 23.042060
252 201564 84.517540 34.041440
252 202328 82.188660 16.538840
252 203114 80.866640 46.976060
252 203487 88.443540 22.192160
264 -1 88.109010 24.388630
264 200782 83.209820 38.881920
264 202693 71.073440 25.109270
264 202339 86.794240 17.926770
264 203458 86.279030 23.750810
264 1626164 87.212340 29.231650
264 203142 60.157870 23.092430
264 201564 84.095740 33.514660
264 202328 82.039840 15.193700
264 203114 79.748440 46.672430
264 203487 88.543530 22.713040
276 -1 87.607540 24.983810
276 200782 82.615700 38.666350
276 202693 70.478880 24.997660
276 202339 87.153820 18.197580
276 203458 86.550990 23.863390
276 1626164 86.735460 28.964540
276 203142 59.459910 23.187190
276 201564 83.598300 32.941370
276 202328 81.836700 13.745890
276 203114 78.585370 46.326640
276 203487 88.557560 23.059040
288 -1 86.911220 25.743640
288 200782 81.959310 38.450420
288 202693 69.780270 24.938200
288 202339 87.410900 18.338520
288 203458 86.713490 23.871060
288 1626164 86.054830 28.737810
288 203142 58.710660 23.306990
288 201564 83.071500 32.352440
288 202328 81.561120 12.441010
288 203114 77.332990 45.966800
288 203487 88.538560 23.244330
300 -1 86.416840 26.327680
300 200782 81.253940 38.268640
300 202693 68.990360 24.877560
300 202339 87.651390 18.365580
300 203458 86.761790 23.796740
300 1626164 85.193970 28.447370
300 203142 57.911120 23.412640
300 201564 82.523230 31.784610
300 202328 81.043460 11.227260
300 203114 76.051280 45.626890
300 203487 88.517170 23.568150
312 -1 85.914730 27.090190
312 200782 80.399260 38.169420
312 202693 68.164680 24.807750
312 202339 87.869630 18.293530
312 203458 86.856860 23.705560
312 1626164 84.121220 28.150160
312 203142 57.068800 23.538350
312 201564 81.739700 31.144560
312 202328 80.406280 10.150820
312 203114 74.748920 45.279200
312 203487 88.450930 23.925970
324 -1 85.321250 27.809440
324 200782 79.444800 38.116240
324 202693 67.285950 24.752660
324 202339 88.062410 18.138630
324 203458 86.942710 23.636290
324 1626164 82.857230 27.828890
324 203142 56.181290 23.649070
324 201564 80.876020 30.574850
324 202328 79.640260 9.192660
324 203114 73.340210 44.927600
324 203487 88.378580 24.329320
336 -1 84.771360 28.384710
336 200782 78.403080 38.155600
336 202693 66.372380 24.663360
336 202339 88.243700 17.927850
336 203458 87.065330 23.547350
336 1626164 81.449170 27.422400
336 203142 55.258920 23.742850
336 201564 79.804800 30.115380
336 202328 78.731720 8.387100
336 203114 71.890510 44.604660
336 203487 88.253410 24.686660
348 -1 84.310570 28.974030
348 200782 77.269250 38.296430
348 202693 65.337530 24.591210
348 202339 88.411090 17.669110
348 203458 87.273810 23.472870
348 1626164 79.929040 26.951520
348 203142 54.262740 23.843520
348 201564 78.593280 29.713510
348 202328 77.605890 7.729210
348 203114 70.440500 44.251920
348 203487 88.023580 25.003230
360 -1 83.653670 29.512030
360 200782 76.032320 38.513490
360 202693 64.208530 24.547070
360 202339 88.537780 17.385020
360 203458 87.564050 23.358510
360 1626164 78.256930 26.419520
360 203142 53.212190 23.962670
360 201564 77.302230 29.336780
360 202328 76.426140 7.213840
360 203114 68.929310 43.913100
360 203487 87.618520 25.273320
372 -1 83.127400 30.190490
372 200782 74.773250 38.760670
372 202693 63.008660 24.498350
372 202339 88.653800 17.064500
372 203458 87.907900 23.207010
372 1626164 76.472170 25.827730
372 203142 52.125740 24.059850
372 201564 75.878160 28.983080
372 202328 75.113860 6.859440
372 203114 67.371740 43.603150
372 203487 87.116100 25.513180
384 -1 82.523200 30.773480
384 200782 73.395790 39.082840
384 202693 61.638140 24.463140
384 202339 88.759490 16.744250
384 203458 88.330820 22.985760
384 1626164 74.640570 25.145530
384 203142 51.003750 24.163990
384 201564 74.263660 28.701690
384 202328 73.666020 6.673890
384 203114 65.809290 43.300370
384 203487 86.440370 25.704410
396 -1 81.804720 31.467160
396 200782 71.943110 39.460040
396 202693 60.148630 24.492800
396 202339 88.850860 16.442180
396 203458 88.849790 22.798900
396 1626164 72.753320 24.418680
396 203142 49.851800 24.243560
396 201564 72.669940 28.365550
396 202328 72.139840 6.662580
396 203114 64.248380 42.999850
396 203487 85.606120 25.916630
408 -1 81.449920 31.997520
408 200782 70.465370 39.874200
408 202693 58.669060 24.493840
408 202339 88.945940 16.166180
408 203458 89.427860 22.713530
408 1626164 70.789090 23.617960
408 203142 48.675970 24.310360
408 201564 70.997460 27.960630
408 202328 70.572510 6.839450
408 203114 62.629270 42.725680
408 203487 84.644440 26.126750
420 -1 80.865500 32.569310
420 200782 68.950880 40.317110
420 202693 57.164910 24.467530
420 202339 89.054470 15.908450
420 203458 89.985060 22.797210
420 1626164 68.768380 22.790570
420 203142 47.483900 24.353270
420 201564 69.171770 27.522910
420 202328 68.970220 7.142210
420 203114 61.004750 42.438510
420 203487 83.589350 26.305710
432 -1 80.324350 33.051880
432 200782 67.387670 40.782160
432 202693 55.566470 24.447200
432 202339 89.159650 15.703170
432 203458 90.538650 23.012150
432 1626164 66.686520 21.927010
432 203142 46.277610 24.407080
432 201564 67.331370 27.007650
432 202328 67.308090 7.533200
432 203114 59.378190 42.172670
432 203487 82.450310 26.484990
444 -1 79.730670 33.590480
444 200782 65.822280 41.236430
444 202693 53.962820 24.374400
444 202339 89.254710 15.498250
444 203458 91.077780 23.329540
444 1626164 64.557350 21.062660
444 203142 45.058000 24.471490
444 201564 65.473620 26.380410
444 202328 65.610380 8.070220
444 203114 57.736090 41.961700
444 203487 81.248090 26.664800
456 -1 79.252230 34.104700
456 200782 64.215290 41.690360
456 202693 52.331380 24.257330
456 202339 89.343500 15.280180
456 203458 91.549940 23.712810
456 1626164 62.424060 20.180780
456 203142 43.815000 24.471950
456 201564 63.556790 25.751950
456 202328 63.898650 8.697380
456 203114 56.075080 41.785970
456 203487 80.009710 26.819680
468 -1 78.814550 34.962000
468 200782 62.584680 42.154230
468 202693 50.656440 24.155600
468 202339 89.407240 15.036870
468 203458 91.982350 24.141940
468 1626164 60.266080 19.272680
468 203142 42.589890 24.438050
468 201564 61.580860 25.114920
468 202328 62.194410 9.396290
468 203114 54.402950 41.616190
468 203487 78.732110 26.953350
480 -1 78.269560 35.403480
480 200782 60.935770 42.638070
480 202693 48.933760 24.025130
480 202339 89.440880 14.797240
480 203458 92.391160 24.548380
480 1626164 58.085700 18.410910
480 203142 41.343630 24.412010
480 201564 59.601750 24.452150
480 202328 60.515370 10.192230
480 203114 52.777580 41.459530
480 203487 77.441090 27.060050
492 -1 77.734430 35.933620
492 200782 59.303590 43.123080
492 202693 47.251340 23.837200
492 202339 89.433770 14.527500
492 203458 92.751620 24.939260
492 1626164 55.938930 17.564220
492 203142 40.091380 24.365360
492 201564 57.569060 23.796620
492 202328 58.837180 11.008980
492 203114 51.147070 41.287290
492 203487 76.080880 27.097850
504 -1 77.285380 36.550360
504 200782 57.674650 43.621870
504 202693 45.508230 23.647490
504 202339 89.387370 14.245660
504 203458 93.112530 25.310340
504 1626164 53.794630 16.725730
504 203142 38.849890 24.272540
504 201564 55.509590 23.132160
504 202328 57.197410 11.809140
504 203114 49.502280 41.100650
504 203487 74.689710 27.112110
516 -1 76.817730 37.149320
516 200782 56.039210 44.080110
516 202693 43.728810 23.417940
516 202339 89.303560 13.981670
516 203458 93.489960 25.707050
516 1626164 51.609650 15.927910
516 203142 37.622450 24.199500
516 201564 53.471090 22.455360
516 202328 55.561330 12.678130
516 203114 47.870970 40.897280
516 203487 73.282830 27.130460