0 -1 38.219210 22.438530
0 200782 49.364940 43.769510
0 202720 77.516370 35.652520
0 202339 53.102710 9.401980
0 202688 37.094960 24.006460
0 203458 46.108520 25.466560
0 708 72.734420 36.165950
0 2755 71.513100 34.046190
0 201937 49.576600 23.599090
0 203952 65.920860 17.281150
0 1626157 60.910610 27.485380
12 -1 39.037530 22.350090
12 200782 50.853270 44.342610
12 202720 78.651500 34.534570
12 202339 54.736760 8.992560
12 202688 38.553920 23.894220
12 203458 47.597180 26.013430
12 708 74.298090 35.061080
12 2755 72.204190 34.381140
12 201937 50.400190 23.564490
12 203952 66.547060 17.052480
12 1626157 62.030700 27.257600
24 -1 40.239640 22.172730
24 200782 52.295320 44.873300
24 202720 79.686080 33.348380
24 202339 56.375000 8.616850
24 202688 40.024780 23.764810
24 203458 49.035000 26.507400
24 708 75.958380 33.983540
24 2755 72.851880 34.656880
24 201937 51.133550 23.537480
24 203952 67.183560 16.889050
24 1626157 63.092720 27.067020
36 -1 42.056490 22.427580
36 200782 53.673590 45.329930
36 202720 80.547990 32.053980
36 202339 57.989730 8.245100
36 202688 41.455650 23.644900
36 203458 50.424890 26.969700
36 708 77.339590 32.972510
36 2755 73.430290 34.926820
36 201937 51.859300 23.521180
36 203952 67.817010 16.551770
36 1626157 64.155670 26.804450
48 -1 43.851450 22.496610
48 200782 55.018640 45.764970
48 202720 81.220990 30.799690
48 202339 59.591420 7.890000
48 202688 42.876310 23.534250
48 203458 51.843090 27.434560
48 708 78.607870 31.900840
48 2755 73.994330 35.219870
48 201937 52.578650 23.511330
48 203952 68.386220 16.285410
48 1626157 65.117410 26.643750
60 -1 45.486070 21.957900
60 200782 56.364020 46.133140
60 202720 81.740640 29.501860
60 202339 61.169600 7.618280
60 202688 44.253450 23.465060
60 203458 53.257820 27.872460
60 708 79.741610 30.833240
60 2755 74.591080 35.491630
60 201937 53.230580 23.490340
60 203952 68.892530 16.106150
60 1626157 66.045650 26.624300
72 -1 46.371600 21.772210
72 200782 57.683500 46.458760
72 202720 82.149540 28.188620
72 202339 62.735650 7.395410
72 202688 45.561710 23.336690
72 203458 54.627380 28.265550
72 708 80.494950 29.822920
72 2755 75.154360 35.775760
72 201937 53.890890 23.415050
72 203952 69.416050 15.914010
72 1626157 66.941230 26.626340
84 -1 46.974860 21.467500
84 200782 58.942880 46.790270
84 202720 82.401980 26.891420
84 202339 64.261480 7.224560
84 202688 46.848760 23.143430
84 203458 55.979000 28.689830
84 708 80.913020 28.730420
84 2755 75.664830 36.063620
84 201937 54.652070 23.273440
84 203952 70.020870 15.520620
84 1626157 67.793460 26.589680
96 -1 47.801930 21.327050
96 200782 60.182880 47.132320
96 202720 82.548750 25.559960
96 202339 65.725190 7.211830
96 202688 48.137240 22.871090
96 203458 57.327130 29.131870
96 708 81.297830 27.484750
96 2755 76.145680 36.315240
96 201937 55.443130 23.061200
96 203952 70.586190 15.317920
96 1626157 68.641560 26.583680
108 -1 48.846660 21.166500
108 200782 61.329010 47.410570
108 202720 82.599410 24.241120
108 202339 67.096530 7.302680
108 202688 49.409400 22.482860
108 203458 58.583000 29.533860
108 708 81.449070 26.288550
108 2755 76.602690 36.505750
108 201937 56.209470 22.813790
108 203952 71.127230 15.247490
108 1626157 69.464270 26.613660
120 -1 50.194200 20.655110
120 200782 62.383510 47.632260
120 202720 82.480010 22.988580
120 202339 68.383100 7.433200
120 202688 50.646660 22.040720
120 203458 59.792110 29.909820
120 708 81.416550 25.250380
120 2755 77.050620 36.701700
120 201937 56.997470 22.478300
120 203952 71.757020 15.061040
120 1626157 70.223480 26.647090
132 -1 51.970000 19.934440
132 200782 63.378000 47.789900
132 202720 82.259390 21.748960
132 202339 69.532140 7.615610
132 202688 51.906250 21.597620
132 203458 61.003510 30.223280
132 708 81.342990 24.181040
132 2755 77.494620 36.887810
132 201937 57.832940 22.068110
132 203952 72.389780 14.786090
132 1626157 70.960790 26.714250
144 -1 53.776820 19.302340
144 200782 64.354060 47.907240
144 202720 81.949180 20.547730
144 202339 70.549630 7.813710
144 202688 53.161850 21.070070
144 203458 62.200980 30.500680
144 708 81.183650 23.140650
144 2755 77.927120 37.086850
144 201937 58.650000 21.608500
144 203952 72.904500 14.627650
144 1626157 71.698000 26.834920
156 -1 54.792430 18.360440
156 200782 65.263980 48.035660
156 202720 81.530320 19.525860
156 202339 71.459130 7.983600
156 202688 54.450040 20.427540
156 203458 63.320920 30.752490
156 708 80.909990 22.220660
156 2755 78.321420 37.295810
156 201937 59.438220 21.107860
156 203952 73.423040 14.486410
156 1626157 72.342670 26.983760
168 -1 55.081890 17.944250
168 200782 66.135780 48.196340
168 202720 81.018710 18.614500
168 202339 72.301370 8.114990
168 202688 55.700450 19.702220
168 203458 64.436880 31.026030
168 708 80.544490 21.293890
168 2755 78.681570 37.527110
168 201937 60.246870 20.516920
168 203952 73.998250 14.061720
168 1626157 72.953540 27.098050
180 -1 55.764300 17.264600
180 200782 66.974530 48.333290
180 202720 80.501130 17.796560
180 202339 72.951810 8.252700
180 202688 56.997540 18.853980
180 203458 65.500030 31.261140
180 708 80.149030 20.346280
180 2755 78.979530 37.713650
180 201937 61.172340 19.885930
180 203952 74.472420 13.774800
180 1626157 73.540450 27.250540
192 -1 57.144080 16.293400
192 200782 67.738840 48.454860
192 202720 79.955790 17.113940
192 202339 73.277790 8.355690
192 202688 58.344470 17.937500
192 203458 66.493550 31.478870
192 708 79.739740 19.522230
192 2755 79.230810 37.865670
192 201937 62.128990 19.262520
192 203952 74.840870 13.715010
192 1626157 74.102950 27.376520
204 -1 59.304130 15.230220
204 200782 68.424630 48.519310
204 202720 79.378280 16.528850
204 202339 73.258360 8.396930
204 202688 59.799450 17.031960
204 203458 67.452100 31.646790
204 708 79.316130 18.768580
204 2755 79.464380 37.921220
204 201937 63.108920 18.530760
204 203952 75.212380 13.606370
204 1626157 74.655800 27.508470
216 -1 61.204730 13.961960
216 200782 69.122880 48.535450
216 202720 78.842120 16.011260
216 202339 72.922140 8.421880
216 202688 61.222650 16.158370
216 203458 68.360620 31.768080
216 708 78.919660 18.034700
216 2755 79.668730 37.877170
216 201937 64.158610 17.771960
216 203952 75.405060 13.531390
216 1626157 75.212560 27.637230
228 -1 61.858440 13.309200
228 200782 69.807450 48.506500
228 202720 78.304820 15.598800
228 202339 72.219670 8.446950
228 202688 62.717030 15.370310
228 203458 69.226320 31.826110
228 708 78.535790 17.464100
228 2755 79.838640 37.755500
228 201937 65.317010 17.015240
228 203952 75.332430 13.617770
228 1626157 75.740480 27.827910
240 -1 62.856190 12.385080
240 200782 70.454610 48.488980
240 202720 77.754770 15.247650
240 202339 71.347860 8.458340
240 202688 64.246600 14.669660
240 203458 70.021390 31.861090
240 708 78.101760 17.039280
240 2755 79.987770 37.552370
240 201937 66.508400 16.256890
240 203952 75.057700 13.641080
240 1626157 76.276720 28.039000
252 -1 64.293950 11.301520
252 200782 71.126920 48.446740
252 202720 77.254660 14.939900
252 202339 70.528070 8.546720
252 202688 65.778450 13.977550
252 203458 70.730060 31.895690
252 708 77.715390 16.622210
252 2755 80.096720 37.269910
252 201937 67.653060 15.484940
252 203952 74.714510 13.448850
252 1626157 76.810380 28.281380
264 -1 65.693350 10.141570
264 200782 71.796930 48.507780
264 202720 76.778710 14.673180
264 202339 69.756670 8.792950
264 202688 67.231310 13.242760
264 203458 71.308180 31.858310
264 708 77.395700 16.270060
264 2755 80.131050 36.965520
264 201937 68.788640 14.728140
264 203952 74.121810 13.267000
264 1626157 77.297000 28.514670
276 -1 67.008050 9.207990
276 200782 72.410490 48.517610
276 202720 76.287520 14.517980
276 202339 68.989970 9.153740
276 202688 68.723650 12.355950
276 203458 71.720860 31.733320
276 708 77.159160 15.915350
276 2755 80.100680 36.663410
276 201937 69.865920 14.115530
276 203952 73.413910 12.873790
276 1626157 77.757010 28.700730
288 -1 67.101880 9.430580
288 200782 73.010570 48.533250
288 202720 75.865150 14.487830
288 202339 68.339800 9.628050
288 202688 70.178900 11.482880
288 203458 71.941980 31.525590
288 708 76.964160 15.551640
288 2755 80.026080 36.374780
288 201937 70.527870 13.312660
288 203952 72.961320 12.705300
288 1626157 78.171140 28.818920
300 -1 66.767220 10.228840
300 200782 73.625570 48.563170
300 202720 75.531160 14.635790
300 202339 67.762260 10.214670
300 202688 71.472500 10.558890
300 203458 72.016740 31.259000
300 708 76.870290 15.229620
300 2755 79.915130 36.147140
300 201937 70.973090 12.417070
300 203952 72.719540 12.531880
300 1626157 78.497340 28.874460
312 -1 66.545540 11.320110
312 200782 74.230990 48.636790
312 202720 75.192760 14.949670
312 202339 67.213530 10.887200
312 202688 72.627740 9.549810
312 203458 71.947220 30.934010
312 708 76.782000 14.944990
312 2755 79.799560 35.988150
312 201937 71.352220 11.486500
312 203952 72.399020 12.572610
312 1626157 78.686670 28.894670
324 -1 66.167160 12.213460
324 200782 74.826180 48.595320
324 202720 74.946520 15.458310
324 202339 66.742160 11.574870
324 202688 73.691910 8.504460
324 203458 71.809360 30.571480
324 708 76.695240 14.744170
324 2755 79.719160 35.877690
324 201937 71.673920 10.696990
324 203952 72.081460 12.779120
324 1626157 78.724240 28.881510
336 -1 65.713560 13.085020
336 200782 75.353810 48.587300
336 202720 74.790740 16.105330
336 202339 66.355580 12.312310
336 202688 74.588600 7.609570
336 203458 71.664710 30.110100
336 708 76.542450 14.809940
336 2755 79.688820 35.791340
336 201937 71.939310 9.807590
336 203952 71.773400 13.281710
336 1626157 78.578800 28.890290
348 -1 65.204120 13.939270
348 200782 75.840250 48.597480
348 202720 74.692480 16.886490
348 202339 65.931990 13.176880
348 202688 75.344370 6.646180
348 203458 71.504460 29.567330
348 708 76.428530 15.077640
348 2755 79.708870 35.709990
348 201937 72.528340 9.148010
348 203952 71.457090 13.885500
348 1626157 78.282530 28.876660
360 -1 64.658260 14.780640
360 200782 76.283980 48.572250
360 202720 74.728720 17.775130
360 202339 65.527020 14.114870
360 202688 76.098150 5.715770
360 203458 71.357200 28.973960
360 708 76.296970 15.500210
360 2755 79.773160 35.644300
360 201937 73.255420 8.675170
360 203952 71.031190 14.515780
360 1626157 77.841400 28.841830
372 -1 64.297350 16.172930
372 200782 76.717030 48.563570
372 202720 74.891910 18.754040
372 202339 65.214340 15.122050
372 202688 76.758560 4.880080
372 203458 71.221710 28.275740
372 708 76.127340 16.197080
372 2755 79.880770 35.604540
372 201937 74.056560 8.370410
372 203952 70.671970 15.122830
372 1626157 77.187780 28.823230
384 -1 64.031680 17.585610
384 200782 77.089400 48.594970
384 202720 75.186360 19.812010
384 202339 64.972940 16.251000
384 202688 77.412330 4.077450
384 203458 71.043240 27.490330
384 708 75.913120 17.051840
384 2755 80.004460 35.613600
384 201937 74.900790 8.088900
384 203952 70.464420 15.801360
384 1626157 76.505700 28.637640
396 -1 63.612910 19.187130
396 200782 77.431880 48.610200
396 202720 75.629960 20.900260
396 202339 64.736480 17.478410
396 202688 78.115930 3.365070
396 203458 70.844200 26.731580
396 708 75.876480 18.011430
396 2755 80.117210 35.750980
396 201937 75.793820 7.904170
396 203952 70.474130 16.760890
396 1626157 75.743910 28.384990
408 -1 63.199100 20.084680
408 200782 77.729210 48.609750
408 202720 76.261240 22.030130
408 202339 64.628680 18.747720
408 202688 78.816810 2.710180
408 203458 70.695690 26.036220
408 708 76.025820 19.004100
408 2755 80.227670 35.991690
408 201937 76.656250 7.835360
408 203952 70.446300 17.487200
408 1626157 74.966140 28.115780
420 -1 63.076690 20.820240
420 200782 77.975770 48.617250
420 202720 76.991460 23.185270
420 202339 64.575600 20.162640
420 202688 79.461160 2.104280
420 203458 70.685580 25.361750
420 708 76.294270 19.955050
420 2755 80.331050 36.288540
420 201937 77.427200 7.858740
420 203952 70.551950 18.512320
420 1626157 74.152140 27.923200
432 -1 63.175110 22.114790
432 200782 78.105940 48.571660
432 202720 77.863280 24.311840
432 202339 64.619260 21.629770
432 202688 80.081610 1.716580
432 203458 70.787360 24.800750
432 708 76.710170 20.886230
432 2755 80.407810 36.608750
432 201937 78.122800 7.974240
432 203952 70.832230 19.701480
432 1626157 73.410300 27.743220
444 -1 63.718010 23.948330
444 200782 78.227940 48.522030
444 202720 78.841630 25.454620
444 202339 64.750850 23.006390
444 202688 80.572890 1.527190
444 203458 70.995580 24.391630
444 708 77.189520 21.770140
444 2755 80.456550 36.954790
444 201937 78.754340 8.198330
444 203952 71.286950 20.724970
444 1626157 72.643870 27.738880
456 -1 64.388270 25.977590
456 200782 78.381020 48.518380
456 202720 79.893160 26.609020
456 202339 65.012580 24.451850
456 202688 80.879440 1.436760
456 203458 71.341590 24.111370
456 708 77.703900 22.568850
456 2755 80.508860 37.279970
456 201937 79.283730 8.473350
456 203952 71.762710 21.543070
456 1626157 71.922470 27.967510
468 -1 64.743940 27.512380
468 200782 78.587950 48.518090
468 202720 80.940880 27.729760
468 202339 65.303030 25.785050
468 202688 80.995770 1.494450
468 203458 71.712470 24.054240
468 708 78.304650 23.327360
468 2755 80.529710 37.629080
468 201937 79.730560 8.858530
468 203952 72.281640 22.261670
468 1626157 71.323550 28.429000
480 -1 64.629900 28.692470
480 200782 78.824540 48.538330
480 202720 81.987500 28.843370
480 202339 65.661520 26.990230
480 202688 81.004020 1.538670
480 203458 72.092700 24.097760
480 708 79.018760 24.057580
480 2755 80.545550 37.997810
480 201937 80.109970 9.285710
480 203952 72.587920 22.895270
480 1626157 70.996650 28.938120
492 -1 64.264900 29.367790
492 200782 79.096670 48.571950
492 202720 82.958740 30.068150
492 202339 65.968930 28.201870
492 202688 80.878530 1.446460
492 203458 72.382500 24.231820
492 708 79.759860 24.668120
492 2755 80.563780 38.376950
492 201937 80.360310 9.690130
492 203952 72.816100 23.415740
492 1626157 70.952790 29.434110
504 -1 64.141990 30.137170
504 200782 79.376780 48.607520
504 202720 83.852740 31.310450
504 202339 66.125560 29.450630
504 202688 80.631090 1.453800
504 203458 72.780770 24.366340
504 708 80.600950 25.229240
504 2755 80.594010 38.716500
504 201937 80.457170 10.053050
504 203952 73.134940 24.047160
504 1626157 71.115970 30.032690
516 -1 64.521240 31.162440
516 200782 79.608640 48.623510
516 202720 84.614170 32.601030
516 202339 66.273670 30.557610
516 202688 80.281550 1.542170
516 203458 73.131260 24.450000
516 708 81.390490 25.653960
516 2755 80.611800 38.987810
516 201937 80.404850 10.402350
516 203952 73.444420 24.678390
516 1626157 71.549350 30.552690
528 -1 65.384140 32.627840
528 200782 79.753880 48.619660
528 202720 85.265890 33.881330
528 202339 66.440720 31.578970
528 202688 79.888560 1.656740
528 203458 73.564040 24.420180
528 708 81.986040 26.051180
528 2755 80.625440 39.178740
528 201937 80.178580 10.644270
528 203952 73.693060 25.392340
528 1626157 72.137480 31.046910
540 -1 66.752490 33.678980
540 200782 79.838790 48.619730
540 202720 85.712250 35.155890
540 202339 66.617900 32.452440
540 202688 79.416150 1.844390
540 203458 74.109320 24.258080
540 708 82.446740 26.464420
540 2755 80.625060 39.317780
540 201937 79.819920 10.811070
540 203952 74.026760 26.142420
540 1626157 72.776790 31.434660
552 -1 67.628920 34.799390
552 200782 79.917400 48.613840
552 202720 85.984580 36.411340
552 202339 66.774990 33.296740
552 202688 78.909320 2.074800
552 203458 74.748340 24.052350
552 708 82.834830 26.959930
552 2755 80.599010 39.424030
552 201937 79.411050 10.933360
552 203952 74.215340 26.919300
552 1626157 73.554060 31.671110
564 -1 67.736680 35.634660
564 200782 80.010950 48.600540
564 202720 86.068940 37.611550
564 202339 67.059170 33.999110
564 202688 78.359190 2.244290
564 203458 75.365000 23.766000
564 708 83.181400 27.252250
564 2755 80.566460 39.518640
564 201937 78.983560 11.016970
564 203952 74.027240 27.578440
564 1626157 74.413440 31.797630
576 -1 67.788830 36.070200
576 200782 80.229610 48.612090
576 202720 86.014480 38.627150
576 202339 67.395900 34.404940
576 202688 77.799520 2.369900
576 203458 76.134090 23.446720
576 708 83.465140 27.500420
576 2755 80.540500 39.592620
576 201937 78.569180 11.098560
576 203952 73.790960 28.383330
576 1626157 75.322060 31.754470
588 -1 67.916590 36.075970
588 200782 80.599220 48.649610
588 202720 85.774630 39.498470
588 202339 67.703500 34.618990
588 202688 77.214260 2.485330
588 203458 76.942310 23.034420
588 708 83.717070 27.679200
588 2755 80.507760 39.625550
588 201937 78.205650 11.205070
588 203952 73.517350 29.231400
588 1626157 76.268460 31.360730
600 -1 68.571720 35.704430
600 200782 81.096530 48.668250
600 202720 85.444040 40.188590
600 202339 67.841310 34.605950
600 202688 76.586380 2.647250
600 203458 77.705160 22.622560
600 708 83.925030 27.830580
600 2755 80.472350 39.614310
600 201937 77.834070 11.338610
600 203952 73.205340 29.788700
600 1626157 77.233210 30.878110
612 -1 68.820190 34.870110
612 200782 81.672780 48.683780
612 202720 85.068190 40.671600
612 202339 67.870880 34.300800
612 202688 75.854930 2.891540
612 203458 78.573270 22.119480
612 708 84.081300 27.946390
612 2755 80.446890 39.572640
612 201937 77.412520 11.476270
612 203952 72.962060 30.258520
612 1626157 78.077320 30.359540
624 -1 68.333730 33.987290
624 200782 82.330970 48.701330
624 202720 84.614720 40.974210
624 202339 67.799280 33.844780
624 202688 75.013210 3.143890
624 203458 79.446280 21.662730
624 708 84.151080 28.276910
624 2755 80.417730 39.497360
624 201937 76.962490 11.590110
624 203952 72.828590 30.684970
624 1626157 78.907420 29.669930
636 -1 67.588620 33.387440
636 200782 83.005820 48.681500
636 202720 84.166780 41.156670
636 202339 67.579860 33.349370
636 202688 74.130840 3.410160
636 203458 80.287740 21.271720
636 708 84.299080 28.804680
636 2755 80.368410 39.386680
636 201937 76.474550 11.665130
636 203952 72.671980 30.784590
636 1626157 79.695420 28.845210
648 -1 67.090190 32.812650
648 200782 83.716420 48.643820
648 202720 83.771020 41.242990
648 202339 67.275600 32.868680
648 202688 73.156440 3.733150
648 203458 81.054210 20.863490
648 708 84.442330 29.502100
648 2755 80.308130 39.216030
648 201937 75.894270 11.725190
648 203952 72.514690 30.707870
648 1626157 80.457490 28.017090
660 -1 66.724460 32.567350
660 200782 84.483180 48.609320
660 202720 83.408670 41.192160
660 202339 67.058210 32.400130
660 202688 72.012440 4.135820
660 203458 81.698150 20.488180
660 708 84.560820 30.248850
660 2755 80.223260 39.004260
660 201937 75.301920 11.713890
660 203952 72.445500 30.820430
660 1626157 81.134110 27.098870
672 -1 66.426770 32.408080
672 200782 85.257420 48.572070
672 202720 83.093160 41.041270
672 202339 66.884250 31.908960
672 202688 70.764760 4.556670
672 203458 82.203370 20.095640
672 708 84.676530 30.950300
672 2755 80.079490 38.809370
672 201937 74.660480 11.735200
672 203952 72.434320 30.709520
672 1626157 81.765710 26.128850
684 -1 66.478210 31.504120
684 200782 86.043240 48.516210
684 202720 82.838880 40.848930
684 202339 66.691920 31.437620
684 202688 69.508570 5.023540
684 203458 82.578950 19.708940
684 708 84.808860 31.599690
684 2755 79.866270 38.698380
684 201937 73.917970 11.919180
684 203952 72.437710 30.485750
684 1626157 82.302420 25.148110
696 -1 65.995530 27.768230
696 200782 86.820960 48.460550
696 202720 82.565670 40.673520
696 202339 66.573540 31.166850
696 202688 68.199050 5.513850
696 203458 82.680660 19.370580
696 708 84.791120 32.055850
696 2755 79.638080 38.617810
696 201937 73.148200 12.132610
696 203952 72.415900 30.321690
696 1626157 82.761510 24.182600
708 -1 65.362310 22.850800
708 200782 87.544700 48.398730
708 202720 82.266990 40.489890
708 202339 66.557770 31.015120
708 202688 66.919270 6.035480
708 203458 82.870110 18.855200
708 708 84.691690 32.304490
708 2755 79.404710 38.571830
708 201937 72.416300 12.332900
708 203952 72.366590 30.220640
708 1626157 83.010120 23.191970
720 -1 64.910650 17.976090
720 200782 88.220330 48.331400
720 202720 81.925120 40.409540
720 202339 66.549150 31.105820
720 202688 65.758110 6.598500
720 203458 82.974740 18.473610
720 708 84.543840 32.435750
720 2755 79.175950 38.473960
720 201937 71.625550 12.630810
720 203952 72.286470 30.037400
720 1626157 83.138030 22.241050
732 -1 64.330000 13.241330
732 200782 88.854350 48.275110
732 202720 81.497540 40.446780
732 202339 66.553410 31.337440
732 202688 64.760430 7.202180
732 203458 82.944710 18.242080
732 708 84.320720 32.538580
732 2755 78.982460 38.241790
732 201937 70.812710 12.911190
732 203952 72.174060 30.058850
732 1626157 83.129730 21.375530
744 -1 63.734470 9.086420
744 200782 89.405950 48.244760
744 202720 81.054090 40.555390
744 202339 66.637900 31.667870
744 202688 63.848260 7.794230
744 203458 82.870820 17.989220
744 708 84.027980 32.673360
744 2755 78.856890 37.884430
744 201937 70.050100 13.032340
744 203952 72.068550 30.205600
744 1626157 83.013860 20.576710
756 -1 62.867420 9.455160
756 200782 89.874950 48.224910
756 202720 80.613110 40.721920
756 202339 66.671780 31.990610
756 202688 63.003310 8.369930
756 203458 82.852800 17.634300
756 708 83.707190 32.831050
756 2755 78.770280 37.480350
756 201937 69.279620 13.086720
756 203952 72.003140 30.327250
756 1626157 82.819960 19.890000
768 -1 62.087300 9.776070
768 200782 90.244280 48.216230
768 202720 80.157340 40.957820
768 202339 66.646790 32.347760
768 202688 62.307200 8.868630
768 203458 82.675170 17.386630
768 708 83.377610 33.002050
768 2755 78.717470 37.010720
768 201937 68.449600 13.102630
768 203952 72.011230 30.380650
768 1626157 82.595180 19.374180
780 -1 61.481430 10.207500
780 200782 90.482890 48.239450
780 202720 79.721900 41.261310
780 202339 66.593400 32.658240
780 202688 61.770840 9.252400
780 203458 82.442790 16.965790
780 708 83.055270 33.121450
780 2755 78.678460 36.489900
780 201937 67.644440 13.077000
780 203952 72.115660 30.330990
780 1626157 82.339200 18.948670
792 -1 61.420940 10.486150
792 200782 90.632420 48.267500
792 202720 79.351320 41.588820
792 202339 66.527670 32.978480
792 202688 61.385040 9.486390
792 203458 82.187640 16.389180
792 708 82.770220 33.158540
792 2755 78.676520 36.007400
792 201937 66.931430 13.048290
792 203952 72.287970 30.203580
792 1626157 81.956910 18.573180
804 -1 61.562850 10.207130
804 200782 90.681730 48.297600
804 202720 78.995270 41.970400
804 202339 66.397070 33.370570
804 202688 61.174540 9.610630
804 203458 81.943410 15.864870
804 708 82.524360 33.084830
804 2755 78.739850 35.509130
804 201937 66.327640 13.011490
804 203952 72.523920 30.048100
804 1626157 81.513760 18.240990
816 -1 61.460710 9.939930
816 200782 90.641850 48.336940
816 202720 78.639450 42.398120
816 202339 66.263380 33.776710
816 202688 61.125410 9.669630
816 203458 81.731960 15.455210
816 708 82.283100 32.927370
816 2755 78.861570 34.996540
816 201937 65.888960 12.925800
816 203952 72.809420 29.916920
816 1626157 81.009780 17.857210
828 -1 62.898300 9.784710
828 200782 90.531590 48.387820
828 202720 78.322820 42.877540
828 202339 66.076550 34.162060
828 202688 61.210590 9.736730
828 203458 81.465780 15.238420
828 708 82.035000 32.712850
828 2755 78.999380 34.554770
828 201937 65.500770 12.868650
828 203952 73.106340 29.838990
828 1626157 80.466500 17.407370
840 -1 65.964940 9.791150
840 200782 90.397230 48.418330
840 202720 78.017390 43.397450
840 202339 65.857790 34.522840
840 202688 61.336350 9.835270
840 203458 81.281750 15.048150
840 708 81.794560 32.446330
840 2755 79.238310 34.224370
840 201937 65.203690 12.729980
840 203952 73.399270 29.824040
840 1626157 79.872930 16.982800
852 -1 69.109320 9.504580
852 200782 90.236810 48.431900
852 202720 77.731830 43.954360
852 202339 65.604170 34.837220
852 202688 61.447050 10.005630
852 203458 81.267400 14.801180
852 708 81.555290 32.158540
852 2755 79.564380 33.963790
852 201937 65.008940 12.553650
852 203952 73.697440 29.818300
852 1626157 79.354970 16.498780
864 -1 72.225100 9.462190
864 200782 90.107390 48.397800
864 202720 77.487480 44.496530
864 202339 65.343260 35.110560
864 202688 61.494210 10.264780
864 203458 81.335380 14.442190
864 708 81.322190 31.902000
864 2755 79.919520 33.797780
864 201937 64.899510 12.438150
864 203952 73.984720 29.788330
864 1626157 78.881890 15.896350
876 -1 75.259310 9.452020
876 200782 90.010560 48.317530
876 202720 77.289400 45.015020
876 202339 65.115410 35.341410
876 202688 61.520410 10.586370
876 203458 81.490760 13.935080
876 708 81.130740 31.695790
876 2755 80.323450 33.723510
876 201937 64.834620 12.429790
876 203952 74.257560 29.735380
876 1626157 78.452320 15.213260
888 -1 78.368690 9.334300
888 200782 89.966990 48.168000
888 202720 77.092920 45.504930
888 202339 64.951820 35.545310
888 202688 61.457160 10.979760
888 203458 81.767820 13.127250
888 708 80.989100 31.537390
888 2755 80.811160 33.682350
888 201937 64.958570 12.412910
888 203952 74.545460 29.623490
888 1626157 78.093040 14.450550
900 -1 81.227100 9.239240
900 200782 89.948630 47.957020
900 202720 76.917260 45.942170
900 202339 64.793970 35.760670
900 202688 61.385420 11.441620
900 203458 82.083480 12.232580
900 708 80.917120 31.440860
900 2755 81.314760 33.642900
900 201937 65.214680 12.479760
900 203952 74.844100 29.417430
900 1626157 77.813200 13.590600
912 -1 82.281200 9.333630
912 200782 89.963720 47.662150
912 202720 76.760720 46.310660
912 202339 64.645410 35.971030
912 202688 61.350780 11.955500
912 203458 82.463170 11.476170
912 708 80.931920 31.372100
912 2755 81.861320 33.524140
912 201937 65.523500 12.658420
912 203952 75.144330 29.173920
912 1626157 77.710030 12.844170
924 -1 82.442050 9.296940
924 200782 90.016730 47.279060
924 202720 76.589660 46.639920
924 202339 64.484360 36.138780
924 202688 61.364790 12.498300
924 203458 82.838270 10.948660
924 708 81.039350 31.288490
924 2755 82.456290 33.320360
924 201937 65.860710 12.876890
924 203952 75.448080 28.930500
924 1626157 77.711350 12.275710
936 -1 84.051690 9.159520
936 200782 90.084550 46.813140
936 202720 76.412720 46.948980
936 202339 64.286560 36.256220
936 202688 61.358670 13.071170
936 203458 83.263290 10.631340
936 708 81.269030 31.167300
936 2755 83.035750 33.011920
936 201937 66.211700 13.165160
936 203952 75.737430 28.654940
936 1626157 77.913570 11.968280
948 -1 85.482520 10.310580
948 200782 90.134700 46.321480
948 202720 76.305780 47.229940
948 202339 64.103660 36.350840
948 202688 61.348850 13.666970
948 203458 83.733740 10.722980
948 708 81.572750 31.035110
948 2755 83.686710 32.554560
948 201937 66.608810 13.514570
948 203952 76.037750 28.373040
948 1626157 78.363060 11.965290
960 -1 86.308790 10.704330
960 200782 90.196170 45.777170
960 202720 76.260360 47.437040
960 202339 63.991400 36.429230
960 202688 61.355170 14.282840
960 203458 84.315660 11.179510
960 708 81.891260 30.831270
960 2755 84.318130 32.004170
960 201937 67.082220 13.901060
960 203952 76.412570 28.090440
960 1626157 78.962200 12.147180
972 -1 86.719160 10.887640
972 200782 90.241230 45.200170
972 202720 76.250580 47.572410
972 202339 63.958330 36.511730
972 202688 61.373410 14.917880
972 203458 84.903550 11.887630
972 708 82.266200 30.538820
972 2755 84.905130 31.340210
972 201937 67.622470 14.243760
972 203952 76.810950 27.848550
972 1626157 79.711810 12.562210
984 -1 87.176960 12.118900
984 200782 90.254360 44.614910
984 202720 76.248370 47.643100
984 202339 64.022000 36.623540
984 202688 61.432360 15.556880
984 203458 85.503880 12.746680
984 708 82.822450 30.144290
984 2755 85.524200 30.540670
984 201937 68.204900 14.554610
984 203952 77.235230 27.635090
984 1626157 80.667900 13.195890
996 -1 87.385950 14.209730
996 200782 90.246940 44.042860
996 202720 76.252770 47.613970
996 202339 64.159290 36.786280
996 202688 61.525790 16.188490
996 203458 86.102590 13.745330
996 708 83.285520 29.521360
996 2755 86.229610 29.639460
996 201937 68.820780 14.840510
996 203952 77.708640 27.434440
996 1626157 81.700560 13.867130
1008 -1 87.643440 15.111260
1008 200782 90.232710 43.425080
1008 202720 76.164220 47.489660
1008 202339 64.335790 36.953820
1008 202688 61.641420 16.756990
1008 203458 86.604930 14.856020
1008 708 83.784320 28.657000
1008 2755 86.942220 28.788490
1008 201937 69.460400 15.096910
1008 203952 78.163620 27.251830
1008 1626157 82.734590 14.663440
1020 -1 87.694190 16.526820
1020 200782 90.184850 42.766360
1020 202720 76.042560 47.298190
1020 202339 64.515570 37.090830
1020 202688 61.730380 17.279610
1020 203458 86.950290 16.041830
1020 708 84.327170 27.682010
1020 2755 87.754530 27.923550
1020 201937 70.090480 15.356680
1020 203952 78.533390 27.139640
1020 1626157 83.805540 15.669900
1032 -1 88.149470 19.216440
1032 200782 90.118880 42.080870
1032 202720 75.857670 47.078810
1032 202339 64.652390 37.195800
1032 202688 61.757960 17.739330
1032 203458 87.227030 17.366330
1032 708 84.895290 26.660340
1032 2755 88.638080 27.172700
1032 201937 70.715620 15.620340
1032 203952 78.885510 27.053080
1032 1626157 84.792770 16.526220
1044 -1 87.910760 20.310150
1044 200782 89.971730 41.389320
1044 202720 75.673920 46.878990
1044 202339 64.725680 37.261360
1044 202688 61.700660 18.134240
1044 203458 87.504840 18.630360
1044 708 85.237530 25.666010
1044 2755 89.494490 26.590220
1044 201937 71.344410 15.861450
1044 203952 79.224520 26.980440
1044 1626157 85.631460 17.346330
1056 -1 87.990330 21.332240
1056 200782 89.747850 40.669190
1056 202720 75.457300 46.720150
1056 202339 64.753690 37.274230
1056 202688 61.572980 18.466800
1056 203458 87.593350 19.869740
1056 708 85.512600 24.860920
1056 2755 90.337200 26.166850
1056 201937 71.982090 16.036140
1056 203952 79.512530 26.932800
1056 1626157 86.338010 18.263690
1068 -1 87.820330 22.767510
1068 200782 89.456380 39.952390
1068 202720 75.250760 46.622620
1068 202339 64.740930 37.265590
1068 202688 61.383380 18.749660
1068 203458 87.704210 21.090220
1068 708 85.673000 24.259780
1068 2755 91.132290 25.799010
1068 201937 72.616630 16.175470
1068 203952 79.738720 26.895490
1068 1626157 86.962840 19.101870
1080 -1 87.994080 23.876940
1080 200782 89.123890 39.270260
1080 202720 74.998630 46.590610
1080 202339 64.707240 37.251560
1080 202688 61.135930 18.956310
1080 203458 87.843910 22.385440
1080 708 85.744050 23.758630
1080 2755 91.862270 25.583210
1080 201937 73.239670 16.238820
1080 203952 79.886700 26.837670
1080 1626157 87.541060 19.790930
1092 -1 88.227620 24.363700
1092 200782 88.734910 38.613090
1092 202720 74.697490 46.617790
1092 202339 64.661580 37.225480
1092 202688 60.841820 19.078530
1092 203458 87.956460 23.617030
1092 708 85.707020 23.440330
1092 2755 92.597870 25.418620
1092 201937 73.878210 16.236450
1092 203952 79.924490 26.773750
1092 1626157 88.215400 20.573380
1104 -1 88.703020 24.786280
1104 200782 88.337360 37.928900
1104 202720 74.297040 46.650270
1104 202339 64.596970 37.179820
1104 202688 60.491140 19.143030
1104 203458 87.981410 24.915050
1104 708 85.703340 23.231660
1104 2755 93.299180 25.281690
1104 201937 74.507550 16.214810
1104 203952 79.861390 26.679890
1104 1626157 88.868160 21.252330
1116 -1 89.058880 25.277460
1116 200782 87.893450 37.229360
1116 202720 73.848560 46.694310
1116 202339 64.484690 37.090420
1116 202688 60.104680 19.157360
1116 203458 88.078860 26.309350
1116 708 85.750990 23.067150
1116 2755 93.921250 25.116040
1116 201937 75.126740 16.189960
1116 203952 79.700950 26.591780
1116 1626157 89.371480 21.798420