0 -1 0.388440 20.581600 BALL
0 201171 1.811230 21.047160 PLAYER
0 203477 3.321600 24.545360 PLAYER
0 204456 13.117010 20.285120 PLAYER
0 1626158 9.903240 27.202990 PLAYER
0 203924 6.355610 34.956890 PLAYER
0 1889 44.864130 24.069660 PLAYER
0 202357 16.641060 29.595780 PLAYER
0 203498 2.802490 24.885350 PLAYER
0 203952 14.866430 43.994210 PLAYER
0 1626157 6.923730 17.308130 PLAYER
12 -1 0.280890 20.793360 BALL
12 201171 1.918000 21.067120 PLAYER
12 203477 3.219870 24.684170 PLAYER
12 204456 13.126670 19.172910 PLAYER
12 1626158 10.464230 27.083590 PLAYER
12 203924 7.220170 34.982300 PLAYER
12 1889 45.483560 24.037310 PLAYER
12 202357 17.910830 29.572010 PLAYER
12 203498 2.927200 24.846210 PLAYER
12 203952 15.833680 43.398560 PLAYER
12 1626157 7.458660 17.664190 PLAYER
24 -1 0.227040 21.298510 BALL
24 201171 2.054640 21.058990 PLAYER
24 203477 3.126830 24.619030 PLAYER
24 204456 13.109780 18.051550 PLAYER
24 1626158 11.305750 27.073560 PLAYER
24 203924 8.270090 35.137190 PLAYER
24 1889 46.126440 24.020880 PLAYER
24 202357 19.323050 29.609240 PLAYER
24 203498 3.191540 24.700710 PLAYER
24 203952 16.776100 42.933620 PLAYER
24 1626157 7.974770 17.887980 PLAYER
36 -1 0.781740 21.613060 BALL
36 201171 2.225770 21.077050 PLAYER
36 203477 3.065020 24.450100 PLAYER
36 204456 13.067580 16.815890 PLAYER
36 1626158 12.347240 27.132020 PLAYER
36 203924 9.489260 35.457480 PLAYER
36 1889 46.781540 23.959150 PLAYER
36 202357 21.060940 29.689630 PLAYER
36 203498 3.595560 24.471770 PLAYER
36 203952 17.759190 42.404120 PLAYER
36 1626157 8.810500 18.067470 PLAYER
48 -1 0.966350 21.614210 BALL
48 201171 2.352980 21.131420 PLAYER
48 203477 3.182310 24.207120 PLAYER
48 204456 12.942930 15.601790 PLAYER
48 1626158 13.456110 27.242780 PLAYER
48 203924 10.917610 35.909900 PLAYER
48 1889 47.444350 23.834680 PLAYER
48 202357 22.705320 29.752420 PLAYER
48 203498 4.078350 24.235000 PLAYER
48 203952 18.879890 41.731330 PLAYER
48 1626157 9.788370 18.263680 PLAYER
60 -1 1.115390 21.928510 BALL
60 201171 2.373110 21.247410 PLAYER
60 203477 3.183980 23.925480 PLAYER
60 204456 12.791590 14.306840 PLAYER
60 1626158 14.717060 27.556560 PLAYER
60 203924 12.491650 36.565340 PLAYER
60 1889 48.103340 23.647150 PLAYER
60 202357 24.383790 29.842560 PLAYER
60 203498 4.614810 24.244610 PLAYER
60 203952 20.085360 41.044740 PLAYER
60 1626157 10.803890 18.476390 PLAYER
72 -1 1.344920 22.375720 BALL
72 201171 2.395210 21.390740 PLAYER
72 203477 3.158570 23.670110 PLAYER
72 204456 12.682540 13.062190 PLAYER
72 1626158 16.193500 27.849980 PLAYER
72 203924 14.074690 37.413450 PLAYER
72 1889 48.774550 23.406160 PLAYER
72 202357 26.158820 29.748410 PLAYER
72 203498 5.227200 24.266030 PLAYER
72 203952 21.367210 40.287180 PLAYER
72 1626157 11.898930 18.455360 PLAYER
84 -1 1.465160 22.860170 BALL
84 201171 2.438680 21.654670 PLAYER
84 203477 3.016680 23.719300 PLAYER
84 204456 12.653820 11.858410 PLAYER
84 1626158 17.804560 28.081250 PLAYER
84 203924 15.747860 38.350090 PLAYER
84 1889 49.459450 23.119070 PLAYER
84 202357 27.954780 29.728750 PLAYER
84 203498 5.741980 24.560190 PLAYER
84 203952 22.734130 39.475900 PLAYER
84 1626157 13.277720 18.379280 PLAYER
96 -1 1.640140 23.118740 BALL
96 201171 2.436770 21.956270 PLAYER
96 203477 2.853220 23.916090 PLAYER
96 204456 12.766940 10.722160 PLAYER
96 1626158 19.496760 28.354190 PLAYER
96 203924 17.526860 39.170190 PLAYER
96 1889 50.155950 22.829100 PLAYER
96 202357 29.759440 29.766830 PLAYER
96 203498 6.225930 24.997030 PLAYER
96 203952 24.201820 38.799530 PLAYER
96 1626157 14.710720 18.351270 PLAYER
108 -1 1.809670 23.427540 BALL
108 201171 2.485880 22.264940 PLAYER
108 203477 2.610730 24.147500 PLAYER
108 204456 13.049380 9.578590 PLAYER
108 1626158 21.367800 28.520640 PLAYER
108 203924 19.473040 39.877940 PLAYER
108 1889 50.855980 22.548200 PLAYER
108 202357 31.682910 29.812170 PLAYER
108 203498 6.813510 25.518220 PLAYER
108 203952 25.731390 38.190170 PLAYER
108 1626157 16.132040 18.477620 PLAYER
120 -1 2.542640 23.216890 BALL
120 201171 2.574750 22.572180 PLAYER
120 203477 2.396460 24.475790 PLAYER
120 204456 13.446840 8.572850 PLAYER
120 1626158 23.365210 28.630030 PLAYER
120 203924 21.488480 40.565000 PLAYER
120 1889 51.559570 22.256020 PLAYER
120 202357 33.620600 29.854180 PLAYER
120 203498 7.526050 25.896510 PLAYER
120 203952 27.222720 37.964380 PLAYER
120 1626157 17.623770 18.573550 PLAYER
132 -1 2.763340 22.990850 BALL
132 201171 2.653430 22.816240 PLAYER
132 203477 2.186450 24.778540 PLAYER
132 204456 14.015570 7.681720 PLAYER
132 1626158 25.396630 28.793010 PLAYER
132 203924 23.507430 41.188210 PLAYER
132 1889 52.237780 21.937930 PLAYER
132 202357 35.581010 29.965270 PLAYER
132 203498 8.354470 26.357570 PLAYER
132 203952 28.756280 37.921640 PLAYER
132 1626157 19.176530 18.731070 PLAYER
144 -1 2.449830 22.643550 BALL
144 201171 2.654280 22.976460 PLAYER
144 203477 2.137230 25.011550 PLAYER
144 204456 14.700000 6.898470 PLAYER
144 1626158 27.395270 29.052370 PLAYER
144 203924 25.681490 41.597370 PLAYER
144 1889 52.868250 21.568270 PLAYER
144 202357 37.633480 30.008570 PLAYER
144 203498 9.360340 26.730300 PLAYER
144 203952 30.412410 37.945030 PLAYER
144 1626157 20.796120 18.901700 PLAYER
156 -1 2.280460 22.670890 BALL
156 201171 2.716300 22.973590 PLAYER
156 203477 2.192310 25.101130 PLAYER
156 204456 15.447610 6.216820 PLAYER
156 1626158 29.392690 29.294810 PLAYER
156 203924 27.762970 42.224000 PLAYER
156 1889 53.488580 21.179760 PLAYER
156 202357 39.655600 30.052250 PLAYER
156 203498 10.570630 27.134760 PLAYER
156 203952 32.085990 37.943070 PLAYER
156 1626157 22.435150 19.163090 PLAYER
168 -1 4.346700 21.000090 BALL
168 201171 2.815530 22.913610 PLAYER
168 203477 2.469470 25.231820 PLAYER
168 204456 16.269600 5.631010 PLAYER
168 1626158 31.450040 29.492340 PLAYER
168 203924 29.759610 43.019250 PLAYER
168 1889 54.094750 20.768780 PLAYER
168 202357 41.658060 30.058120 PLAYER
168 203498 11.918530 27.649150 PLAYER
168 203952 33.792570 38.018610 PLAYER
168 1626157 24.147300 19.411230 PLAYER
180 -1 7.555820 18.073740 BALL
180 201171 2.968170 22.759780 PLAYER
180 203477 2.858780 25.378820 PLAYER
180 204456 17.181360 5.149380 PLAYER
180 1626158 33.482390 29.638930 PLAYER
180 203924 31.888350 43.703260 PLAYER
180 1889 54.692090 20.351570 PLAYER
180 202357 43.668870 30.020880 PLAYER
180 203498 13.385400 28.167290 PLAYER
180 203952 35.593970 37.922030 PLAYER
180 1626157 25.979830 19.614980 PLAYER
192 -1 10.758060 15.037890 BALL
192 201171 3.188330 22.621140 PLAYER
192 203477 3.402480 25.589390 PLAYER
192 204456 18.203270 4.715210 PLAYER
192 1626158 35.508630 29.801180 PLAYER
192 203924 34.043880 44.225730 PLAYER
192 1889 55.302080 19.960400 PLAYER
192 202357 45.613460 29.929850 PLAYER
192 203498 15.049200 28.575690 PLAYER
192 203952 37.404590 37.930660 PLAYER
192 1626157 27.888420 19.771150 PLAYER
204 -1 13.737110 12.019570 BALL
204 201171 3.579360 22.415370 PLAYER
204 203477 4.091580 25.774790 PLAYER
204 204456 19.283440 4.353930 PLAYER
204 1626158 37.600180 29.862990 PLAYER
204 203924 36.149230 44.884390 PLAYER
204 1889 55.938050 19.602670 PLAYER
204 202357 47.485360 29.796170 PLAYER
204 203498 16.821370 28.969820 PLAYER
204 203952 39.207070 37.947550 PLAYER
204 1626157 29.731470 20.027410 PLAYER
216 -1 16.855350 9.299040 BALL
216 201171 4.064530 22.269630 PLAYER
216 203477 5.026050 26.056450 PLAYER
216 204456 20.430550 4.078120 PLAYER
216 1626158 39.751590 29.803030 PLAYER
216 203924 38.309960 45.266380 PLAYER
216 1889 56.545800 19.252240 PLAYER
216 202357 49.322460 29.538780 PLAYER
216 203498 18.679480 29.471690 PLAYER
216 203952 41.051090 37.989050 PLAYER
216 1626157 31.660600 20.264510 PLAYER
228 -1 19.937250 6.355740 BALL
228 201171 4.693790 22.055580 PLAYER
228 203477 6.098790 26.250200 PLAYER
228 204456 21.649440 3.954220 PLAYER
228 1626158 41.881620 29.660140 PLAYER
228 203924 40.478960 45.457300 PLAYER
228 1889 57.141170 18.891050 PLAYER
228 202357 51.116650 29.269500 PLAYER
228 203498 20.651930 29.727360 PLAYER
228 203952 42.978870 38.088090 PLAYER
228 1626157 33.702150 20.388020 PLAYER
240 -1 22.114160 5.404060 BALL
240 201171 5.510730 21.813200 PLAYER
240 203477 7.409590 26.321300 PLAYER
240 204456 23.011870 3.885400 PLAYER
240 1626158 44.031470 29.456330 PLAYER
240 203924 42.594940 45.585240 PLAYER
240 1889 57.722220 18.528810 PLAYER
240 202357 52.872220 28.958510 PLAYER
240 203498 22.749150 29.831740 PLAYER
240 203952 44.948400 38.178940 PLAYER
240 1626157 35.757010 20.548840 PLAYER
252 -1 24.716570 3.794490 BALL
252 201171 6.447020 21.554730 PLAYER
252 203477 8.857420 26.203270 PLAYER
252 204456 24.463290 3.905530 PLAYER
252 1626158 46.162040 29.129200 PLAYER
252 203924 44.766370 45.747550 PLAYER
252 1889 58.283620 18.131700 PLAYER
252 202357 54.603480 28.594780 PLAYER
252 203498 24.731470 30.174960 PLAYER
252 203952 46.933640 38.221710 PLAYER
252 1626157 37.806190 20.693070 PLAYER
264 -1 26.574680 4.299980 BALL
264 201171 7.447090 21.432430 PLAYER
264 203477 10.475420 25.949680 PLAYER
264 204456 25.968860 3.984950 PLAYER
264 1626158 48.266140 28.733630 PLAYER
264 203924 46.926220 45.922960 PLAYER
264 1889 58.829670 17.720680 PLAYER
264 202357 56.265310 28.180520 PLAYER
264 203498 26.772630 30.543810 PLAYER
264 203952 48.921550 38.238280 PLAYER
264 1626157 39.843090 20.869380 PLAYER
276 -1 29.196300 4.478210 BALL
276 201171 8.591990 21.274630 PLAYER
276 203477 12.174040 25.581230 PLAYER
276 204456 27.576520 4.086330 PLAYER
276 1626158 50.328570 28.249830 PLAYER
276 203924 49.078280 46.110160 PLAYER
276 1889 59.389160 17.326790 PLAYER
276 202357 57.838240 27.763650 PLAYER
276 203498 28.855740 30.572900 PLAYER
276 203952 50.902630 38.246350 PLAYER
276 1626157 41.869650 21.085790 PLAYER
288 -1 31.542940 5.250750 BALL
288 201171 9.871200 21.113410 PLAYER
288 203477 13.884340 25.205620 PLAYER
288 204456 29.279490 4.186230 PLAYER
288 1626158 52.372370 27.706440 PLAYER
288 203924 51.174390 46.286790 PLAYER
288 1889 59.977210 16.993890 PLAYER
288 202357 59.323480 27.287960 PLAYER
288 203498 30.925480 30.610540 PLAYER
288 203952 52.859920 38.254950 PLAYER
288 1626157 43.848550 21.306940 PLAYER
300 -1 33.963330 5.985890 BALL
300 201171 11.255650 20.935050 PLAYER
300 203477 15.736400 24.603530 PLAYER
300 204456 31.003750 4.295260 PLAYER
300 1626158 54.414850 27.130160 PLAYER
300 203924 53.286970 46.447260 PLAYER
300 1889 60.551310 16.692330 PLAYER
300 202357 60.652410 26.758530 PLAYER
300 203498 32.925720 30.660490 PLAYER
300 203952 54.792530 38.228100 PLAYER
300 1626157 45.772780 21.571530 PLAYER
312 -1 35.078760 6.348580 BALL
312 201171 12.759260 20.826700 PLAYER
312 203477 17.662560 23.985570 PLAYER
312 204456 32.745800 4.604740 PLAYER
312 1626158 56.400280 26.528430 PLAYER
312 203924 55.301580 46.576130 PLAYER
312 1889 61.112780 16.427290 PLAYER
312 202357 61.952300 26.190150 PLAYER
312 203498 35.008920 30.470290 PLAYER
312 203952 56.707250 38.169880 PLAYER
312 1626157 47.661500 21.875180 PLAYER
324 -1 36.207430 6.727130 BALL
324 201171 14.423340 20.578910 PLAYER
324 203477 19.612940 23.395070 PLAYER
324 204456 34.509450 4.934070 PLAYER
324 1626158 58.358580 25.863970 PLAYER
324 203924 57.260870 46.677660 PLAYER
324 1889 61.646070 16.143640 PLAYER
324 202357 63.131650 25.611540 PLAYER
324 203498 37.042120 30.213950 PLAYER
324 203952 58.617770 38.098140 PLAYER
324 1626157 49.512980 22.201700 PLAYER
336 -1 37.327690 7.101780 BALL
336 201171 16.183000 20.352300 PLAYER
336 203477 21.569490 22.641390 PLAYER
336 204456 36.316160 5.331720 PLAYER
336 1626158 60.232470 25.188680 PLAYER
336 203924 59.237180 46.813430 PLAYER
336 1889 62.167310 15.840990 PLAYER
336 202357 64.236420 25.017760 PLAYER
336 203498 39.023180 30.031910 PLAYER
336 203952 60.436460 37.990310 PLAYER
336 1626157 51.324230 22.494220 PLAYER
348 -1 38.267020 7.287450 BALL
348 201171 18.077210 19.988430 PLAYER
348 203477 23.619970 21.802130 PLAYER
348 204456 38.170370 5.719880 PLAYER
348 1626158 61.947300 24.451320 PLAYER
348 203924 61.200780 46.944380 PLAYER
348 1889 62.653220 15.511920 PLAYER
348 202357 65.242670 24.497650 PLAYER
348 203498 40.959860 29.857440 PLAYER
348 203952 62.117160 37.817930 PLAYER
348 1626157 53.139740 22.793460 PLAYER
360 -1 39.978440 7.550410 BALL
360 201171 19.906130 19.834620 PLAYER
360 203477 25.667330 20.995550 PLAYER
360 204456 40.013920 6.070210 PLAYER
360 1626158 63.484500 23.644810 PLAYER
360 203924 63.051850 47.057340 PLAYER
360 1889 63.130230 15.162410 PLAYER
360 202357 66.386350 24.046890 PLAYER
360 203498 42.845350 29.659000 PLAYER
360 203952 63.753750 37.679250 PLAYER
360 1626157 54.866270 23.035560 PLAYER
372 -1 42.035550 7.631890 BALL
372 201171 21.774960 19.826770 PLAYER
372 203477 27.673640 20.275280 PLAYER
372 204456 41.763250 6.315360 PLAYER
372 1626158 64.846090 22.803590 PLAYER
372 203924 64.887760 47.143690 PLAYER
372 1889 63.601940 14.868470 PLAYER
372 202357 67.381630 23.554870 PLAYER
372 203498 44.669630 29.425850 PLAYER
372 203952 65.360910 37.533250 PLAYER
372 1626157 56.547990 23.216990 PLAYER
384 -1 44.265500 8.252760 BALL
384 201171 23.654670 19.979730 PLAYER
384 203477 29.671200 19.482840 PLAYER
384 204456 43.557330 6.617630 PLAYER
384 1626158 65.930480 21.913920 PLAYER
384 203924 66.683180 47.224120 PLAYER
384 1889 64.080390 14.670950 PLAYER
384 202357 68.286380 23.031060 PLAYER
384 203498 46.454350 29.131910 PLAYER
384 203952 66.841360 37.319350 PLAYER
384 1626157 58.135160 23.338590 PLAYER
396 -1 45.881790 8.879120 BALL
396 201171 25.502080 20.157550 PLAYER
396 203477 31.667940 18.767230 PLAYER
396 204456 45.261210 6.987230 PLAYER
396 1626158 66.852290 20.953460 PLAYER
396 203924 68.392020 47.303520 PLAYER
396 1889 64.504000 14.448060 PLAYER
396 202357 69.204170 22.569140 PLAYER
396 203498 48.200760 28.835880 PLAYER
396 203952 68.251220 37.086130 PLAYER
396 1626157 59.716440 23.572940 PLAYER
408 -1 46.514510 9.027540 BALL
408 201171 27.246300 20.532920 PLAYER
408 203477 33.665890 17.960700 PLAYER
408 204456 46.851180 7.453950 PLAYER
408 1626158 67.683020 19.997390 PLAYER
408 203924 70.083320 47.428900 PLAYER
408 1889 64.852960 14.214370 PLAYER
408 202357 70.094730 22.057730 PLAYER
408 203498 49.930190 28.478050 PLAYER
408 203952 69.638580 36.837100 PLAYER
408 1626157 61.053620 23.596610 PLAYER
420 -1 47.654150 9.516480 BALL
420 201171 29.050650 20.837650 PLAYER
420 203477 35.614800 17.221580 PLAYER
420 204456 48.436480 7.998340 PLAYER
420 1626158 68.371150 19.053170 PLAYER
420 203924 71.780340 47.557900 PLAYER
420 1889 65.209470 14.072250 PLAYER
420 202357 70.509610 21.219440 PLAYER
420 203498 51.605190 28.057220 PLAYER
420 203952 70.985720 36.560050 PLAYER
420 1626157 62.265090 23.655130 PLAYER
432 -1 49.245370 10.084380 BALL
432 201171 30.906610 20.980560 PLAYER
432 203477 37.594490 16.306310 PLAYER
432 204456 49.971930 8.520380 PLAYER
432 1626158 68.896260 18.117490 PLAYER
432 203924 73.353820 47.625130 PLAYER
432 1889 65.488470 13.881820 PLAYER
432 202357 70.820170 20.315420 PLAYER
432 203498 53.150860 27.535490 PLAYER
432 203952 72.213280 36.264770 PLAYER
432 1626157 63.353000 23.693220 PLAYER
444 -1 51.170440 10.697830 BALL
444 201171 32.768210 21.034370 PLAYER
444 203477 39.581130 15.337180 PLAYER
444 204456 51.399560 9.069470 PLAYER
444 1626158 69.283150 17.233060 PLAYER
444 203924 74.788070 47.644480 PLAYER
444 1889 65.695820 13.744000 PLAYER
444 202357 71.056720 19.375050 PLAYER
444 203498 54.579030 26.823780 PLAYER
444 203952 73.421930 36.058110 PLAYER
444 1626157 64.318360 23.752850 PLAYER
456 -1 52.922860 11.579990 BALL
456 201171 34.618580 21.151970 PLAYER
456 203477 41.571520 14.307450 PLAYER
456 204456 52.815610 9.644790 PLAYER
456 1626158 69.511310 16.400470 PLAYER
456 203924 76.178760 47.652440 PLAYER
456 1889 65.910010 13.763550 PLAYER
456 202357 71.013430 18.355980 PLAYER
456 203498 55.940070 25.941590 PLAYER
456 203952 74.556820 35.871850 PLAYER
456 1626157 65.129390 23.704790 PLAYER
468 -1 54.164070 12.004430 BALL
468 201171 36.449420 21.312190 PLAYER
468 203477 43.521380 13.257780 PLAYER
468 204456 54.151610 10.225830 PLAYER
468 1626158 69.577180 15.640950 PLAYER
468 203924 77.529800 47.617080 PLAYER
468 1889 66.206210 13.965360 PLAYER
468 202357 71.048470 17.426100 PLAYER
468 203498 57.193710 24.957380 PLAYER
468 203952 75.559290 35.714670 PLAYER
468 1626157 65.847290 23.680720 PLAYER
480 -1 55.125250 12.556770 BALL
480 201171 38.267060 21.465360 PLAYER
480 203477 45.464380 12.240840 PLAYER
480 204456 55.353310 10.826440 PLAYER
480 1626158 69.592680 15.002890 PLAYER
480 203924 78.742850 47.608490 PLAYER
480 1889 66.521300 14.192250 PLAYER
480 202357 71.184310 16.720780 PLAYER
480 203498 58.301400 23.797140 PLAYER
480 203952 76.446290 35.565740 PLAYER
480 1626157 66.491820 23.693260 PLAYER
492 -1 56.443860 12.997480 BALL
492 201171 39.989000 21.661520 PLAYER
492 203477 47.403250 11.288260 PLAYER
492 204456 56.405780 11.381980 PLAYER
492 1626158 69.585610 14.553960 PLAYER
492 203924 79.917690 47.688020 PLAYER
492 1889 66.696740 14.565190 PLAYER
492 202357 71.271460 16.064920 PLAYER
492 203498 59.367480 22.540850 PLAYER
492 203952 77.280120 35.447130 PLAYER
492 1626157 67.047090 23.755260 PLAYER
504 -1 58.263570 12.966800 BALL
504 201171 41.693440 21.879520 PLAYER
504 203477 49.327080 10.356260 PLAYER
504 204456 57.328990 11.892470 PLAYER
504 1626158 69.556170 14.240090 PLAYER
504 203924 81.068580 47.800680 PLAYER
504 1889 66.953590 14.844820 PLAYER
504 202357 71.397310 15.418580 PLAYER
504 203498 60.310200 21.254800 PLAYER
504 203952 78.037680 35.286910 PLAYER
504 1626157 67.486520 23.801280 PLAYER
516 -1 60.009440 11.413640 BALL
516 201171 43.380250 22.105380 PLAYER
516 203477 51.215820 9.489670 PLAYER
516 204456 58.081280 12.282850 PLAYER
516 1626158 69.517410 13.992590 PLAYER
516 203924 82.076560 47.890220 PLAYER
516 1889 67.034890 15.126260 PLAYER
516 202357 71.813390 14.880790 PLAYER
516 203498 61.055330 19.845070 PLAYER
516 203952 78.783940 35.151700 PLAYER
516 1626157 67.764680 23.789850 PLAYER
528 -1 61.540760 8.819390 BALL
528 201171 45.029340 22.316090 PLAYER
528 203477 53.119410 8.680270 PLAYER
528 204456 58.709090 12.564620 PLAYER
528 1626158 69.475580 13.944350 PLAYER
528 203924 82.899490 47.969040 PLAYER
528 1889 67.020970 15.441540 PLAYER
528 202357 71.864200 14.101200 PLAYER
528 203498 61.702470 18.342970 PLAYER
528 203952 79.495670 35.025990 PLAYER
528 1626157 68.023900 23.892040 PLAYER
540 -1 62.509170 7.317150 BALL
540 201171 46.652940 22.511700 PLAYER
540 203477 55.070010 7.794780 PLAYER
540 204456 59.192210 12.786130 PLAYER
540 1626158 69.409530 13.993500 PLAYER
540 203924 83.635330 48.026190 PLAYER
540 1889 67.124340 15.880280 PLAYER
540 202357 72.177090 13.457530 PLAYER
540 203498 62.332700 16.820760 PLAYER
540 203952 80.122910 34.934150 PLAYER
540 1626157 68.188250 23.773050 PLAYER
552 -1 63.169840 6.102410 BALL
552 201171 48.273910 22.696490 PLAYER
552 203477 57.012800 7.092330 PLAYER
552 204456 59.597930 12.979900 PLAYER
552 1626158 69.377620 14.060920 PLAYER
552 203924 84.275940 48.085120 PLAYER
552 1889 67.354590 16.269130 PLAYER
552 202357 72.685340 12.929750 PLAYER
552 203498 62.887120 15.256090 PLAYER
552 203952 80.698840 34.894850 PLAYER
552 1626157 68.259840 23.586180 PLAYER
564 -1 63.713920 4.075050 BALL
564 201171 49.817390 22.923800 PLAYER
564 203477 58.917950 6.389120 PLAYER
564 204456 59.921490 13.060420 PLAYER
564 1626158 69.418930 14.203190 PLAYER
564 203924 84.869700 48.133540 PLAYER
564 1889 67.384340 16.684680 PLAYER
564 202357 73.223070 12.712000 PLAYER
564 203498 63.525970 13.861000 PLAYER
564 203952 81.253590 34.896660 PLAYER
564 1626157 68.355360 23.413800 PLAYER
576 -1 64.341830 2.729960 BALL
576 201171 51.310350 23.224730 PLAYER
576 203477 60.929380 5.529780 PLAYER
576 204456 60.179320 13.067980 PLAYER
576 1626158 69.487070 14.382890 PLAYER
576 203924 85.443890 48.180280 PLAYER
576 1889 67.586140 17.165060 PLAYER
576 202357 73.768280 12.469850 PLAYER
576 203498 64.305420 12.620940 PLAYER
576 203952 81.766100 34.892600 PLAYER
576 1626157 68.473180 23.225430 PLAYER
588 -1 65.159500 1.325150 BALL
588 201171 52.802030 23.625590 PLAYER
588 203477 62.972350 4.605440 PLAYER
588 204456 60.359380 13.012580 PLAYER
588 1626158 69.651180 14.636460 PLAYER
588 203924 85.994060 48.229760 PLAYER
588 1889 67.803370 17.538820 PLAYER
588 202357 74.534380 12.427710 PLAYER
588 203498 65.327950 11.376050 PLAYER
588 203952 82.259220 34.861910 PLAYER
588 1626157 68.583950 22.962970 PLAYER
600 -1 66.918130 1.040310 BALL
600 201171 54.239040 24.095530 PLAYER
600 203477 64.971040 3.810340 PLAYER
600 204456 60.458210 12.935000 PLAYER
600 1626158 69.822220 14.773920 PLAYER
600 203924 86.520140 48.227280 PLAYER
600 1889 67.780160 17.753870 PLAYER
600 202357 75.198200 12.373710 PLAYER
600 203498 66.568270 10.277870 PLAYER
600 203952 82.745200 34.754370 PLAYER
600 1626157 68.751640 22.837100 PLAYER
612 -1 69.305250 1.798170 BALL
612 201171 55.620350 24.554410 PLAYER
612 203477 67.004360 3.039630 PLAYER
612 204456 60.459180 12.904550 PLAYER
612 1626158 69.984590 14.904180 PLAYER
612 203924 86.994400 48.159340 PLAYER
612 1889 67.738900 17.903530 PLAYER
612 202357 75.721490 12.165420 PLAYER
612 203498 67.965360 9.187770 PLAYER
612 203952 83.189780 34.550290 PLAYER
612 1626157 69.120390 22.826350 PLAYER
624 -1 70.617400 2.022580 BALL
624 201171 56.991210 25.015170 PLAYER
624 203477 69.051560 2.480400 PLAYER
624 204456 60.363980 12.970780 PLAYER
624 1626158 70.134880 14.990990 PLAYER
624 203924 87.366840 48.087590 PLAYER
624 1889 67.767010 18.013290 PLAYER
624 202357 76.265390 11.902880 PLAYER
624 203498 69.629510 8.128480 PLAYER
624 203952 83.556470 34.301140 PLAYER
624 1626157 69.507130 22.762440 PLAYER
636 -1 72.073040 2.515510 BALL
636 201171 58.319400 25.460930 PLAYER
636 203477 70.905720 2.193770 PLAYER
636 204456 60.202790 13.116000 PLAYER
636 1626158 70.315880 15.113770 PLAYER
636 203924 87.643760 48.020970 PLAYER
636 1889 67.696250 17.975360 PLAYER
636 202357 76.750180 11.706520 PLAYER
636 203498 71.503970 7.242170 PLAYER
636 203952 83.860520 34.040200 PLAYER
636 1626157 69.919650 22.735050 PLAYER
648 -1 73.942120 1.912500 BALL
648 201171 59.582900 25.926570 PLAYER
648 203477 72.798670 2.201510 PLAYER
648 204456 60.005280 13.348910 PLAYER
648 1626158 70.592850 15.167550 PLAYER
648 203924 87.821910 47.963430 PLAYER
648 1889 67.504830 17.812330 PLAYER
648 202357 77.311610 11.602880 PLAYER
648 203498 73.292760 6.537500 PLAYER
648 203952 84.129040 33.778040 PLAYER
648 1626157 70.491950 22.793180 PLAYER
660 -1 76.318000 1.520400 BALL
660 201171 60.794910 26.370530 PLAYER
660 203477 74.665760 2.373670 PLAYER
660 204456 59.790270 13.632730 PLAYER
660 1626158 70.865240 15.237550 PLAYER
660 203924 87.896860 47.966290 PLAYER
660 1889 67.260500 17.604000 PLAYER
660 202357 77.988060 11.637070 PLAYER
660 203498 74.962780 5.736120 PLAYER
660 203952 84.382000 33.529820 PLAYER
660 1626157 71.134050 22.843840 PLAYER
672 -1 78.195350 1.248370 BALL
672 201171 62.006630 26.871740 PLAYER
672 203477 76.430780 2.496370 PLAYER
672 204456 59.571000 13.911480 PLAYER
672 1626158 71.140270 15.214470 PLAYER
672 203924 87.891020 48.023520 PLAYER
672 1889 67.012170 17.368550 PLAYER
672 202357 78.752110 11.905080 PLAYER
672 203498 76.704550 5.075150 PLAYER
672 203952 84.643080 33.301810 PLAYER
672 1626157 71.720430 22.839910 PLAYER
684 -1 79.374960 1.059800 BALL
684 201171 63.194070 27.358210 PLAYER
684 203477 78.115500 2.531460 PLAYER
684 204456 59.365700 14.147710 PLAYER
684 1626158 71.452130 15.120400 PLAYER
684 203924 87.858890 48.093820 PLAYER
684 1889 66.797490 17.126430 PLAYER
684 202357 79.505220 12.167670 PLAYER
684 203498 78.245750 4.553030 PLAYER
684 203952 84.906290 33.107170 PLAYER
684 1626157 72.372450 22.932060 PLAYER
696 -1 80.305940 0.690110 BALL
696 201171 64.369560 27.847000 PLAYER
696 203477 79.759270 2.518860 PLAYER
696 204456 59.142060 14.316490 PLAYER
696 1626158 71.738460 14.915360 PLAYER
696 203924 87.825740 48.160040 PLAYER
696 1889 66.651640 16.854200 PLAYER
696 202357 80.177560 12.428460 PLAYER
696 203498 79.516200 4.270990 PLAYER
696 203952 85.150380 32.963320 PLAYER
696 1626157 73.046660 23.021000 PLAYER
708 -1 81.811260 0.624010 BALL
708 201171 65.557340 28.299930 PLAYER
708 203477 81.040130 2.403250 PLAYER
708 204456 58.923430 14.426110 PLAYER
708 1626158 71.840440 14.476100 PLAYER
708 203924 87.807040 48.225990 PLAYER
708 1889 66.677200 16.683790 PLAYER
708 202357 80.881360 12.709350 PLAYER
708 203498 80.639450 4.173060 PLAYER
708 203952 85.349450 32.890400 PLAYER
708 1626157 73.667160 23.161300 PLAYER
720 -1 83.179390 0.612580 BALL
720 201171 66.725260 28.778660 PLAYER
720 203477 82.061450 2.200480 PLAYER
720 204456 58.719920 14.515160 PLAYER
720 1626158 71.932560 13.956400 PLAYER
720 203924 87.830080 48.262120 PLAYER
720 1889 66.871310 16.606930 PLAYER
720 202357 81.534180 12.955930 PLAYER
720 203498 81.633950 4.452430 PLAYER
720 203952 85.468200 32.895730 PLAYER
720 1626157 74.292370 23.367560 PLAYER
732 -1 84.398980 1.056310 BALL
732 201171 67.828650 29.262060 PLAYER
732 203477 82.880110 2.030020 PLAYER
732 204456 58.549770 14.608240 PLAYER
732 1626158 71.970990 13.387070 PLAYER
732 203924 87.883060 48.274400 PLAYER
732 1889 67.127390 16.536750 PLAYER
732 202357 82.105570 13.169970 PLAYER
732 203498 82.436360 4.942220 PLAYER
732 203952 85.520650 32.973630 PLAYER
732 1626157 74.891200 23.561980 PLAYER
744 -1 85.185680 1.362090 BALL
744 201171 68.922050 29.770490 PLAYER
744 203477 83.594060 1.949680 PLAYER
744 204456 58.396660 14.747930 PLAYER
744 1626158 71.969680 12.777760 PLAYER
744 203924 87.940130 48.270220 PLAYER
744 1889 67.413330 16.477560 PLAYER
744 202357 82.736140 13.316600 PLAYER
744 203498 83.084130 5.424380 PLAYER
744 203952 85.548880 33.086950 PLAYER
744 1626157 75.477760 23.744220 PLAYER
756 -1 85.693010 1.097100 BALL
756 201171 70.041760 30.300220 PLAYER
756 203477 84.150110 1.967530 PLAYER
756 204456 58.272980 14.967350 PLAYER
756 1626158 71.953960 12.162390 PLAYER
756 203924 87.976250 48.262840 PLAYER
756 1889 67.707140 16.391190 PLAYER
756 202357 83.365690 13.403560 PLAYER
756 203498 83.606540 5.748340 PLAYER
756 203952 85.583010 33.181610 PLAYER
756 1626157 76.101200 23.952620 PLAYER
768 -1 85.910300 0.720940 BALL
768 201171 71.122320 30.786850 PLAYER
768 203477 84.679870 1.906780 PLAYER
768 204456 58.167480 15.284810 PLAYER
768 1626158 71.949640 11.579920 PLAYER
768 203924 87.997680 48.248640 PLAYER
768 1889 67.979590 16.196930 PLAYER
768 202357 83.850630 13.354770 PLAYER
768 203498 83.997750 6.016670 PLAYER
768 203952 85.650290 33.245950 PLAYER
768 1626157 76.714090 24.113910 PLAYER
780 -1 86.366580 0.480940 BALL
780 201171 72.213220 31.247980 PLAYER
780 203477 85.131300 1.830880 PLAYER
780 204456 58.071210 15.684110 PLAYER
780 1626158 71.942110 11.043250 PLAYER
780 203924 88.000430 48.239860 PLAYER
780 1889 68.189050 15.872630 PLAYER
780 202357 84.200170 13.201400 PLAYER
780 203498 84.322010 6.187350 PLAYER
780 203952 85.749950 33.248570 PLAYER
780 1626157 77.349400 24.302830 PLAYER
792 -1 86.678720 0.351120 BALL
792 201171 73.329740 31.676030 PLAYER
792 203477 85.522770 1.852170 PLAYER
792 204456 57.976670 16.110040 PLAYER
792 1626158 71.928350 10.512380 PLAYER
792 203924 87.998720 48.231080 PLAYER
792 1889 68.399740 15.557800 PLAYER
792 202357 84.591680 13.009080 PLAYER
792 203498 84.539190 6.299350 PLAYER
792 203952 85.857770 33.195510 PLAYER
792 1626157 77.976640 24.556650 PLAYER
804 -1 87.106190 0.586330 BALL
804 201171 74.370510 32.075180 PLAYER
804 203477 85.713250 1.842420 PLAYER
804 204456 57.885360 16.570220 PLAYER
804 1626158 71.861400 9.974580 PLAYER
804 203924 87.996980 48.222110 PLAYER
804 1889 68.621240 15.277710 PLAYER
804 202357 84.899650 12.733710 PLAYER
804 203498 84.671390 6.356170 PLAYER
804 203952 85.947750 33.100520 PLAYER
804 1626157 78.594500 24.838580 PLAYER
816 -1 87.142490 1.304220 BALL
816 201171 75.339860 32.436470 PLAYER
816 203477 85.805130 1.843880 PLAYER
816 204456 57.809760 17.062580 PLAYER
816 1626158 71.739690 9.489180 PLAYER
816 203924 87.994460 48.210280 PLAYER
816 1889 68.857220 15.095880 PLAYER
816 202357 85.150680 12.432710 PLAYER
816 203498 84.771070 6.357640 PLAYER
816 203952 86.005380 33.004550 PLAYER
816 1626157 79.203220 25.173380 PLAYER
828 -1 86.845590 2.452110 BALL
828 201171 76.289490 32.826860 PLAYER
828 203477 85.843900 2.005790 PLAYER
828 204456 57.761280 17.602940 PLAYER
828 1626158 71.566140 9.062830 PLAYER
828 203924 87.989950 48.193960 PLAYER
828 1889 69.100270 15.052520 PLAYER
828 202357 85.321200 12.166850 PLAYER
828 203498 84.791790 6.360790 PLAYER
828 203952 86.001490 32.948360 PLAYER
828 1626157 79.829120 25.558880 PLAYER
840 -1 86.181820 2.683990 BALL
840 201171 77.252250 33.217570 PLAYER
840 203477 85.844440 2.261180 PLAYER
840 204456 57.746920 18.219380 PLAYER
840 1626158 71.372860 8.693520 PLAYER
840 203924 87.958160 48.180540 PLAYER
840 1889 69.334120 15.116300 PLAYER
840 202357 85.359270 11.934810 PLAYER
840 203498 84.879540 6.383580 PLAYER
840 203952 85.941450 32.953470 PLAYER
840 1626157 80.423710 25.928110 PLAYER
852 -1 85.422650 2.746980 BALL
852 201171 78.165640 33.562340 PLAYER
852 203477 85.859500 2.471280 PLAYER
852 204456 57.767430 18.958570 PLAYER
852 1626158 71.194450 8.390280 PLAYER
852 203924 87.880460 48.163330 PLAYER
852 1889 69.552290 15.211820 PLAYER
852 202357 85.291090 11.749780 PLAYER
852 203498 84.730150 6.394340 PLAYER
852 203952 85.826400 33.010470 PLAYER
852 1626157 81.013520 26.262130 PLAYER
864 -1 85.670660 2.413080 BALL
864 201171 79.113460 33.901080 PLAYER
864 203477 85.951170 2.678360 PLAYER
864 204456 57.853060 19.784860 PLAYER
864 1626158 71.060200 8.151780 PLAYER
864 203924 87.729850 48.160520 PLAYER
864 1889 69.742460 15.303940 PLAYER
864 202357 85.133020 11.615040 PLAYER
864 203498 84.401640 6.416200 PLAYER
864 203952 85.659560 33.079830 PLAYER
864 1626157 81.600400 26.562050 PLAYER
876 -1 86.611950 2.058260 BALL
876 201171 80.027450 34.185510 PLAYER
876 203477 86.081250 2.841860 PLAYER
876 204456 57.992260 20.664260 PLAYER
876 1626158 70.972010 7.960620 PLAYER
876 203924 87.489320 48.163870 PLAYER
876 1889 69.906420 15.365660 PLAYER
876 202357 85.007890 11.603800 PLAYER
876 203498 84.031780 6.442340 PLAYER
876 203952 85.461860 33.117340 PLAYER
876 1626157 82.169290 26.853160 PLAYER
888 -1 87.150480 1.766900 BALL
888 201171 80.955280 34.447050 PLAYER
888 203477 86.093840 2.894940 PLAYER
888 204456 58.148010 21.590520 PLAYER
888 1626158 70.907340 7.816840 PLAYER
888 203924 87.173910 48.172660 PLAYER
888 1889 70.025960 15.386680 PLAYER
888 202357 84.915260 11.654850 PLAYER
888 203498 83.700520 6.458140 PLAYER
888 203952 85.231680 33.090860 PLAYER
888 1626157 82.704130 27.301760 PLAYER
900 -1 87.586510 2.190600 BALL
900 201171 81.800400 34.709110 PLAYER
900 203477 86.188850 2.976340 PLAYER
900 204456 58.353920 22.515220 PLAYER
900 1626158 70.851550 7.720100 PLAYER
900 203924 86.775000 48.170020 PLAYER
900 1889 70.120440 15.376300 PLAYER
900 202357 85.004820 11.774270 PLAYER
900 203498 83.313380 6.485460 PLAYER
900 203952 85.014620 33.047910 PLAYER
900 1626157 83.196540 27.650030 PLAYER
912 -1 87.646160 2.709270 BALL
912 201171 82.635280 35.009880 PLAYER
912 203477 86.235630 2.991630 PLAYER
912 204456 58.613310 23.441420 PLAYER
912 1626158 70.803550 7.679700 PLAYER
912 203924 86.327760 48.164020 PLAYER
912 1889 70.208790 15.366760 PLAYER
912 202357 85.168620 11.928450 PLAYER
912 203498 83.192590 6.522910 PLAYER
912 203952 84.836990 32.924050 PLAYER
912 1626157 83.629260 28.099930 PLAYER
924 -1 87.382780 3.500190 BALL
924 201171 83.396330 35.267270 PLAYER
924 203477 86.245720 3.008530 PLAYER
924 204456 58.921300 24.414160 PLAYER
924 1626158 70.757450 7.680590 PLAYER
924 203924 85.866160 48.124300 PLAYER
924 1889 70.313370 15.408790 PLAYER
924 202357 85.434280 12.129190 PLAYER
924 203498 83.269280 6.543840 PLAYER
924 203952 84.712940 32.880380 PLAYER
924 1626157 84.075560 28.461620 PLAYER
936 -1 87.307000 4.001380 BALL
936 201171 84.121600 35.463750 PLAYER
936 203477 86.229300 3.041300 PLAYER
936 204456 59.239660 25.402910 PLAYER
936 1626158 70.725700 7.681920 PLAYER
936 203924 85.405200 48.070170 PLAYER
936 1889 70.430980 15.538200 PLAYER
936 202357 85.703240 12.280370 PLAYER
936 203498 83.410640 6.562890 PLAYER
936 203952 84.618140 32.890060 PLAYER
936 1626157 84.499500 28.782740 PLAYER
948 -1 87.586510 3.836690 BALL
948 201171 84.764620 35.576880 PLAYER
948 203477 86.422090 3.150830 PLAYER
948 204456 59.613660 26.381360 PLAYER
948 1626158 70.724060 7.668840 PLAYER
948 203924 84.924850 48.008220 PLAYER
948 1889 70.558940 15.706340 PLAYER
948 202357 85.972440 12.385150 PLAYER
948 203498 83.590060 6.533480 PLAYER
948 203952 84.544100 32.988520 PLAYER
948 1626157 84.924760 28.922890 PLAYER
960 -1 87.727440 3.661520 BALL
960 201171 85.381840 35.676600 PLAYER
960 203477 86.649080 3.097390 PLAYER
960 204456 59.979170 27.360050 PLAYER
960 1626158 70.751990 7.642270 PLAYER
960 203924 84.467000 47.955000 PLAYER
960 1889 70.719370 15.890320 PLAYER
960 202357 86.155520 12.413770 PLAYER
960 203498 83.805210 6.575360 PLAYER
960 203952 84.466970 33.095570 PLAYER
960 1626157 85.382720 29.113300 PLAYER
972 -1 87.941430 3.584710 BALL
972 201171 85.969630 35.724220 PLAYER
972 203477 86.997490 3.075200 PLAYER
972 204456 60.390840 28.352000 PLAYER
972 1626158 70.779300 7.603620 PLAYER
972 203924 84.010500 47.918390 PLAYER
972 1889 70.911560 16.105680 PLAYER
972 202357 86.227560 12.382290 PLAYER
972 203498 84.100070 6.662740 PLAYER
972 203952 84.395500 33.293850 PLAYER
972 1626157 85.873380 29.171420 PLAYER
984 -1 88.160780 3.504700 BALL
984 201171 86.581910 35.816590 PLAYER
984 203477 87.416840 3.013560 PLAYER
984 204456 60.806770 29.327250 PLAYER
984 1626158 70.849030 7.556090 PLAYER
984 203924 83.567570 47.923390 PLAYER
984 1889 71.125610 16.341830 PLAYER
984 202357 86.144720 12.281600 PLAYER
984 203498 84.463200 6.582090 PLAYER
984 203952 84.222930 33.363110 PLAYER
984 1626157 86.325940 29.345560 PLAYER
996 -1 89.269140 3.694360 BALL
996 201171 87.204930 35.976790 PLAYER
996 203477 87.822210 2.940340 PLAYER
996 204456 61.268480 30.311410 PLAYER
996 1626158 70.856020 7.526160 PLAYER
996 203924 83.175710 47.951710 PLAYER
996 1889 71.353360 16.497810 PLAYER
996 202357 85.839180 12.089530 PLAYER
996 203498 84.972760 6.478020 PLAYER
996 203952 83.982620 33.385890 PLAYER
996 1626157 86.764200 29.544500 PLAYER
1008 -1 89.416580 2.461370 BALL
1008 201171 87.781870 36.158720 PLAYER
1008 203477 88.121150 2.854450 PLAYER
1008 204456 61.734560 31.230960 PLAYER
1008 1626158 70.843460 7.512880 PLAYER
1008 203924 82.873210 47.989380 PLAYER
1008 1889 71.598970 16.555200 PLAYER
1008 202357 85.283350 11.797010 PLAYER
1008 203498 85.638290 6.326630 PLAYER
1008 203952 83.612550 33.215030 PLAYER
1008 1626157 87.194960 29.755340 PLAYER
1020 -1 88.221430 2.119030 BALL
1020 201171 88.319530 36.227630 PLAYER
1020 203477 88.313220 2.892190 PLAYER
1020 204456 62.256840 32.109190 PLAYER
1020 1626158 70.810240 7.508690 PLAYER
1020 203924 82.671400 48.030410 PLAYER
1020 1889 71.836240 16.559480 PLAYER
1020 202357 84.545130 11.456120 PLAYER
1020 203498 86.350710 6.064630 PLAYER
1020 203952 83.070060 32.955740 PLAYER
1020 1626157 87.591310 30.032720 PLAYER
1032 -1 84.981250 2.958420 BALL
1032 201171 88.767040 36.222620 PLAYER
1032 203477 88.420720 2.869610 PLAYER
1032 204456 62.749930 32.928160 PLAYER
1032 1626158 70.766880 7.507180 PLAYER
1032 203924 82.576870 48.071160 PLAYER
1032 1889 72.070210 16.588540 PLAYER
1032 202357 83.595770 11.188870 PLAYER
1032 203498 86.996980 5.700140 PLAYER
1032 203952 82.378880 32.652240 PLAYER
1032 1626157 87.971830 30.338990 PLAYER
1044 -1 81.293500 3.966660 BALL
1044 201171 89.110650 36.117670 PLAYER
1044 203477 88.506060 2.909960 PLAYER
1044 204456 63.229480 33.664530 PLAYER
1044 1626158 70.692360 7.523470 PLAYER
1044 203924 82.558630 48.096340 PLAYER
1044 1889 72.270330 16.634390 PLAYER
1044 202357 82.472270 10.919790 PLAYER
1044 203498 87.563330 5.495220 PLAYER
1044 203952 81.613360 32.469520 PLAYER
1044 1626157 88.323830 30.593620 PLAYER
1056 -1 77.552830 5.074200 BALL
1056 201171 89.366760 35.952660 PLAYER
1056 203477 88.597610 2.899090 PLAYER
1056 204456 63.657690 34.300550 PLAYER
1056 1626158 70.662470 7.551060 PLAYER
1056 203924 82.560390 48.118630 PLAYER
1056 1889 72.367470 16.801890 PLAYER
1056 202357 81.269450 10.697400 PLAYER
1056 203498 88.001410 5.329890 PLAYER
1056 203952 80.763110 32.331470 PLAYER
1056 1626157 88.664320 30.787420 PLAYER
1068 -1 73.871590 6.376210 BALL
1068 201171 89.603590 35.762330 PLAYER
1068 203477 88.679250 2.814680 PLAYER
1068 204456 63.976500 34.810950 PLAYER
1068 1626158 70.676640 7.676060 PLAYER
1068 203924 82.553980 48.147050 PLAYER
1068 1889 72.366920 17.132510 PLAYER
1068 202357 80.129060 10.567050 PLAYER
1068 203498 88.271560 5.280040 PLAYER
1068 203952 79.867800 32.331350 PLAYER
1068 1626157 88.976740 30.910590 PLAYER
1080 -1 72.116630 7.355860 BALL
1080 201171 89.790610 35.550560 PLAYER
1080 203477 88.726730 2.602480 PLAYER
1080 204456 64.062510 35.136600 PLAYER
1080 1626158 70.633040 7.848540 PLAYER
1080 203924 82.530500 48.169250 PLAYER
1080 1889 72.276350 17.668140 PLAYER
1080 202357 79.017940 10.552860 PLAYER
1080 203498 88.434010 5.331250 PLAYER
1080 203952 79.008090 32.416300 PLAYER
1080 1626157 89.244800 30.903570 PLAYER
1092 -1 71.632170 8.175400 BALL
1092 201171 90.005550 35.383360 PLAYER
1092 203477 88.653430 2.229460 PLAYER
1092 204456 63.967250 35.296980 PLAYER
1092 1626158 70.426410 7.920970 PLAYER
1092 203924 82.511970 48.183660 PLAYER
1092 1889 72.062300 18.405570 PLAYER
1092 202357 78.059000 10.554230 PLAYER
1092 203498 88.396600 5.471990 PLAYER
1092 203952 78.152650 32.526480 PLAYER
1092 1626157 89.454240 30.851850 PLAYER
1104 -1 70.895410 9.059970 BALL
1104 201171 90.257370 35.279650 PLAYER
1104 203477 88.435760 1.748120 PLAYER
1104 204456 63.704900 35.291400 PLAYER
1104 1626158 70.178070 7.960260 PLAYER
1104 203924 82.524130 48.191560 PLAYER
1104 1889 71.836350 19.228560 PLAYER
1104 202357 77.258780 10.630490 PLAYER
1104 203498 88.313190 5.660150 PLAYER
1104 203952 77.329150 32.560680 PLAYER
1104 1626157 89.611140 30.853250 PLAYER
1116 -1 70.567320 9.199620 BALL
1116 201171 90.505770 35.222870 PLAYER
1116 203477 88.162020 1.285870 PLAYER
1116 204456 63.298580 35.152770 PLAYER
1116 1626158 70.013800 7.992810 PLAYER
1116 203924 82.586310 48.190330 PLAYER
1116 1889 71.541740 20.120830 PLAYER
1116 202357 76.632430 10.777730 PLAYER
1116 203498 88.143620 5.863960 PLAYER
1116 203952 76.594260 32.612310 PLAYER
1116 1626157 89.712720 30.955300 PLAYER
1128 -1 70.232220 9.236310 BALL
1128 201171 90.688790 35.194060 PLAYER
1128 203477 87.810360 0.924140 PLAYER
1128 204456 62.816540 34.951860 PLAYER
1128 1626158 69.864890 7.971560 PLAYER
1128 203924 82.666280 48.178780 PLAYER
1128 1889 71.235460 21.139840 PLAYER
1128 202357 76.132100 10.973390 PLAYER
1128 203498 87.841360 5.885910 PLAYER
1128 203952 76.074370 32.759890 PLAYER
1128 1626157 89.744130 31.141170 PLAYER
1140 -1 69.912640 9.444660 BALL
1140 201171 90.830020 35.245850 PLAYER
1140 203477 87.299820 0.735650 PLAYER
1140 204456 62.341580 34.706840 PLAYER
1140 1626158 69.812840 7.885070 PLAYER
1140 203924 82.729680 48.163870 PLAYER
1140 1889 70.955640 22.161360 PLAYER
1140 202357 75.727920 11.139540 PLAYER
1140 203498 87.471630 5.801650 PLAYER
1140 203952 75.867240 33.012650 PLAYER
1140 1626157 89.724000 31.430560 PLAYER
1152 -1 69.998840 9.746660 BALL
1152 201171 90.976230 35.404100 PLAYER
1152 203477 86.632720 0.879330 PLAYER
1152 204456 61.921240 34.385680 PLAYER
1152 1626158 69.966060 7.987720 PLAYER
1152 203924 82.765610 48.152100 PLAYER
1152 1889 70.726630 23.032220 PLAYER
1152 202357 75.400900 11.252770 PLAYER
1152 203498 87.116970 5.601370 PLAYER
1152 203952 75.935980 33.328030 PLAYER
1152 1626157 89.674950 31.763290 PLAYER
1164 -1 70.321350 9.947960 BALL
1164 201171 91.030250 35.584150 PLAYER
1164 203477 85.786890 1.106820 PLAYER
1164 204456 61.458450 33.991850 PLAYER
1164 1626158 70.140830 8.003960 PLAYER
1164 203924 82.752160 48.151370 PLAYER
1164 1889 70.455180 23.825220 PLAYER
1164 202357 75.138980 11.269430 PLAYER
1164 203498 86.677070 5.520050 PLAYER
1164 203952 76.260940 33.774910 PLAYER
1164 1626157 89.579500 32.105390 PLAYER
1176 -1 70.457070 9.952870 BALL
1176 201171 91.000070 35.753470 PLAYER
1176 203477 84.816670 1.450850 PLAYER
1176 204456 60.967940 33.515220 PLAYER
1176 1626158 70.243990 7.865820 PLAYER
1176 203924 82.712790 48.151160 PLAYER
1176 1889 70.270140 24.521280 PLAYER
1176 202357 74.899120 11.151010 PLAYER
1176 203498 86.072370 5.332610 PLAYER
1176 203952 76.736290 34.255490 PLAYER
1176 1626157 89.467630 32.324320 PLAYER
1188 -1 70.664180 9.693180 BALL
1188 201171 90.964660 35.997710 PLAYER
1188 203477 83.780720 1.763490 PLAYER
1188 204456 60.492490 33.015860 PLAYER
1188 1626158 70.317530 7.635240 PLAYER
1188 203924 82.677360 48.155200 PLAYER
1188 1889 70.125320 25.031850 PLAYER
1188 202357 74.652240 10.964560 PLAYER
1188 203498 85.304390 5.255690 PLAYER
1188 203952 77.352420 34.727030 PLAYER
1188 1626157 89.296490 32.462270 PLAYER
1200 -1 70.881140 8.995140 BALL
1200 201171 90.875000 36.245410 PLAYER
1200 203477 82.970510 2.074810 PLAYER
1200 204456 60.056850 32.506050 PLAYER
1200 1626158 70.430790 7.460910 PLAYER
1200 203924 82.657400 48.164020 PLAYER
1200 1889 70.044050 25.386220 PLAYER
1200 202357 74.519020 10.851950 PLAYER
1200 203498 84.321740 5.216750 PLAYER
1200 203952 77.952490 35.145150 PLAYER
1200 1626157 89.078270 32.572020 PLAYER
1212 -1 71.100710 8.046510 BALL
1212 201171 90.617710 36.465340 PLAYER
1212 203477 82.585030 2.373680 PLAYER
1212 204456 59.560830 31.991430 PLAYER
1212 1626158 70.550590 7.191810 PLAYER
1212 203924 82.652800 48.170900 PLAYER
1212 1889 70.046190 25.623980 PLAYER
1212 202357 74.472890 10.764310 PLAYER
1212 203498 83.240890 5.314780 PLAYER
1212 203952 78.535590 35.518710 PLAYER
1212 1626157 88.818170 32.632680 PLAYER
1224 -1 71.314560 7.054310 BALL
1224 201171 90.292620 36.555660 PLAYER
1224 203477 82.559350 2.698530 PLAYER
1224 204456 59.108890 31.520380 PLAYER
1224 1626158 70.740830 7.015150 PLAYER
1224 203924 82.661230 48.170420 PLAYER
1224 1889 70.181940 25.757330 PLAYER
1224 202357 74.426780 10.700880 PLAYER
1224 203498 82.090050 5.302190 PLAYER
1224 203952 79.084070 35.773170 PLAYER
1224 1626157 88.560220 32.614590 PLAYER
1236 -1 71.514400 6.225570 BALL
1236 201171 89.985140 36.721510 PLAYER
1236 203477 82.767570 3.070810 PLAYER
1236 204456 58.761850 31.185310 PLAYER
1236 1626158 70.964480 7.025720 PLAYER
1236 203924 82.667580 48.169590 PLAYER
1236 1889 70.414730 25.766250 PLAYER
1236 202357 74.382410 10.616110 PLAYER
1236 203498 80.984970 5.462610 PLAYER
1236 203952 79.644510 35.925300 PLAYER
1236 1626157 88.308930 32.610730 PLAYER
1248 -1 71.691920 5.767320 BALL
1248 201171 89.615540 36.834070 PLAYER
1248 203477 83.227550 3.567880 PLAYER
1248 204456 58.474260 30.926120 PLAYER
1248 1626158 71.158130 7.040020 PLAYER
1248 203924 82.670630 48.167780 PLAYER
1248 1889 70.702980 25.739770 PLAYER
1248 202357 74.351330 10.459830 PLAYER
1248 203498 80.085700 5.784240 PLAYER
1248 203952 80.171590 35.981960 PLAYER
1248 1626157 88.109550 32.620880 PLAYER
1260 -1 71.841710 5.952210 BALL
1260 201171 89.253220 36.918250 PLAYER
1260 203477 83.709650 4.039890 PLAYER
1260 204456 58.241560 30.749410 PLAYER
1260 1626158 71.275920 7.039330 PLAYER
1260 203924 82.674220 48.165700 PLAYER
1260 1889 70.969610 25.686700 PLAYER
1260 202357 74.273860 10.219500 PLAYER
1260 203498 79.446580 6.234440 PLAYER
1260 203952 80.666960 35.995690 PLAYER
1260 1626157 87.976030 32.576040 PLAYER
1272 -1 71.798050 5.937700 BALL
1272 201171 88.992370 36.953850 PLAYER
1272 203477 84.097170 4.373300 PLAYER
1272 204456 58.087820 30.658970 PLAYER
1272 1626158 71.311460 7.045320 PLAYER
1272 203924 82.670270 48.159150 PLAYER
1272 1889 71.178890 25.631290 PLAYER
1272 202357 74.156210 9.999560 PLAYER
1272 203498 79.098920 6.958030 PLAYER
1272 203952 81.106970 35.995860 PLAYER
1272 1626157 87.894270 32.407140 PLAYER
1284 -1 71.433740 6.271470 BALL
1284 201171 88.890440 37.091810 PLAYER
1284 203477 84.467730 4.590190 PLAYER
1284 204456 58.014550 30.594240 PLAYER
1284 1626158 71.228130 7.094860 PLAYER
1284 203924 82.665380 48.146360 PLAYER
1284 1889 71.294810 25.598190 PLAYER
1284 202357 74.027210 9.757200 PLAYER
1284 203498 78.983260 7.752560 PLAYER
1284 203952 81.525830 35.997310 PLAYER
1284 1626157 87.840870 32.052460 PLAYER
1296 -1 71.248320 6.423300 BALL
1296 201171 88.797520 37.078180 PLAYER
1296 203477 84.842020 4.607230 PLAYER
1296 204456 57.956110 30.476330 PLAYER
1296 1626158 71.045820 7.193710 PLAYER
1296 203924 82.662280 48.129350 PLAYER
1296 1889 71.380840 25.570240 PLAYER
1296 202357 73.886160 9.614540 PLAYER
1296 203498 79.073620 8.646190 PLAYER
1296 203952 81.937570 35.993890 PLAYER
1296 1626157 87.758810 31.581730 PLAYER
1308 -1 71.053870 6.896880 BALL
1308 201171 88.623770 36.875150 PLAYER
1308 203477 85.173670 4.393080 PLAYER
1308 204456 57.926330 30.347950 PLAYER
1308 1626158 70.799070 7.480940 PLAYER
1308 203924 82.653450 48.113810 PLAYER
1308 1889 71.262940 25.492030 PLAYER
1308 202357 73.699180 9.627530 PLAYER
1308 203498 79.296000 9.550990 PLAYER
1308 203952 82.314070 35.901060 PLAYER
1308 1626157 87.662730 31.011120 PLAYER
1320 -1 70.588700 7.445040 BALL
1320 201171 88.495690 36.621430 PLAYER
1320 203477 85.465500 4.015370 PLAYER
1320 204456 57.910780 30.205690 PLAYER
1320 1626158 70.438060 7.764960 PLAYER
1320 203924 82.645850 48.099880 PLAYER
1320 1889 71.137210 25.465840 PLAYER
1320 202357 73.504050 9.729180 PLAYER
1320 203498 79.647980 10.350620 PLAYER
1320 203952 82.681730 35.709730 PLAYER
1320 1626157 87.546640 30.317310 PLAYER
1332 -1 69.450490 8.010970 BALL
1332 201171 88.333000 36.304660 PLAYER
1332 203477 85.621480 3.575080 PLAYER
1332 204456 57.912810 30.044830 PLAYER
1332 1626158 70.021950 8.046510 PLAYER
1332 203924 82.632570 48.087740 PLAYER
1332 1889 70.899910 25.489510 PLAYER
1332 202357 73.275920 9.871180 PLAYER
1332 203498 79.979420 11.128550 PLAYER
1332 203952 83.051590 35.484660 PLAYER
1332 1626157 87.409630 29.678920 PLAYER
1344 -1 68.625720 8.226020 BALL
1344 201171 88.146230 35.974350 PLAYER
1344 203477 85.679260 3.145810 PLAYER
1344 204456 57.902930 29.871810 PLAYER
1344 1626158 69.592220 8.460700 PLAYER
1344 203924 82.619840 48.081850 PLAYER
1344 1889 70.599130 25.547670 PLAYER
1344 202357 73.046280 10.172150 PLAYER
1344 203498 80.347690 11.827710 PLAYER
1344 203952 83.396880 35.250340 PLAYER
1344 1626157 87.261440 29.081270 PLAYER
1356 -1 68.095470 9.099720 BALL
1356 201171 87.877540 35.587220 PLAYER
1356 203477 85.658180 2.768440 PLAYER
1356 204456 57.860880 29.697370 PLAYER
1356 1626158 69.160340 8.956020 PLAYER
1356 203924 82.609080 48.084760 PLAYER
1356 1889 70.218960 25.648440 PLAYER
1356 202357 72.842050 10.630030 PLAYER
1356 203498 80.838820 12.250380 PLAYER
1356 203952 83.687980 35.050550 PLAYER
1356 1626157 87.126550 28.505510 PLAYER
1368 -1 67.444720 10.220690 BALL
1368 201171 87.690920 35.264230 PLAYER
1368 203477 85.494990 2.477920 PLAYER
1368 204456 57.781550 29.473420 PLAYER
1368 1626158 68.706100 9.490400 PLAYER
1368 203924 82.611130 48.090770 PLAYER
1368 1889 69.949690 25.835140 PLAYER
1368 202357 72.699030 11.150380 PLAYER
1368 203498 81.358630 12.644760 PLAYER
1368 203952 84.004630 34.874400 PLAYER
1368 1626157 87.015900 28.015770 PLAYER
1380 -1 66.615260 11.077870 BALL
1380 201171 87.514310 34.974340 PLAYER
1380 203477 85.178830 2.269630 PLAYER
1380 204456 57.694960 29.227290 PLAYER
1380 1626158 68.425330 10.272060 PLAYER
1380 203924 82.623250 48.103260 PLAYER
1380 1889 69.609490 26.071200 PLAYER
1380 202357 72.503670 11.746670 PLAYER
1380 203498 81.681860 12.686880 PLAYER
1380 203952 84.226910 34.780530 PLAYER
1380 1626157 86.907620 27.654520 PLAYER
1392 -1 66.021870 11.355580 BALL
1392 201171 87.352890 34.709670 PLAYER
1392 203477 84.782640 2.130200 PLAYER
1392 204456 57.615890 28.976550 PLAYER
1392 1626158 68.190510 11.303830 PLAYER
1392 203924 82.662690 48.114430 PLAYER
1392 1889 69.315330 26.367380 PLAYER
1392 202357 72.342580 12.538810 PLAYER
1392 203498 82.049810 12.337290 PLAYER
1392 203952 84.351510 34.760130 PLAYER
1392 1626157 86.805080 27.401270 PLAYER
1404 -1 65.653270 12.794680 BALL
1404 201171 87.146880 34.401890 PLAYER
1404 203477 84.294230 2.051610 PLAYER
1404 204456 57.564180 28.758030 PLAYER
1404 1626158 67.869130 12.306850 PLAYER
1404 203924 82.793020 48.121050 PLAYER
1404 1889 69.036370 26.707630 PLAYER
1404 202357 72.231500 13.478760 PLAYER
1404 203498 82.510510 11.853550 PLAYER
1404 203952 84.332720 34.928030 PLAYER
1404 1626157 86.685530 27.342690 PLAYER
1416 -1 65.711940 14.176670 BALL
1416 201171 87.030800 34.193760 PLAYER
1416 203477 83.713310 2.025300 PLAYER
1416 204456 57.545720 28.527340 PLAYER
1416 1626158 67.491660 13.445950 PLAYER
1416 203924 83.023170 48.109410 PLAYER
1416 1889 68.718910 27.006270 PLAYER
1416 202357 72.102720 14.435610 PLAYER
1416 203498 82.786190 11.251550 PLAYER
1416 203952 84.249710 35.179380 PLAYER
1416 1626157 86.542990 27.436750 PLAYER
1428 -1 65.511920 15.640620 BALL
1428 201171 87.007750 34.144660 PLAYER
1428 203477 83.072150 2.043780 PLAYER
1428 204456 57.574790 28.266380 PLAYER
1428 1626158 67.144270 14.627190 PLAYER
1428 203924 83.320520 48.119870 PLAYER
1428 1889 68.374370 27.182280 PLAYER
1428 202357 71.885780 15.413850 PLAYER
1428 203498 82.907280 10.500210 PLAYER
1428 203952 84.011940 35.555940 PLAYER
1428 1626157 86.379270 27.628570 PLAYER
1440 -1 65.021470 16.949100 BALL
1440 201171 87.019190 34.115060 PLAYER
1440 203477 82.427860 2.099750 PLAYER
1440 204456 57.637250 27.924650 PLAYER
1440 1626158 66.731170 15.727500 PLAYER
1440 203924 83.723480 48.138690 PLAYER
1440 1889 68.094240 27.333380 PLAYER
1440 202357 71.642400 16.449560 PLAYER
1440 203498 82.965600 10.034850 PLAYER
1440 203952 83.746490 35.978660 PLAYER
1440 1626157 86.235890 27.941650 PLAYER
1452 -1 64.742810 17.249270 BALL
1452 201171 87.074620 34.069230 PLAYER
1452 203477 81.768680 2.157370 PLAYER
1452 204456 57.750420 27.486450 PLAYER
1452 1626158 66.324180 16.804270 PLAYER
1452 203924 84.216700 48.160330 PLAYER
1452 1889 67.793420 27.320920 PLAYER
1452 202357 71.260210 17.352490 PLAYER
1452 203498 82.781810 9.596010 PLAYER
1452 203952 83.488780 36.446490 PLAYER
1452 1626157 86.082780 28.294060 PLAYER
1464 -1 64.508800 18.329710 BALL
1464 201171 87.109740 34.023350 PLAYER
1464 203477 81.101750 2.244600 PLAYER
1464 204456 57.925820 26.925830 PLAYER
1464 1626158 65.999010 17.868620 PLAYER
1464 203924 84.748280 48.181550 PLAYER
1464 1889 67.455590 27.250620 PLAYER
1464 202357 70.774250 18.097760 PLAYER
1464 203498 82.304730 9.158850 PLAYER
1464 203952 83.295470 36.797510 PLAYER
1464 1626157 85.892070 28.656480 PLAYER
1476 -1 63.570320 19.167560 BALL
1476 201171 87.162660 34.033790 PLAYER
1476 203477 80.420930 2.349450 PLAYER
1476 204456 58.166610 26.283850 PLAYER
1476 1626158 65.654290 18.710280 PLAYER
1476 203924 85.328020 48.203860 PLAYER
1476 1889 67.278400 27.286210 PLAYER
1476 202357 70.265440 18.785280 PLAYER
1476 203498 81.738700 8.736460 PLAYER
1476 203952 83.131030 37.108240 PLAYER
1476 1626157 85.731250 29.163080 PLAYER
1488 -1 62.045030 20.525440 BALL
1488 201171 87.204140 34.019780 PLAYER
1488 203477 79.756030 2.410150 PLAYER
1488 204456 58.448420 25.563990 PLAYER
1488 1626158 65.368920 19.438230 PLAYER
1488 203924 85.923340 48.206930 PLAYER
1488 1889 67.196560 27.350880 PLAYER
1488 202357 69.854360 19.513220 PLAYER
1488 203498 81.173350 8.352670 PLAYER
1488 203952 82.998030 37.368860 PLAYER
1488 1626157 85.652170 29.709120 PLAYER
1500 -1 60.565140 21.847060 BALL
1500 201171 87.245510 34.042070 PLAYER
1500 203477 79.166170 2.506830 PLAYER
1500 204456 58.736200 24.876460 PLAYER
1500 1626158 65.115020 20.073410 PLAYER
1500 203924 86.472020 48.209240 PLAYER
1500 1889 67.064590 27.326990 PLAYER
1500 202357 69.499300 20.014170 PLAYER
1500 203498 80.572620 7.918260 PLAYER
1500 203952 82.907060 37.575200 PLAYER
1500 1626157 85.423460 30.058650 PLAYER
1512 -1 59.085940 23.123230 BALL
1512 201171 87.323580 34.160690 PLAYER
1512 203477 78.605910 2.616400 PLAYER
1512 204456 59.026010 24.174970 PLAYER
1512 1626158 65.013630 20.537630 PLAYER
1512 203924 86.956970 48.227010 PLAYER
1512 1889 67.028420 27.312350 PLAYER
1512 202357 69.169870 20.401680 PLAYER
1512 203498 80.003080 7.633670 PLAYER
1512 203952 82.850520 37.674820 PLAYER
1512 1626157 85.233430 30.400960 PLAYER
1524 -1 59.350280 22.828360 BALL
1524 201171 87.486480 34.319120 PLAYER
1524 203477 78.050830 2.713300 PLAYER
1524 204456 59.342690 23.454370 PLAYER
1524 1626158 65.009310 20.888300 PLAYER
1524 203924 87.394390 48.247020 PLAYER
1524 1889 67.166820 27.206330 PLAYER
1524 202357 68.853890 20.623170 PLAYER
1524 203498 79.447590 7.418120 PLAYER
1524 203952 82.827620 37.680150 PLAYER
1524 1626157 85.174480 30.764430 PLAYER
1536 -1 59.456840 21.772790 BALL
1536 201171 87.713640 34.465140 PLAYER
1536 203477 77.412510 2.767110 PLAYER
1536 204456 59.675680 22.756130 PLAYER
1536 1626158 65.211080 21.219760 PLAYER
1536 203924 87.764400 48.294650 PLAYER
1536 1889 67.302540 26.976890 PLAYER
1536 202357 68.521600 20.800750 PLAYER
1536 203498 78.961150 7.359330 PLAYER
1536 203952 82.811710 37.585940 PLAYER
1536 1626157 85.195050 30.993680 PLAYER
1548 -1 59.768640 20.470690 BALL
1548 201171 87.991090 34.584910 PLAYER
1548 203477 76.646430 2.856540 PLAYER
1548 204456 60.039390 22.066040 PLAYER
1548 1626158 65.477460 21.421430 PLAYER
1548 203924 88.094940 48.335140 PLAYER
1548 1889 67.616280 26.802290 PLAYER
1548 202357 68.166800 20.630280 PLAYER
1548 203498 78.470870 7.231150 PLAYER
1548 203952 82.830860 37.439100 PLAYER
1548 1626157 85.225590 31.155660 PLAYER
1560 -1 60.536850 19.479710 BALL
1560 201171 88.285110 34.707640 PLAYER
1560 203477 75.669070 2.849730 PLAYER
1560 204456 60.434800 21.266150 PLAYER
1560 1626158 65.850030 21.520610 PLAYER
1560 203924 88.377950 48.363910 PLAYER
1560 1889 67.962230 26.561970 PLAYER
1560 202357 67.790900 20.314430 PLAYER
1560 203498 78.028950 7.116230 PLAYER
1560 203952 82.850010 37.249920 PLAYER
1560 1626157 85.455660 31.447920 PLAYER
1572 -1 60.890570 18.500590 BALL
1572 201171 88.509890 34.844620 PLAYER
1572 203477 74.623270 2.864140 PLAYER
1572 204456 60.835700 20.506730 PLAYER
1572 1626158 66.315890 21.471410 PLAYER
1572 203924 88.614580 48.380110 PLAYER
1572 1889 68.399310 26.272310 PLAYER
1572 202357 67.475740 19.808960 PLAYER
1572 203498 77.609120 7.114610 PLAYER
1572 203952 82.870860 37.023650 PLAYER
1572 1626157 85.755410 31.666000 PLAYER
1584 -1 60.837830 17.868490 BALL
1584 201171 88.692900 35.113820 PLAYER
1584 203477 73.462240 2.891780 PLAYER
1584 204456 61.206270 19.741160 PLAYER
1584 1626158 66.809440 21.497340 PLAYER
1584 203924 88.772510 48.404990 PLAYER
1584 1889 69.011150 26.023390 PLAYER
1584 202357 67.239920 19.304450 PLAYER
1584 203498 77.125020 7.254540 PLAYER
1584 203952 82.896560 36.825000 PLAYER
1584 1626157 86.165770 31.852730 PLAYER
1596 -1 60.978980 17.290910 BALL
1596 201171 88.787250 35.403280 PLAYER
1596 203477 72.248760 2.964120 PLAYER
1596 204456 61.546850 18.843530 PLAYER
1596 1626158 67.504010 21.795390 PLAYER
1596 203924 88.847160 48.424430 PLAYER
1596 1889 69.677570 25.699530 PLAYER
1596 202357 67.103740 18.629790 PLAYER
1596 203498 76.474120 7.413840 PLAYER
1596 203952 82.939000 36.669510 PLAYER
1596 1626157 86.559390 31.964200 PLAYER
1608 -1 61.033960 16.845910 BALL
1608 201171 88.789310 35.758950 PLAYER
1608 203477 70.983420 3.024830 PLAYER
1608 204456 61.913540 18.005820 PLAYER
1608 1626158 68.638580 22.112960 PLAYER
1608 203924 88.872390 48.445770 PLAYER
1608 1889 70.287010 25.283740 PLAYER
1608 202357 67.120160 18.073310 PLAYER
1608 203498 75.743590 7.673830 PLAYER
1608 203952 82.975950 36.495800 PLAYER
1608 1626157 86.880570 32.003710 PLAYER
1620 -1 61.267360 16.294840 BALL
1620 201171 88.717170 36.160550 PLAYER
1620 203477 69.637350 3.102530 PLAYER
1620 204456 62.280690 17.322990 PLAYER
1620 1626158 69.769200 22.338120 PLAYER
1620 203924 88.875010 48.463170 PLAYER
1620 1889 71.065580 24.875210 PLAYER
1620 202357 67.236730 17.620940 PLAYER
1620 203498 74.877330 8.092270 PLAYER
1620 203952 83.024960 36.310340 PLAYER
1620 1626157 87.206930 31.977210 PLAYER
1632 -1 62.845170 15.717870 BALL
1632 201171 88.577580 36.415700 PLAYER
1632 203477 68.215660 3.129090 PLAYER
1632 204456 62.619480 16.758400 PLAYER
1632 1626158 70.832140 22.600970 PLAYER
1632 203924 88.874840 48.477570 PLAYER
1632 1889 71.918970 24.519470 PLAYER
1632 202357 67.387120 17.237100 PLAYER
1632 203498 73.930270 8.391710 PLAYER
1632 203952 83.083060 36.087660 PLAYER
1632 1626157 87.507910 31.973990 PLAYER
1644 -1 63.425520 15.266670 BALL
1644 201171 88.369650 36.599140 PLAYER
1644 203477 66.788800 3.205420 PLAYER
1644 204456 62.893420 16.437690 PLAYER
1644 1626158 71.916350 22.757560 PLAYER
1644 203924 88.871410 48.486600 PLAYER
1644 1889 72.681950 24.147400 PLAYER
1644 202357 67.576500 16.959380 PLAYER
1644 203498 72.957710 8.661630 PLAYER
1644 203952 83.141510 35.784830 PLAYER
1644 1626157 87.678660 31.954950 PLAYER
1656 -1 63.944980 16.127300 BALL
1656 201171 88.086500 36.782160 PLAYER
1656 203477 65.494480 3.510240 PLAYER
1656 204456 63.105110 16.498150 PLAYER
1656 1626158 73.026610 22.473920 PLAYER
1656 203924 88.867230 48.484070 PLAYER
1656 1889 73.505780 23.839780 PLAYER
1656 202357 67.808560 16.876180 PLAYER
1656 203498 71.933780 8.880050 PLAYER
1656 203952 83.180880 35.435300 PLAYER
1656 1626157 87.814860 31.963410 PLAYER
1668 -1 63.643250 17.641880 BALL
1668 201171 87.703880 37.005230 PLAYER
1668 203477 64.298180 3.858230 PLAYER
1668 204456 63.252150 16.772580 PLAYER
1668 1626158 73.807240 22.119330 PLAYER
1668 203924 88.859390 48.479700 PLAYER
1668 1889 74.378290 23.583200 PLAYER
1668 202357 67.953380 16.930780 PLAYER
1668 203498 70.733730 9.006520 PLAYER
1668 203952 83.191540 35.155180 PLAYER
1668 1626157 87.953600 31.970290 PLAYER
1680 -1 63.350790 18.577000 BALL
1680 201171 87.092420 37.210920 PLAYER
1680 203477 63.216570 4.245390 PLAYER
1680 204456 63.409550 17.216490 PLAYER
1680 1626158 74.640430 21.747540 PLAYER
1680 203924 88.849970 48.467340 PLAYER
1680 1889 75.210790 23.322340 PLAYER
1680 202357 68.181630 17.195190 PLAYER
1680 203498 69.656390 9.114940 PLAYER
1680 203952 83.163660 34.938500 PLAYER
1680 1626157 88.012540 31.990390 PLAYER
1692 -1 63.298210 19.384340 BALL
1692 201171 86.286130 37.498720 PLAYER
1692 203477 62.233340 4.666980 PLAYER
1692 204456 63.640440 17.851250 PLAYER
1692 1626158 75.541260 21.398740 PLAYER
1692 203924 88.832580 48.454560 PLAYER
1692 1889 76.037270 23.103670 PLAYER
1692 202357 68.529780 17.649600 PLAYER
1692 203498 68.604970 9.248830 PLAYER
1692 203952 83.111220 34.773130 PLAYER
1692 1626157 88.005790 31.973460 PLAYER
1704 -1 63.508840 20.131050 BALL
1704 201171 85.161320 37.701350 PLAYER
1704 203477 61.412770 5.033840 PLAYER
1704 204456 64.031490 18.584580 PLAYER
1704 1626158 76.540770 21.049660 PLAYER
1704 203924 88.815860 48.442550 PLAYER
1704 1889 76.893930 22.907630 PLAYER
1704 202357 68.974370 18.229020 PLAYER
1704 203498 67.565600 9.348890 PLAYER
1704 203952 83.064750 34.652140 PLAYER
1704 1626157 87.939010 31.913140 PLAYER
1716 -1 63.745310 20.757970 BALL
1716 201171 83.823420 37.860240 PLAYER
1716 203477 60.722490 5.187050 PLAYER
1716 204456 64.592630 19.385720 PLAYER
1716 1626158 77.412400 20.834540 PLAYER
1716 203924 88.799750 48.436760 PLAYER
1716 1889 77.703090 22.791100 PLAYER
1716 202357 69.501160 18.823480 PLAYER
1716 203498 66.676590 9.683120 PLAYER
1716 203952 83.033020 34.540900 PLAYER
1716 1626157 87.832240 31.862460 PLAYER
1728 -1 64.571090 21.909100 BALL
1728 201171 82.338640 37.899100 PLAYER
1728 203477 60.168710 5.404010 PLAYER
1728 204456 65.303280 20.149520 PLAYER
1728 1626158 78.219990 20.687840 PLAYER
1728 203924 88.765860 48.427310 PLAYER
1728 1889 78.464010 22.726920 PLAYER
1728 202357 70.217790 19.527310 PLAYER
1728 203498 66.043320 10.120270 PLAYER
1728 203952 83.025460 34.359450 PLAYER
1728 1626157 87.708440 31.791930 PLAYER
1740 -1 66.414060 22.596000 BALL
1740 201171 80.930090 37.783900 PLAYER
1740 203477 59.859060 5.664690 PLAYER
1740 204456 66.180780 20.875960 PLAYER
1740 1626158 78.980990 20.682880 PLAYER
1740 203924 88.705260 48.430600 PLAYER
1740 1889 79.188500 22.758540 PLAYER
1740 202357 70.918940 20.194400 PLAYER
1740 203498 65.540110 10.479390 PLAYER
1740 203952 83.044230 34.148770 PLAYER
1740 1626157 87.566500 31.770310 PLAYER
1752 -1 68.013800 23.192330 BALL
1752 201171 79.551450 37.560710 PLAYER
1752 203477 59.695450 5.955000 PLAYER
1752 204456 67.132630 21.629520 PLAYER
1752 1626158 79.661970 20.714610 PLAYER
1752 203924 88.641120 48.431140 PLAYER
1752 1889 79.799370 22.756410 PLAYER
1752 202357 71.673820 20.894160 PLAYER
1752 203498 65.203030 10.725290 PLAYER
1752 203952 83.086050 33.972340 PLAYER
1752 1626157 87.378660 31.744090 PLAYER
1764 -1 68.615650 24.197970 BALL
1764 201171 78.251240 37.326300 PLAYER
1764 203477 59.676410 6.286130 PLAYER
1764 204456 68.091320 22.433740 PLAYER
1764 1626158 80.273880 20.754610 PLAYER
1764 203924 88.587130 48.425990 PLAYER
1764 1889 80.355950 22.786990 PLAYER
1764 202357 72.315800 21.544470 PLAYER
1764 203498 65.056070 10.939280 PLAYER
1764 203952 83.124850 33.864040 PLAYER
1764 1626157 87.120830 31.751330 PLAYER
1776 -1 68.963650 24.981620 BALL
1776 201171 77.031360 37.118420 PLAYER
1776 203477 59.722110 6.603370 PLAYER
1776 204456 69.135310 23.232000 PLAYER
1776 1626158 80.802140 20.796230 PLAYER
1776 203924 88.541410 48.408520 PLAYER
1776 1889 80.903000 22.795120 PLAYER
1776 202357 73.104900 22.265390 PLAYER
1776 203498 65.090540 10.983600 PLAYER
1776 203952 83.155550 33.828810 PLAYER
1776 1626157 86.821230 31.808630 PLAYER
1788 -1 69.675850 25.699710 BALL
1788 201171 75.881810 36.781510 PLAYER
1788 203477 59.899740 6.864400 PLAYER
1788 204456 70.214460 24.099170 PLAYER
1788 1626158 81.381870 20.794560 PLAYER
1788 203924 88.527370 48.388840 PLAYER
1788 1889 81.360700 22.729940 PLAYER
1788 202357 73.759380 22.914680 PLAYER
1788 203498 65.309890 10.987340 PLAYER
1788 203952 83.185820 33.887120 PLAYER
1788 1626157 86.347380 31.904340 PLAYER
1800 -1 70.771630 26.502000 BALL
1800 201171 74.715760 36.407170 PLAYER
1800 203477 60.112300 7.111360 PLAYER
1800 204456 71.192210 24.956440 PLAYER
1800 1626158 81.929030 20.714960 PLAYER
1800 203924 88.543490 48.359470 PLAYER
1800 1889 81.850040 22.587210 PLAYER
1800 202357 74.453670 23.601300 PLAYER
1800 203498 65.589650 10.993630 PLAYER
1800 203952 83.227280 34.026070 PLAYER
1800 1626157 85.688910 31.929840 PLAYER
1812 -1 72.393290 26.962510 BALL
1812 201171 73.612640 36.067140 PLAYER
1812 203477 60.374310 7.360780 PLAYER
1812 204456 72.087400 25.577260 PLAYER
1812 1626158 82.453770 20.554630 PLAYER
1812 203924 88.556040 48.331100 PLAYER
1812 1889 82.381460 22.415830 PLAYER
1812 202357 75.178030 24.362010 PLAYER
1812 203498 65.982160 11.155890 PLAYER
1812 203952 83.326130 34.263570 PLAYER
1812 1626157 84.847620 31.953940 PLAYER
1824 -1 73.202010 27.004010 BALL
1824 201171 72.582760 35.576060 PLAYER
1824 203477 60.650100 7.575220 PLAYER
1824 204456 72.911080 25.880000 PLAYER
1824 1626158 82.994870 20.306220 PLAYER
1824 203924 88.524630 48.310580 PLAYER
1824 1889 82.813190 22.138940 PLAYER
1824 202357 76.038130 25.078110 PLAYER
1824 203498 66.411340 11.406400 PLAYER
1824 203952 83.460860 34.540100 PLAYER
1824 1626157 83.897060 31.999410 PLAYER
1836 -1 73.311670 26.288050 BALL
1836 201171 71.677110 34.952450 PLAYER
1836 203477 60.964840 7.775770 PLAYER
1836 204456 73.620470 25.858270 PLAYER
1836 1626158 83.530580 19.910180 PLAYER
1836 203924 88.444770 48.302890 PLAYER
1836 1889 83.176530 21.738280 PLAYER
1836 202357 76.854640 25.693290 PLAYER
1836 203498 66.813470 11.720650 PLAYER
1836 203952 83.622930 34.845980 PLAYER
1836 1626157 82.821150 31.963620 PLAYER
1848 -1 72.771630 25.132700 BALL
1848 201171 70.836970 34.338320 PLAYER
1848 203477 61.259600 7.927720 PLAYER
1848 204456 74.237380 25.630650 PLAYER
1848 1626158 83.953600 19.469660 PLAYER
1848 203924 88.339630 48.300360 PLAYER
1848 1889 83.590650 21.293770 PLAYER
1848 202357 77.651260 26.059700 PLAYER
1848 203498 67.012780 11.935420 PLAYER
1848 203952 83.754150 35.014930 PLAYER
1848 1626157 81.739540 31.935830 PLAYER
1860 -1 73.493780 24.168420 BALL
1860 201171 70.102440 33.714820 PLAYER
1860 203477 61.483440 8.002540 PLAYER
1860 204456 74.854600 25.248940 PLAYER
1860 1626158 84.339530 18.963610 PLAYER
1860 203924 88.225480 48.304370 PLAYER
1860 1889 83.959180 20.773230 PLAYER
1860 202357 78.345020 26.161440 PLAYER
1860 203498 67.167730 12.156210 PLAYER
1860 203952 83.899060 35.093950 PLAYER
1860 1626157 80.661120 31.951970 PLAYER
1872 -1 75.002610 23.392880 BALL
1872 201171 69.440150 32.994350 PLAYER
1872 203477 61.809110 8.187060 PLAYER
1872 204456 75.369870 24.768530 PLAYER
1872 1626158 84.630500 18.407900 PLAYER
1872 203924 88.135470 48.307120 PLAYER
1872 1889 84.284170 20.204920 PLAYER
1872 202357 78.958620 25.994650 PLAYER
1872 203498 67.420640 12.413060 PLAYER
1872 203952 84.019980 34.989690 PLAYER
1872 1626157 79.638970 31.961830 PLAYER
1884 -1 76.275530 22.644770 BALL
1884 201171 68.901930 32.297550 PLAYER
1884 203477 62.055600 8.359540 PLAYER
1884 204456 75.770170 24.294730 PLAYER
1884 1626158 84.890270 17.825290 PLAYER
1884 203924 88.083510 48.301720 PLAYER
1884 1889 84.622090 19.615970 PLAYER
1884 202357 79.476730 25.823050 PLAYER
1884 203498 67.703880 12.672640 PLAYER
1884 203952 84.165630 34.710430 PLAYER
1884 1626157 78.663530 31.814780 PLAYER
1896 -1 76.184850 22.695600 BALL
1896 201171 68.419890 31.572090 PLAYER
1896 203477 62.196540 8.520970 PLAYER
1896 204456 76.017500 23.842010 PLAYER
1896 1626158 85.189110 17.236740 PLAYER
1896 203924 88.083340 48.289040 PLAYER
1896 1889 84.976290 19.003060 PLAYER
1896 202357 79.746620 25.484890 PLAYER
1896 203498 67.856040 12.758880 PLAYER
1896 203952 84.347240 34.319880 PLAYER
1896 1626157 77.779230 31.564600 PLAYER
1908 -1 76.278410 23.081440 BALL
1908 201171 68.046320 30.823920 PLAYER
1908 203477 62.333970 8.640490 PLAYER
1908 204456 76.107560 23.415230 PLAYER
1908 1626158 85.476230 16.586130 PLAYER
1908 203924 88.095480 48.263950 PLAYER
1908 1889 85.310080 18.405890 PLAYER
1908 202357 79.847950 25.120350 PLAYER
1908 203498 68.165970 12.944680 PLAYER
1908 203952 84.600740 33.989660 PLAYER
1908 1626157 77.063700 31.232540 PLAYER
1920 -1 76.513020 23.066910 BALL
1920 201171 67.770670 30.112070 PLAYER
1920 203477 62.533680 8.840580 PLAYER
1920 204456 76.039590 23.000940 PLAYER
1920 1626158 85.876350 16.073750 PLAYER
1920 203924 88.092350 48.226890 PLAYER
1920 1889 85.585860 17.876140 PLAYER
1920 202357 79.776740 24.777380 PLAYER
1920 203498 68.526260 13.110750 PLAYER
1920 203952 84.855770 33.646710 PLAYER
1920 1626157 76.484130 30.825580 PLAYER
1932 -1 77.828570 23.298090 BALL
1932 201171 67.540780 29.467520 PLAYER
1932 203477 62.638360 8.981820 PLAYER
1932 204456 75.968110 22.635630 PLAYER
1932 1626158 86.315840 15.580920 PLAYER
1932 203924 88.049980 48.176360 PLAYER
1932 1889 85.766830 17.356320 PLAYER
1932 202357 79.557930 24.457860 PLAYER
1932 203498 68.717780 13.089900 PLAYER
1932 203952 85.095150 33.281840 PLAYER
1932 1626157 76.220070 30.350790 PLAYER
1944 -1 79.428860 23.580120 BALL
1944 201171 67.249520 28.886110 PLAYER
1944 203477 62.767580 9.110650 PLAYER
1944 204456 75.938840 22.306700 PLAYER
1944 1626158 86.710330 15.068550 PLAYER
1944 203924 87.892770 48.094830 PLAYER
1944 1889 85.934630 16.990990 PLAYER
1944 202357 79.211740 24.065980 PLAYER
1944 203498 68.864180 12.975070 PLAYER
1944 203952 85.344160 32.894130 PLAYER
1944 1626157 76.217710 29.866670 PLAYER
1956 -1 81.005320 23.850200 BALL
1956 201171 66.860200 28.370230 PLAYER
1956 203477 62.927980 9.220980 PLAYER
1956 204456 75.903960 21.983480 PLAYER
1956 1626158 87.050570 14.783060 PLAYER
1956 203924 87.474620 48.002620 PLAYER
1956 1889 86.012770 16.734990 PLAYER
1956 202357 78.684700 23.649710 PLAYER
1956 203498 69.035100 12.910570 PLAYER
1956 203952 85.599410 32.435380 PLAYER
1956 1626157 76.466440 29.420130 PLAYER
1968 -1 82.582810 24.062630 BALL
1968 201171 66.396700 27.945740 PLAYER
1968 203477 63.045770 9.358860 PLAYER
1968 204456 75.888870 21.688180 PLAYER
1968 1626158 87.490780 14.741210 PLAYER
1968 203924 87.018000 47.850260 PLAYER
1968 1889 85.987190 16.591580 PLAYER
1968 202357 78.195250 23.385790 PLAYER
1968 203498 69.096030 12.815970 PLAYER
1968 203952 85.865510 31.936650 PLAYER
1968 1626157 76.997720 28.991150 PLAYER
1980 -1 84.076590 24.372130 BALL
1980 201171 65.832870 27.625210 PLAYER
1980 203477 63.123060 9.445850 PLAYER
1980 204456 75.822030 21.256840 PLAYER
1980 1626158 87.868070 14.815050 PLAYER
1980 203924 86.449900 47.623470 PLAYER
1980 1889 86.127510 16.621380 PLAYER
1980 202357 77.708430 23.204760 PLAYER
1980 203498 69.044000 12.747340 PLAYER
1980 203952 86.136260 31.382650 PLAYER
1980 1626157 77.871080 28.558290 PLAYER
1992 -1 85.608680 24.776210 BALL
1992 201171 65.204070 27.407830 PLAYER
1992 203477 63.127750 9.447590 PLAYER
1992 204456 75.769380 20.824850 PLAYER
1992 1626158 88.344410 15.191220 PLAYER
1992 203924 85.650450 47.312620 PLAYER
1992 1889 86.511010 16.844290 PLAYER
1992 202357 77.198240 23.097910 PLAYER
1992 203498 68.854900 12.667930 PLAYER
1992 203952 86.413730 30.813980 PLAYER
1992 1626157 79.032230 28.173560 PLAYER