0 -1 83.900140 3.607390 BALL
0 1717 63.087920 26.121730 PLAYER
0 200826 93.952570 22.337430 PLAYER
0 202083 83.847190 3.693050 PLAYER
0 201580 87.138560 14.475200 PLAYER
0 202718 84.769900 47.715660 PLAYER
0 201962 91.094360 19.817690 PLAYER
0 201583 86.212660 16.321600 PLAYER
0 201569 86.567530 36.783000 PLAYER
0 201950 82.869350 6.296050 PLAYER
0 203076 67.461200 26.260120 PLAYER
12 -1 83.397080 3.394260 BALL
12 1717 63.047800 26.024900 PLAYER
12 200826 93.534010 23.765460 PLAYER
12 202083 83.595660 3.655290 PLAYER
12 201580 87.182740 14.057690 PLAYER
12 202718 84.424560 47.693620 PLAYER
12 201962 90.803380 20.800940 PLAYER
12 201583 86.257760 16.052550 PLAYER
12 201569 86.442570 36.545620 PLAYER
12 201950 82.818200 5.981600 PLAYER
12 203076 67.455660 26.265050 PLAYER
24 -1 82.983920 2.704510 BALL
24 1717 62.979700 25.936210 PLAYER
24 200826 93.108370 25.263620 PLAYER
24 202083 83.217050 3.590120 PLAYER
24 201580 87.286620 13.553010 PLAYER
24 202718 84.027930 47.638490 PLAYER
24 201962 90.469020 21.835270 PLAYER
24 201583 86.318990 15.764420 PLAYER
24 201569 86.277120 36.348330 PLAYER
24 201950 82.757280 5.794520 PLAYER
24 203076 67.463070 26.270530 PLAYER
36 -1 82.122830 2.318950 BALL
36 1717 62.919180 25.865740 PLAYER
36 200826 92.690320 26.799100 PLAYER
36 202083 82.813990 3.591530 PLAYER
36 201580 87.339130 12.787820 PLAYER
36 202718 83.600000 47.519570 PLAYER
36 201962 90.255960 22.837870 PLAYER
36 201583 86.372920 15.466690 PLAYER
36 201569 86.014700 36.198680 PLAYER
36 201950 82.677030 5.705710 PLAYER
36 203076 67.480650 26.259920 PLAYER
48 -1 81.184430 2.139600 BALL
48 1717 62.889850 25.825040 PLAYER
48 200826 92.284860 28.333070 PLAYER
48 202083 82.273010 3.565590 PLAYER
48 201580 87.366730 11.963070 PLAYER
48 202718 83.169750 47.384360 PLAYER
48 201962 90.080860 23.874250 PLAYER
48 201583 86.394480 15.116110 PLAYER
48 201569 85.665620 36.109410 PLAYER
48 201950 82.452800 5.632600 PLAYER
48 203076 67.506900 26.221460 PLAYER
60 -1 79.737930 2.432810 BALL
60 1717 62.842810 25.779090 PLAYER
60 200826 91.820340 29.902630 PLAYER
60 202083 81.455930 3.608270 PLAYER
60 201580 87.373410 11.122700 PLAYER
60 202718 82.762170 47.254660 PLAYER
60 201962 89.918210 24.961780 PLAYER
60 201583 86.384840 14.735360 PLAYER
60 201569 85.214080 36.098950 PLAYER
60 201950 81.967980 5.734700 PLAYER
60 203076 67.535630 26.163680 PLAYER
72 -1 78.378240 2.806440 BALL
72 1717 62.800990 25.760520 PLAYER
72 200826 91.334100 31.468150 PLAYER
72 202083 80.505390 3.853030 PLAYER
72 201580 87.264420 10.347770 PLAYER
72 202718 82.302620 47.145930 PLAYER
72 201962 89.759480 26.009810 PLAYER
72 201583 86.286140 14.377700 PLAYER
72 201569 84.700520 36.164780 PLAYER
72 201950 81.489780 5.946900 PLAYER
72 203076 67.566860 26.081910 PLAYER
84 -1 77.385540 3.554010 BALL
84 1717 62.806580 25.720890 PLAYER
84 200826 90.827240 32.913480 PLAYER
84 202083 79.694810 4.254970 PLAYER
84 201580 87.086680 9.777140 PLAYER
84 202718 81.841240 47.067790 PLAYER
84 201962 89.652220 26.967800 PLAYER
84 201583 86.154440 14.061680 PLAYER
84 201569 84.172800 36.259940 PLAYER
84 201950 80.922640 6.250230 PLAYER
84 203076 67.600160 25.959720 PLAYER
96 -1 76.444890 4.898080 BALL
96 1717 62.782170 25.689750 PLAYER
96 200826 90.260410 34.353940 PLAYER
96 202083 78.926780 4.800180 PLAYER
96 201580 86.861120 9.283630 PLAYER
96 202718 81.364410 47.043410 PLAYER
96 201962 89.473940 27.894800 PLAYER
96 201583 86.002680 13.762460 PLAYER
96 201569 83.644280 36.332530 PLAYER
96 201950 80.254160 6.744780 PLAYER
96 203076 67.634530 25.839280 PLAYER
108 -1 75.702940 6.473730 BALL
108 1717 62.701900 25.729480 PLAYER
108 200826 89.657340 35.749860 PLAYER
108 202083 78.004000 5.760770 PLAYER
108 201580 86.532520 8.864190 PLAYER
108 202718 80.827330 47.045020 PLAYER
108 201962 89.304210 28.821000 PLAYER
108 201583 85.854680 13.501400 PLAYER
108 201569 83.133550 36.415730 PLAYER
108 201950 79.685220 7.489830 PLAYER
108 203076 67.662630 25.736140 PLAYER
120 -1 74.866150 8.385420 BALL
120 1717 62.633350 25.836170 PLAYER
120 200826 89.024290 37.076580 PLAYER
120 202083 77.214410 6.985040 PLAYER
120 201580 86.071900 8.514550 PLAYER
120 202718 80.234750 47.017180 PLAYER
120 201962 89.111870 29.770420 PLAYER
120 201583 85.723260 13.300260 PLAYER
120 201569 82.665960 36.480850 PLAYER
120 201950 79.318890 8.276410 PLAYER
120 203076 67.733420 25.637660 PLAYER
132 -1 73.753570 9.316320 BALL
132 1717 62.584910 25.977750 PLAYER
132 200826 88.357240 38.293640 PLAYER
132 202083 76.677170 8.349640 PLAYER
132 201580 85.617770 8.231090 PLAYER
132 202718 79.625780 46.950620 PLAYER
132 201962 88.908680 30.647960 PLAYER
132 201583 85.628140 13.139690 PLAYER
132 201569 82.223040 36.528900 PLAYER
132 201950 78.892230 9.251200 PLAYER
132 203076 67.877970 25.545130 PLAYER
144 -1 73.509180 10.313680 BALL
144 1717 62.504060 26.156660 PLAYER
144 200826 87.650100 39.484330 PLAYER
144 202083 76.224460 9.801190 PLAYER
144 201580 85.089550 7.949470 PLAYER
144 202718 78.983790 46.842380 PLAYER
144 201962 88.689970 31.457370 PLAYER
144 201583 85.525270 13.013650 PLAYER
144 201569 81.785110 36.549400 PLAYER
144 201950 78.505570 10.533170 PLAYER
144 203076 67.978120 25.539780 PLAYER
156 -1 73.954340 12.254390 BALL
156 1717 62.443840 26.356200 PLAYER
156 200826 86.978460 40.602360 PLAYER
156 202083 75.946030 11.459790 PLAYER
156 201580 84.461160 7.748540 PLAYER
156 202718 78.345220 46.684070 PLAYER
156 201962 88.458710 32.211830 PLAYER
156 201583 85.374020 13.012880 PLAYER
156 201569 81.347120 36.587830 PLAYER
156 201950 78.238760 12.020590 PLAYER
156 203076 68.075130 25.570970 PLAYER
168 -1 74.602060 14.653690 BALL
168 1717 62.412920 26.492190 PLAYER
168 200826 86.318450 41.632590 PLAYER
168 202083 76.060360 13.009050 PLAYER
168 201580 83.847110 7.646320 PLAYER
168 202718 77.731300 46.488200 PLAYER
168 201962 88.179120 32.790160 PLAYER
168 201583 85.163070 13.202630 PLAYER
168 201569 80.892400 36.622050 PLAYER
168 201950 78.084570 13.604090 PLAYER
168 203076 68.187630 25.591650 PLAYER
180 -1 75.041440 16.833360 BALL
180 1717 62.408010 26.556670 PLAYER
180 200826 85.659160 42.561980 PLAYER
180 202083 76.152690 14.526490 PLAYER
180 201580 83.283840 7.621850 PLAYER
180 202718 77.118390 46.298930 PLAYER
180 201962 87.811120 33.350940 PLAYER
180 201583 84.892440 13.578510 PLAYER
180 201569 80.429370 36.672670 PLAYER
180 201950 78.038300 15.329820 PLAYER
180 203076 68.361500 25.679670 PLAYER
192 -1 74.963080 17.445060 BALL
192 1717 62.408360 26.572520 PLAYER
192 200826 85.015950 43.432460 PLAYER
192 202083 76.337990 15.847480 PLAYER
192 201580 82.770960 7.644770 PLAYER
192 202718 76.488580 46.104350 PLAYER
192 201962 87.433620 34.052360 PLAYER
192 201583 84.654260 14.068440 PLAYER
192 201569 79.939610 36.693510 PLAYER
192 201950 78.232280 17.180870 PLAYER
192 203076 68.567790 25.824800 PLAYER
204 -1 75.074860 18.007090 BALL
204 1717 62.387610 26.587300 PLAYER
204 200826 84.375350 44.223680 PLAYER
204 202083 76.790270 17.187010 PLAYER
204 201580 82.319060 7.753210 PLAYER
204 202718 75.849510 45.881670 PLAYER
204 201962 87.036070 34.772770 PLAYER
204 201583 84.386280 14.653840 PLAYER
204 201569 79.425210 36.724710 PLAYER
204 201950 78.659630 18.863110 PLAYER
204 203076 68.846660 25.942390 PLAYER
216 -1 75.509550 18.383730 BALL
216 1717 62.395280 26.542510 PLAYER
216 200826 83.759130 44.907230 PLAYER
216 202083 77.274580 18.248300 PLAYER
216 201580 81.929600 7.842520 PLAYER
216 202718 75.185190 45.639880 PLAYER
216 201962 86.662880 35.560590 PLAYER
216 201583 84.135310 15.282170 PLAYER
216 201569 78.913800 36.691040 PLAYER
216 201950 79.194050 20.335860 PLAYER
216 203076 69.201690 26.054220 PLAYER
228 -1 76.432520 19.188710 BALL
228 1717 62.407110 26.488700 PLAYER
228 200826 83.210540 45.529120 PLAYER
228 202083 77.756690 19.148620 PLAYER
228 201580 81.592240 7.914010 PLAYER
228 202718 74.527910 45.328330 PLAYER
228 201962 86.272330 36.285980 PLAYER
228 201583 83.897240 15.967450 PLAYER
228 201569 78.415010 36.580060 PLAYER
228 201950 79.841930 21.635960 PLAYER
228 203076 69.512070 26.170640 PLAYER
240 -1 77.409880 19.695420 BALL
240 1717 62.422280 26.435560 PLAYER
240 200826 82.736300 46.132870 PLAYER
240 202083 78.571740 19.870340 PLAYER
240 201580 81.380700 7.873620 PLAYER
240 202718 73.873600 44.982840 PLAYER
240 201962 85.906110 36.954400 PLAYER
240 201583 83.714300 16.749740 PLAYER
240 201569 77.934230 36.426530 PLAYER
240 201950 80.602450 22.688020 PLAYER
240 203076 69.790990 26.240810 PLAYER
252 -1 78.290970 20.185860 BALL
252 1717 62.432320 26.364500 PLAYER
252 200826 82.279490 46.651170 PLAYER
252 202083 79.539910 20.664780 PLAYER
252 201580 81.217270 7.776610 PLAYER
252 202718 73.242610 44.584440 PLAYER
252 201962 85.522610 37.421380 PLAYER
252 201583 83.517830 17.545540 PLAYER
252 201569 77.464690 36.265020 PLAYER
252 201950 81.364240 23.403150 PLAYER
252 203076 70.051170 26.292760 PLAYER
264 -1 79.894080 19.985830 BALL
264 1717 62.449700 26.304100 PLAYER
264 200826 81.850970 47.070730 PLAYER
264 202083 80.395880 21.380860 PLAYER
264 201580 81.122060 7.697560 PLAYER
264 202718 72.654010 44.151940 PLAYER
264 201962 85.170290 37.828610 PLAYER
264 201583 83.384850 18.222220 PLAYER
264 201569 77.009090 36.068720 PLAYER
264 201950 82.146900 23.907980 PLAYER
264 203076 70.088840 26.286210 PLAYER
276 -1 81.581120 21.308520 BALL
276 1717 62.425920 26.266180 PLAYER
276 200826 81.380950 47.405290 PLAYER
276 202083 81.339610 22.043350 PLAYER
276 201580 81.233160 7.594990 PLAYER
276 202718 72.111580 43.724290 PLAYER
276 201962 84.851850 38.090290 PLAYER
276 201583 83.270510 18.750530 PLAYER
276 201569 76.535800 35.935980 PLAYER
276 201950 83.017600 24.183680 PLAYER
276 203076 70.059590 26.257570 PLAYER
288 -1 83.515460 22.258670 BALL
288 1717 62.406530 26.214350 PLAYER
288 200826 80.858660 47.649860 PLAYER
288 202083 82.362440 22.570080 PLAYER
288 201580 81.587450 7.512070 PLAYER
288 202718 71.566400 43.304870 PLAYER
288 201962 84.636170 38.383620 PLAYER
288 201583 83.200320 19.152370 PLAYER
288 201569 76.070770 35.863110 PLAYER
288 201950 83.805520 24.349980 PLAYER
288 203076 70.070680 26.257280 PLAYER
300 -1 84.526400 22.966020 BALL
300 1717 62.369440 26.183300 PLAYER
300 200826 80.331100 47.779400 PLAYER
300 202083 83.374790 23.025350 PLAYER
300 201580 82.037540 7.480780 PLAYER
300 202718 71.005270 42.887670 PLAYER
300 201962 84.522850 38.509530 PLAYER
300 201583 83.265220 19.361360 PLAYER
300 201569 75.613990 35.782860 PLAYER
300 201950 84.425930 24.447490 PLAYER
300 203076 69.955830 26.221670 PLAYER
312 -1 84.533290 23.650940 BALL
312 1717 62.369980 26.137010 PLAYER
312 200826 79.842810 47.822100 PLAYER
312 202083 84.328840 23.594700 PLAYER
312 201580 82.574500 7.460880 PLAYER
312 202718 70.437390 42.503500 PLAYER
312 201962 84.506090 38.509070 PLAYER
312 201583 83.449340 19.479020 PLAYER
312 201569 75.191350 35.696680 PLAYER
312 201950 85.269100 24.298970 PLAYER
312 203076 69.748770 26.159680 PLAYER
324 -1 85.272540 24.981160 BALL
324 1717 62.369780 26.047890 PLAYER
324 200826 79.319800 47.795470 PLAYER
324 202083 85.325510 24.056100 PLAYER
324 201580 83.188750 7.359150 PLAYER
324 202718 69.847750 42.145540 PLAYER
324 201962 84.568370 38.328330 PLAYER
324 201583 83.757910 19.603450 PLAYER
324 201569 74.808780 35.610620 PLAYER
324 201950 86.111200 24.047520 PLAYER
324 203076 69.624080 26.101310 PLAYER
336 -1 85.972130 25.860570 BALL
336 1717 62.365650 25.960570 PLAYER
336 200826 78.771740 47.701160 PLAYER
336 202083 86.224370 24.546330 PLAYER
336 201580 83.749380 7.317630 PLAYER
336 202718 69.251050 41.775320 PLAYER
336 201962 84.671600 38.038810 PLAYER
336 201583 84.222230 19.730890 PLAYER
336 201569 74.459040 35.452150 PLAYER
336 201950 86.902110 23.787300 PLAYER
336 203076 69.499130 26.053210 PLAYER
348 -1 86.607850 25.789540 BALL
348 1717 62.328180 25.892730 PLAYER
348 200826 78.249870 47.570830 PLAYER
348 202083 87.015770 25.039850 PLAYER
348 201580 84.220300 7.252980 PLAYER
348 202718 68.666260 41.400380 PLAYER
348 201962 84.772970 37.613750 PLAYER
348 201583 84.751450 20.008460 PLAYER
348 201569 74.138460 35.269900 PLAYER
348 201950 87.672470 23.372060 PLAYER
348 203076 69.352940 25.990140 PLAYER
360 -1 87.340670 25.696360 BALL
360 1717 62.258840 25.853110 PLAYER
360 200826 77.693530 47.377530 PLAYER
360 202083 87.655710 25.494960 PLAYER
360 201580 84.614570 7.328950 PLAYER
360 202718 68.099630 41.008890 PLAYER
360 201962 84.857270 37.045630 PLAYER
360 201583 85.228900 20.426040 PLAYER
360 201569 73.834070 35.130130 PLAYER
360 201950 88.626630 23.020010 PLAYER
360 203076 69.266810 25.963010 PLAYER
372 -1 87.991770 25.636210 BALL
372 1717 62.124530 25.847640 PLAYER
372 200826 77.085270 47.133970 PLAYER
372 202083 88.081280 25.644780 PLAYER
372 201580 84.965940 7.530920 PLAYER
372 202718 67.540510 40.596030 PLAYER
372 201962 84.963550 36.309420 PLAYER
372 201583 85.634120 20.999340 PLAYER
372 201569 73.491900 35.011900 PLAYER
372 201950 89.379360 22.893380 PLAYER
372 203076 69.183140 25.931130 PLAYER
384 -1 88.790190 25.550740 BALL
384 1717 61.942570 25.877520 PLAYER
384 200826 76.503600 46.834210 PLAYER
384 202083 88.264560 25.686410 PLAYER
384 201580 85.253850 7.841000 PLAYER
384 202718 66.972080 40.189910 PLAYER
384 201962 85.079570 35.501700 PLAYER
384 201583 86.045340 21.809910 PLAYER
384 201569 73.108510 34.936060 PLAYER
384 201950 90.058240 22.825560 PLAYER
384 203076 69.200040 25.925670 PLAYER
396 -1 88.752560 25.521590 BALL
396 1717 61.696580 25.944890 PLAYER
396 200826 75.968420 46.511750 PLAYER
396 202083 88.437230 25.708700 PLAYER
396 201580 85.417540 8.237940 PLAYER
396 202718 66.370640 39.786590 PLAYER
396 201962 85.191200 34.623680 PLAYER
396 201583 86.380340 22.817120 PLAYER
396 201569 72.707220 34.931940 PLAYER
396 201950 90.587310 22.603110 PLAYER
396 203076 69.212050 25.912510 PLAYER
408 -1 88.663260 25.511600 BALL
408 1717 61.381610 25.978150 PLAYER
408 200826 75.412170 46.143120 PLAYER
408 202083 88.443380 25.725670 PLAYER
408 201580 85.393490 8.785550 PLAYER
408 202718 65.728030 39.354230 PLAYER
408 201962 85.284070 33.646870 PLAYER
408 201583 86.703670 23.583420 PLAYER
408 201569 72.282150 34.968960 PLAYER
408 201950 91.063300 22.440660 PLAYER
408 203076 69.236620 25.900520 PLAYER
420 -1 88.557730 25.501700 BALL
420 1717 61.027990 26.009730 PLAYER
420 200826 74.835690 45.749780 PLAYER
420 202083 88.466570 25.745400 PLAYER
420 201580 85.238360 9.305960 PLAYER
420 202718 65.034340 38.944500 PLAYER
420 201962 85.381410 32.661860 PLAYER
420 201583 86.950460 24.221480 PLAYER
420 201569 71.862620 35.035590 PLAYER
420 201950 91.281800 22.171870 PLAYER
420 203076 69.267810 25.880000 PLAYER
432 -1 88.471380 25.472840 BALL
432 1717 60.578580 26.033540 PLAYER
432 200826 74.253580 45.291170 PLAYER
432 202083 88.472170 25.651410 PLAYER
432 201580 84.993870 9.813950 PLAYER
432 202718 64.259880 38.556560 PLAYER
432 201962 85.427950 31.718780 PLAYER
432 201583 87.129120 24.788600 PLAYER
432 201569 71.491370 35.162450 PLAYER
432 201950 91.333250 21.857060 PLAYER
432 203076 69.322320 25.873400 PLAYER
444 -1 88.524100 25.032790 BALL
444 1717 60.123980 25.999110 PLAYER
444 200826 73.637750 44.766810 PLAYER
444 202083 88.441550 25.450090 PLAYER
444 201580 84.639190 10.336950 PLAYER
444 202718 63.461950 38.145820 PLAYER
444 201962 85.352520 30.805590 PLAYER
444 201583 87.150090 25.252030 PLAYER
444 201569 71.171680 35.343470 PLAYER
444 201950 91.259230 21.495300 PLAYER
444 203076 69.369030 25.858130 PLAYER
456 -1 88.487090 24.548610 BALL
456 1717 59.618240 25.892410 PLAYER
456 200826 72.937440 44.195740 PLAYER
456 202083 88.326600 25.113730 PLAYER
456 201580 84.280840 10.874320 PLAYER
456 202718 62.645480 37.703440 PLAYER
456 201962 85.211600 30.010120 PLAYER
456 201583 87.158810 25.625430 PLAYER
456 201569 70.863630 35.594940 PLAYER
456 201950 91.202170 21.220300 PLAYER
456 203076 69.348930 25.788850 PLAYER
468 -1 87.796150 24.298850 BALL
468 1717 59.056960 25.754290 PLAYER
468 200826 72.183500 43.561900 PLAYER
468 202083 88.325350 24.892750 PLAYER
468 201580 83.818220 11.420170 PLAYER
468 202718 61.741170 37.278280 PLAYER
468 201962 84.972050 29.400210 PLAYER
468 201583 87.192670 26.152910 PLAYER
468 201569 70.566200 35.933020 PLAYER
468 201950 91.064740 20.847800 PLAYER
468 203076 69.341770 25.758010 PLAYER
480 -1 88.356990 24.355310 BALL
480 1717 58.409180 25.569250 PLAYER
480 200826 71.368230 42.882250 PLAYER
480 202083 88.289250 24.715150 PLAYER
480 201580 83.257400 11.997280 PLAYER
480 202718 60.774880 36.803840 PLAYER
480 201962 84.625380 28.894490 PLAYER
480 201583 87.302250 26.617420 PLAYER
480 201569 70.252500 36.334580 PLAYER
480 201950 90.943110 20.518240 PLAYER
480 203076 69.354880 25.753980 PLAYER
492 -1 88.911710 24.260240 BALL
492 1717 57.725590 25.383820 PLAYER
492 200826 70.479620 42.178250 PLAYER
492 202083 88.177780 24.632170 PLAYER
492 201580 82.528490 12.433430 PLAYER
492 202718 59.793600 36.341540 PLAYER
492 201962 84.184960 28.504180 PLAYER
492 201583 87.464680 26.964750 PLAYER
492 201569 69.892380 36.758290 PLAYER
492 201950 90.855760 20.257660 PLAYER
492 203076 69.263400 25.741980 PLAYER
504 -1 89.064160 24.329880 BALL
504 1717 56.951110 25.215740 PLAYER
504 200826 69.509680 41.525200 PLAYER
504 202083 87.910100 24.678420 PLAYER
504 201580 81.656770 12.869720 PLAYER
504 202718 58.770650 35.904490 PLAYER
504 201962 83.687410 28.206430 PLAYER
504 201583 87.688320 27.211950 PLAYER
504 201569 69.412120 37.185500 PLAYER
504 201950 90.854200 20.157450 PLAYER
504 203076 69.103360 25.730930 PLAYER
516 -1 89.810630 24.432020 BALL
516 1717 56.166880 25.057540 PLAYER
516 200826 68.533660 40.882330 PLAYER
516 202083 87.533510 24.819850 PLAYER
516 201580 80.577510 13.363470 PLAYER
516 202718 57.693540 35.515190 PLAYER
516 201962 83.069660 27.869700 PLAYER
516 201583 87.900320 27.396890 PLAYER
516 201569 68.894670 37.563380 PLAYER
516 201950 90.937740 20.294990 PLAYER
516 203076 68.916460 25.747130 PLAYER
528 -1 90.701770 24.467860 BALL
528 1717 55.379680 24.933980 PLAYER
528 200826 67.433480 40.190360 PLAYER
528 202083 87.010560 24.856890 PLAYER
528 201580 79.445640 13.825150 PLAYER
528 202718 56.610380 35.142040 PLAYER
528 201962 82.443720 27.389280 PLAYER
528 201583 88.111750 27.403940 PLAYER
528 201569 68.297390 37.938490 PLAYER
528 201950 91.117960 20.688410 PLAYER
528 203076 68.581200 25.708800 PLAYER
540 -1 91.371450 24.535720 BALL
540 1717 54.590280 24.807730 PLAYER
540 200826 66.322480 39.448080 PLAYER
540 202083 86.339050 24.862400 PLAYER
540 201580 78.165060 14.261400 PLAYER
540 202718 55.503650 34.860870 PLAYER
540 201962 81.871210 26.833060 PLAYER
540 201583 88.308480 27.424290 PLAYER
540 201569 67.586870 38.268760 PLAYER
540 201950 91.366190 21.228780 PLAYER
540 203076 68.139420 25.611700 PLAYER
552 -1 91.851300 24.636840 BALL
552 1717 53.792840 24.644750 PLAYER
552 200826 65.177310 38.680470 PLAYER
552 202083 85.585090 24.913340 PLAYER
552 201580 76.777270 14.764560 PLAYER
552 202718 54.347470 34.637060 PLAYER
552 201962 81.321930 26.149300 PLAYER
552 201583 88.504550 27.478240 PLAYER
552 201569 66.790130 38.658650 PLAYER
552 201950 91.681230 21.837100 PLAYER
552 203076 67.667080 25.482400 PLAYER
564 -1 92.172960 24.772450 BALL
564 1717 52.967100 24.468630 PLAYER
564 200826 64.021850 37.837930 PLAYER
564 202083 84.848010 25.050180 PLAYER
564 201580 75.298700 15.179540 PLAYER
564 202718 53.137760 34.484040 PLAYER
564 201962 80.835520 25.317460 PLAYER
564 201583 88.701520 27.496320 PLAYER
564 201569 65.946390 39.097060 PLAYER
564 201950 92.054190 22.479370 PLAYER
564 203076 67.143720 25.362880 PLAYER
576 -1 92.368060 24.943790 BALL
576 1717 52.107430 24.335750 PLAYER
576 200826 62.830270 36.896900 PLAYER
576 202083 84.114660 25.230680 PLAYER
576 201580 73.775600 15.396110 PLAYER
576 202718 51.918340 34.389440 PLAYER
576 201962 80.444000 24.369960 PLAYER
576 201583 88.881870 27.485140 PLAYER
576 201569 64.983900 39.621250 PLAYER
576 201950 92.510660 23.030430 PLAYER
576 203076 66.583460 25.255440 PLAYER
588 -1 92.468250 25.152090 BALL
588 1717 51.240880 24.248160 PLAYER
588 200826 61.677460 35.968770 PLAYER
588 202083 83.367180 25.469580 PLAYER
588 201580 72.138420 15.546040 PLAYER
588 202718 50.719580 34.397190 PLAYER
588 201962 80.139740 23.384490 PLAYER
588 201583 88.945150 27.516940 PLAYER
588 201569 63.944140 40.173700 PLAYER
588 201950 92.935020 23.671520 PLAYER
588 203076 66.023110 25.124450 PLAYER
600 -1 92.505160 25.398600 BALL
600 1717 50.338470 24.206100 PLAYER
600 200826 60.522060 35.035360 PLAYER
600 202083 82.634790 25.758520 PLAYER
600 201580 70.449280 15.612190 PLAYER
600 202718 49.532740 34.468630 PLAYER
600 201962 79.876950 22.343700 PLAYER
600 201583 88.871330 27.542200 PLAYER
600 201569 62.831800 40.812070 PLAYER
600 201950 93.278040 24.290290 PLAYER
600 203076 65.356480 25.017930 PLAYER
612 -1 92.510430 25.684550 BALL
612 1717 49.427540 24.197590 PLAYER
612 200826 59.401830 34.117980 PLAYER
612 202083 81.967710 26.040450 PLAYER
612 201580 68.735630 15.669180 PLAYER
612 202718 48.379550 34.539400 PLAYER
612 201962 79.665250 21.307610 PLAYER
612 201583 88.683630 27.567210 PLAYER
612 201569 61.640190 41.408850 PLAYER
612 201950 93.487490 24.985140 PLAYER
612 203076 64.658240 24.921120 PLAYER
624 -1 91.391200 26.334250 BALL
624 1717 48.574440 24.110920 PLAYER
624 200826 58.332340 33.171440 PLAYER
624 202083 81.367030 26.278210 PLAYER
624 201580 66.990570 15.705760 PLAYER
624 202718 47.234050 34.710440 PLAYER
624 201962 79.467000 20.254110 PLAYER
624 201583 88.453850 27.623650 PLAYER
624 201569 60.366380 41.973930 PLAYER
624 201950 93.503780 25.751310 PLAYER
624 203076 63.966170 24.833510 PLAYER
636 -1 90.372360 26.810530 BALL
636 1717 47.667540 24.072670 PLAYER
636 200826 57.287930 32.214130 PLAYER
636 202083 80.791360 26.476760 PLAYER
636 201580 65.213100 15.761180 PLAYER
636 202718 46.087150 34.950070 PLAYER
636 201962 79.236610 19.170190 PLAYER
636 201583 88.118190 27.757290 PLAYER
636 201569 59.060490 42.558370 PLAYER
636 201950 93.281320 26.578710 PLAYER
636 203076 63.315310 24.753850 PLAYER
648 -1 89.593280 27.565920 BALL
648 1717 46.731210 24.037920 PLAYER
648 200826 56.300680 31.199190 PLAYER
648 202083 80.287700 26.658360 PLAYER
648 201580 63.454110 15.762370 PLAYER
648 202718 44.958430 35.233380 PLAYER
648 201962 78.897140 18.083260 PLAYER
648 201583 87.712460 27.952040 PLAYER
648 201569 57.725390 43.105590 PLAYER
648 201950 92.942160 27.350140 PLAYER
648 203076 62.757170 24.725760 PLAYER
660 -1 89.181040 28.322960 BALL
660 1717 45.789360 23.960120 PLAYER
660 200826 55.331670 30.150530 PLAYER
660 202083 79.830370 26.873130 PLAYER
660 201580 61.696490 15.794320 PLAYER
660 202718 43.888000 35.529260 PLAYER
660 201962 78.383790 17.094650 PLAYER
660 201583 87.283480 28.195580 PLAYER
660 201569 56.362300 43.610840 PLAYER
660 201950 92.361250 28.220230 PLAYER
660 203076 62.176530 24.603040 PLAYER
672 -1 89.519720 29.191820 BALL
672 1717 44.810990 23.877690 PLAYER
672 200826 54.434810 29.094200 PLAYER
672 202083 79.253220 27.123520 PLAYER
672 201580 59.914700 15.829290 PLAYER
672 202718 42.825870 35.884180 PLAYER
672 201962 77.685370 16.158500 PLAYER
672 201583 86.824500 28.450450 PLAYER
672 201569 54.964440 44.103130 PLAYER
672 201950 91.641790 29.125860 PLAYER
672 203076 61.532990 24.447150 PLAYER
684 -1 89.572920 30.136190 BALL
684 1717 43.772880 23.875680 PLAYER
684 200826 53.595280 28.030820 PLAYER
684 202083 78.649920 27.370060 PLAYER
684 201580 58.134110 15.871800 PLAYER
684 202718 41.801470 36.213760 PLAYER
684 201962 76.819490 15.296490 PLAYER
684 201583 86.263010 28.668550 PLAYER
684 201569 53.566890 44.551310 PLAYER
684 201950 90.794310 30.035230 PLAYER
684 203076 60.851490 24.281850 PLAYER
696 -1 88.899720 31.255700 BALL
696 1717 42.821810 23.745430 PLAYER
696 200826 52.813860 26.957700 PLAYER
696 202083 77.994140 27.647490 PLAYER
696 201580 56.335440 15.933650 PLAYER
696 202718 40.772260 36.487620 PLAYER
696 201962 75.775270 14.500610 PLAYER
696 201583 85.665790 28.809860 PLAYER
696 201569 52.140440 44.946510 PLAYER
696 201950 89.822410 30.965670 PLAYER
696 203076 60.109620 24.101540 PLAYER
708 -1 87.569180 32.594540 BALL
708 1717 41.842370 23.503540 PLAYER
708 200826 52.052360 25.897890 PLAYER
708 202083 77.240570 27.921370 PLAYER
708 201580 54.553940 16.036160 PLAYER
708 202718 39.774460 36.739600 PLAYER
708 201962 74.591810 13.805020 PLAYER
708 201583 85.025800 28.898700 PLAYER
708 201569 50.680500 45.287940 PLAYER
708 201950 88.707450 31.990250 PLAYER
708 203076 59.235370 23.902610 PLAYER
720 -1 86.305710 34.381840 BALL
720 1717 40.805300 23.256650 PLAYER
720 200826 51.336580 24.873350 PLAYER
720 202083 76.328430 28.100080 PLAYER
720 201580 52.819680 16.143150 PLAYER
720 202718 38.721970 36.951500 PLAYER
720 201962 73.296100 13.142030 PLAYER
720 201583 84.294430 28.924880 PLAYER
720 201569 49.227160 45.597010 PLAYER
720 201950 87.578320 32.996130 PLAYER
720 203076 58.426060 23.847890 PLAYER