0 -1 67.405010 41.412400
0 200765 50.118320 38.082470
0 200752 53.914020 8.941210
0 201158 29.693300 23.419030
0 201585 61.056910 27.541690
0 202326 74.815950 24.647000
0 201967 58.769620 5.280370
0 201569 51.260520 11.826240
0 201600 77.731200 21.920390
0 201950 69.700030 40.684790
0 203076 71.743720 32.586360
12 -1 65.987380 41.884270
12 200765 48.601430 37.808610
12 200752 52.044990 8.962070
12 201158 28.510660 23.681350
12 201585 58.808080 27.563990
12 202326 73.363130 24.234580
12 201967 56.442520 5.008540
12 201569 50.044370 11.903150
12 201600 76.647740 21.518140
12 201950 68.037380 40.499080
12 203076 70.154760 32.780010
24 -1 64.345300 42.444360
24 200765 47.113780 37.579060
24 200752 50.273640 8.933130
24 201158 27.294320 24.119140
24 201585 56.473030 27.663430
24 202326 71.797190 23.912580
24 201967 54.116510 4.832610
24 201569 48.787770 11.738830
24 201600 75.427520 21.272060
24 201950 66.156740 40.455960
24 203076 68.535550 32.912670
36 -1 62.736190 42.615250
36 200765 45.638480 37.340300
36 200752 48.430710 9.001240
36 201158 26.110710 24.504060
36 201585 54.141820 27.742450
36 202326 70.156110 23.652710
36 201967 51.783680 4.725040
36 201569 47.538490 11.655490
36 201600 74.165170 20.928770
36 201950 64.133360 40.649060
36 203076 66.829410 33.020470
48 -1 60.834390 42.218730
48 200765 44.194600 37.114560
48 200752 46.630450 8.987010
48 201158 24.986640 24.590990
48 201585 51.818970 27.784630
48 202326 68.531520 23.261070
48 201967 49.471070 4.484210
48 201569 46.262930 11.554970
48 201600 72.900530 20.433610
48 201950 62.082240 40.957460
48 203076 65.082840 33.014970
60 -1 58.487950 41.918980
60 200765 42.812730 36.938480
60 200752 44.819760 8.912120
60 201158 23.927350 24.418610
60 201585 49.473950 27.841110
60 202326 66.865970 22.940870
60 201967 47.222950 4.554180
60 201569 44.983320 11.455240
60 201600 71.536730 20.144480
60 201950 60.134520 41.146560
60 203076 63.330100 32.871830
72 -1 56.447400 42.321860
72 200765 41.454190 36.777960
72 200752 43.059990 8.812420
72 201158 22.976050 24.144730
72 201585 47.114190 27.912410
72 202326 65.162400 22.819500
72 201967 44.912770 4.755180
72 201569 43.690730 11.474940
72 201600 69.996960 20.133960
72 201950 58.206580 41.329570
72 203076 61.639190 32.374450
84 -1 55.264300 42.452140
84 200765 40.140600 36.624660
84 200752 41.262350 8.659430
84 201158 22.204910 23.822590
84 201585 44.830200 27.946880
84 202326 63.440130 22.686980
84 201967 42.564510 4.833350
84 201569 42.462140 11.745300
84 201600 68.409530 20.183960
84 201950 56.342120 41.412500
84 203076 60.029310 32.139320
96 -1 53.830560 42.334390
96 200765 38.865430 36.483180
96 200752 39.483360 8.384760
96 201158 21.594770 23.622020
96 201585 42.593630 27.975790
96 202326 61.668360 22.540160
96 201967 40.272440 4.726520
96 201569 41.335140 11.818020
96 201600 66.828730 20.287200
96 201950 54.444540 41.336750
96 203076 58.537120 31.740140
108 -1 51.787100 42.110930
108 200765 37.631090 36.383130
108 200752 37.616910 8.276270
108 201158 21.117010 23.480730
108 201585 40.394590 27.878280
108 202326 59.846170 22.560560
108 201967 37.964200 4.752420
108 201569 40.294900 11.838710
108 201600 65.219700 20.340900
108 201950 52.564060 41.133300
108 203076 57.136830 31.099350
120 -1 49.934020 41.208660
120 200765 36.437040 36.271240
120 200752 35.791050 8.254050
120 201158 20.722410 23.364030
120 201585 38.318940 27.840710
120 202326 58.024910 22.687870
120 201967 35.665030 4.641690
120 201569 39.308330 11.735050
120 201600 63.637290 20.216910
120 201950 50.645160 40.714260
120 203076 55.815110 30.276350
132 -1 48.259600 40.417420
132 200765 35.320850 36.061030
132 200752 33.938010 8.243560
132 201158 20.399980 23.202210
132 201585 36.349780 27.874610
132 202326 56.292420 22.650650
132 201967 33.424980 4.771060
132 201569 38.321640 11.707870
132 201600 62.136400 19.851260
132 201950 48.801800 40.230050
132 203076 54.536590 29.604680
144 -1 46.070590 37.532800
144 200765 34.234290 35.904290
144 200752 31.932680 8.295210
144 201158 20.128000 22.880030
144 201585 34.501600 27.780490
144 202326 54.561760 22.559460
144 201967 31.231230 5.085920
144 201569 37.322730 11.559710
144 201600 60.722740 19.172450
144 201950 47.016170 39.823520
144 203076 53.313840 28.780860
156 -1 43.292560 32.443030
156 200765 33.214060 35.729220
156 200752 30.139670 8.693930
156 201158 19.933480 22.418530
156 201585 32.685340 27.644520
156 202326 52.815280 22.591200
156 201967 29.079880 5.722490
156 201569 36.266950 11.544980
156 201600 59.287680 18.578770
156 201950 45.265970 39.637650
156 203076 52.076030 28.316010
168 -1 40.309160 27.578720
168 200765 32.235730 35.555540
168 200752 28.486710 9.396470
168 201158 19.843820 21.929890
168 201585 30.955790 27.814590
168 202326 51.054630 22.650120
168 201967 27.010990 6.729120
168 201569 35.073150 11.560720
168 201600 57.819160 18.120960
168 201950 43.550730 39.499180
168 203076 50.855380 27.906410
180 -1 37.577840 22.848270
180 200765 31.304540 35.471750
180 200752 26.830410 10.183360
180 201158 19.876730 21.531690
180 201585 29.293190 27.796470
180 202326 49.348960 22.535070
180 201967 25.012170 7.556680
180 201569 33.898770 11.831240
180 201600 56.319800 17.791820
180 201950 41.935650 39.538880
180 203076 49.690440 27.608610
192 -1 34.888270 17.963770
192 200765 30.354360 35.453300
192 200752 25.183650 10.841160
192 201158 20.022520 21.274140
192 201585 27.747260 27.953170
192 202326 47.610220 22.456810
192 201967 22.993140 8.120060
192 201569 32.707980 11.826050
192 201600 54.856980 17.323640
192 201950 40.288070 39.646850
192 203076 48.568100 27.347330
204 -1 32.179230 13.008660
204 200765 29.427080 35.431100
204 200752 23.604190 11.359600
204 201158 20.250060 20.884180
204 201585 26.280010 28.341370
204 202326 45.920230 22.427260
204 201967 20.981290 8.459710
204 201569 31.478340 11.700370
204 201600 53.382290 16.967390
204 201950 38.663880 39.774430
204 203076 47.453410 27.149710
216 -1 30.557270 12.314500
216 200765 28.493480 35.274810
216 200752 21.954410 11.687900
216 201158 20.468910 20.349160
216 201585 24.939510 28.575480
216 202326 44.262630 22.335740
216 201967 19.033580 8.332250
216 201569 30.277030 11.688310
216 201600 52.011310 16.366480
216 201950 37.071050 39.892710
216 203076 46.329140 26.873700
228 -1 28.801730 12.005850
228 200765 27.527160 35.273070
228 200752 20.263960 11.565480
228 201158 20.658130 19.947270
228 201585 23.668260 28.567450
228 202326 42.584710 22.286120
228 201967 17.134370 7.559960
228 201569 29.137330 11.698090
228 201600 50.664590 15.769050
228 201950 35.516750 40.027500
228 203076 45.273790 26.653910
240 -1 27.322330 12.440430
240 200765 26.477970 35.116660
240 200752 18.638340 11.267040
240 201158 20.902410 19.226220
240 201585 22.483820 28.625080
240 202326 40.940500 22.150980
240 201967 15.340530 6.653470
240 201569 27.864790 11.512680
240 201600 49.393030 15.204640
240 201950 34.024410 40.294810
240 203076 44.296150 26.472100
252 -1 25.261010 11.164560
252 200765 25.405900 34.866760
252 200752 17.080010 10.875290
252 201158 21.103860 18.383570
252 201585 21.287370 28.242160
252 202326 39.309580 22.120490
252 201967 13.728150 5.753320
252 201569 26.544790 11.534220
252 201600 48.151650 14.906100
252 201950 32.660020 40.602800
252 203076 43.387210 26.398430
264 -1 24.062210 10.239360
264 200765 24.339990 34.617910
264 200752 15.702790 10.560060
264 201158 21.152100 17.530510
264 201585 20.121240 27.625700
264 202326 37.694960 22.002220
264 201967 12.316180 4.963600
264 201569 25.253780 11.767270
264 201600 46.988460 14.652140
264 201950 31.370350 40.904860
264 203076 42.535590 26.318000
276 -1 22.675750 10.594050
276 200765 23.303150 34.553070
276 200752 14.331340 9.962050
276 201158 20.986970 16.763930
276 201585 18.995570 27.092000
276 202326 36.066740 21.545920
276 201967 11.044330 4.391360
276 201569 23.820770 11.976050
276 201600 45.887720 14.398750
276 201950 30.179600 41.216350
276 203076 41.750510 26.323950
288 -1 20.681740 10.538290
288 200765 22.282340 34.301440
288 200752 13.040940 9.446090
288 201158 20.592060 15.911200
288 201585 17.887400 26.522500
288 202326 34.509660 21.035570
288 201967 9.951410 3.871010
288 201569 22.295550 12.071600
288 201600 44.900410 14.207540
288 201950 29.085030 41.478940
288 203076 41.036570 26.303150
300 -1 19.693340 10.683030
300 200765 21.316550 34.304880
300 200752 11.815760 9.059700
300 201158 19.903700 15.311660
300 201585 16.748970 25.876180
300 202326 32.934210 20.716550
300 201967 9.010310 3.432310
300 201569 20.630590 12.373750
300 201600 44.027000 14.118160
300 201950 28.036590 41.701160
300 203076 40.355400 26.182720
312 -1 18.375940 11.197500
312 200765 20.392560 34.528760
312 200752 10.632540 8.813180
312 201158 18.953160 14.830970
312 201585 15.608400 25.360700
312 202326 31.356910 20.356260
312 201967 8.211050 2.889710
312 201569 18.904400 12.672550
312 201600 43.237090 14.333370
312 201950 27.065860 41.903370
312 203076 39.702150 26.016870
324 -1 16.442750 11.996870
324 200765 19.441970 34.704480
324 200752 9.541430 8.825070
324 201158 17.861120 14.725320
324 201585 14.407980 24.836660
324 202326 29.766320 20.075380
324 201967 7.569600 2.266310
324 201569 17.108650 13.157720
324 201600 42.503000 14.439980
324 201950 26.163790 42.099150
324 203076 39.051220 25.943900
336 -1 13.906090 13.784850
336 200765 18.424980 34.650020
336 200752 8.580980 9.043360
336 201158 16.765120 14.945500
336 201585 13.170640 24.209230
336 202326 28.280740 20.174780
336 201967 7.074800 1.658210
336 201569 15.433790 13.873710
336 201600 41.821920 14.494040
336 201950 25.369550 42.244410
336 203076 38.464730 25.775440
348 -1 13.129080 16.509350
348 200765 17.376340 34.534800
348 200752 7.783150 9.389530
348 201158 15.649770 15.296870
348 201585 11.989390 23.661140
348 202326 26.779070 20.291830
348 201967 6.718160 1.327790
348 201569 13.606350 14.760630
348 201600 41.217200 14.573780
348 201950 24.666320 42.401720
348 203076 37.903200 25.683710
360 -1 12.055050 18.230570
360 200765 16.296810 34.156180
360 200752 7.175770 9.651140
360 201158 14.503660 15.763540
360 201585 10.837840 23.177200
360 202326 25.301080 20.314090
360 201967 6.510610 1.050020
360 201569 12.016450 15.675620
360 201600 40.639850 14.612510
360 201950 24.076450 42.508550
360 203076 37.362710 25.719420
372 -1 9.672170 18.950860
372 200765 15.212360 33.592640
372 200752 6.770880 9.862130
372 201158 13.405880 16.384000
372 201585 9.725140 22.435380
372 202326 23.833670 20.421410
372 201967 6.491530 0.903150
372 201569 10.612790 16.777910
372 201600 40.093470 14.403650
372 201950 23.573440 42.599860
372 203076 36.855290 25.802900
384 -1 8.236830 19.334280
384 200765 14.150430 32.924640
384 200752 6.483540 9.921240
384 201158 12.489530 17.140060
384 201585 8.694340 21.844410
384 202326 22.408760 20.775870
384 201967 6.637760 0.951890
384 201569 9.262270 18.103840
384 201600 39.643960 14.355850
384 201950 23.164220 42.659500
384 203076 36.414770 25.993790
396 -1 8.540300 20.487680
396 200765 13.092530 32.282300
396 200752 6.326310 9.874640
396 201158 11.700360 17.938970
396 201585 7.754910 21.697660
396 202326 20.987590 21.299440
396 201967 6.945120 1.267530
396 201569 7.939320 19.235450
396 201600 39.339980 14.407230
396 201950 22.849110 42.719520
396 203076 35.975810 26.284090
408 -1 6.676110 19.750920
408 200765 12.098400 31.643670
408 200752 6.245510 9.727410
408 201158 11.031570 18.735600
408 201585 6.853690 21.723480
408 202326 19.648790 22.072260
408 201967 7.378850 1.671340
408 201569 6.959780 20.409040
408 201600 39.130570 14.427660
408 201950 22.649480 42.867610
408 203076 35.604290 26.279160
420 -1 6.072340 20.312130
420 200765 11.172040 30.989000
420 200752 6.255180 9.636190
420 201158 10.427670 19.580070
420 201585 5.964660 22.170300
420 202326 18.312790 22.822310
420 201967 7.906640 1.924580
420 201569 6.054270 21.368240
420 201600 39.013860 14.495240
420 201950 22.544140 42.928800
420 203076 35.276030 26.140290
432 -1 5.550910 20.560240
432 200765 10.289200 30.287610
432 200752 6.320060 9.633300
432 201158 9.897920 20.456400
432 201585 5.140100 23.037350
432 202326 17.019080 23.495670
432 201967 8.559120 1.804450
432 201569 5.106590 22.049830
432 201600 38.990310 14.710440
432 201950 22.527370 42.842740
432 203076 35.044350 26.010700
444 -1 5.160130 21.424190
444 200765 9.386120 29.467490
444 200752 6.434370 9.597180
444 201158 9.355970 21.328970
444 201585 4.388470 24.025650
444 202326 15.756750 24.042140
444 201967 9.238560 1.717640
444 201569 4.076290 22.125480
444 201600 39.028770 14.908330
444 201950 22.626490 42.735980
444 203076 34.909740 25.703200
456 -1 4.758350 22.501680
456 200765 8.559650 28.794980
456 200752 6.567860 9.602840
456 201158 8.827390 22.097670
456 201585 3.632710 24.867260
456 202326 14.562500 24.445050
456 201967 9.990340 1.594080
456 201569 3.080990 21.905000
456 201600 39.106310 15.143690
456 201950 22.788060 42.586810
456 203076 34.876900 25.356700
468 -1 4.280620 23.392690
468 200765 7.781300 28.138980
468 200752 6.693090 9.638730
468 201158 8.304320 22.870760
468 201585 2.886120 25.849440
468 202326 13.410190 24.570380
468 201967 10.868080 1.581950
468 201569 2.181580 21.618350
468 201600 39.239000 15.390190
468 201950 23.013920 42.289340
468 203076 34.893720 25.280300
480 -1 4.648800 23.930440
480 200765 7.079210 27.557100
480 200752 6.805820 9.709390
480 201158 7.869380 23.535970
480 201585 2.234400 26.605160
480 202326 12.352180 24.428470
480 201967 11.845810 1.698420
480 201569 1.346740 21.301150
480 201600 39.427730 15.598500
480 201950 23.292770 42.047870
480 203076 34.989990 25.299430
492 -1 5.019800 24.348850
492 200765 6.585280 27.223740
492 200752 6.973560 9.756180
492 201158 7.574880 24.044270
492 201585 1.613800 27.342400
492 202326 11.426920 24.026630
492 201967 12.825960 2.352350
492 201569 0.649420 20.907780
492 201600 39.700330 15.590750
492 201950 23.643800 41.925230
492 203076 35.147620 25.397770
504 -1 5.456000 24.939680
504 200765 6.352130 27.190310
504 200752 7.187870 9.792210
504 201158 7.305750 24.292780
504 201585 1.012750 27.886090
504 202326 10.607780 23.324630
504 201967 13.925250 2.992440
504 201569 0.274540 20.756750
504 201600 40.084850 15.483410
504 201950 24.041490 41.763670
504 203076 35.354340 25.468110
516 -1 5.441910 24.896700
516 200765 6.300860 27.207990
516 200752 7.473420 9.821740
516 201158 7.018370 24.512350
516 201585 0.488780 28.294740
516 202326 9.891810 22.603110
516 201967 15.106310 3.709210
516 201569 0.152320 20.799400
516 201600 40.555690 15.160080
516 201950 24.583260 41.783220
516 203076 35.606460 25.390500
528 -1 5.145860 24.717260
528 200765 6.140020 27.357040
528 200752 7.870550 9.838660
528 201158 6.894740 24.704970
528 201585 0.036950 28.479020
528 202326 9.308140 21.979670
528 201967 16.373610 4.342940
528 201569 0.139800 20.758290
528 201600 41.108490 14.827380
528 201950 25.223250 41.809620
528 203076 35.981760 25.643260