0 -1 40.812040 20.084220
0 2547 28.916860 35.068810
0 101123 48.725710 43.892730
0 201177 42.056520 5.391510
0 204020 49.475990 4.788020
0 1626159 39.619670 20.411790
0 203124 60.948260 24.972800
0 202682 46.883900 15.327870
0 204038 58.859510 36.704490
0 1626170 58.712710 20.923770
0 204001 42.599920 24.993310
12 -1 44.894840 18.183040
12 2547 30.713470 35.014210
12 101123 50.500740 44.001030
12 201177 43.877310 4.866190
12 204020 52.028610 4.930900
12 1626159 41.184900 20.140470
12 203124 62.374940 24.395960
12 202682 48.591360 15.957460
12 204038 60.135630 36.942240
12 1626170 59.766510 20.645750
12 204001 43.723730 24.246650
24 -1 48.625690 16.175280
24 2547 32.450140 35.063750
24 101123 52.276710 44.098590
24 201177 45.717650 4.445870
24 204020 54.590450 5.151930
24 1626159 42.637780 19.918920
24 203124 63.854540 23.720090
24 202682 50.222210 16.567510
24 204038 61.373690 37.144090
24 1626170 60.876130 20.278630
24 204001 44.808840 23.722570
36 -1 52.205660 14.637180
36 2547 34.201860 35.119520
36 101123 54.028380 44.175990
36 201177 47.550950 4.128610
36 204020 57.101490 5.446540
36 1626159 44.039240 19.678150
36 203124 65.472200 23.317790
36 202682 51.823240 17.140370
36 204038 62.608930 37.376430
36 1626170 61.976900 19.667860
36 204001 45.930650 23.331160
48 -1 55.973350 12.558590
48 2547 35.964470 35.174580
48 101123 55.692390 44.151060
48 201177 49.401490 3.907120
48 204020 59.587950 5.774940
48 1626159 45.402430 19.384680
48 203124 67.077220 22.946360
48 202682 53.420280 17.747300
48 204038 63.895120 37.515000
48 1626170 63.170810 18.878350
48 204001 47.092460 23.097310
60 -1 59.426230 11.164040
60 2547 37.700250 35.228120
60 101123 57.353260 44.117190
60 201177 51.223290 3.777910
60 204020 62.005960 6.146980
60 1626159 46.685660 19.117360
60 203124 68.778100 22.718330
60 202682 54.969640 18.290600
60 204038 65.216360 37.576150
60 1626170 64.530510 18.187540
60 204001 48.267400 22.926680
72 -1 62.930870 9.444250
72 2547 39.425810 35.224080
72 101123 58.964430 44.029650
72 201177 53.042700 3.729660
72 204020 64.358700 6.588130
72 1626159 47.880910 18.904700
72 203124 70.422810 22.527020
72 202682 56.396990 18.662120
72 204038 66.495970 37.640060
72 1626170 65.923430 17.530490
72 204001 49.449890 22.855530
84 -1 66.448020 7.706340
84 2547 41.126100 35.253640
84 101123 60.483120 44.004950
84 201177 54.792080 3.719040
84 204020 66.570200 6.982780
84 1626159 49.062210 18.728530
84 203124 72.030920 22.334540
84 202682 57.773530 18.920550
84 204038 67.728620 37.672450
84 1626170 67.345910 16.898040
84 204001 50.700900 22.870170
96 -1 68.994070 7.687740
96 2547 42.805010 35.284970
96 101123 61.966380 44.018850
96 201177 56.546000 3.707120
96 204020 68.749090 7.373250
96 1626159 50.238330 18.614090
96 203124 73.555280 22.016240
96 202682 59.123580 19.238370
96 204038 68.829480 37.640760
96 1626170 69.020280 16.411780
96 204001 52.018890 22.956340
108 -1 71.349220 8.003540
108 2547 44.486760 35.337170
108 101123 63.454980 44.196030
108 201177 58.256430 3.688720
108 204020 70.726460 7.737240
108 1626159 51.341590 18.560590
108 203124 75.012570 21.720580
108 202682 60.317930 19.591450
108 204038 69.831880 37.725330
108 1626170 70.772320 15.898890
108 204001 53.403490 23.096490
120 -1 73.776870 8.507920
120 2547 46.154320 35.418780
120 101123 64.828820 44.353300
120 201177 59.932520 3.629860
120 204020 72.443420 8.085640
120 1626159 52.344740 18.549910
120 203124 76.373290 21.482670
120 202682 61.431040 19.912230
120 204038 70.726900 37.672910
120 1626170 72.558730 15.486640
120 204001 54.836680 23.219820
132 -1 75.935800 8.768170
132 2547 47.812110 35.513850
132 101123 66.048530 44.244950
132 201177 61.555720 3.462110
132 204020 73.965500 8.216630
132 1626159 53.278460 18.515310
132 203124 77.692090 21.217120
132 202682 62.658110 20.342650
132 204038 71.550000 37.457170
132 1626170 74.321490 15.053600
132 204001 56.304910 23.402970
144 -1 76.791030 9.359150
144 2547 49.468010 35.570570
144 101123 67.258870 44.198050
144 201177 63.155410 3.253890
144 204020 75.312960 8.206980
144 1626159 54.117410 18.453610
144 203124 78.964240 21.085140
144 202682 63.831780 20.802420
144 204038 72.396060 37.251820
144 1626170 75.982710 14.679940
144 204001 57.751860 23.629020
156 -1 76.131610 9.643920
156 2547 51.065950 35.606110
156 101123 68.428550 44.266880
156 201177 64.659000 3.107440
156 204020 76.422450 7.976090
156 1626159 54.877730 18.422350
156 203124 79.966860 20.851630
156 202682 64.903590 21.130910
156 204038 73.284760 37.087670
156 1626170 77.400060 14.283730
156 204001 59.210320 23.876170
168 -1 74.775640 8.649430
168 2547 52.642180 35.639460
168 101123 69.490010 44.349400
168 201177 66.010000 3.025000
168 204020 77.469060 7.575070
168 1626159 55.567440 18.468270
168 203124 80.785330 20.566110
168 202682 66.039610 21.314390
168 204038 74.222560 36.949650
168 1626170 78.608370 13.952380
168 204001 60.650220 24.175670
180 -1 73.458130 7.286100
180 2547 54.200470 35.713320
180 101123 70.511170 44.458260
180 201177 67.228420 2.988360
180 204020 78.518760 7.043410
180 1626159 56.221340 18.562910
180 203124 81.466880 20.202120
180 202682 67.080610 21.403020
180 204038 75.083160 36.876080
180 1626170 79.560470 13.422490
180 204001 62.107450 24.594440
192 -1 72.169130 6.035800
192 2547 55.693900 35.815700
192 101123 71.553350 44.849170
192 201177 68.286710 3.017080
192 204020 79.519090 6.493100
192 1626159 56.837400 18.759750
192 203124 81.937350 19.861240
192 202682 67.968930 21.435630
192 204038 75.873710 36.880020
192 1626170 80.443880 12.907540
192 204001 63.521450 24.999960
204 -1 70.985210 4.826350
204 2547 57.118830 35.893760
204 101123 72.454890 45.080360
204 201177 69.194680 3.162670
204 204020 80.489610 5.951840
204 1626159 57.399070 19.044780
204 203124 82.271500 19.596820
204 202682 68.804120 21.463410
204 204038 76.584210 36.801300
204 1626170 81.260410 12.376830
204 204001 64.954520 25.395050
216 -1 70.593980 4.065630
216 2547 58.524280 35.969070
216 101123 73.199990 45.149610
216 201177 69.976860 3.324850
216 204020 81.427880 5.476170
216 1626159 57.880880 19.345840
216 203124 82.469730 19.565920
216 202682 69.445500 21.445180
216 204038 77.259460 36.683900
216 1626170 81.994180 11.865860
216 204001 66.343910 25.811840
228 -1 71.159990 4.323350
228 2547 59.849000 36.074900
228 101123 73.848840 45.111770
228 201177 70.720290 3.516000
228 204020 82.289260 5.027040
228 1626159 58.314410 19.611340
228 203124 82.605360 19.672840
228 202682 69.901360 21.301210
228 204038 77.822870 36.488180
228 1626170 82.667870 11.423250
228 204001 67.652650 26.030780
240 -1 71.487590 4.875940
240 2547 61.080210 36.185640
240 101123 74.411250 45.032740
240 201177 71.459190 3.765350
240 204020 83.039810 4.568000
240 1626159 58.710110 19.848890
240 203124 82.738940 19.832380
240 202682 70.291280 21.149510
240 204038 78.397870 36.400690
240 1626170 83.294600 10.980520
240 204001 68.876040 26.157540
252 -1 72.088910 5.155600
252 2547 62.259260 36.250740
252 101123 74.915310 44.945630
252 201177 72.200090 4.128750
252 204020 83.703550 4.114000
252 1626159 59.089490 20.058600
252 203124 82.761250 19.971680
252 202682 70.553920 21.077680
252 204038 79.019660 36.378210
252 1626170 83.871990 10.487050
252 204001 69.988940 26.112040
264 -1 72.296140 5.814660
264 2547 63.359950 36.373310
264 101123 75.348630 44.881590
264 201177 72.970700 4.593160
264 204020 84.286030 3.691430
264 1626159 59.466420 20.242250
264 203124 82.668190 20.025130
264 202682 70.683350 20.941090
264 204038 79.593450 36.454570
264 1626170 84.424840 10.071140
264 204001 71.123190 26.182160
276 -1 72.525620 6.248850
276 2547 64.351470 36.482080
276 101123 75.744600 44.831700
276 201177 73.867180 5.281930
276 204020 84.807560 3.289730
276 1626159 59.844770 20.409470
276 203124 82.613990 19.916680
276 202682 70.838480 20.838040
276 204038 80.132200 36.493080
276 1626170 84.959090 9.738130
276 204001 72.288300 26.376310
288 -1 73.145920 6.816960
288 2547 65.262350 36.528510
288 101123 76.207640 44.975390
288 201177 74.737180 6.039130
288 204020 85.274510 2.929120
288 1626159 60.238380 20.585780
288 203124 82.560890 19.640110
288 202682 70.883280 20.911310
288 204038 80.640420 36.504190
288 1626170 85.456030 9.429140
288 204001 73.385850 26.521040
300 -1 74.406910 7.977640
300 2547 66.101100 36.569200
300 101123 76.621750 45.172550
300 201177 75.555490 6.912800
300 204020 85.692270 2.635750
300 1626159 60.627720 20.795820
300 203124 82.406360 19.129060
300 202682 70.843440 21.206970
300 204038 81.087210 36.481620
300 1626170 85.908120 9.188720
300 204001 74.491590 26.727370
312 -1 75.411770 9.032120
312 2547 66.841930 36.673290
312 101123 77.015700 45.418260
312 201177 76.306980 7.878740
312 204020 86.052360 2.426330
312 1626159 60.960680 21.020280
312 203124 82.374290 18.668080
312 202682 70.832740 21.378330
312 204038 81.379800 36.428320
312 1626170 86.276740 9.091490
312 204001 75.663310 26.993590
324 -1 75.738260 9.851180
324 2547 67.502620 36.838520
324 101123 77.385970 45.715480
324 201177 77.009650 8.944530
324 204020 86.336280 2.245900
324 1626159 61.261240 21.244430
324 203124 82.417210 18.284310
324 202682 70.956540 21.465100
324 204038 81.550700 36.374990
324 1626170 86.558750 8.995690
324 204001 76.719890 27.107980
336 -1 75.553100 10.211350
336 2547 68.031430 37.088150
336 101123 77.777390 45.986570
336 201177 77.503950 10.024960
336 204020 86.522430 2.071360
336 1626159 61.526960 21.436250
336 203124 82.476200 17.898690
336 202682 71.100880 21.501160
336 204038 81.604860 36.376070
336 1626170 86.752330 8.899270
336 204001 77.600510 27.000830
348 -1 75.683190 11.156120
348 2547 68.388680 37.431010
348 101123 78.111680 46.154740
348 201177 77.863730 11.225570
348 204020 86.622710 1.944260
348 1626159 61.738170 21.576190
348 203124 82.413060 17.997280
348 202682 71.363710 21.409850
348 204038 81.562580 36.429980
348 1626170 86.876690 8.843780
348 204001 78.459010 27.126520
360 -1 76.163400 12.802270
360 2547 68.599440 37.815480
360 101123 78.447090 46.362990
360 201177 78.107350 12.567070
360 204020 86.625760 1.842430
360 1626159 61.896410 21.637080
360 203124 82.312320 18.520620
360 202682 71.700990 21.185350
360 204038 81.463020 36.526650
360 1626170 86.930990 8.844540
360 204001 79.171980 27.257630
372 -1 76.957810 14.740880
372 2547 68.690480 38.170310
372 101123 78.743350 46.556010
372 201177 78.315760 14.079440
372 204020 86.525340 1.758090
372 1626159 62.037310 21.599360
372 203124 82.313530 19.022740
372 202682 71.999250 21.034980
372 204038 81.357260 36.630200
372 1626170 86.945480 8.919250
372 204001 79.735070 27.463410
384 -1 77.093510 16.398950
384 2547 68.698780 38.497850
384 101123 79.048740 46.607690
384 201177 78.372830 15.649160
384 204020 86.329960 1.671590
384 1626159 62.188500 21.436730
384 203124 82.343330 19.568830
384 202682 72.143710 21.043480
384 204038 81.256410 36.752270
384 1626170 86.919520 9.105490
384 204001 80.131900 27.745770
396 -1 77.017480 17.342390
396 2547 68.698430 38.834100
396 101123 79.346710 46.635860
396 201177 78.409870 17.164420
396 204020 86.074100 1.609780
396 1626159 62.358190 21.153060
396 203124 82.414730 20.364520
396 202682 72.147400 21.158910
396 204038 81.172790 36.895790
396 1626170 86.863020 9.328460
396 204001 80.399960 28.150920
408 -1 77.022100 19.053590
408 2547 68.693150 38.924730
408 101123 79.649220 46.635210
408 201177 78.556700 18.824880
408 204020 85.773030 1.559560
408 1626159 62.544100 20.786860
408 203124 82.662450 21.004240
408 202682 72.023450 21.363200
408 204038 81.116320 37.112780
408 1626170 86.777730 9.537360
408 204001 80.486650 28.673560
420 -1 77.861550 21.502730
420 2547 68.672010 38.788000
420 101123 79.997050 46.540960
420 201177 78.781320 20.378430
420 204020 85.441830 1.539160
420 1626159 62.751620 20.470470
420 203124 83.033150 21.635820
420 202682 71.908890 21.551300
420 204038 81.137040 37.424240
420 1626170 86.668470 9.862710
420 204001 80.448680 29.207320
432 -1 77.776350 24.127150
432 2547 68.597170 38.611470
432 101123 80.373300 46.475230
432 201177 79.085330 21.829440
432 204020 85.104810 1.559080
432 1626159 63.004540 20.115600
432 203124 83.310190 22.413300
432 202682 71.866280 21.615780
432 204038 81.210820 37.760980
432 1626170 86.523750 10.128180
432 204001 80.273220 29.723710
444 -1 75.256510 28.419030
444 2547 68.453610 38.389820
444 101123 80.804090 46.544790
444 201177 79.548490 23.294470
444 204020 84.780030 1.650990
444 1626159 63.317140 19.685960
444 203124 83.477480 23.157730
444 202682 71.900560 21.636260
444 204038 81.355080 38.186380
444 1626170 86.342480 10.400260
444 204001 79.955860 30.282800
456 -1 72.833120 32.391790
456 2547 68.271300 38.281080
456 101123 81.258410 46.866440
456 201177 80.194420 24.954590
456 204020 84.449560 1.781210
456 1626159 63.632360 19.321750
456 203124 83.688910 23.762800
456 202682 72.107370 21.664100
456 204038 81.589060 38.782240
456 1626170 86.172660 10.745560
456 204001 79.525200 30.832520
468 -1 70.411170 36.365360
468 2547 68.138750 38.343500
468 101123 81.625870 46.911720
468 201177 80.886510 26.497530
468 204020 84.091970 1.933380
468 1626159 63.931760 18.984630
468 203124 83.937650 24.263120
468 202682 72.420960 21.515970
468 204038 81.886390 39.456910
468 1626170 86.019560 11.206200
468 204001 79.045650 31.421930
480 -1 69.584860 37.746530
480 2547 68.053900 38.318550
480 101123 81.965230 47.133730
480 201177 81.652470 28.090810
480 204020 83.710900 2.098280
480 1626159 64.239850 18.439460
480 203124 84.139470 24.667140
480 202682 72.814160 21.419010
480 204038 82.174940 39.997110
480 1626170 85.906770 11.626220
480 204001 78.490530 32.157670
492 -1 69.291910 37.862380
492 2547 68.034870 38.340270
492 101123 82.264890 47.374010
492 201177 82.453130 29.651460
492 204020 83.304220 2.275510
492 1626159 64.489000 17.879110
492 203124 84.348280 25.060850
492 202682 73.186440 21.363160
492 204038 82.516680 40.669610
492 1626170 85.829370 12.129760
492 204001 77.896490 32.920040
504 -1 69.752440 37.872190
504 2547 68.111520 38.459310
504 101123 82.463750 47.546160
504 201177 83.250610 31.086110
504 204020 82.867710 2.448820
504 1626159 64.652340 17.441400
504 203124 84.696290 25.666000
504 202682 73.504380 21.197000
504 204038 82.842820 41.251500
504 1626170 85.769010 12.608730
504 204001 77.309590 33.575770
516 -1 69.816660 38.043480
516 2547 68.250250 38.318250
516 101123 82.550060 47.505290
516 201177 84.003100 32.295250
516 204020 82.450120 2.671520
516 1626159 64.711190 16.935010
516 203124 84.992300 26.250190
516 202682 73.900150 20.976760
516 204038 83.109190 41.637480
516 1626170 85.687580 13.013430
516 204001 76.675500 34.182430
528 -1 69.164450 38.211200
528 2547 68.410010 38.141460
528 101123 82.581870 47.731990
528 201177 84.750350 33.371620
528 204020 82.052200 2.962670
528 1626159 64.746740 16.385900
528 203124 85.251800 26.812320
528 202682 74.375080 20.893290
528 204038 83.236890 41.708280
528 1626170 85.620270 13.379990
528 204001 75.976540 34.567300
540 -1 69.161200 37.978150
540 2547 68.608200 38.217980
540 101123 82.489390 47.824000
540 201177 85.528890 34.425590
540 204020 81.684460 3.357330
540 1626159 64.708300 15.907230
540 203124 85.650360 27.495250
540 202682 75.047150 20.796620
540 204038 83.290760 41.719590
540 1626170 85.572430 13.725380
540 204001 75.230250 34.801950
552 -1 69.877830 37.659620
552 2547 68.871910 38.293180
552 101123 82.298440 47.864880
552 201177 86.301610 35.386700
552 204020 81.358750 3.853850
552 1626159 64.531220 15.521210
552 203124 86.079910 28.164140
552 202682 75.753810 20.826520
552 204038 83.210870 41.479120
552 1626170 85.572030 14.066970
552 204001 74.325110 34.779380
564 -1 71.813560 36.293890
564 2547 69.090810 38.191760
564 101123 82.053750 47.903370
564 201177 87.071700 36.113510
564 204020 81.086470 4.504800
564 1626159 64.221240 15.114520
564 203124 86.497580 28.681530
564 202682 76.648830 20.984280
564 204038 83.061990 41.081250
564 1626170 85.649570 14.431450
564 204001 73.370050 34.779480
576 -1 73.746270 34.981720
576 2547 69.181840 38.116490
576 101123 81.779860 47.911740
576 201177 87.792240 36.720650
576 204020 80.838360 5.274840
576 1626159 63.797860 14.790030
576 203124 86.961990 29.308300
576 202682 77.521490 21.102050
576 204038 82.862960 40.535650
576 1626170 85.800500 14.839610
576 204001 72.482270 34.816250
588 -1 75.544810 33.764920
588 2547 69.193780 38.043750
588 101123 81.505550 47.865190
588 201177 88.384540 37.246610
588 204020 80.646570 6.163040
588 1626159 63.231620 14.535030
588 203124 87.305110 30.014310
588 202682 78.465940 21.511560
588 204038 82.682950 40.015680
588 1626170 85.989220 15.270420
588 204001 71.609940 34.901910
600 -1 77.458880 32.563060
600 2547 69.037720 38.040430
600 101123 81.253020 47.868360
600 201177 88.842940 37.498160
600 204020 80.514910 7.173830
600 1626159 62.524950 14.333300
600 203124 87.595230 30.392500
600 202682 79.248990 21.862240
600 204038 82.441700 39.565160
600 1626170 86.162660 15.675490
600 204001 70.750610 35.012740
612 -1 79.262160 31.305490
612 2547 68.765460 38.047030
612 101123 80.885130 47.533280
612 201177 89.258790 37.648150
612 204020 80.455150 8.278880
612 1626159 61.773690 14.047650
612 203124 87.811260 30.726480
612 202682 80.092170 22.147280
612 204038 82.120840 38.936060
612 1626170 86.281560 16.073790
612 204001 69.941700 35.356730
624 -1 81.177920 30.051980
624 2547 68.394540 38.109080
624 101123 80.535270 47.206390
624 201177 89.512170 37.702650
624 204020 80.477270 9.396130
624 1626159 60.953900 13.764280
624 203124 87.980430 31.073850
624 202682 80.885720 22.464970
624 204038 81.875030 38.239970
624 1626170 86.260480 16.472790
624 204001 69.117870 35.651770
636 -1 83.112290 28.941170
636 2547 67.787830 38.352880
636 101123 80.146410 46.757910
636 201177 89.579530 37.529450
636 204020 80.578260 10.609480
636 1626159 60.141600 13.497320
636 203124 88.092260 31.215890
636 202682 81.694300 23.012540
636 204038 81.602900 37.556640
636 1626170 86.108800 16.852830
636 204001 68.256790 35.874710
648 -1 84.841870 27.619730
648 2547 67.034580 38.629540
648 101123 79.715210 46.305980
648 201177 89.601390 37.176380
648 204020 80.720930 11.887020
648 1626159 59.289320 13.267940
648 203124 88.264140 31.104200
648 202682 82.468540 23.330160
648 204038 81.344650 36.796070
648 1626170 85.922630 17.093310
648 204001 67.394800 36.016670
660 -1 86.592730 26.431700
660 2547 66.236760 38.807730
660 101123 79.232510 45.758880
660 201177 89.465920 36.776350
660 204020 80.901100 13.095760
660 1626159 58.478820 13.067760
660 203124 88.290310 31.062730
660 202682 83.250100 23.621170
660 204038 81.142120 35.887390
660 1626170 85.623620 17.322270
660 204001 66.537050 36.274370
672 -1 88.290940 25.286630
672 2547 65.167020 38.961620
672 101123 78.818640 45.482150
672 201177 89.088610 36.092010
672 204020 81.079390 14.205650
672 1626159 57.680770 12.926210
672 203124 88.213550 30.934450
672 202682 84.045550 23.892150
672 204038 80.992310 35.101760
672 1626170 85.182780 17.683460
672 204001 65.808320 36.438000
684 -1 88.953830 24.718560
684 2547 64.019340 39.148080
684 101123 78.337380 45.107550
684 201177 88.601220 35.321540
684 204020 81.204400 15.265690
684 1626159 56.866120 12.844990
684 203124 88.050030 30.676020
684 202682 84.970450 24.186550
684 204038 80.777640 34.470820
684 1626170 84.734740 17.833100
684 204001 65.148880 36.659130
696 -1 88.660930 24.546280
696 2547 62.944550 39.183960
696 101123 77.847460 45.061230
696 201177 88.009090 34.592530
696 204020 81.162090 16.224100
696 1626159 56.018120 12.793350
696 203124 87.835090 30.382300
696 202682 85.781750 24.247260
696 204038 80.469700 33.634340
696 1626170 84.292470 17.835850
696 204001 64.522840 36.986010
708 -1 88.369550 24.483590
708 2547 61.804040 39.206180
708 101123 77.336400 44.947470
708 201177 87.251140 34.087180
708 204020 80.916860 17.038400
708 1626159 55.157350 12.740260
708 203124 87.440690 30.071520
708 202682 86.508550 24.236190
708 204038 80.065520 32.891320
708 1626170 83.794400 17.924730
708 204001 63.951590 37.435340
720 -1 88.092950 24.277850
720 2547 60.580120 39.187880
720 101123 76.913530 44.834920
720 201177 86.469390 33.475630
720 204020 80.441660 17.774970
720 1626159 54.285180 12.688740
720 203124 86.956370 29.726240
720 202682 87.208310 24.276180
720 204038 79.594590 32.176040
720 1626170 83.439480 17.875600
720 204001 63.400480 37.718120
732 -1 87.613980 24.328380
732 2547 59.391550 39.082020
732 101123 76.447090 44.634560
732 201177 85.633450 33.095820
732 204020 79.802500 18.474140
732 1626159 53.399110 12.607770
732 203124 86.410340 29.411320
732 202682 87.971010 24.271990
732 204038 78.965220 31.502150
732 1626170 83.176900 17.660110
732 204001 62.792210 38.011760
744 -1 87.257600 24.505480
744 2547 58.045120 38.934430
744 101123 75.878080 44.513510
744 201177 84.579010 32.850380
744 204020 78.922390 19.038680
744 1626159 52.498660 12.489550
744 203124 85.787290 29.093920
744 202682 88.630660 24.189850
744 204038 78.136230 30.598900
744 1626170 82.941980 17.654130
744 204001 62.159190 38.114960
756 -1 88.049180 24.345670
756 2547 56.643250 38.760600
756 101123 75.295930 44.185720
756 201177 83.403580 32.658790
756 204020 77.907220 19.513130
756 1626159 51.616160 12.348230
756 203124 85.037890 28.782250
756 202682 89.356920 24.014550
756 204038 77.180660 29.879250
756 1626170 82.763590 17.719410
756 204001 61.483990 38.379380
768 -1 89.234250 24.437800
768 2547 55.174090 38.551310
768 101123 74.693000 43.901190
768 201177 82.073510 32.281090
768 204020 76.781040 19.923030
768 1626159 50.742360 12.216230
768 203124 84.325650 28.551860
768 202682 90.166940 23.811680
768 204038 76.030090 29.161980
768 1626170 82.638910 17.714780
768 204001 60.776700 38.555700
780 -1 90.485340 24.458380
780 2547 53.654210 38.343210
780 101123 73.917020 43.500540
780 201177 80.552250 32.117050
780 204020 75.588900 20.332090
780 1626159 49.825590 12.142200
780 203124 83.532040 28.404990
780 202682 90.986080 23.573110
780 204038 74.708750 28.474320
780 1626170 82.458010 17.742940
780 204001 60.045670 38.721300
792 -1 91.714610 24.368510
792 2547 52.067060 38.164110
792 101123 73.133310 43.017780
792 201177 78.921220 31.918520
792 204020 74.217820 20.658440
792 1626159 48.918620 12.217140
792 203124 82.616580 28.120080
792 202682 91.712560 23.332880
792 204038 73.225510 27.694120
792 1626170 82.337880 17.624250
792 204001 59.309560 38.979890
804 -1 92.211530 23.722690
804 2547 50.553990 37.924040
804 101123 72.428090 42.478440
804 201177 77.389130 31.575180
804 204020 72.835370 21.011670
804 1626159 48.051480 12.318690
804 203124 81.651140 27.900630
804 202682 92.377480 23.079860
804 204038 71.591570 27.095530
804 1626170 82.260490 17.354030
804 204001 58.527260 39.349560
816 -1 92.681600 23.526960
816 2547 49.019730 37.665960
816 101123 71.669640 41.883880
816 201177 75.820800 31.362400
816 204020 71.413050 21.316340
816 1626159 47.186030 12.469540
816 203124 80.628580 27.742360
816 202682 93.021290 22.976700
816 204038 69.970240 26.464580
816 1626170 82.206550 16.998010
816 204001 57.672770 39.474640
828 -1 93.262000 23.383620
828 2547 47.432920 37.445150
828 101123 70.864980 41.232950
828 201177 74.302730 31.453900
828 204020 70.005350 21.750750
828 1626159 46.320930 12.659360
828 203124 79.405770 27.661570
828 202682 93.576730 22.862440
828 204038 68.250370 25.768970
828 1626170 82.093660 16.561970
828 204001 56.728520 39.601080