0 -1 52.899470 16.485540
0 202696 65.594790 27.018530
0 202699 61.253980 9.991700
0 203506 59.327830 38.388920
0 203901 60.925760 20.734090
0 203095 10.081050 15.683250
0 201142 50.962380 17.250420
0 201566 44.657160 41.741420
0 201586 51.942770 44.608530
0 203460 59.625290 2.224970
0 203500 41.139960 29.927460
12 -1 54.290380 16.166340
12 202696 67.106930 26.703940
12 202699 63.404760 10.142370
12 203506 61.171320 38.144190
12 203901 62.297680 20.472320
12 203095 11.551660 15.933210
12 201142 53.219400 17.356650
12 201566 46.050110 42.211590
12 201586 53.772440 44.918440
12 203460 62.148730 2.359520
12 203500 42.990780 29.640010
24 -1 55.797780 16.061810
24 202696 68.649910 26.401480
24 202699 65.572160 10.463190
24 203506 62.940440 37.874290
24 203901 63.697280 20.192400
24 203095 13.102930 16.190080
24 201142 55.432130 17.677120
24 201566 47.441550 42.613280
24 201586 55.571030 45.216690
24 203460 64.617310 2.522560
24 203500 44.861210 29.355670
36 -1 58.249110 16.713390
36 202696 70.043110 25.988750
36 202699 67.611580 10.705730
36 203506 64.641360 37.595970
36 203901 65.067510 19.958910
36 203095 14.731640 16.463140
36 201142 57.539550 18.124890
36 201566 48.825680 42.954430
36 201586 57.376710 45.528950
36 203460 66.980440 2.686520
36 203500 46.743330 29.058480
48 -1 61.316390 18.743930
48 202696 71.385500 25.637080
48 202699 69.540990 10.993290
48 203506 66.342590 37.287100
48 203901 66.486070 19.849700
48 203095 16.377340 16.777450
48 201142 59.683300 18.701540
48 201566 50.212470 43.179270
48 201586 59.156210 45.854020
48 203460 69.221640 2.781220
48 203500 48.600890 28.777020
60 -1 63.643800 20.934290
60 202696 72.638340 25.386370
60 202699 71.390980 11.439600
60 203506 68.037120 36.934580
60 203901 68.092500 19.992510
60 203095 18.049630 17.099820
60 201142 61.841810 19.348010
60 201566 51.601720 43.283270
60 201586 60.858710 46.145220
60 203460 71.365520 2.876750
60 203500 50.463110 28.474820
72 -1 65.645530 22.677670
72 202696 73.819590 24.888410
72 202699 73.148530 11.878080
72 203506 69.697320 36.557030
72 203901 69.540630 20.093780
72 203095 19.807200 17.429840
72 201142 64.092840 20.174790
72 201566 53.006420 43.328170
72 201586 62.585040 46.400320
72 203460 73.408940 2.923280
72 203500 52.373380 28.185600
84 -1 66.652710 23.394830
84 202696 74.831180 24.429240
84 202699 74.751490 12.170430
84 203506 71.318960 36.153650
84 203901 70.915970 20.382250
84 203095 21.581660 17.790910
84 201142 66.484780 21.013940
84 201566 54.355990 43.271450
84 201586 64.305800 46.643400
84 203460 75.401580 3.014410
84 203500 54.244600 27.894960
96 -1 67.955410 24.066860
96 202696 76.042580 24.258680
96 202699 76.344440 12.658490
96 203506 72.857110 35.733250
96 203901 72.278600 20.787870
96 203095 23.392610 18.149830
96 201142 68.653090 21.811260
96 201566 55.710670 43.121480
96 201586 65.941780 46.853540
96 203460 77.278990 3.118060
96 203500 56.122480 27.583190
108 -1 69.618140 24.818370
108 202696 77.244470 24.226870
108 202699 77.869540 13.237020
108 203506 74.332010 35.342700
108 203901 73.601590 21.327050
108 203095 25.266700 18.524620
108 201142 70.753250 22.773210
108 201566 57.043360 42.884610
108 201586 67.559070 47.048560
108 203460 78.985260 3.266360
108 203500 58.039250 27.273590
120 -1 71.979480 25.490390
120 202696 78.446360 24.280090
120 202699 79.262300 13.846960
120 203506 75.713600 34.916090
120 203901 74.837330 21.759910
120 203095 27.167410 18.918660
120 201142 72.958440 23.985830
120 201566 58.297430 42.591140
120 201586 69.194540 47.268120
120 203460 80.666200 3.497300
120 203500 59.915250 26.965560
132 -1 74.065080 26.369670
132 202696 79.614970 24.880160
132 202699 80.484340 14.482450
132 203506 76.980030 34.478400
132 203901 76.242140 22.361190
132 203095 29.035840 19.313510
132 201142 75.036780 25.043520
132 201566 59.514550 42.275830
132 201586 70.701610 47.446420
132 203460 82.120290 3.652080
132 203500 61.758500 26.628400
144 -1 77.112750 27.625930
144 202696 80.728510 25.597020
144 202699 81.577670 15.186240
144 203506 78.196840 34.110370
144 203901 77.644670 23.031260
144 203095 30.903670 19.663610
144 201142 76.951520 25.579860
144 201566 60.726770 41.933360
144 201586 72.132260 47.591050
144 203460 83.396230 3.754070
144 203500 63.625050 26.292070
156 -1 78.888050 27.615120
156 202696 81.603890 26.423230
156 202699 82.549460 15.902390
156 203506 79.421480 33.861790
156 203901 79.013600 23.645860
156 203095 32.780520 19.999550
156 201142 79.017210 25.968140
156 201566 61.775560 41.545580
156 201586 73.532110 47.681380
156 203460 84.457310 3.700760
156 203500 65.539540 25.998450
168 -1 80.700790 27.709530
168 202696 82.390930 27.232840
168 202699 83.389250 16.619000
168 203506 80.492730 33.665020
168 203901 80.295210 24.268600
168 203095 34.631890 20.312400
168 201142 80.937440 26.281020
168 201566 62.659800 41.124190
168 201586 74.833130 47.739940
168 203460 85.266840 3.510300
168 203500 67.465050 25.663420
180 -1 82.906570 29.024570
180 202696 83.037450 27.968520
180 202699 84.127400 17.364920
180 203506 81.425410 33.586770
180 203901 81.472260 24.923630
180 203095 36.482050 20.611420
180 201142 82.624570 26.572990
180 201566 63.592350 40.776110
180 201586 76.008840 47.782010
180 203460 85.788180 3.213420
180 203500 69.369140 25.371480
192 -1 84.256930 30.098990
192 202696 83.808050 28.270500
192 202699 84.818290 18.168020
192 203506 82.296190 33.608900
192 203901 82.501290 25.504080
192 203095 38.365490 20.902990
192 201142 84.041030 27.100400
192 201566 64.418380 40.446320
192 201586 77.156950 47.842440
192 203460 86.185290 2.985670
192 203500 71.207150 25.122390
204 -1 84.694600 32.258190
204 202696 84.648220 28.403020
204 202699 85.502590 19.011370
204 203506 83.094460 33.735740
204 203901 83.360820 26.046680
204 203095 40.236150 21.221930
204 201142 85.421520 27.943090
204 201566 64.959110 40.037750
204 201586 78.269360 47.894350
204 203460 86.329130 2.685300
204 203500 72.987300 24.929790
216 -1 84.854350 32.934650
216 202696 85.588590 28.411330
216 202699 86.064160 19.873230
216 203506 83.754000 33.806340
216 203901 84.067880 26.607490
216 203095 42.088960 21.568820
216 201142 86.766900 28.872850
216 201566 65.433770 39.743820
216 201586 79.386720 47.913920
216 203460 86.388780 2.483970
216 203500 74.649440 24.848960
228 -1 85.150530 32.437860
228 202696 86.559940 28.356840
228 202699 86.487860 20.557590
228 203506 84.357870 33.796430
228 203901 84.514860 27.051400
228 203095 43.979260 21.953200
228 201142 87.968850 29.708060
228 201566 65.844830 39.610160
228 201586 80.350690 47.959010
228 203460 86.435750 2.405810
228 203500 76.274130 24.629780
240 -1 85.422170 31.835220
240 202696 87.688850 28.330250
240 202699 86.834340 21.091000
240 203506 84.841430 33.664350
240 203901 84.710340 27.444030
240 203095 45.857890 22.348040
240 201142 89.091390 30.475050
240 201566 66.015340 39.498730
240 201586 81.214830 47.985460
240 203460 86.404070 2.335860
240 203500 77.727090 24.389140
252 -1 85.629130 31.288930
252 202696 88.667590 28.552130
252 202699 87.111510 21.522810
252 203506 85.143380 33.311720
252 203901 84.788740 27.870080
252 203095 47.679340 22.809080
252 201142 90.197290 31.148280
252 201566 66.068100 39.400700
252 201586 81.981880 47.975150
252 203460 86.329810 2.274100
252 203500 79.056770 24.229670
264 -1 85.959330 30.713000
264 202696 89.523170 28.893560
264 202699 87.199670 21.751030
264 203506 85.303030 32.727350
264 203901 84.699210 28.339460
264 203095 49.476870 23.325520
264 201142 91.040010 31.796470
264 201566 66.177090 39.417550
264 201586 82.588490 47.957000
264 203460 86.242950 2.242760
264 203500 80.137250 24.138530
276 -1 85.719880 30.615840
276 202696 90.254810 29.225380
276 202699 87.047510 21.583870
276 203506 85.228410 32.043410
276 203901 84.574150 28.858270
276 203095 51.153680 23.882050
276 201142 91.537010 32.352640
276 201566 66.224640 39.349100
276 201586 82.970840 47.965500
276 203460 86.091270 2.257260
276 203500 80.716830 23.921490
288 -1 84.590450 30.616210
288 202696 90.823630 29.493270
288 202699 86.714790 21.334410
288 203506 84.999280 31.490020
288 203901 84.321910 29.264020
288 203095 52.639730 24.417830
288 201142 91.911830 32.787750
288 201566 66.139830 39.077340
288 201586 83.311650 47.901130
288 203460 85.900740 2.297370
288 203500 80.877570 23.949310
300 -1 83.177270 30.016900
300 202696 91.161480 29.718200
300 202699 86.188330 20.999600
300 203506 84.739780 31.026710
300 203901 84.014530 29.884590
300 203095 54.001690 24.973860
300 201142 92.079740 33.024380
300 201566 65.995020 38.694080
300 201586 83.537100 47.813340
300 203460 85.700980 2.400760
300 203500 80.771290 24.073170
312 -1 81.715840 29.571120
312 202696 91.324180 29.933340
312 202699 85.335800 20.434420
312 203506 84.366220 30.604890
312 203901 83.573530 30.844330
312 203095 55.106860 25.455750
312 201142 92.029970 33.095750
312 201566 65.892450 38.249030
312 201586 83.631560 47.738600
312 203460 85.468590 2.551950
312 203500 80.378340 24.261330
324 -1 80.361430 28.986900
324 202696 91.378960 30.163780
324 202699 84.223070 19.746910
324 203506 83.644370 30.226190
324 203901 83.093930 31.837550
324 203095 55.853980 25.861410
324 201142 91.887950 33.171260
324 201566 65.704250 37.682070
324 201586 83.606740 47.704360
324 203460 85.208840 2.746650
324 203500 79.736570 24.468250
336 -1 79.001840 28.640400
336 202696 91.326610 30.321500
336 202699 83.024560 19.160300
336 203506 82.684510 29.938290
336 203901 82.407950 32.889110
336 203095 56.320850 26.161740
336 201142 91.731890 33.357980
336 201566 65.278370 36.970780
336 201586 83.487130 47.721310
336 203460 84.966610 3.008310
336 203500 79.193130 24.919900
348 -1 77.637000 28.085770
348 202696 91.194110 30.455990
348 202699 81.707270 18.572260
348 203506 81.329380 29.274960
348 203901 81.738100 34.191980
348 203095 56.540840 26.398710
348 201142 91.539490 33.770660
348 201566 64.736490 36.275200
348 201586 83.315500 47.763360
348 203460 84.665060 3.268920
348 203500 78.613490 25.494470
360 -1 76.819440 27.764640
360 202696 91.040350 30.569510
360 202699 80.275140 17.975210
360 203506 79.962760 28.855920
360 203901 81.000960 35.375660
360 203095 56.522290 26.524650
360 201142 91.302250 34.233350
360 201566 64.177140 35.558870
360 201586 83.151930 47.823900
360 203460 84.328020 3.541950
360 203500 77.992870 26.084120
372 -1 77.052810 27.534420
372 202696 90.806850 30.620030
372 202699 78.798530 17.485730
372 203506 78.542670 28.763500
372 203901 80.269280 36.350410
372 203095 56.448060 26.562770
372 201142 91.105910 34.630250
372 201566 63.507960 34.771820
372 201586 83.011880 47.883540
372 203460 83.964470 3.826510
372 203500 77.356080 26.596900
384 -1 75.656140 27.645370
384 202696 90.544750 30.511040
384 202699 77.307560 17.122460
384 203506 77.152500 28.805300
384 203901 79.580370 37.299730
384 203095 56.426400 26.525940
384 201142 90.930110 35.035370
384 201566 62.888960 34.002260
384 201586 82.926070 47.910840
384 203460 83.594230 4.141060
384 203500 76.890990 27.021750
396 -1 75.659580 27.539950
396 202696 90.249210 30.282440
396 202699 75.802660 16.858460
396 203506 75.949930 29.036120
396 203901 78.930920 38.129760
396 203095 56.476830 26.366490
396 201142 90.732440 35.397300
396 201566 62.496200 33.292060
396 201586 82.910840 47.903060
396 203460 83.218680 4.445550
396 203500 76.581150 27.261920
408 -1 75.749590 27.593180
408 202696 89.862260 29.927360
408 202699 74.342560 16.674320
408 203506 74.759950 29.590820
408 203901 78.308350 38.860200
408 203095 56.638890 26.079100
408 201142 90.528120 35.558800
408 201566 62.275400 32.560390
408 201586 82.956400 47.904600
408 203460 82.922040 4.784790
408 203500 76.340340 27.344160
420 -1 75.929160 27.769240
420 202696 89.426230 29.583410
420 202699 72.994630 16.615990
420 203506 73.344690 29.941440
420 203901 77.694110 39.462280
420 203095 56.930930 25.788000
420 201142 90.341210 35.651320
420 201566 62.135880 31.818640
420 201586 83.071860 47.920770
420 203460 82.690680 5.202780
420 203500 76.211460 27.463860
432 -1 76.111880 28.140290
432 202696 89.015530 29.239840
432 202699 71.718500 16.579710
432 203506 71.940860 30.139130
432 203901 77.134450 39.914350
432 203095 57.345900 25.571490
432 201142 90.126300 35.830390
432 201566 62.090960 31.113340
432 201586 83.191830 47.979440
432 203460 82.551190 5.712160
432 203500 76.223100 27.586700
444 -1 76.224610 28.501640
444 202696 88.565380 28.952470
444 202699 70.661570 16.615490
444 203506 70.693930 30.343670
444 203901 76.687020 40.191360
444 203095 57.902620 25.433570
444 201142 89.939930 35.967190
444 201566 62.125630 30.435210
444 201586 83.324580 48.055620
444 203460 82.508160 6.304650
444 203500 76.341060 27.722530
456 -1 76.477560 28.743260
456 202696 87.993380 28.786890
456 202699 69.873780 16.680220
456 203506 69.513770 30.480540
456 203901 76.436250 40.345440
456 203095 58.544810 25.371910
456 201142 89.825350 36.065290
456 201566 62.203430 29.815400
456 201586 83.484340 48.168250
456 203460 82.519420 6.934350
456 203500 76.509380 27.749290
468 -1 77.234480 28.716750
468 202696 87.353110 28.510510
468 202699 69.428530 16.739380
468 203506 68.659450 30.666390
468 203901 76.418380 40.335230
468 203095 59.286660 25.521580
468 201142 89.733380 36.063950
468 201566 62.339790 29.230460
468 201586 83.681160 48.274660
468 203460 82.570430 7.691900
468 203500 76.916580 27.714610
480 -1 77.982950 28.350890
480 202696 86.660030 28.151450
480 202699 69.272750 16.815030
480 203506 67.961740 30.850040
480 203901 76.630390 40.188060
480 203095 60.073720 25.729470
480 201142 89.618530 35.913250
480 201566 62.497810 28.669520
480 201586 83.891920 48.357020
480 203460 82.670840 8.511930
480 203500 77.532830 27.605060
492 -1 79.459540 28.408010
492 202696 85.959960 27.759630
492 202699 69.344360 16.942130
492 203506 67.363400 31.083620
492 203901 77.017100 39.900060
492 203095 60.867280 25.998440
492 201142 89.613720 35.665080
492 201566 62.619590 28.173370
492 201586 84.195790 48.404710
492 203460 82.851260 9.422900
492 203500 78.283320 27.294930
504 -1 81.534830 29.541010
504 202696 85.302780 27.347380
504 202699 69.712180 17.063410
504 203506 66.825560 31.310540
504 203901 77.586550 39.466370
504 203095 61.644950 26.112340
504 201142 89.617710 35.322490
504 201566 62.669660 27.762660
504 201586 84.558790 48.441170
504 203460 83.134170 10.408240
504 203500 79.150620 26.989570
516 -1 83.798200 30.750200
516 202696 84.747610 26.887310
516 202699 70.404220 17.237740
516 203506 66.377980 31.509240
516 203901 78.311000 38.920750
516 203095 62.342230 26.170520
516 201142 89.586620 34.825750
516 201566 62.697320 27.386520
516 201586 84.902690 48.446750
516 203460 83.532110 11.504590
516 203500 80.158750 26.722070
528 -1 85.931980 31.839300
528 202696 84.380680 26.651980
528 202699 71.311370 17.449290
528 203506 66.035190 31.693580
528 203901 79.150900 38.243370
528 203095 62.932960 25.981720
528 201142 89.539790 34.236340
528 201566 62.711140 27.092100
528 201586 85.203220 48.449400
528 203460 84.006920 12.638630
528 203500 80.966790 26.351140
540 -1 87.905220 33.052440
540 202696 84.179000 26.488120
540 202699 72.354360 17.652480
540 203506 65.897010 31.930760
540 203901 80.079500 37.411810
540 203095 63.422580 25.759270
540 201142 89.525020 33.563100
540 201566 62.687740 26.888910
540 201586 85.416620 48.440270
540 203460 84.564120 13.840840
540 203500 81.595900 25.889880
552 -1 88.965080 32.208770
552 202696 83.878180 26.273400
552 202699 73.685710 17.888510
552 203506 65.729120 31.958860
552 203901 81.072460 36.463170
552 203095 63.840420 25.420850
552 201142 89.438190 32.742710
552 201566 62.679800 26.743590
552 201586 85.534380 48.452700
552 203460 85.125210 15.012470
552 203500 82.102230 25.396110
564 -1 89.389120 30.820200
564 202696 83.690230 26.080540
564 202699 75.042700 18.143380
564 203506 65.673030 32.033500
564 203901 82.115540 35.420860
564 203095 64.156740 25.176100
564 201142 89.314520 31.856760
564 201566 62.689050 26.646230
564 201586 85.525070 48.481380
564 203460 85.666350 16.091950
564 203500 82.302360 24.736190
576 -1 89.415070 30.109810
576 202696 83.610630 25.864860
576 202699 76.311630 18.417480
576 203506 65.652580 32.096130
576 203901 83.222760 34.338510
576 203095 64.461060 25.006430
576 201142 89.121690 30.889260
576 201566 62.683120 26.626860
576 201586 85.407840 48.512180
576 203460 86.135580 17.060820
576 203500 82.341370 24.034320
588 -1 89.459770 28.666960
588 202696 83.530710 25.646240
588 202699 77.395080 18.741150
588 203506 65.658890 32.107930
588 203901 84.343230 33.279490
588 203095 64.735650 24.972240
588 201142 88.833270 29.836760
588 201566 62.653940 26.676420
588 201586 85.164080 48.539550
588 203460 86.503100 17.897040
588 203500 82.118180 23.109770
600 -1 89.502980 27.521660
600 202696 83.460500 25.393140
600 202699 78.311730 18.982430
600 203506 65.609090 32.050490
600 203901 85.536980 32.356350
600 203095 64.961950 24.899110
600 201142 88.655140 28.998920
600 201566 62.575190 26.761880
600 201586 84.820540 48.565120
600 203460 86.663980 18.537070
600 203500 81.850500 22.080940
612 -1 88.984590 27.660200
612 202696 83.584720 25.283870
612 202699 79.174610 19.034690
612 203506 65.714650 32.132980
612 203901 86.750140 31.553520
612 203095 65.124980 24.829830
612 201142 88.443790 28.261420
612 201566 62.401770 26.850910
612 201586 84.407530 48.521430
612 203460 86.613800 19.038140
612 203500 81.358000 21.129550
624 -1 88.448460 27.224130
624 202696 83.766330 25.343160
624 202699 79.915840 18.976690
624 203506 65.809010 32.161480
624 203901 87.939390 30.876290
624 203095 65.243180 24.734230
624 201142 88.254650 27.555340
624 201566 62.187740 26.955460
624 201586 83.945390 48.425560
624 203460 86.376500 19.466780
624 203500 80.919080 20.472130
636 -1 88.482860 26.041150
636 202696 83.915270 25.480430
636 202699 80.521830 18.915460
636 203506 65.898670 32.180110
636 203901 89.005030 30.273760
636 203095 65.327540 24.592190
636 201142 88.161490 26.983580
636 201566 61.943540 27.062980
636 201586 83.449990 48.269720
636 203460 85.966130 19.732210
636 203500 80.313160 20.072470
648 -1 88.677070 24.734860
648 202696 84.004200 25.617100
648 202699 81.074720 18.748280
648 203506 65.956000 32.243030
648 203901 89.997870 29.711880
648 203095 65.355530 24.367770
648 201142 88.201170 26.581870
648 201566 61.645660 27.152810
648 201586 82.938980 48.072040
648 203460 85.438820 19.834920
648 203500 79.745540 20.041400
660 -1 88.882950 23.895240
660 202696 83.943640 25.791810
660 202699 81.586780 18.612520
660 203506 65.946620 32.359420
660 203901 90.889910 29.098650
660 203095 65.365950 24.093970
660 201142 88.080170 25.999660
660 201566 61.335180 27.201230
660 201586 82.408720 47.913560
660 203460 84.827860 19.943080
660 203500 78.998360 20.149780
672 -1 89.074560 23.000480
672 202696 83.822400 25.953080
672 202699 81.942720 18.589710
672 203506 65.846840 32.526900
672 203901 91.642320 28.332090
672 203095 65.367880 23.772380
672 201142 87.890000 25.205460
672 201566 61.031630 27.210900
672 201586 81.824740 47.797140
672 203460 84.260330 20.061350
672 203500 78.347470 20.366150
684 -1 89.252880 22.055640
684 202696 83.523890 25.980760
684 202699 82.236750 18.573040
684 203506 65.656590 32.717030
684 203901 92.255630 27.471040
684 203095 65.372540 23.409010
684 201142 87.610210 24.396100
684 201566 60.690490 27.193980
684 201586 81.228330 47.684830
684 203460 83.645530 20.274640
684 203500 77.448620 20.337400
696 -1 89.342490 21.366850
696 202696 83.119740 26.011480
696 202699 82.450940 18.427650
696 203506 65.393830 32.925270
696 203901 92.742940 26.584800
696 203095 65.379060 23.001930
696 201142 87.133610 23.509120
696 201566 60.330070 27.165310
696 201586 80.534980 47.610940
696 203460 83.006240 20.625070
696 203500 76.290200 20.015090
708 -1 89.393540 21.160150
708 202696 82.707850 26.095530
708 202699 82.622870 18.243020
708 203506 65.101770 33.169500
708 203901 93.027320 25.671580
708 203095 65.407710 22.557410
708 201142 86.415240 22.558430
708 201566 59.967030 27.155180
708 201586 79.814600 47.527750
708 203460 82.220700 21.147460
708 203500 75.100250 19.634910
720 -1 89.503390 21.200160
720 202696 82.374670 26.231610
720 202699 82.766910 17.993880
720 203506 64.783550 33.403890
720 203901 93.219870 24.771950
720 203095 65.458790 22.083890
720 201142 85.626880 21.720950
720 201566 59.596690 27.172790
720 201586 79.048400 47.377460
720 203460 81.411570 21.754720
720 203500 73.804520 19.201360
732 -1 89.321710 21.201240
732 202696 82.004990 26.426440
732 202699 82.927030 17.694420
732 203506 64.446730 33.601440
732 203901 93.305680 23.934960
732 203095 65.523080 21.607370
732 201142 84.798330 21.089790
732 201566 59.226630 27.235270
732 201586 78.239430 47.191470
732 203460 80.418900 22.364610
732 203500 72.295260 18.761380
744 -1 89.455950 21.217700
744 202696 81.597350 26.600800
744 202699 83.106240 17.382210
744 203506 64.140000 33.773110
744 203901 93.340180 23.185380
744 203095 65.606050 21.108400
744 201142 83.780160 20.479900
744 201566 58.871150 27.289410
744 201586 77.372410 46.993490
744 203460 79.206010 22.888710
744 203500 70.753160 18.341710
756 -1 89.481290 21.225610
756 202696 81.107940 26.727890
756 202699 83.285440 17.071990
756 203506 63.862670 33.923770
756 203901 93.267110 22.469820
756 203095 65.672240 20.572010
756 201142 82.693550 19.986410
756 201566 58.490970 27.332110
756 201586 76.554860 46.772950
756 203460 77.849110 23.364300
756 203500 69.434970 18.154120