0 -1 21.598500 30.102240 BALL
0 202330 16.716420 44.758560 PLAYER
0 202324 42.610900 22.973950 PLAYER
0 204060 37.236530 38.622160 PLAYER
0 203918 31.151320 31.890730 PLAYER
0 203504 42.907670 9.310540 PLAYER
0 202696 9.085630 25.727710 PLAYER
0 202699 28.763350 4.017650 PLAYER
0 203506 20.638960 31.777530 PLAYER
0 203901 38.573860 36.091980 PLAYER
0 203095 28.348530 11.136500 PLAYER
12 -1 23.039480 29.908170 BALL
12 202330 18.309120 44.726550 PLAYER
12 202324 44.589670 23.190760 PLAYER
12 204060 39.297350 38.157420 PLAYER
12 203918 33.143570 31.802920 PLAYER
12 203504 44.718060 9.395180 PLAYER
12 202696 10.053580 25.817000 PLAYER
12 202699 30.342290 3.950640 PLAYER
12 203506 22.908630 31.741400 PLAYER
12 203901 40.985610 36.156360 PLAYER
12 203095 30.355350 10.613470 PLAYER
24 -1 25.482010 29.870130 BALL
24 202330 19.970600 44.602990 PLAYER
24 202324 46.547030 23.465550 PLAYER
24 204060 41.355160 37.633460 PLAYER
24 203918 35.181000 31.669880 PLAYER
24 203504 46.534390 9.535710 PLAYER
24 202696 11.217300 25.834960 PLAYER
24 202699 31.885270 3.971050 PLAYER
24 203506 25.208080 31.732280 PLAYER
24 203901 43.472990 36.332210 PLAYER
24 203095 32.431960 10.086050 PLAYER
36 -1 28.469590 29.929440 BALL
36 202330 21.740750 44.350690 PLAYER
36 202324 48.557610 23.765250 PLAYER
36 204060 43.336680 37.094440 PLAYER
36 203918 37.210390 31.601280 PLAYER
36 203504 48.359750 9.673370 PLAYER
36 202696 12.496780 25.778830 PLAYER
36 202699 33.456200 4.049590 PLAYER
36 203506 27.576770 31.576620 PLAYER
36 203901 46.023950 36.441930 PLAYER
36 203095 34.589460 9.577130 PLAYER
48 -1 31.203580 29.513080 BALL
48 202330 23.558050 43.973930 PLAYER
48 202324 50.547220 24.101200 PLAYER
48 204060 45.351600 36.598550 PLAYER
48 203918 39.374570 31.520390 PLAYER
48 203504 50.158480 9.837330 PLAYER
48 202696 13.931210 25.621330 PLAYER
48 202699 35.018010 4.141120 PLAYER
48 203506 30.035540 31.243030 PLAYER
48 203901 48.561450 36.501980 PLAYER
48 203095 36.714340 9.163170 PLAYER
60 -1 32.700410 29.237450 BALL
60 202330 25.398470 43.524680 PLAYER
60 202324 52.539140 24.517580 PLAYER
60 204060 47.427210 36.136110 PLAYER
60 203918 41.574180 31.414860 PLAYER
60 203504 51.933540 10.055600 PLAYER
60 202696 15.457720 25.353640 PLAYER
60 202699 36.574510 4.309120 PLAYER
60 203506 32.484250 30.776220 PLAYER
60 203901 51.040050 36.541990 PLAYER
60 203095 38.858130 8.762460 PLAYER
72 -1 34.832640 28.419430 BALL
72 202330 27.234580 42.988410 PLAYER
72 202324 54.458260 24.949090 PLAYER
72 204060 49.614370 35.618400 PLAYER
72 203918 43.719260 31.251120 PLAYER
72 203504 53.682440 10.292800 PLAYER
72 202696 16.988780 25.211910 PLAYER
72 202699 38.104650 4.545720 PLAYER
72 203506 34.891040 30.346930 PLAYER
72 203901 53.475190 36.623910 PLAYER
72 203095 41.057720 8.371320 PLAYER
84 -1 37.773650 28.224550 BALL
84 202330 29.078630 42.421200 PLAYER
84 202324 56.400500 25.352440 PLAYER
84 204060 51.679810 35.085760 PLAYER
84 203918 45.857360 31.046440 PLAYER
84 203504 55.402030 10.595250 PLAYER
84 202696 18.485540 25.141340 PLAYER
84 202699 39.659680 4.883260 PLAYER
84 203506 37.294570 29.862450 PLAYER
84 203901 55.794100 36.693710 PLAYER
84 203095 43.299850 8.002770 PLAYER
96 -1 40.831750 27.704680 BALL
96 202330 30.884580 41.852820 PLAYER
96 202324 58.283940 25.741470 PLAYER
96 204060 53.865670 34.589830 PLAYER
96 203918 47.963020 30.682370 PLAYER
96 203504 57.060790 11.018210 PLAYER
96 202696 20.094850 25.103110 PLAYER
96 202699 41.169890 5.329580 PLAYER
96 203506 39.645720 29.396580 PLAYER
96 203901 57.991550 36.871330 PLAYER
96 203095 45.544940 7.629760 PLAYER
108 -1 42.463570 27.226500 BALL
108 202330 32.724090 41.271990 PLAYER
108 202324 60.149900 26.133550 PLAYER
108 204060 55.926870 34.165140 PLAYER
108 203918 49.971660 30.211430 PLAYER
108 203504 58.716880 11.470670 PLAYER
108 202696 21.691440 25.133190 PLAYER
108 202699 42.645770 5.855320 PLAYER
108 203506 41.905800 28.938410 PLAYER
108 203901 60.215840 37.109400 PLAYER
108 203095 47.798780 7.238030 PLAYER
120 -1 44.199760 26.810220 BALL
120 202330 34.591600 40.641520 PLAYER
120 202324 61.920160 26.416190 PLAYER
120 204060 58.037220 33.777590 PLAYER
120 203918 52.002000 29.646600 PLAYER
120 203504 60.314930 12.010720 PLAYER
120 202696 23.322110 25.149800 PLAYER
120 202699 44.123410 6.417320 PLAYER
120 203506 44.077700 28.523950 PLAYER
120 203901 62.298220 37.428010 PLAYER
120 203095 50.052930 6.818950 PLAYER
132 -1 46.054760 26.159780 BALL
132 202330 36.480530 39.949530 PLAYER
132 202324 63.779240 26.673040 PLAYER
132 204060 59.993640 33.466920 PLAYER
132 203918 53.920670 29.045660 PLAYER
132 203504 61.833110 12.636110 PLAYER
132 202696 25.033260 25.142120 PLAYER
132 202699 45.574350 7.002640 PLAYER
132 203506 46.294870 28.100170 PLAYER
132 203901 64.257880 37.935080 PLAYER
132 203095 52.232510 6.425440 PLAYER
144 -1 48.457300 25.945810 BALL
144 202330 38.365040 39.221040 PLAYER
144 202324 65.802350 26.873940 PLAYER
144 204060 62.092400 33.358580 PLAYER
144 203918 55.737640 28.403340 PLAYER
144 203504 63.273330 13.268040 PLAYER
144 202696 26.725490 25.146200 PLAYER
144 202699 46.969490 7.588440 PLAYER
144 203506 48.428910 27.680890 PLAYER
144 203901 66.056000 38.563500 PLAYER
144 203095 54.384730 6.055730 PLAYER
156 -1 51.097480 25.753790 BALL
156 202330 40.254190 38.516210 PLAYER
156 202324 67.589040 27.000560 PLAYER
156 204060 64.056680 33.257110 PLAYER
156 203918 57.631940 27.920870 PLAYER
156 203504 64.716800 13.845540 PLAYER
156 202696 28.389040 25.169720 PLAYER
156 202699 48.327020 8.160380 PLAYER
156 203506 50.500990 27.277140 PLAYER
156 203901 67.749840 39.316850 PLAYER
156 203095 56.550090 5.730350 PLAYER
168 -1 53.513460 25.244290 BALL
168 202330 42.145120 37.825370 PLAYER
168 202324 69.235460 27.000390 PLAYER
168 204060 65.950010 33.233570 PLAYER
168 203918 59.578760 27.509840 PLAYER
168 203504 66.128310 14.325550 PLAYER
168 202696 30.119000 25.208660 PLAYER
168 202699 49.644630 8.710420 PLAYER
168 203506 52.543760 26.932190 PLAYER
168 203901 69.183360 40.271240 PLAYER
168 203095 58.682570 5.397420 PLAYER
180 -1 55.137010 25.054660 BALL
180 202330 44.010810 37.145010 PLAYER
180 202324 70.834370 26.983630 PLAYER
180 204060 67.728330 33.339440 PLAYER
180 203918 61.414930 27.261740 PLAYER
180 203504 67.466910 14.575420 PLAYER
180 202696 31.893250 25.263900 PLAYER
180 202699 50.950370 9.224180 PLAYER
180 203506 54.568950 26.583770 PLAYER
180 203901 70.424240 41.390240 PLAYER
180 203095 60.795610 5.141020 PLAYER
192 -1 56.469180 24.952070 BALL
192 202330 45.826100 36.499360 PLAYER
192 202324 72.276560 26.967190 PLAYER
192 204060 69.422300 33.636380 PLAYER
192 203918 63.177630 27.019790 PLAYER
192 203504 68.775590 14.626490 PLAYER
192 202696 33.631880 25.261200 PLAYER
192 202699 52.296490 9.712070 PLAYER
192 203506 56.534390 26.282420 PLAYER
192 203901 71.541220 42.511690 PLAYER
192 203095 62.891980 4.881770 PLAYER
204 -1 58.186280 24.659890 BALL
204 202330 47.624210 35.839450 PLAYER
204 202324 73.452530 26.788700 PLAYER
204 204060 71.002040 34.028970 PLAYER
204 203918 64.908630 26.905320 PLAYER
204 203504 70.071430 14.529390 PLAYER
204 202696 35.417420 25.248350 PLAYER
204 202699 53.640830 10.156690 PLAYER
204 203506 58.516050 25.991390 PLAYER
204 203901 72.573230 43.596300 PLAYER
204 203095 64.910320 4.683340 PLAYER
216 -1 60.694640 24.397340 BALL
216 202330 49.367150 35.129350 PLAYER
216 202324 74.711760 26.619670 PLAYER
216 204060 72.432960 34.622160 PLAYER
216 203918 66.429920 26.643850 PLAYER
216 203504 71.313440 14.254640 PLAYER
216 202696 37.238320 25.209150 PLAYER
216 202699 54.989410 10.596540 PLAYER
216 203506 60.527510 25.661300 PLAYER
216 203901 73.569970 44.588210 PLAYER
216 203095 66.882660 4.492740 PLAYER
228 -1 63.142720 24.070840 BALL
228 202330 51.059290 34.398730 PLAYER
228 202324 75.896950 26.444970 PLAYER
228 204060 73.718980 35.369650 PLAYER
228 203918 67.834200 26.341230 PLAYER
228 203504 72.487880 13.903110 PLAYER
228 202696 38.956190 25.205460 PLAYER
228 202699 56.338550 11.045090 PLAYER
228 203506 62.640470 25.121370 PLAYER
228 203901 74.529230 45.454500 PLAYER
228 203095 68.840030 4.345430 PLAYER
240 -1 64.973640 23.321930 BALL
240 202330 52.743520 33.682720 PLAYER
240 202324 76.999510 26.097120 PLAYER
240 204060 74.870750 36.193250 PLAYER
240 203918 69.276230 25.904320 PLAYER
240 203504 73.719820 13.550230 PLAYER
240 202696 40.652590 25.214040 PLAYER
240 202699 57.691660 11.483530 PLAYER
240 203506 64.763290 24.583150 PLAYER
240 203901 75.470670 46.197490 PLAYER
240 203095 70.685500 4.160840 PLAYER
252 -1 66.319560 22.780080 BALL
252 202330 54.380980 32.983090 PLAYER
252 202324 78.004900 25.489350 PLAYER
252 204060 75.921790 36.989390 PLAYER
252 203918 70.677870 25.447070 PLAYER
252 203504 74.991520 13.200210 PLAYER
252 202696 42.354640 25.290500 PLAYER
252 202699 59.030090 11.928990 PLAYER
252 203506 66.884130 23.926120 PLAYER
252 203901 76.337850 46.805230 PLAYER
252 203095 72.491880 4.075460 PLAYER
264 -1 68.853310 21.667640 BALL
264 202330 55.908010 32.255920 PLAYER
264 202324 78.943870 25.141450 PLAYER
264 204060 76.872670 37.751050 PLAYER
264 203918 72.033770 24.857770 PLAYER
264 203504 76.313890 12.853580 PLAYER
264 202696 44.032680 25.359790 PLAYER
264 202699 60.394180 12.435290 PLAYER
264 203506 69.137070 23.140060 PLAYER
264 203901 77.205430 47.271260 PLAYER
264 203095 74.265890 3.819350 PLAYER
276 -1 71.676210 20.443900 BALL
276 202330 57.378190 31.524220 PLAYER
276 202324 79.776620 24.826210 PLAYER
276 204060 77.772470 38.466320 PLAYER
276 203918 73.494420 24.258890 PLAYER
276 203504 77.605220 12.551940 PLAYER
276 202696 45.664150 25.457710 PLAYER
276 202699 61.752970 12.995760 PLAYER
276 203506 71.271540 22.261940 PLAYER
276 203901 78.083680 47.578690 PLAYER
276 203095 75.846960 3.626360 PLAYER
288 -1 72.767080 19.960630 BALL
288 202330 58.790610 30.811090 PLAYER
288 202324 80.584340 24.582840 PLAYER
288 204060 78.621030 39.092050 PLAYER
288 203918 75.057300 23.661360 PLAYER
288 203504 78.859650 12.242090 PLAYER
288 202696 47.352540 25.535250 PLAYER
288 202699 63.123640 13.652740 PLAYER
288 203506 73.455650 21.647350 PLAYER
288 203901 78.985220 47.746920 PLAYER
288 203095 77.340870 3.474560 PLAYER
300 -1 74.610710 19.368600 BALL
300 202330 60.128100 30.160890 PLAYER
300 202324 81.275710 24.445730 PLAYER
300 204060 79.416120 39.564160 PLAYER
300 203918 76.664930 23.108920 PLAYER
300 203504 80.037290 11.935200 PLAYER
300 202696 48.974240 25.591850 PLAYER
300 202699 64.515890 14.404760 PLAYER
300 203506 75.813760 21.321540 PLAYER
300 203901 79.817080 47.759040 PLAYER
300 203095 78.844560 3.450380 PLAYER
312 -1 77.095650 18.785150 BALL
312 202330 61.447680 29.567340 PLAYER
312 202324 81.853600 24.388220 PLAYER
312 204060 80.185380 39.908310 PLAYER
312 203918 78.448890 22.633550 PLAYER
312 203504 81.064610 11.587880 PLAYER
312 202696 50.544750 25.661470 PLAYER
312 202699 65.889850 15.227600 PLAYER
312 203506 78.128960 21.254820 PLAYER
312 203901 80.660480 47.611860 PLAYER
312 203095 80.196930 3.340480 PLAYER
324 -1 80.327160 18.455940 BALL
324 202330 62.785890 29.103530 PLAYER
324 202324 82.296850 24.023970 PLAYER
324 204060 80.952150 40.120230 PLAYER
324 203918 80.119390 22.098490 PLAYER
324 203504 81.973650 11.217710 PLAYER
324 202696 52.072750 25.756260 PLAYER
324 202699 67.253540 16.098770 PLAYER
324 203506 80.366750 21.358810 PLAYER
324 203901 81.535250 47.334630 PLAYER
324 203095 81.311380 3.324380 PLAYER
336 -1 83.401720 18.537360 BALL
336 202330 64.071220 28.749340 PLAYER
336 202324 82.848620 23.626270 PLAYER
336 204060 81.680820 40.195660 PLAYER
336 203918 81.747610 21.624740 PLAYER
336 203504 82.775300 10.883160 PLAYER
336 202696 53.542450 25.789740 PLAYER
336 202699 68.664460 17.032300 PLAYER
336 203506 82.698650 21.477370 PLAYER
336 203901 82.449910 46.879490 PLAYER
336 203095 82.276810 3.240610 PLAYER
348 -1 86.058910 18.820840 BALL
348 202330 65.291330 28.501840 PLAYER
348 202324 83.538210 23.239510 PLAYER
348 204060 82.399030 40.128380 PLAYER
348 203918 83.145230 21.156280 PLAYER
348 203504 83.429890 10.581230 PLAYER
348 202696 54.863310 25.804480 PLAYER
348 202699 70.070700 17.967660 PLAYER
348 203506 84.795470 21.420640 PLAYER
348 203901 83.337850 46.186270 PLAYER
348 203095 83.006580 3.109650 PLAYER
360 -1 88.027970 19.410110 BALL
360 202330 66.496700 28.299290 PLAYER
360 202324 84.366830 23.263570 PLAYER
360 204060 83.054390 40.012310 PLAYER
360 203918 84.514510 20.682110 PLAYER
360 203504 83.958410 10.320680 PLAYER
360 202696 56.092860 25.845160 PLAYER
360 202699 71.447430 18.896480 PLAYER
360 203506 86.616810 21.059770 PLAYER
360 203901 84.240650 45.231220 PLAYER
360 203095 83.486390 2.922490 PLAYER
372 -1 89.592010 19.589050 BALL
372 202330 67.604610 28.141680 PLAYER
372 202324 85.065490 23.325600 PLAYER
372 204060 83.692260 39.848160 PLAYER
372 203918 85.719350 20.184540 PLAYER
372 203504 84.437730 10.137930 PLAYER
372 202696 57.225660 25.831900 PLAYER
372 202699 72.780810 19.780110 PLAYER
372 203506 88.219270 20.454240 PLAYER
372 203901 85.041490 44.080030 PLAYER
372 203095 83.781050 2.798600 PLAYER
384 -1 91.179350 19.724930 BALL
384 202330 68.623010 28.000190 PLAYER
384 202324 85.828990 23.632430 PLAYER
384 204060 84.253170 39.634130 PLAYER
384 203918 86.994020 19.750820 PLAYER
384 203504 84.768020 9.993560 PLAYER
384 202696 58.285320 25.706010 PLAYER
384 202699 74.106940 20.604850 PLAYER
384 203506 89.509770 19.723690 PLAYER
384 203901 85.639630 42.769430 PLAYER
384 203095 83.906900 2.778260 PLAYER
396 -1 92.104920 19.030410 BALL
396 202330 69.538680 27.858470 PLAYER
396 202324 86.077980 23.646670 PLAYER
396 204060 84.729630 39.433230 PLAYER
396 203918 87.977720 19.306330 PLAYER
396 203504 84.960320 9.875050 PLAYER
396 202696 59.320640 25.437820 PLAYER
396 202699 75.374320 21.391230 PLAYER
396 203506 90.474760 19.014640 PLAYER
396 203901 86.083080 41.320650 PLAYER
396 203095 83.782230 2.787170 PLAYER
408 -1 92.210220 17.238810 BALL
408 202330 70.339500 27.673610 PLAYER
408 202324 86.005150 23.565050 PLAYER
408 204060 84.986860 39.199870 PLAYER
408 203918 88.881230 18.873440 PLAYER
408 203504 85.114170 9.841750 PLAYER
408 202696 60.345160 25.082910 PLAYER
408 202699 76.606170 22.214480 PLAYER
408 203506 91.186630 18.322120 PLAYER
408 203901 86.436780 39.821670 PLAYER
408 203095 83.345420 2.868150 PLAYER
420 -1 92.341270 15.658640 BALL
420 202330 70.956310 27.428350 PLAYER
420 202324 85.635680 23.123720 PLAYER
420 204060 85.276530 38.908010 PLAYER
420 203918 89.498840 18.399320 PLAYER
420 203504 85.132580 9.869310 PLAYER
420 202696 61.338810 24.502970 PLAYER
420 202699 77.768610 22.980290 PLAYER
420 203506 91.613410 17.558710 PLAYER
420 203901 86.734480 38.395240 PLAYER
420 203095 82.550640 3.015120 PLAYER
432 -1 92.685600 14.709610 BALL
432 202330 71.407740 27.119480 PLAYER
432 202324 85.239630 22.758720 PLAYER
432 204060 85.663710 38.514410 PLAYER
432 203918 89.838600 17.903020 PLAYER
432 203504 84.930370 9.911460 PLAYER
432 202696 62.314130 23.772040 PLAYER
432 202699 78.914370 23.734770 PLAYER
432 203506 91.899470 16.777570 PLAYER
432 203901 86.983390 36.990260 PLAYER
432 203095 81.717420 3.180930 PLAYER
444 -1 92.695610 13.757080 BALL
444 202330 71.636280 26.666420 PLAYER
444 202324 84.732160 22.318890 PLAYER
444 204060 86.041170 38.007050 PLAYER
444 203918 89.943050 17.382410 PLAYER
444 203504 84.521180 9.983810 PLAYER
444 202696 63.267370 22.929570 PLAYER
444 202699 80.008690 24.468450 PLAYER
444 203506 91.919660 15.848200 PLAYER
444 203901 87.185620 35.573330 PLAYER
444 203095 80.710060 3.437220 PLAYER
456 -1 92.507050 12.772470 BALL
456 202330 71.696320 26.087520 PLAYER
456 202324 84.652540 22.390790 PLAYER
456 204060 86.327330 37.370160 PLAYER
456 203918 89.975860 16.781070 PLAYER
456 203504 84.002170 10.053550 PLAYER
456 202696 64.162500 22.003510 PLAYER
456 202699 81.099800 24.985300 PLAYER
456 203506 91.652500 14.584740 PLAYER
456 203901 87.322850 34.364530 PLAYER
456 203095 79.604260 3.726720 PLAYER
468 -1 91.615130 11.640130 BALL
468 202330 71.641260 25.390660 PLAYER
468 202324 84.666480 22.596460 PLAYER
468 204060 86.703680 36.642500 PLAYER
468 203918 89.880530 16.139640 PLAYER
468 203504 83.267480 10.068980 PLAYER
468 202696 64.988560 20.974040 PLAYER
468 202699 82.190510 25.215460 PLAYER
468 203506 91.249920 13.413930 PLAYER
468 203901 87.402840 33.360120 PLAYER
468 203095 78.431640 4.044870 PLAYER
480 -1 90.493140 10.663900 BALL
480 202330 71.509330 24.580950 PLAYER
480 202324 84.672470 22.862380 PLAYER
480 204060 86.941570 35.901420 PLAYER
480 203918 89.622960 15.477610 PLAYER
480 203504 82.393620 10.044200 PLAYER
480 202696 65.855980 19.984070 PLAYER
480 202699 83.388480 25.440470 PLAYER
480 203506 90.719950 12.303530 PLAYER
480 203901 87.418400 32.476050 PLAYER
480 203095 77.068320 4.297860 PLAYER
492 -1 89.535190 9.872830 BALL
492 202330 71.365010 23.666490 PLAYER
492 202324 84.825130 23.209800 PLAYER
492 204060 86.943780 35.057430 PLAYER
492 203918 89.249550 14.820010 PLAYER
492 203504 81.476300 10.011510 PLAYER
492 202696 66.790020 19.066880 PLAYER
492 202699 84.562460 25.602590 PLAYER
492 203506 90.078490 11.270960 PLAYER
492 203901 87.404190 31.772910 PLAYER
492 203095 75.604590 4.598720 PLAYER
504 -1 88.368510 9.320770 BALL
504 202330 71.182010 22.711050 PLAYER
504 202324 85.019230 23.595300 PLAYER
504 204060 86.919640 34.299040 PLAYER
504 203918 88.792630 14.219210 PLAYER
504 203504 80.522640 9.975510 PLAYER
504 202696 67.831620 18.197760 PLAYER
504 202699 85.716100 25.619000 PLAYER
504 203506 89.415810 10.388760 PLAYER
504 203901 87.403230 31.344830 PLAYER
504 203095 74.186340 4.866150 PLAYER
516 -1 87.106400 8.267220 BALL
516 202330 71.045490 21.739710 PLAYER
516 202324 85.173100 23.893050 PLAYER
516 204060 86.962870 33.605850 PLAYER
516 203918 88.278190 13.674730 PLAYER
516 203504 79.471500 9.972610 PLAYER
516 202696 68.987960 17.396870 PLAYER
516 202699 86.783190 25.595650 PLAYER
516 203506 88.761860 9.817580 PLAYER
516 203901 87.406770 31.027650 PLAYER
516 203095 72.745010 5.180500 PLAYER
528 -1 86.732000 7.719770 BALL
528 202330 70.954960 20.810350 PLAYER
528 202324 85.271550 24.234260 PLAYER
528 204060 86.932350 33.026690 PLAYER
528 203918 87.740050 13.132990 PLAYER
528 203504 78.421700 10.029760 PLAYER
528 202696 70.412100 16.887060 PLAYER
528 202699 87.790940 25.598150 PLAYER
528 203506 88.057260 9.312850 PLAYER
528 203901 87.309080 30.745470 PLAYER
528 203095 71.314230 5.544210 PLAYER
540 -1 86.286640 7.239380 BALL
540 202330 70.890530 19.943500 PLAYER
540 202324 85.620680 24.578090 PLAYER
540 204060 86.863410 32.481070 PLAYER
540 203918 87.161910 12.710790 PLAYER
540 203504 77.377170 10.134310 PLAYER
540 202696 71.849870 16.631330 PLAYER
540 202699 88.621680 25.412680 PLAYER
540 203506 87.263530 8.847850 PLAYER
540 203901 87.246940 30.501160 PLAYER
540 203095 70.042550 6.031980 PLAYER
552 -1 84.835730 7.145820 BALL
552 202330 71.007140 19.141020 PLAYER
552 202324 85.994090 24.826370 PLAYER
552 204060 86.740800 32.127180 PLAYER
552 203918 86.530730 12.405990 PLAYER
552 203504 76.314140 10.280640 PLAYER
552 202696 73.371890 16.416690 PLAYER
552 202699 89.365190 24.913250 PLAYER
552 203506 86.446530 8.382110 PLAYER
552 203901 87.108920 30.337980 PLAYER
552 203095 68.646760 6.554930 PLAYER
564 -1 82.845290 9.910520 BALL
564 202330 71.388030 18.466870 PLAYER
564 202324 86.390220 25.021480 PLAYER
564 204060 86.534120 31.815210 PLAYER
564 203918 85.898790 12.183250 PLAYER
564 203504 75.289720 10.473640 PLAYER
564 202696 74.696040 16.330960 PLAYER
564 202699 90.017930 24.225380 PLAYER
564 203506 85.668450 7.935040 PLAYER
564 203901 86.923520 30.136270 PLAYER
564 203095 67.216630 7.124560 PLAYER
576 -1 81.217210 12.806520 BALL
576 202330 71.879450 17.872350 PLAYER
576 202324 86.744390 25.107740 PLAYER
576 204060 86.333200 31.529820 PLAYER
576 203918 85.380040 12.096820 PLAYER
576 203504 74.305470 10.734610 PLAYER
576 202696 76.069850 16.504010 PLAYER
576 202699 90.547040 23.423780 PLAYER
576 203506 84.966690 7.534170 PLAYER
576 203901 86.653550 29.877860 PLAYER
576 203095 65.889530 7.766710 PLAYER
588 -1 80.329090 14.606910 BALL
588 202330 72.724820 17.418190 PLAYER
588 202324 87.152470 24.931190 PLAYER
588 204060 86.156430 31.322880 PLAYER
588 203918 84.941140 12.159660 PLAYER
588 203504 73.331120 11.105750 PLAYER
588 202696 77.280320 16.723450 PLAYER
588 202699 90.985430 22.528030 PLAYER
588 203506 84.248640 7.055560 PLAYER
588 203901 86.420080 29.639930 PLAYER
588 203095 64.627150 8.484090 PLAYER
600 -1 79.482440 16.231400 BALL
600 202330 73.851960 17.070200 PLAYER
600 202324 87.399620 24.742240 PLAYER
600 204060 86.003330 31.185010 PLAYER
600 203918 84.518410 12.259240 PLAYER
600 203504 72.371490 11.532830 PLAYER
600 202696 78.517930 16.991470 PLAYER
600 202699 91.349840 21.530380 PLAYER
600 203506 83.600870 6.600860 PLAYER
600 203901 86.088470 29.374990 PLAYER
600 203095 63.476510 9.275490 PLAYER
612 -1 79.782590 17.302750 BALL
612 202330 75.019840 16.857540 PLAYER
612 202324 87.540620 24.446160 PLAYER
612 204060 85.849590 31.046950 PLAYER
612 203918 84.174100 12.372070 PLAYER
612 203504 71.445030 12.014220 PLAYER
612 202696 79.577520 17.421090 PLAYER
612 202699 91.629420 20.658120 PLAYER
612 203506 82.905290 6.193370 PLAYER
612 203901 85.920140 29.114720 PLAYER
612 203095 62.378110 10.141530 PLAYER
624 -1 81.004180 18.139680 BALL
624 202330 76.220860 17.019240 PLAYER
624 202324 87.535460 24.017310 PLAYER
624 204060 85.806860 30.922600 PLAYER
624 203918 83.891810 12.535920 PLAYER
624 203504 70.606240 12.545430 PLAYER
624 202696 80.529630 17.896050 PLAYER
624 202699 91.774730 19.977670 PLAYER
624 203506 82.151490 5.831240 PLAYER
624 203901 85.924940 28.970360 PLAYER
624 203095 61.347010 11.085310 PLAYER
636 -1 81.634320 18.901250 BALL
636 202330 77.478930 17.415740 PLAYER
636 202324 87.466090 23.524780 PLAYER
636 204060 85.795510 30.855500 PLAYER
636 203918 83.594770 12.752940 PLAYER
636 203504 69.842650 13.075260 PLAYER
636 202696 81.211770 18.321630 PLAYER
636 202699 91.900520 19.547120 PLAYER
636 203506 81.324400 5.554900 PLAYER
636 203901 86.113100 28.906440 PLAYER
636 203095 60.358400 12.010280 PLAYER
648 -1 81.661460 19.106790 BALL
648 202330 78.489450 17.897590 PLAYER
648 202324 87.255600 23.146560 PLAYER
648 204060 85.857280 30.788520 PLAYER
648 203918 83.328380 13.048670 PLAYER
648 203504 69.218270 13.584940 PLAYER
648 202696 81.716360 18.633230 PLAYER
648 202699 91.940380 19.381750 PLAYER
648 203506 80.334200 5.377210 PLAYER
648 203901 86.236950 28.849080 PLAYER
648 203095 59.479130 12.877110 PLAYER
660 -1 82.072090 19.579730 BALL
660 202330 79.255690 18.463880 PLAYER
660 202324 86.967030 22.695160 PLAYER
660 204060 85.998480 30.693790 PLAYER
660 203918 83.212350 13.380140 PLAYER
660 203504 68.744950 14.139490 PLAYER
660 202696 81.998040 18.825610 PLAYER
660 202699 91.860450 19.546350 PLAYER
660 203506 79.338000 5.292820 PLAYER
660 203901 86.382120 28.946270 PLAYER
660 203095 58.674630 13.678180 PLAYER
672 -1 83.036310 20.588960 BALL
672 202330 79.875700 19.163960 PLAYER
672 202324 86.613810 22.291970 PLAYER
672 204060 86.238620 30.657040 PLAYER
672 203918 83.154650 13.720780 PLAYER
672 203504 68.378030 14.738660 PLAYER
672 202696 82.177360 18.994880 PLAYER
672 202699 91.728330 19.901360 PLAYER
672 203506 78.240740 5.303000 PLAYER
672 203901 86.515230 29.022440 PLAYER
672 203095 57.985310 14.423470 PLAYER
684 -1 84.086000 21.451710 BALL
684 202330 80.300140 19.633610 PLAYER
684 202324 86.303520 22.070850 PLAYER
684 204060 86.424640 30.643690 PLAYER
684 203918 83.108500 14.041130 PLAYER
684 203504 68.052790 15.329950 PLAYER
684 202696 82.393450 19.385300 PLAYER
684 202699 91.595880 20.409150 PLAYER
684 203506 77.218770 5.419020 PLAYER
684 203901 86.475940 29.021950 PLAYER
684 203095 57.335740 15.126030 PLAYER
696 -1 85.031940 22.430490 BALL
696 202330 80.573540 20.144760 PLAYER
696 202324 85.995420 21.908740 PLAYER
696 204060 86.512060 30.516760 PLAYER
696 203918 82.973930 14.277950 PLAYER
696 203504 67.786240 15.922850 PLAYER
696 202696 82.693610 19.829100 PLAYER
696 202699 91.354100 20.935660 PLAYER
696 203506 76.260070 5.636030 PLAYER
696 203901 86.516280 29.093570 PLAYER
696 203095 56.672950 15.785370 PLAYER
708 -1 85.935740 23.296870 BALL
708 202330 80.637220 20.739890 PLAYER
708 202324 85.615270 21.612560 PLAYER
708 204060 86.628080 30.183320 PLAYER
708 203918 82.777440 14.430730 PLAYER
708 203504 67.539690 16.526110 PLAYER
708 202696 83.117150 20.182950 PLAYER
708 202699 90.960180 21.488310 PLAYER
708 203506 75.433780 5.902720 PLAYER
708 203901 86.666880 29.273960 PLAYER
708 203095 55.955230 16.411590 PLAYER
720 -1 87.016970 24.267560 BALL
720 202330 80.654730 21.396640 PLAYER
720 202324 85.303350 21.371370 PLAYER
720 204060 86.781570 29.960380 PLAYER
720 203918 82.560440 14.545120 PLAYER
720 203504 67.294680 17.132470 PLAYER
720 202696 83.577850 20.551560 PLAYER
720 202699 90.540120 22.036450 PLAYER
720 203506 74.476380 6.229410 PLAYER
720 203901 86.885860 29.339070 PLAYER
720 203095 55.191790 16.948230 PLAYER
732 -1 87.991110 25.262730 BALL
732 202330 80.896210 22.112340 PLAYER
732 202324 85.109880 21.240840 PLAYER
732 204060 86.949790 29.822370 PLAYER
732 203918 82.375700 14.646120 PLAYER
732 203504 67.081580 17.734970 PLAYER
732 202696 84.040650 20.878200 PLAYER
732 202699 90.058940 22.682970 PLAYER
732 203506 73.623250 6.612350 PLAYER
732 203901 87.093100 29.518180 PLAYER
732 203095 54.382660 17.360670 PLAYER
744 -1 88.560970 25.564060 BALL
744 202330 81.217200 23.110930 PLAYER
744 202324 85.066520 21.017710 PLAYER
744 204060 87.099950 29.668300 PLAYER
744 203918 82.240640 14.734910 PLAYER
744 203504 66.913320 18.369320 PLAYER
744 202696 84.428420 21.003570 PLAYER
744 202699 89.526040 23.296100 PLAYER
744 203506 72.757730 7.042460 PLAYER
744 203901 87.321540 29.683250 PLAYER
744 203095 53.618470 17.627620 PLAYER
756 -1 88.909030 25.590150 BALL
756 202330 81.640430 24.132820 PLAYER
756 202324 85.160680 20.742970 PLAYER
756 204060 87.318450 29.591790 PLAYER
756 203918 82.198300 14.838420 PLAYER
756 203504 66.808860 19.026000 PLAYER
756 202696 84.545640 21.292810 PLAYER
756 202699 89.011380 23.728680 PLAYER
756 203506 71.838760 7.488800 PLAYER
756 203901 87.382580 29.731780 PLAYER
756 203095 52.960630 17.790360 PLAYER
768 -1 89.143550 25.499200 BALL
768 202330 81.945860 25.171650 PLAYER
768 202324 85.377630 20.787730 PLAYER
768 204060 87.432440 29.692900 PLAYER
768 203918 82.205360 14.956180 PLAYER
768 203504 66.758110 19.667150 PLAYER
768 202696 84.777600 21.337240 PLAYER
768 202699 88.545080 24.028180 PLAYER
768 203506 70.839580 7.947790 PLAYER
768 203901 87.432440 29.692900 PLAYER
768 203095 52.333490 17.895570 PLAYER
780 -1 89.236300 25.457300 BALL
780 202330 82.142320 26.189440 PLAYER
780 202324 85.590100 20.794020 PLAYER
780 204060 87.441460 29.659500 PLAYER
780 203918 82.232960 15.117570 PLAYER
780 203504 66.753330 20.264270 PLAYER
780 202696 84.966100 21.289140 PLAYER
780 202699 88.213900 24.236840 PLAYER
780 203506 69.935100 8.400240 PLAYER
780 203901 87.441460 29.659500 PLAYER
780 203095 51.746090 17.979660 PLAYER