0 -1 31.069920 38.756360
0 2561 11.638000 25.267150
0 2446 34.945640 44.203890
0 2564 62.169030 38.003990
0 201988 30.039670 37.266760
0 203613 50.407270 6.132380
0 203138 51.465070 39.025680
0 203515 41.417320 25.315600
0 203917 66.620700 13.558990
0 203457 33.428880 24.704380
0 1626143 68.851390 30.553010
12 -1 32.271300 39.192070
12 2561 12.770800 25.147430
12 2446 37.298450 44.510090
12 2564 64.099580 38.468610
12 201988 31.599910 37.797070
12 203613 52.046370 6.057320
12 203138 53.172910 38.879090
12 203515 42.929360 26.180780
12 203917 67.710330 13.367700
12 203457 35.546870 24.754560
12 1626143 70.277930 30.392160
24 -1 34.003730 39.306700
24 2561 14.028090 25.069850
24 2446 39.656150 44.761430
24 2564 65.982900 38.954230
24 201988 33.168020 38.048200
24 203613 53.656030 6.017790
24 203138 54.759100 38.717080
24 203515 44.480210 26.961660
24 203917 68.736680 13.188900
24 203457 37.655290 24.688580
24 1626143 71.674180 30.269600
36 -1 35.830090 38.921580
36 2561 15.413890 24.997750
36 2446 42.030210 45.050650
36 2564 67.826630 39.477820
36 201988 34.775560 38.021780
36 203613 55.313620 5.763700
36 203138 56.279840 38.638980
36 203515 46.019720 27.640580
36 203917 69.708700 12.980180
36 203457 39.737420 24.614630
36 1626143 72.906650 30.275250
48 -1 38.017990 37.528600
48 2561 16.799120 24.890650
48 2446 44.389290 45.346270
48 2564 69.622240 40.041990
48 201988 36.354690 37.638400
48 203613 56.973070 5.406640
48 203138 57.751720 38.611750
48 203515 47.562630 28.171400
48 203917 70.592350 12.808500
48 203457 41.827550 24.531260
48 1626143 74.077420 30.420600
60 -1 39.415130 35.604180
60 2561 18.338560 24.857720
60 2446 46.716210 45.562550
60 2564 71.485650 40.569720
60 201988 37.907130 36.993780
60 203613 58.575440 5.064250
60 203138 59.151240 38.632040
60 203515 49.054450 28.596810
60 203917 71.386250 12.746650
60 203457 43.896830 24.392610
60 1626143 75.284290 30.597750
72 -1 40.145640 34.248930
72 2561 19.983380 24.861120
72 2446 49.025240 45.758920
72 2564 73.171800 41.159470
72 201988 39.378100 36.064230
72 203613 60.055370 4.706090
72 203138 60.527940 38.672340
72 203515 50.496050 28.808680
72 203917 72.066220 12.779670
72 203457 45.963290 24.239650
72 1626143 76.405400 30.805130
84 -1 40.733430 33.187970
84 2561 21.649250 24.812750
84 2446 51.295170 45.904080
84 2564 74.827170 41.708320
84 201988 40.790720 34.882380
84 203613 61.443020 4.348730
84 203138 61.887500 38.712890
84 203515 51.858720 28.819560
84 203917 72.669140 12.802370
84 203457 48.024350 24.030330
84 1626143 77.454070 30.928910
96 -1 41.285780 32.074450
96 2561 23.379530 24.821530
96 2446 53.491170 46.000210
96 2564 76.392710 42.317750
96 201988 42.153150 33.488680
96 203613 62.610390 4.181900
96 203138 63.192770 38.699800
96 203515 53.142990 28.642880
96 203917 73.221170 12.755430
96 203457 50.169110 23.640780
96 1626143 78.508490 30.967220
108 -1 42.324690 30.618820
108 2561 25.209800 24.774410
108 2446 55.589480 46.078170
108 2564 77.864310 42.932460
108 201988 43.474250 31.976890
108 203613 63.562250 4.068240
108 203138 64.525110 38.524250
108 203515 54.284150 28.372500
108 203917 73.682230 12.535710
108 203457 52.287650 23.163300
108 1626143 79.520530 30.971400
120 -1 44.231200 28.800020
120 2561 27.057960 24.794750
120 2446 57.621810 46.181190
120 2564 79.205340 43.449890
120 201988 44.782680 30.286290
120 203613 64.264310 3.979880
120 203138 65.834920 38.276920
120 203515 55.315500 28.005240
120 203917 74.094900 12.100410
120 203457 54.290690 22.797340
120 1626143 80.466380 30.966870
132 -1 45.799770 26.854620
132 2561 28.923980 24.762710
132 2446 59.500980 46.250920
132 2564 80.463470 43.860470
132 201988 46.069020 28.550020
132 203613 64.958670 3.795380
132 203138 67.063010 38.082880
132 203515 56.305880 27.492040
132 203917 74.395800 11.662710
132 203457 56.169800 22.568260
132 1626143 81.344290 31.012730
144 -1 46.745290 25.617500
144 2561 30.810910 24.704580
144 2446 61.243430 46.315550
144 2564 81.591240 44.358980
144 201988 47.409460 26.793260
144 203613 65.498600 3.584210
144 203138 68.281330 37.973020
144 203515 57.276400 26.835530
144 203917 74.513590 11.333210
144 203457 57.957590 22.395560
144 1626143 82.200780 31.041650
156 -1 48.219260 24.313760
156 2561 32.719320 24.676090
156 2446 62.895850 46.362920
156 2564 82.668580 44.754240
156 201988 48.821030 25.056330
156 203613 65.872060 3.405510
156 203138 69.459400 37.891150
156 203515 58.199420 26.142680
156 203917 74.447930 11.057490
156 203457 59.718590 22.297860
156 1626143 82.996400 31.149250
168 -1 50.210710 22.880110
168 2561 34.601680 24.745090
168 2446 64.430960 46.389610
168 2564 83.686160 45.102690
168 201988 50.327870 23.471890
168 203613 66.105010 3.275600
168 203138 70.656850 37.859200
168 203515 59.067970 25.230900
168 203917 74.299890 10.815520
168 203457 61.273320 22.447650
168 1626143 83.736960 31.290730
180 -1 53.059880 19.363620
180 2561 36.481110 24.740510
180 2446 65.823520 46.410930
180 2564 84.617050 45.475260
180 201988 51.896870 22.112260
180 203613 66.269250 3.201060
180 203138 71.933980 37.766310
180 203515 59.955010 24.148240
180 203917 74.091680 10.631100
180 203457 62.831480 22.362490
180 1626143 84.436470 31.426400
192 -1 56.619270 15.303560
192 2561 38.377870 24.789440
192 2446 67.110910 46.385320
192 2564 85.461630 45.880080
192 201988 53.545500 20.917550
192 203613 66.265070 3.219680
192 203138 73.085420 37.702400
192 203515 60.891680 23.064330
192 203917 73.758420 10.547850
192 203457 64.408930 22.366150
192 1626143 85.116120 31.520170
204 -1 60.156340 11.267350
204 2561 40.300790 24.873590
204 2446 68.256470 46.307400
204 2564 86.203030 46.215710
204 201988 55.265350 19.953560
204 203613 66.174520 3.422440
204 203138 74.174360 37.409270
204 203515 61.862220 22.054950
204 203917 73.468430 10.350080
204 203457 65.886530 22.417010
204 1626143 85.747180 31.588170
216 -1 63.750150 7.249570
216 2561 42.195040 24.836630
216 2446 69.250130 46.194880
216 2564 86.824160 46.505600
216 201988 57.055980 19.275480
216 203613 66.045980 3.715830
216 203138 75.205730 37.035560
216 203515 62.827890 21.088950
216 203917 73.215530 10.110800
216 203457 67.192530 22.524590
216 1626143 86.344050 31.615070
228 -1 65.384240 5.198980
228 2561 44.094630 24.784940
228 2446 70.134730 46.046310
228 2564 87.332260 46.742070
228 201988 58.896340 18.727340
228 203613 65.893410 4.092170
228 203138 76.113690 36.711810
228 203515 63.891870 20.264950
228 203917 72.909440 9.931080
228 203457 68.469820 22.454510
228 1626143 86.870860 31.620340
240 -1 65.687430 4.523280
240 2561 46.030670 24.756710
240 2446 70.836970 45.864980
240 2564 87.746080 46.986880
240 201988 60.778090 18.300320
240 203613 65.765990 4.452820
240 203138 76.819860 36.421930
240 203515 65.068920 19.602750
240 203917 72.504130 9.934640
240 203457 69.515270 22.520000
240 1626143 87.338340 31.624100
252 -1 65.121210 5.813910
252 2561 47.945470 24.708590
252 2446 71.379350 45.697960
252 2564 88.065380 47.175140
252 201988 62.650030 18.110420
252 203613 65.642680 4.855770
252 203138 77.446230 35.991690
252 203515 66.258110 18.940500
252 203917 72.132280 9.971410
252 203457 70.189990 22.622950
252 1626143 87.731920 31.647140
264 -1 63.399170 10.069100
264 2561 49.838450 24.677750
264 2446 71.842030 45.529290
264 2564 88.304260 47.312970
264 201988 64.505070 18.081860
264 203613 65.581980 5.146850
264 203138 78.056920 35.794170
264 203515 67.408380 18.531550
264 203917 71.793950 10.066550
264 203457 70.750630 22.679080
264 1626143 88.073800 31.681650
276 -1 61.802480 14.472940
276 2561 51.616880 24.767340
276 2446 72.114340 45.310450
276 2564 88.388390 47.452350
276 201988 66.262700 18.157580
276 203613 65.632010 5.357550
276 203138 78.523840 35.909730
276 203515 68.682080 18.251190
276 203917 71.506240 10.191370
276 203457 70.944640 23.017760
276 1626143 88.345420 31.742670
288 -1 60.208200 18.723060
288 2561 53.313250 25.035090
288 2446 72.168640 45.035900
288 2564 88.338280 47.591350
288 201988 67.876750 18.333460
288 203613 65.833350 5.463700
288 203138 78.775290 36.163800
288 203515 69.975780 18.129170
288 203917 71.331290 10.308890
288 203457 71.005980 23.422400
288 1626143 88.571920 31.806830
300 -1 58.587700 22.933580
300 2561 54.966520 25.373110
300 2446 72.088600 44.684340
300 2564 88.179840 47.678780
300 201988 69.414140 18.366350
300 203613 66.137490 5.524220
300 203138 78.824480 36.511460
300 203515 71.269870 18.197130
300 203917 71.295280 10.302940
300 203457 71.012930 23.892060
300 1626143 88.748490 31.858660
312 -1 58.111180 25.700490
312 2561 56.496490 25.646770
312 2446 71.865350 44.257260
312 2564 87.903550 47.750790
312 201988 70.940110 18.234820
312 203613 66.510260 5.596160
312 203138 78.673280 36.961780
312 203515 72.632800 18.433080
312 203917 71.451890 10.204990
312 203457 71.069720 24.238600
312 1626143 88.888820 31.877370
324 -1 58.980090 26.762580
324 2561 57.899640 25.968650
324 2446 71.459580 43.769900
324 2564 87.485710 47.839000
324 201988 72.343950 17.927270
324 203613 66.961290 5.666990
324 203138 78.222390 37.321120
324 203515 74.063180 18.552360
324 203917 71.704080 10.172480
324 203457 71.021010 24.523630
324 1626143 88.975550 31.958160
336 -1 60.004510 27.559540
336 2561 59.310030 26.217410
336 2446 70.941860 43.269690
336 2564 86.990950 47.953080
336 201988 73.626610 17.463600
336 203613 67.454220 5.751050
336 203138 77.635880 37.475110
336 203515 75.434170 18.652660
336 203917 72.059680 10.262230
336 203457 71.009930 24.675630
336 1626143 89.012910 32.051600
348 -1 60.715940 28.293860
348 2561 60.614900 26.372920
348 2446 70.319870 42.792340
348 2564 86.512620 48.004870
348 201988 74.853100 16.851020
348 203613 67.968640 5.852760
348 203138 76.971100 37.591710
348 203515 76.814570 18.711940
348 203917 72.485770 10.410150
348 203457 70.977330 24.912170
348 1626143 88.983530 32.222980
360 -1 60.878780 28.519770
360 2561 61.753290 26.611380
360 2446 69.631730 42.325320
360 2564 86.009360 48.014670
360 201988 75.910340 16.271090
360 203613 68.508300 5.928840
360 203138 76.245400 37.776310
360 203515 78.128670 18.585760
360 203917 72.950220 10.639310
360 203457 70.944140 25.201110
360 1626143 88.895760 32.405640
372 -1 61.138730 29.023340
372 2561 62.826170 27.031350
372 2446 68.924590 41.960690
372 2564 85.477420 48.007970
372 201988 76.719650 15.623490
372 203613 69.058060 5.976980
372 203138 75.562720 37.758270
372 203515 79.296140 18.394300
372 203917 73.402120 10.793320
372 203457 70.969080 25.527280
372 1626143 88.725150 32.903010
384 -1 61.761130 29.369870
384 2561 63.764350 27.534140
384 2446 68.239830 41.792090
384 2564 84.986390 47.972850
384 201988 77.376790 14.922900
384 203613 69.607950 5.994050
384 203138 74.860120 37.655400
384 203515 80.346960 18.156830
384 203917 73.807840 10.852230
384 203457 71.003020 26.026050
384 1626143 88.469420 33.515630
396 -1 62.454040 30.367210
396 2561 64.543240 28.191120
396 2446 67.542200 41.590280
396 2564 84.575170 47.864020
396 201988 77.863830 14.188040
396 203613 70.178960 5.966220
396 203138 74.182470 37.350900
396 203515 81.283920 17.891220
396 203917 74.103470 10.987940
396 203457 71.078430 26.437930
396 1626143 88.158270 34.098200
408 -1 63.383440 32.818450
408 2561 65.344290 28.689700
408 2446 66.974230 41.396230
408 2564 84.149290 47.766740
408 201988 78.157440 13.390820
408 203613 70.791780 5.930330
408 203138 73.532920 36.947010
408 203515 82.059890 17.588210
408 203917 74.330000 11.276780
408 203457 71.153500 26.684480
408 1626143 87.881210 34.505520
420 -1 64.380650 35.580500
420 2561 66.154080 29.184370
420 2446 66.524830 41.296010
420 2564 83.741970 47.699970
420 201988 78.257310 12.585240
420 203613 71.427270 5.918410
420 203138 72.925930 36.455660
420 203515 82.688310 17.296310
420 203917 74.425040 11.685270
420 203457 71.211540 26.858610
420 1626143 87.537640 34.971250
432 -1 65.223780 38.424900
432 2561 67.002410 29.650160
432 2446 66.169900 41.226950
432 2564 83.374090 47.667740
432 201988 78.201850 11.818460
432 203613 72.245730 5.757820
432 203138 72.331060 36.234340
432 203515 83.169460 17.035960
432 203917 74.623230 11.962680
432 203457 71.282660 27.085390
432 1626143 87.139710 35.363320
444 -1 65.446000 39.111300
444 2561 68.001100 29.968390
444 2446 65.915420 41.035700
444 2564 83.012340 47.674610
444 201988 77.975340 11.161310
444 203613 73.082460 5.567450
444 203138 71.845750 36.100900
444 203515 83.477890 16.783740
444 203917 74.840940 12.091310
444 203457 71.456820 27.300450
444 1626143 86.742290 35.581050
456 -1 66.006450 39.075270
456 2561 69.241050 30.022780
456 2446 65.865430 40.805920
456 2564 82.683240 47.694480
456 201988 77.643680 10.592170
456 203613 73.870510 5.443240
456 203138 71.461410 36.052000
456 203515 83.592200 16.537420
456 203917 75.202070 12.127990
456 203457 71.688320 27.528740
456 1626143 86.353840 35.776370
468 -1 65.771740 39.878190
468 2561 70.497000 30.007790
468 2446 65.923700 40.826690
468 2564 82.388140 47.670870
468 201988 77.087780 10.087060
468 203613 74.652450 5.333820
468 203138 71.109490 36.259700
468 203515 83.518020 16.370100
468 203917 75.713290 12.271740
468 203457 72.056360 27.791160
468 1626143 85.867660 36.349670
480 -1 67.324630 41.010570
480 2561 71.799920 30.023560
480 2446 66.040430 40.928760
480 2564 82.193150 47.613980
480 201988 76.392690 9.790200
480 203613 75.481820 5.182210
480 203138 70.941140 36.573600
480 203515 83.268570 16.367270
480 203917 76.465790 12.307640
480 203457 72.521130 28.070500
480 1626143 85.430600 36.909070
492 -1 71.027510 42.724840
492 2561 73.128950 29.883550
492 2446 66.141190 40.834220
492 2564 82.126680 47.535120
492 201988 75.608140 9.673240
492 203613 76.227670 5.126520
492 203138 70.941170 36.835670
492 203515 82.820730 16.447590
492 203917 77.336560 12.390800
492 203457 73.101200 28.194480
492 1626143 85.039180 37.344610
504 -1 74.853470 44.416000
504 2561 74.479030 29.564380
504 2446 66.224060 40.567470
504 2564 82.131850 47.539200
504 201988 74.759960 9.679110
504 203613 77.013110 5.049380
504 203138 70.888260 37.074610
504 203515 82.221200 16.609350
504 203917 78.265100 12.635150
504 203457 73.802790 28.107130
504 1626143 84.732210 37.737580
516 -1 78.739610 46.118470
516 2561 75.749000 29.118010
516 2446 66.312860 40.497510
516 2564 82.255820 47.506710
516 201988 73.829100 9.816360
516 203613 77.849390 4.910720
516 203138 70.776680 37.245270
516 203515 81.494080 16.844590
516 203917 79.174840 12.828000
516 203457 74.640960 27.969260
516 1626143 84.484600 38.277860
528 -1 81.300810 47.167000
528 2561 76.952760 28.812610
528 2446 66.373120 40.032760
528 2564 82.440400 47.519700
528 201988 72.948420 10.143250
528 203613 78.708590 4.728000
528 203138 70.689070 37.068740
528 203515 80.774260 17.118840
528 203917 79.998940 12.760110
528 203457 75.483990 27.798720
528 1626143 84.315740 38.671350
540 -1 82.142860 46.488340
540 2561 77.922860 28.324790
540 2446 66.416770 39.283940
540 2564 82.644590 47.536420
540 201988 72.094620 10.462130
540 203613 79.514800 4.536960
540 203138 70.503940 36.616700
540 203515 80.034580 17.367080
540 203917 80.797070 12.711790
540 203457 76.330980 27.576430
540 1626143 84.236110 39.105520
552 -1 83.012340 46.594280
552 2561 78.825520 27.869320
552 2446 66.525080 38.496310
552 2564 82.794490 47.551050
552 201988 71.256120 10.799970
552 203613 80.219800 4.313290
552 203138 70.295210 36.046830
552 203515 79.351980 17.653300
552 203917 81.433460 12.883480
552 203457 77.152330 27.378630
552 1626143 84.295110 39.544490
564 -1 83.708290 46.954910
564 2561 79.634910 27.614340
564 2446 66.654750 37.646370
564 2564 82.949640 47.475270
564 201988 70.440470 11.212310
564 203613 80.801130 4.092480
564 203138 70.230880 35.495230
564 203515 78.751050 18.077470
564 203917 82.057950 13.054400
564 203457 77.898890 27.365380
564 1626143 84.384400 40.080380
576 -1 84.647900 46.910490
576 2561 80.244800 27.553300
576 2446 66.704790 36.469170
576 2564 82.999180 47.452660
576 201988 69.691750 11.687860
576 203613 81.297250 3.835910
576 203138 70.203850 34.913920
576 203515 78.169710 18.599980
576 203917 82.656630 13.489790
576 203457 78.487610 27.469380
576 1626143 84.448470 40.573440
588 -1 84.904390 44.983940
588 2561 80.772310 27.459540
588 2446 66.820050 35.379140
588 2564 82.988090 47.422160
588 201988 69.040930 12.191140
588 203613 81.618960 3.580900
588 203138 70.295450 34.083120
588 203515 77.549780 19.133870
588 203917 83.213180 13.932180
588 203457 79.009530 27.778900
588 1626143 84.541110 40.845780
600 -1 84.957310 40.559560
600 2561 81.281390 27.474930
600 2446 67.041070 34.280440
600 2564 82.874970 47.416420
600 201988 68.490130 12.758290
600 203613 81.799670 3.358860
600 203138 70.528850 33.154360
600 203515 76.876320 19.631920
600 203917 83.685870 14.376980
600 203457 79.522670 28.182120
600 1626143 84.630990 41.013030
612 -1 84.979650 36.241370
612 2561 81.722640 27.524530
612 2446 67.303330 33.017520
612 2564 82.799000 47.389400
612 201988 68.046440 13.327140
612 203613 81.826440 3.201330
612 203138 70.692330 32.161950
612 203515 76.167770 20.100670
612 203917 84.159870 14.978080
612 203457 80.037170 28.506580
612 1626143 84.669350 40.992960
624 -1 84.919310 31.857130
624 2561 82.161460 27.626690
624 2446 67.607920 31.745480
624 2564 82.654150 47.348380
624 201988 67.676520 13.903430
624 203613 81.777510 3.067060
624 203138 70.822560 31.013820
624 203515 75.457920 20.474010
624 203917 84.718070 15.756170
624 203457 80.542760 28.650370
624 1626143 84.781300 40.950610
636 -1 85.017970 28.460910
636 2561 82.653550 27.812550
636 2446 68.014650 30.648370
636 2564 82.435550 47.259290
636 201988 67.360630 14.460800
636 203613 81.631060 2.983080
636 203138 71.046250 29.896420
636 203515 74.829020 20.841950
636 203917 85.137910 16.497970
636 203457 81.160430 28.597690
636 1626143 84.898760 40.825920
648 -1 85.482190 27.237820
648 2561 83.346880 27.787430
648 2446 68.391780 29.335030
648 2564 82.094540 47.206280
648 201988 67.059620 15.021430
648 203613 81.466880 2.891170
648 203138 71.312570 29.035780
648 203515 74.295140 21.173770
648 203917 85.624190 17.422470
648 203457 81.857240 28.411160
648 1626143 85.021950 40.717750
660 -1 86.181840 26.589400
660 2561 84.232710 27.520620
660 2446 68.711550 28.083230
660 2564 81.720960 47.130920
660 201988 66.765540 15.560950
660 203613 81.321730 2.806090
660 203138 71.613090 28.315560
660 203515 73.944270 21.444160
660 203917 86.132890 18.487400
660 203457 82.609220 28.048230
660 1626143 85.120110 40.545660
672 -1 86.785250 26.531300
672 2561 85.123080 27.246920
672 2446 69.007280 27.026420
672 2564 81.225100 47.046420
672 201988 66.477820 16.089500
672 203613 81.277250 2.654700
672 203138 71.988700 27.690470
672 203515 73.810050 21.570700
672 203917 86.562860 19.440570
672 203457 83.385940 27.679710
672 1626143 85.183840 40.340220
684 -1 87.889840 27.054660
684 2561 86.022340 26.903100
684 2446 69.206770 25.997400
684 2564 80.652100 46.941930
684 201988 66.200870 16.566850
684 203613 81.263170 2.567600
684 203138 72.533100 27.107870
684 203515 73.832640 21.557490
684 203917 86.869580 20.409140
684 203457 84.180330 27.409040
684 1626143 85.009380 40.104630
696 -1 88.782910 26.996400
696 2561 86.923350 26.582510
696 2446 69.300180 25.022900
696 2564 79.971200 46.852990
696 201988 65.906090 17.029390
696 203613 81.273500 2.474710
696 203138 73.222370 26.487830
696 203515 74.034520 21.376580
696 203917 87.272080 21.118470
696 203457 84.992830 27.212930
696 1626143 84.803260 39.785660
708 -1 89.222650 26.516630
708 2561 87.747350 26.395100
708 2446 69.307680 24.261040
708 2564 79.264830 46.748510
708 201988 65.599330 17.475840
708 203613 81.226010 2.426710
708 203138 74.045380 25.882290
708 203515 74.227680 21.314380
708 203917 87.546750 21.627770
708 203457 85.805480 27.082030
708 1626143 84.539800 39.495740
720 -1 89.343050 25.997820
720 2561 88.534550 26.325330
720 2446 69.220520 23.541970
720 2564 78.442730 46.619980
720 201988 65.279270 17.925060
720 203613 81.090070 2.414000
720 203138 74.949500 25.335530
720 203515 74.506810 21.269180
720 203917 87.734640 21.972250
720 203457 86.640420 27.070420
720 1626143 84.349990 39.088300
732 -1 88.964720 25.604110
732 2561 89.318370 26.254250
732 2446 68.998730 22.913760
732 2564 77.505010 46.480430
732 201988 64.929170 18.364850
732 203613 80.758340 2.564030
732 203138 75.970690 24.728970
732 203515 74.936880 21.168320
732 203917 87.905970 22.224210
732 203457 87.528040 27.167680
732 1626143 84.100330 38.704640
744 -1 88.620200 25.261490
744 2561 89.924460 26.172920
744 2446 68.735470 22.517150
744 2564 76.474620 46.313780
744 201988 64.559960 18.790060
744 203613 80.286250 2.768400
744 203138 76.980880 24.153640
744 203515 75.393570 21.049490
744 203917 88.027500 22.280360
744 203457 88.344520 27.371200
744 1626143 83.893260 38.176510
756 -1 88.261640 25.026830
756 2561 90.468850 26.032150
756 2446 68.422680 22.133560
756 2564 75.410100 46.138450
756 201988 64.164330 19.168210
756 203613 79.548910 3.147020
756 203138 77.944200 23.677700
756 203515 75.846380 20.923560
756 203917 88.124780 22.378270
756 203457 89.116550 27.588480
756 1626143 83.584740 37.636200
768 -1 88.175160 24.953700
768 2561 90.847080 26.011020
768 2446 67.960870 21.933520
768 2564 74.264330 45.947900
768 201988 63.728630 19.446970
768 203613 78.686280 3.659330
768 203138 78.807110 23.131090
768 203515 76.448130 20.619820
768 203917 88.277750 22.476120
768 203457 89.806550 27.789550
768 1626143 83.226220 37.000980
780 -1 87.987190 24.635170
780 2561 91.090760 25.954100
780 2446 67.319620 21.880280
780 2564 73.046960 45.770150
780 201988 63.239860 19.675350
780 203613 77.837100 4.146240
780 203138 79.569880 22.424080
780 203515 77.059250 20.266900
780 203917 88.487640 22.590940
780 203457 90.395330 28.101960
780 1626143 82.700310 36.477780
792 -1 88.599440 24.585940
792 2561 91.235060 25.877220
792 2446 66.579560 21.975930
792 2564 71.779570 45.554320
792 201988 62.690610 19.900020
792 203613 76.932820 4.627560
792 203138 80.237670 21.634570
792 203515 77.531290 20.011530
792 203917 88.742150 22.605130
792 203457 90.796790 28.372880
792 1626143 82.158260 35.931280
804 -1 89.666950 23.298270
804 2561 91.234380 25.895390
804 2446 65.759440 22.073160
804 2564 70.477780 45.319780
804 201988 62.082680 20.114470
804 203613 75.880310 5.313110
804 203138 80.780340 20.800110
804 203515 77.994950 19.760870
804 203917 89.068440 22.585870
804 203457 91.104680 28.607120
804 1626143 81.519010 35.472030
816 -1 89.821370 22.914890
816 2561 91.043490 25.911290
816 2446 64.777660 22.236790
816 2564 69.104350 45.059120
816 201988 61.423380 20.354450
816 203613 74.868930 5.974820
816 203138 81.139800 19.750930
816 203515 78.447720 19.479940
816 203917 89.435420 22.506000
816 203457 91.255190 28.892510
816 1626143 80.849880 34.952790
828 -1 89.923670 22.554240
828 2561 90.599820 25.953510
828 2446 63.661900 22.384510
828 2564 67.766280 44.711890
828 201988 60.718840 20.617080
828 203613 73.872140 6.407490
828 203138 81.360380 18.591410
828 203515 78.897270 19.096530
828 203917 89.881010 22.345410
828 203457 91.298790 29.103030
828 1626143 80.091880 34.423310
840 -1 90.016290 22.214760
840 2561 89.994420 26.035520
840 2446 62.408910 22.551310
840 2564 66.413410 44.340690
840 201988 59.989720 20.786280
840 203613 72.721570 6.891970
840 203138 81.443950 17.271230
840 203515 79.334940 18.722260
840 203917 90.399810 22.070640
840 203457 91.165300 29.133220
840 1626143 79.185100 33.851490
852 -1 90.099280 21.881810
852 2561 89.134660 26.159100
852 2446 61.154040 22.775080
852 2564 65.042850 43.928690
852 201988 59.248270 20.900210
852 203613 71.596690 7.573430
852 203138 81.259880 15.989700
852 203515 79.799860 18.242240
852 203917 90.956010 21.792260
852 203457 90.848560 29.154880
852 1626143 78.148700 33.371770
864 -1 90.172680 21.540740
864 2561 88.172030 26.126530
864 2446 59.911030 23.047740
864 2564 63.674450 43.467480
864 201988 58.517260 20.930360
864 203613 70.503880 7.981440
864 203138 80.854460 14.715180
864 203515 80.264880 17.726450
864 203917 91.541370 21.543210
864 203457 90.412390 29.107120
864 1626143 77.042720 32.870000
876 -1 90.236560 21.176920
876 2561 87.031070 26.153970
876 2446 58.591270 23.472130
876 2564 62.389060 42.914780
876 201988 57.880630 20.687070
876 203613 69.416340 8.468080
876 203138 80.301490 13.482420
876 203515 80.724710 17.170540
876 203917 92.196580 21.332400
876 203457 89.870320 29.018790
876 1626143 75.904620 32.356400
888 -1 90.290940 20.775690
888 2561 85.684390 26.283530
888 2446 57.288700 24.053510
888 2564 61.049230 42.378820
888 201988 57.130700 20.622680
888 203613 68.306540 8.917710
888 203138 79.501940 12.330100
888 203515 81.177430 16.597330
888 203917 92.857130 21.126910
888 203457 89.165800 28.949620
888 1626143 74.674470 31.940910