0 -1 12.939140 10.786460
0 2755 50.013090 29.942470
0 201937 42.636530 21.976820
0 203897 41.993880 21.049600
0 203952 26.169160 23.711870
0 1626157 25.636720 18.594570
0 203477 11.737740 11.351890
0 203138 20.026310 23.062060
0 203496 11.914780 28.241220
0 203924 0.004690 24.227670
0 1626143 25.930590 28.596650
12 -1 14.698340 11.206000
12 2755 51.070780 30.226350
12 201937 43.724530 21.834360
12 203897 42.621510 21.475630
12 203952 27.700240 23.854780
12 1626157 27.675270 18.881800
12 203477 13.158970 11.405100
12 203138 21.225650 23.725690
12 203496 13.364870 29.501350
12 203924 0.815770 24.183820
12 1626143 27.460040 28.604600
24 -1 16.402820 10.838990
24 2755 52.119210 30.557300
24 201937 44.851760 21.770270
24 203897 43.630870 21.845350
24 203952 29.302860 24.008460
24 1626157 29.615730 19.177650
24 203477 14.650950 11.539870
24 203138 22.463930 24.486910
24 203496 14.930860 30.668090
24 203924 1.804420 24.058310
24 1626143 29.061460 28.608880
36 -1 17.078720 10.484100
36 2755 53.155790 30.917930
36 201937 45.579410 21.623660
36 203897 45.120390 22.073010
36 203952 30.926430 24.096340
36 1626157 31.553180 19.505740
36 203477 16.167080 11.753070
36 203138 23.777640 25.325560
36 203496 16.612540 31.782130
36 203924 2.891910 23.922630
36 1626143 30.677620 28.609590
48 -1 18.194360 10.570140
48 2755 54.196640 31.236840
48 201937 46.037400 21.378230
48 203897 46.784440 22.429820
48 203952 32.449460 24.269900
48 1626157 33.451620 19.882450
48 203477 17.779940 12.018450
48 203138 25.153950 26.236300
48 203496 18.441530 32.803260
48 203924 4.031840 23.854300
48 1626143 32.407900 28.640200
60 -1 20.049070 11.277820
60 2755 55.169900 31.554030
60 201937 46.222960 21.087340
60 203897 48.658400 22.869010
60 203952 34.083320 24.530750
60 1626157 35.425240 20.274620
60 203477 19.474230 12.363560
60 203138 26.562620 27.207320
60 203496 20.278260 33.805840
60 203924 5.248200 23.822620
60 1626143 34.104860 28.592300
72 -1 21.905020 12.078670
72 2755 56.146120 31.889540
72 201937 46.273150 20.727830
72 203897 50.677150 23.456770
72 203952 35.720530 24.824210
72 1626157 37.366440 20.649630
72 203477 21.127060 12.738830
72 203138 28.073470 28.201140
72 203496 22.146860 34.757130
72 203924 6.585540 23.817790
72 1626143 35.862040 28.539070
84 -1 24.226150 13.347230
84 2755 57.114830 32.214680
84 201937 46.304790 20.324750
84 203897 52.321100 24.048680
84 203952 37.317910 25.128050
84 1626157 39.333020 21.120430
84 203477 22.752840 13.193370
84 203138 29.650960 29.193790
84 203496 24.082850 35.656140
84 203924 7.991640 23.899860
84 1626143 37.559720 28.458660
96 -1 26.349860 14.576560
96 2755 58.080270 32.539050
96 201937 46.708890 20.122280
96 203897 53.670970 24.639940
96 203952 38.862300 25.425570
96 1626157 41.321080 21.598990
96 203477 24.386640 13.663130
96 203138 31.299040 30.199060
96 203496 26.021120 36.533960
96 203924 9.489150 24.007600
96 1626143 39.163440 28.157450
108 -1 28.070260 15.401730
108 2755 59.039470 32.876710
108 201937 47.334210 19.971420
108 203897 54.970380 25.115280
108 203952 40.343030 25.830430
108 1626157 43.410830 22.068480
108 203477 25.983780 14.124310
108 203138 32.957650 31.185930
108 203496 27.869340 37.382750
108 203924 11.103280 24.077640
108 1626143 40.520880 27.797620
120 -1 29.059290 15.971520
120 2755 60.013950 33.193600
120 201937 48.017610 19.864510
120 203897 56.338290 25.684830
120 203952 41.704600 26.212500
120 1626157 45.380840 22.456520
120 203477 27.547130 14.564660
120 203138 34.621220 32.169420
120 203496 29.802530 38.111500
120 203924 12.766660 24.176410
120 1626143 42.043990 27.606420
132 -1 29.904970 16.435190
132 2755 60.973680 33.488550
132 201937 48.715630 19.817910
132 203897 57.699490 26.258750
132 203952 43.017590 26.561630
132 1626157 47.310360 22.865690
132 203477 29.188500 15.004920
132 203138 36.227600 33.148820
132 203496 31.759550 38.790170
132 203924 14.439910 24.304670
132 1626143 43.715210 27.582150
144 -1 31.216690 16.714190
144 2755 61.884860 33.799350
144 201937 49.349730 19.824460
144 203897 59.097470 26.889090
144 203952 44.307210 26.827600
144 1626157 49.272060 23.218680
144 203477 30.869570 15.377030
144 203138 37.823380 34.159770
144 203496 33.682330 39.428180
144 203924 16.104720 24.450640
144 1626143 45.414110 27.594160
156 -1 32.878860 16.655260
156 2755 62.799700 34.084680
156 201937 50.102800 19.738620
156 203897 60.483580 27.506210
156 203952 45.758020 27.076930
156 1626157 51.191200 23.532900
156 203477 32.543580 15.691180
156 203138 39.525610 35.161530
156 203496 35.583360 40.055500
156 203924 17.773700 24.626130
156 1626143 47.069270 27.913230
168 -1 34.633310 17.171280
168 2755 63.679580 34.362370
168 201937 50.905480 19.590440
168 203897 61.904360 28.202170
168 203952 47.213270 27.085650
168 1626157 53.017200 23.808590
168 203477 34.224190 15.900560
168 203138 41.299820 36.116630
168 203496 37.474290 40.680470
168 203924 19.429170 24.794170
168 1626143 48.979930 28.199050
180 -1 36.847290 17.172510
180 2755 64.550260 34.641760
180 201937 51.698940 19.398930
180 203897 63.311190 28.803840
180 203952 48.671200 27.069290
180 1626157 54.791390 24.147380
180 203477 35.880690 15.940900
180 203138 43.117810 37.043160
180 203496 39.305500 41.288250
180 203924 21.113360 24.968800
180 1626143 50.798020 28.411320
192 -1 39.110720 16.811080
192 2755 65.386260 34.906030
192 201937 52.454160 19.160190
192 203897 64.657840 29.382160
192 203952 50.106060 26.949100
192 1626157 56.481230 24.409320
192 203477 37.501640 15.875460
192 203138 45.031410 37.891730
192 203496 41.095710 41.882240
192 203924 22.820330 25.155880
192 1626143 52.387280 28.413330
204 -1 40.924140 15.633530
204 2755 66.215100 35.153040
204 201937 53.321110 18.761560
204 203897 65.969640 29.943670
204 203952 51.506280 26.798460
204 1626157 58.087330 24.750910
204 203477 39.086840 15.690720
204 203138 47.008320 38.671180
204 203496 42.870730 42.420820
204 203924 24.516690 25.395760
204 1626143 53.953800 28.334630
216 -1 42.132130 14.672140
216 2755 67.003520 35.375330
216 201937 54.078340 18.377250
216 203897 67.279940 30.497500
216 203952 52.869430 26.616170
216 1626157 59.592560 25.012630
216 203477 40.601330 15.375930
216 203138 48.944760 39.429460
216 203496 44.597990 42.897970
216 203924 26.193400 25.652620
216 1626143 55.631650 28.168890
228 -1 42.868000 13.987020
228 2755 67.706080 35.605120
228 201937 54.761000 17.950720
228 203897 68.597270 30.998890
228 203952 54.194140 26.373330
228 1626157 61.006280 25.212260
228 203477 42.098020 14.945410
228 203138 50.893440 40.167550
228 203496 46.333170 43.312390
228 203924 27.842050 25.949300
228 1626143 57.181260 27.972110
240 -1 43.879550 13.381640
240 2755 68.357630 35.814100
240 201937 55.413520 17.442790
240 203897 69.842840 31.492160
240 203952 55.399130 26.031110
240 1626157 62.329690 25.046320
240 203477 43.556950 14.480940
240 203138 52.892230 40.838650
240 203496 47.934760 43.765990
240 203924 29.491310 26.245310
240 1626143 58.573000 27.674110
252 -1 44.269640 13.215770
252 2755 68.984870 35.988240
252 201937 56.058200 16.883380
252 203897 71.102040 31.963540
252 203952 56.566400 25.719940
252 1626157 63.639170 24.953160
252 203477 44.968890 13.979910
252 203138 54.907150 41.457280
252 203496 49.556920 44.099740
252 203924 31.150360 26.551860
252 1626143 59.940600 27.330480
264 -1 46.349630 12.307900
264 2755 69.548290 36.120120
264 201937 56.650290 16.326020
264 203897 72.346320 32.373360
264 203952 57.699640 25.432620
264 1626157 64.836650 24.700370
264 203477 46.326320 13.455640
264 203138 56.969500 41.955600
264 203496 51.073100 44.403560
264 203924 32.795700 26.852550
264 1626143 61.288080 27.017440
276 -1 47.779580 11.590050
276 2755 70.069610 36.214080
276 201937 57.201080 15.729110
276 203897 73.607700 32.746240
276 203952 58.723510 25.173710
276 1626157 65.875090 24.455310
276 203477 47.628980 12.940510
276 203138 58.964990 42.435410
276 203496 52.501730 44.674590
276 203924 34.445320 27.186900
276 1626143 62.463540 26.419720
288 -1 49.745680 11.309670
288 2755 70.595530 36.235470
288 201937 57.753060 15.107440
288 203897 74.858200 33.094020
288 203952 59.750460 25.139560
288 1626157 66.782860 24.120540
288 203477 48.824750 12.481680
288 203138 60.940620 42.916890
288 203496 53.874700 44.808580
288 203924 36.064560 27.536700
288 1626143 63.554100 25.833160
300 -1 50.886370 10.850100
300 2755 71.059970 36.181140
300 201937 58.338740 14.429050
300 203897 76.034500 33.385270
300 203952 60.743660 25.272670
300 1626157 67.445410 24.143180
300 203477 49.996620 12.021390
300 203138 62.882390 43.399290
300 203496 55.236240 44.825760
300 203924 37.629290 27.889710
300 1626143 64.685330 25.195440
312 -1 51.655230 9.865060
312 2755 71.437320 36.074160
312 201937 58.929150 13.734590
312 203897 77.195610 33.592120
312 203952 61.637300 25.586570
312 1626157 68.105450 23.914380
312 203477 51.051490 11.505900
312 203138 64.766090 43.904430
312 203496 56.420120 44.875740
312 203924 39.157750 28.248220
312 1626143 65.787550 24.569300
324 -1 52.047430 9.539940
324 2755 71.765210 35.900930
324 201937 59.462480 13.081050
324 203897 78.303020 33.721390
324 203952 62.564850 25.803860
324 1626157 68.794540 23.548180
324 203477 52.032860 11.001520
324 203138 66.590130 44.463660
324 203496 57.585890 44.985500
324 203924 40.722380 28.612050
324 1626143 66.776340 23.806010
336 -1 53.069740 9.067780
336 2755 72.022090 35.726150
336 201937 59.999260 12.468020
336 203897 79.304250 33.817430
336 203952 63.405830 26.003760
336 1626157 69.401080 23.204700
336 203477 53.008120 10.486340
336 203138 68.379540 44.947990
336 203496 58.674830 44.971700
336 203924 42.270630 28.976420
336 1626143 67.873760 23.303190
348 -1 53.753360 8.947250
348 2755 72.220410 35.543460
348 201937 60.513020 12.005730
348 203897 80.214230 33.902840
348 203952 64.252610 26.121030
348 1626157 70.031150 22.789260
348 203477 53.874420 9.998500
348 203138 70.107900 45.354310
348 203496 59.464740 45.008180
348 203924 43.790060 29.330380
348 1626143 69.041960 22.760440
360 -1 55.366490 8.376790
360 2755 72.402230 35.347960
360 201937 60.939570 11.736940
360 203897 81.076230 33.975190
360 203952 65.113680 26.195340
360 1626157 70.889800 22.145380
360 203477 54.567320 9.619520
360 203138 71.859880 45.716420
360 203496 60.236530 44.988090
360 203924 45.314740 29.706350
360 1626143 70.180580 22.138000
372 -1 55.928660 9.844520
372 2755 72.593940 35.142670
372 201937 61.310140 11.579450
372 203897 81.829220 33.990610
372 203952 66.025170 26.152270
372 1626157 71.673810 21.516560
372 203477 55.150520 9.355230
372 203138 73.530630 46.037960
372 203496 60.969310 44.876190
372 203924 46.764060 30.062310
372 1626143 71.260410 21.466530
384 -1 56.322150 9.163890
384 2755 72.794850 34.955390
384 201937 61.652770 11.562320
384 203897 82.502430 33.937060
384 203952 66.747030 26.215850
384 1626157 72.381960 20.954480
384 203477 55.629030 9.137810
384 203138 75.159610 46.341620
384 203496 61.555140 44.651920
384 203924 48.137080 30.412880
384 1626143 72.303600 20.706880
396 -1 56.332220 8.381070
396 2755 72.990890 34.775700
396 201937 61.958100 11.657840
396 203897 83.089680 33.780950
396 203952 67.424380 26.315190
396 1626157 73.165270 20.169650
396 203477 55.984080 8.957820
396 203138 76.804910 46.631150
396 203496 62.082410 44.491220
396 203924 49.493650 30.749060
396 1626143 73.250620 19.891260
408 -1 56.850770 9.631270
408 2755 73.177770 34.642770
408 201937 62.213160 11.654750
408 203897 83.563430 33.526680
408 203952 68.053730 26.445740
408 1626157 73.942660 19.364120
408 203477 56.296070 8.729170
408 203138 78.335120 46.855960
408 203496 62.664680 44.334750
408 203924 50.854430 31.076030
408 1626143 74.028010 19.085730
420 -1 57.236860 8.703120
420 2755 73.337140 34.597810
420 201937 62.402870 11.604170
420 203897 83.916330 33.189240
420 203952 68.610880 26.611870
420 1626157 74.570170 18.821040
420 203477 56.624210 8.436950
420 203138 79.639150 46.997590
420 203496 63.169200 44.215890
420 203924 52.142400 31.431490
420 1626143 74.711300 18.351950
432 -1 57.553730 7.864340
432 2755 73.487230 34.641930
432 201937 62.597830 11.508610
432 203897 84.189280 32.803120
432 203952 69.090130 26.778890
432 1626157 75.171930 18.349430
432 203477 57.011300 8.130770
432 203138 80.764240 47.111300
432 203496 63.556850 44.133810
432 203924 53.440700 31.795010
432 1626143 75.167720 17.522470
444 -1 57.809100 7.099480
444 2755 73.643090 34.753680
444 201937 62.865070 11.365080
444 203897 84.333050 32.391300
444 203952 69.587060 27.004400
444 1626157 75.756430 17.825480
444 203477 57.449620 7.843460
444 203138 81.889620 47.084030
444 203496 63.907980 44.042970
444 203924 54.683100 32.108090
444 1626143 75.629860 16.798800
456 -1 58.010680 6.393100
456 2755 73.807280 34.883620
456 201937 63.219380 11.205330
456 203897 84.367260 31.952650
456 203952 70.061160 27.199650
456 1626157 76.251960 17.363860
456 203477 57.925380 7.558330
456 203138 82.976480 46.994870
456 203496 64.228070 43.933750
456 203924 55.836330 32.350240
456 1626143 75.979630 16.015780
468 -1 58.365060 5.888950
468 2755 73.974040 34.976380
468 201937 63.600610 11.160870
468 203897 84.349680 31.509880
468 203952 70.465570 27.364110
468 1626157 76.739320 16.993080
468 203477 58.460410 7.315480
468 203138 84.097450 46.931140
468 203496 64.492840 43.816230
468 203924 56.860440 32.533040
468 1626143 76.405160 15.217300
480 -1 59.078990 5.631670
480 2755 74.152990 35.003540
480 201937 64.064980 11.109860
480 203897 84.312870 31.096940
480 203952 70.866450 27.477740
480 1626157 77.216210 16.482060
480 203477 59.215260 7.044660
480 203138 85.240130 46.876610
480 203496 64.704620 43.694000
480 203924 57.925860 32.590520
480 1626143 76.768470 14.360670
492 -1 59.758840 5.322790
492 2755 74.329280 34.971350
492 201937 64.621600 11.062380
492 203897 84.274240 30.708600
492 203952 71.226540 27.578770
492 1626157 77.540970 15.887380
492 203477 60.071810 6.740550
492 203138 86.400670 46.777570
492 203496 64.906660 43.546390
492 203924 58.975210 32.592790
492 1626143 77.204340 13.593520
504 -1 61.443100 5.259790
504 2755 74.481930 34.880180
504 201937 65.225040 11.031100
504 203897 84.256890 30.367870
504 203952 71.525790 27.681370
504 1626157 77.851070 15.233760
504 203477 60.914360 6.395610
504 203138 87.301280 46.748330
504 203496 65.074590 43.395890
504 203924 60.067640 32.568730
504 1626143 77.593700 12.855090
516 -1 64.493420 5.212710
516 2755 74.606180 34.778100
516 201937 65.856400 11.031670
516 203897 84.293230 30.064640
516 203952 71.765800 27.800540
516 1626157 78.173810 14.630850
516 203477 61.678790 6.105920
516 203138 88.013300 46.749070
516 203496 65.211320 43.261930
516 203924 61.183970 32.579280
516 1626143 78.060780 12.124380
528 -1 68.938210 5.417900
528 2755 74.689320 34.706810
528 201937 66.513170 11.078810
528 203897 84.378860 29.788510
528 203952 72.006370 27.891230
528 1626157 78.474470 14.024240
528 203477 62.343920 5.920280
528 203138 88.554930 46.721210
528 203496 65.352020 43.140640
528 203924 62.370580 32.642090
528 1626143 78.499540 11.429490
540 -1 73.187940 5.520700
540 2755 74.706650 34.700200
540 201937 67.234760 11.133020
540 203897 84.495800 29.547300
540 203952 72.204940 27.963450
540 1626157 78.904050 13.483490
540 203477 62.767060 5.859920
540 203138 88.931410 46.712170
540 203496 65.479470 42.995870
540 203924 63.534970 32.721600
540 1626143 78.949240 10.756260
552 -1 75.492440 5.852900
552 2755 74.674550 34.724430
552 201937 67.966910 11.223140
552 203897 84.641980 29.412820
552 203952 72.399610 27.999290
552 1626157 79.437610 13.095470
552 203477 63.018090 5.929380
552 203138 89.161830 46.744380
552 203496 65.622480 42.934990
552 203924 64.706320 32.775310
552 1626143 79.429910 10.164600
564 -1 77.952570 5.782950
564 2755 74.612940 34.782900
564 201937 68.688350 11.328460
564 203897 84.843230 29.397950
564 203952 72.637970 27.959750
564 1626157 80.015880 12.860690
564 203477 63.184520 6.181020
564 203138 89.331940 46.805630
564 203496 65.768000 42.910680
564 203924 65.850880 32.805420
564 1626143 80.005870 9.730480
576 -1 80.480690 6.047780
576 2755 74.541540 34.840000
576 201937 69.430060 11.379960
576 203897 85.091830 29.520800
576 203952 72.955380 27.885440
576 1626157 80.641430 12.615250
576 203477 63.287600 6.554660
576 203138 89.393780 46.873670
576 203496 65.817400 42.779070
576 203924 67.016300 32.788420
576 1626143 80.499280 9.430710
588 -1 81.459320 6.599320
588 2755 74.449970 34.856680
588 201937 70.119660 11.497270
588 203897 85.376010 29.765230
588 203952 73.292360 27.930950
588 1626157 81.185140 12.402330
588 203477 63.346980 7.029100
588 203138 89.353850 46.991670
588 203496 65.791130 42.599290
588 203924 68.240010 32.749640
588 1626143 80.905470 9.216120
600 -1 81.701390 7.729360
600 2755 74.329300 34.817950
600 201937 70.793130 11.739900
600 203897 85.696030 30.072830
600 203952 73.696640 27.824580
600 1626157 81.630510 12.266160
600 203477 63.325730 7.628290
600 203138 89.191260 47.136570
600 203496 65.708130 42.380800
600 203924 69.490480 32.701420
600 1626143 81.203360 9.042040
612 -1 81.644170 8.494540
612 2755 74.182370 34.722910
612 201937 71.431530 12.046260
612 203897 86.038770 30.392950
612 203952 74.150540 27.749520
612 1626157 81.956590 12.150530
612 203477 63.228360 8.391330
612 203138 89.011010 47.279050
612 203496 65.535770 42.036820
612 203924 70.739210 32.676680
612 1626143 81.486850 8.809730
624 -1 81.684020 8.051030
624 2755 74.029340 34.577300
624 201937 72.009020 12.371710
624 203897 86.391370 30.704610
624 203952 74.650760 27.828040
624 1626157 82.159300 12.010480
624 203477 63.093860 9.251890
624 203138 88.777840 47.417930
624 203496 65.321280 41.619200
624 203924 72.002150 32.728180
624 1626143 81.682830 8.687740
636 -1 81.563310 7.840910
636 2755 73.709530 34.471790
636 201937 72.491370 12.759830
636 203897 86.728460 31.014980
636 203952 75.172860 27.873860
636 1626157 82.329390 11.970520
636 203477 62.946070 10.162170
636 203138 88.557770 47.549030
636 203496 65.189300 41.290000
636 203924 73.243840 32.827760
636 1626143 81.837790 8.532680
648 -1 81.639970 7.698740
648 2755 73.379380 34.385080
648 201937 73.025560 13.087430
648 203897 87.027440 31.346180
648 203952 75.776900 27.745230
648 1626157 82.527890 12.077040
648 203477 62.754720 11.147700
648 203138 88.380910 47.649780
648 203496 65.102040 40.992720
648 203924 74.498380 32.939200
648 1626143 81.988030 8.408050
660 -1 81.621500 7.490940
660 2755 73.066310 34.246650
660 201937 73.481500 13.303850
660 203897 87.286810 31.714340
660 203952 76.404840 27.787890
660 1626157 82.665260 12.167600
660 203477 62.517680 12.200890
660 203138 88.264690 47.703650
660 203496 65.059080 40.741820
660 203924 75.736310 33.085950
660 1626143 82.198720 8.436160
672 -1 81.595450 7.362890
672 2755 72.736820 34.028590
672 201937 73.802470 13.541280
672 203897 87.472640 32.101060
672 203952 77.070300 27.791890
672 1626157 82.843320 12.140670
672 203477 62.258420 13.266650
672 203138 88.166720 47.715530
672 203496 65.030930 40.491910
672 203924 76.993080 33.273740
672 1626143 82.370050 8.569860
684 -1 81.429870 7.381040
684 2755 72.403190 33.765880
684 201937 74.001180 13.858590
684 203897 87.561120 32.491210
684 203952 77.779220 27.636430
684 1626157 83.024720 12.246440
684 203477 61.938440 14.365720
684 203138 88.043620 47.714760
684 203496 65.028190 40.193480
684 203924 78.243560 33.461420
684 1626143 82.477420 8.541420
696 -1 81.394040 7.308810
696 2755 72.178650 33.395630
696 201937 74.187360 14.146190
696 203897 87.513050 32.874910
696 203952 78.497220 27.544540
696 1626157 83.144160 12.384880
696 203477 61.610440 15.454860
696 203138 87.824040 47.728840
696 203496 64.983390 39.970430
696 203924 79.461700 33.665030
696 1626143 82.563680 8.533180
708 -1 81.221830 7.219720
708 2755 71.935880 32.951440
708 201937 74.214170 14.471630
708 203897 87.413150 33.166900
708 203952 79.137430 27.482100
708 1626157 83.245830 12.299280
708 203477 61.339010 16.433910
708 203138 87.502530 47.758370
708 203496 64.945100 39.696310
708 203924 80.580360 33.706340
708 1626143 82.640790 8.507770
720 -1 81.363790 7.276090
720 2755 71.664810 32.516990
720 201937 74.032500 15.013240
720 203897 87.317120 33.277880
720 203952 79.789030 27.413330
720 1626157 83.333010 12.128320
720 203477 61.124520 17.376240
720 203138 87.182070 47.783080
720 203496 64.912620 39.428920
720 203924 81.563870 33.720580
720 1626143 82.691220 8.459470
732 -1 81.463590 7.470920
732 2755 71.500470 32.112240
732 201937 73.776690 15.613090
732 203897 87.130940 33.289740
732 203952 80.418850 27.393030
732 1626157 83.373200 12.109900
732 203477 60.941400 18.240740
732 203138 86.890450 47.838810
732 203496 64.899080 39.205730
732 203924 82.483210 33.671970
732 1626143 82.722690 8.448010
744 -1 81.593500 7.467450
744 2755 71.410720 31.655650
744 201937 73.510500 16.236740
744 203897 86.929740 33.163930
744 203952 81.021770 27.434120
744 1626157 83.396870 11.992730
744 203477 60.767170 19.001470
744 203138 86.663770 47.890410
744 203496 64.870860 39.083340
744 203924 83.299370 33.579080
744 1626143 82.732750 8.468500
756 -1 81.583640 7.298200
756 2755 71.433610 31.065130
756 201937 73.215830 16.909460
756 203897 86.829760 32.925400
756 203952 81.594680 27.445480
756 1626157 83.387740 11.922260
756 203477 60.581060 19.681580
756 203138 86.509850 47.936710
756 203496 64.883030 38.906020
756 203924 83.998820 33.407680
756 1626143 82.718870 8.491560
768 -1 81.519140 6.825590
768 2755 71.571730 30.497640
768 201937 72.980970 17.597150
768 203897 86.669770 32.678730
768 203952 82.174600 27.440920
768 1626157 83.345760 12.027180
768 203477 60.407640 20.246400
768 203138 86.463810 47.963580
768 203496 64.913170 38.785330
768 203924 84.634600 33.339510
768 1626143 82.672680 8.479580
780 -1 81.311590 6.919870
780 2755 71.806110 30.087060
780 201937 72.820120 18.098590
780 203897 86.572690 32.490190
780 203952 82.730260 27.404470
780 1626157 83.290130 12.149610
780 203477 60.225400 20.659970
780 203138 86.433080 47.989740
780 203496 64.966660 38.687670
780 203924 85.089710 33.302040
780 1626143 82.640830 8.386080
792 -1 81.129180 6.820150
792 2755 72.041670 29.762790
792 201937 72.637880 18.650000
792 203897 86.612640 32.349710
792 203952 83.188080 27.271540
792 1626157 83.251620 12.094280
792 203477 60.050520 20.910750
792 203138 86.365690 48.002400
792 203496 65.041650 38.625930
792 203924 85.348880 33.279320
792 1626143 82.629340 8.284240
804 -1 80.755420 6.549820
804 2755 72.272340 29.580230
804 201937 72.452520 19.054690
804 203897 86.714480 32.338380
804 203952 83.631190 27.025110
804 1626157 83.248700 11.997320
804 203477 59.919050 21.005990
804 203138 86.270220 48.011120
804 203496 65.143240 38.575210
804 203924 85.476590 33.240370
804 1626143 82.642230 8.114350
816 -1 80.639180 6.858940
816 2755 72.505930 29.600340
816 201937 72.289260 19.332280
816 203897 86.808180 32.423620
816 203952 84.025830 26.732270
816 1626157 83.273290 11.835840
816 203477 59.833880 21.020070
816 203138 86.208200 48.000010
816 203496 65.248240 38.542000
816 203924 85.536370 33.264460
816 1626143 82.673950 7.943710
828 -1 80.636030 6.709580
828 2755 72.680150 29.712590
828 201937 72.185200 19.433050
828 203897 87.018180 32.533770
828 203952 84.427760 26.608350
828 1626157 83.307870 11.647770
828 203477 59.738520 21.046130
828 203138 86.190790 47.979830
828 203496 65.329130 38.536950
828 203924 85.504600 33.352020
828 1626143 82.733500 7.848220
840 -1 80.924160 6.456170
840 2755 72.920480 29.620620
840 201937 72.100460 19.590480
840 203897 87.137290 32.786250
840 203952 84.771500 26.534870
840 1626157 83.379430 11.427530
840 203477 59.664950 21.060460
840 203138 86.243550 47.953620
840 203496 65.375490 38.530280
840 203924 85.559540 33.514660
840 1626143 82.782500 7.829680
852 -1 81.257630 6.248370
852 2755 73.149070 29.510810
852 201937 72.137310 19.537280
852 203897 87.113130 33.245880
852 203952 85.120850 26.547400
852 1626157 83.468400 11.300210
852 203477 59.615370 21.099160
852 203138 86.392330 47.913720
852 203496 65.387640 38.517280
852 203924 85.668420 33.693840
852 1626143 82.765580 7.771620
864 -1 81.448490 6.345440
864 2755 73.357690 29.355730
864 201937 72.229700 19.426870
864 203897 87.111830 33.695970
864 203952 85.392530 26.666330
864 1626157 83.523250 11.263710
864 203477 59.583030 21.143380
864 203138 86.585310 47.876160
864 203496 65.364130 38.499140
864 203924 85.820730 33.790790
864 1626143 82.704600 7.767380
876 -1 81.472220 7.020820
876 2755 73.488210 29.220110
876 201937 72.208200 19.507750
876 203897 87.034220 34.266300
876 203952 85.604400 26.834670
876 1626157 83.550870 11.256390
876 203477 59.556530 21.173460
876 203138 86.739480 47.845270
876 203496 65.317720 38.472690
876 203924 86.005130 33.891550
876 1626143 82.637540 7.838470
888 -1 81.073780 7.586720
888 2755 73.659180 29.048730
888 201937 72.157580 19.659370
888 203897 86.844510 34.924050
888 203952 85.714760 26.858180
888 1626157 83.530260 11.406570
888 203477 59.547320 21.179280
888 203138 86.850230 47.823300
888 203496 65.259290 38.441690
888 203924 86.182660 34.000980
888 1626143 82.603530 7.954280
900 -1 80.741900 8.102430
900 2755 73.734470 29.027190
900 201937 72.142470 19.800670
900 203897 86.613590 35.535570
900 203952 85.776050 26.820220
900 1626157 83.472890 11.507940
900 203477 59.550400 21.161200
900 203138 86.879860 47.808590
900 203496 65.194960 38.415900
900 203924 86.325440 34.049540
900 1626143 82.561410 8.134760
912 -1 80.448770 8.513940
912 2755 73.771850 29.050470
912 201937 72.147040 19.944790
912 203897 86.450930 35.985630
912 203952 85.823310 26.782450
912 1626157 83.367810 11.735620
912 203477 59.556100 21.122330
912 203138 86.786580 47.813230
912 203496 65.146120 38.401680
912 203924 86.392990 34.166820
912 1626143 82.517170 8.413680
924 -1 80.450990 8.137440
924 2755 73.792140 29.084680
924 201937 72.211280 20.116130
924 203897 86.199960 36.456630
924 203952 85.849380 26.758480
924 1626157 83.254090 12.125580
924 203477 59.568590 21.103420
924 203138 86.656000 47.820610
924 203496 65.127770 38.392960
924 203924 86.391250 34.457750
924 1626143 82.550170 8.787620
936 -1 80.715030 7.972090
936 2755 73.841800 29.061540
936 201937 72.412250 20.135810
936 203897 85.979960 36.820640
936 203952 85.886070 26.813360
936 1626157 83.223060 12.571080
936 203477 59.587630 21.099450
936 203138 86.512960 47.821450
936 203496 65.139630 38.472270
936 203924 86.379490 34.722790
936 1626143 82.614510 9.178030
948 -1 81.552350 7.871630
948 2755 73.881950 29.006370
948 201937 72.566450 20.220620
948 203897 85.786150 37.176030
948 203952 85.933770 27.013010
948 1626157 83.215130 12.880500
948 203477 59.606650 21.086210
948 203138 86.368410 47.807970
948 203496 65.206780 38.490390
948 203924 86.358480 34.925120
948 1626143 82.707080 9.410610
960 -1 82.165190 8.157560
960 2755 73.941950 28.896780
960 201937 72.635240 20.313740
960 203897 85.544290 37.527400
960 203952 85.992120 27.392360
960 1626157 83.185180 13.276050
960 203477 59.608850 21.041990
960 203138 86.263570 47.782730
960 203496 65.334990 38.535470
960 203924 86.320660 35.103860
960 1626143 82.839250 9.546030
972 -1 82.659890 8.532080
972 2755 74.018990 28.750440
972 201937 72.683520 20.414310
972 203897 85.262780 37.794480
972 203952 86.061620 27.861210
972 1626157 83.255430 13.501660
972 203477 59.608970 20.981080
972 203138 86.215250 47.732480
972 203496 65.547070 38.589280
972 203924 86.284200 35.223200
972 1626143 83.014250 9.701070
984 -1 83.085310 8.798090
984 2755 74.122990 28.602490
984 201937 72.787510 20.505510
984 203897 85.072520 37.937870
984 203952 86.135110 28.350170
984 1626157 83.413960 13.601720
984 203477 59.616170 20.891450
984 203138 86.161620 47.678760
984 203496 65.824110 38.662490
984 203924 86.217550 35.324670
984 1626143 83.321270 9.869140
996 -1 83.001190 8.961010
996 2755 74.288380 28.442540
996 201937 72.943860 20.566380
996 203897 84.848960 38.035190
996 203952 86.224300 28.948350
996 1626157 83.559910 13.623570
996 203477 59.651600 20.759220
996 203138 86.079420 47.634690
996 203496 66.135200 38.660810
996 203924 86.106170 35.470460
996 1626143 83.703590 9.929750
1008 -1 82.731660 9.507960
1008 2755 74.495490 28.271420
1008 201937 73.226940 20.539960
1008 203897 84.530360 38.006560
1008 203952 86.313610 29.549830
1008 1626157 83.811960 13.628390
1008 203477 59.716590 20.544700
1008 203138 85.950810 47.602060
1008 203496 66.464220 38.728830
1008 203924 85.976980 35.668520
1008 1626143 83.994050 10.037460
1020 -1 82.835030 9.380790
1020 2755 74.768930 28.040200
1020 201937 73.661890 20.431140
1020 203897 84.215850 37.921890
1020 203952 86.369930 30.068330
1020 1626157 84.131100 13.609820
1020 203477 59.805950 20.194870
1020 203138 85.786460 47.597490
1020 203496 66.779000 38.769640
1020 203924 85.854130 35.893940
1020 1626143 84.313710 9.992400
1032 -1 83.407270 8.449940
1032 2755 75.077890 27.735150
1032 201937 74.113300 20.306460
1032 203897 83.915630 37.846910
1032 203952 86.399780 30.687880
1032 1626157 84.412230 13.631190
1032 203477 59.879270 19.600290
1032 203138 85.617250 47.623420
1032 203496 67.041080 38.781740
1032 203924 85.739790 36.133400
1032 1626143 84.706250 9.751060
1044 -1 83.851130 7.986570
1044 2755 75.394890 27.420860
1044 201937 74.441460 20.172370
1044 203897 83.525480 37.786490
1044 203952 86.449510 31.291900
1044 1626157 84.681410 13.611970
1044 203477 60.010790 18.897880
1044 203138 85.488580 47.645900
1044 203496 67.269600 38.749760
1044 203924 85.631540 36.328470
1044 1626143 84.930670 9.324800
1056 -1 84.122970 7.484920
1056 2755 75.658130 27.177800
1056 201937 74.683080 19.987430
1056 203897 83.180400 37.653410
1056 203952 86.475700 31.730400
1056 1626157 84.970400 13.598500
1056 203477 60.197410 17.889930
1056 203138 85.478840 47.650030
1056 203496 67.501910 38.672070
1056 203924 85.470120 36.467220
1056 1626143 85.121900 8.896260
1068 -1 84.001700 7.653920
1068 2755 75.847840 27.020660
1068 201937 74.853080 19.713340
1068 203897 82.968450 37.531910
1068 203952 86.514320 32.076170
1068 1626157 85.243400 13.503770
1068 203477 60.432030 16.739100
1068 203138 85.638870 47.634870
1068 203496 67.720140 38.568810
1068 203924 85.266740 36.627340
1068 1626143 85.360780 8.400200
1080 -1 83.930560 7.840360
1080 2755 75.909480 26.984530
1080 201937 74.941830 19.359190
1080 203897 82.845280 37.039250
1080 203952 86.597110 32.351900
1080 1626157 85.649410 13.300390
1080 203477 60.735500 15.399530
1080 203138 85.967040 47.594810
1080 203496 67.936260 38.465670
1080 203924 85.083100 36.941620
1080 1626143 85.579550 7.937260
1092 -1 84.730150 7.665680
1092 2755 75.851430 27.125900
1092 201937 75.008310 18.876540
1092 203897 82.700340 36.593880
1092 203952 86.684280 32.397830
1092 1626157 86.037000 13.082980
1092 203477 61.143640 14.073470
1092 203138 86.399370 47.562640
1092 203496 68.159940 38.382310
1092 203924 84.817830 37.205730
1092 1626143 85.776050 7.458930
1104 -1 86.470200 6.771480
1104 2755 75.726060 27.360260
1104 201937 75.069110 18.307980
1104 203897 82.550490 36.141700
1104 203952 86.746630 32.393190
1104 1626157 86.362800 12.757930
1104 203477 61.615840 12.652090
1104 203138 86.868010 47.571830
1104 203496 68.354520 38.329180
1104 203924 84.567910 37.576510
1104 1626143 85.998720 6.886370
1116 -1 87.706350 6.446340
1116 2755 75.537860 27.614820
1116 201937 75.135400 17.657900
1116 203897 82.382160 35.735570
1116 203952 86.800110 32.377140
1116 1626157 86.627750 12.402830
1116 203477 62.214050 11.369070
1116 203138 87.347420 47.594080
1116 203496 68.495280 38.321880
1116 203924 84.305360 38.009290
1116 1626143 86.159320 6.382260
1128 -1 88.097970 6.436880
1128 2755 75.346000 27.899560
1128 201937 75.185280 16.994700
1128 203897 82.206680 35.325060
1128 203952 86.808160 32.265030
1128 1626157 86.804980 12.155560
1128 203477 62.799680 10.139860
1128 203138 87.780430 47.660320
1128 203496 68.573370 38.330900
1128 203924 84.011350 38.397780
1128 1626143 86.310600 5.945030
1140 -1 87.524620 6.468220
1140 2755 75.237350 28.236700
1140 201937 75.271240 16.258130
1140 203897 82.018730 35.309250
1140 203952 86.781370 32.188890
1140 1626157 86.756240 12.054150
1140 203477 63.391110 9.064220
1140 203138 88.160170 47.759180
1140 203496 68.572950 38.334420
1140 203924 83.586810 38.570150
1140 1626143 86.420650 5.680190
1152 -1 86.236650 6.237570
1152 2755 75.232160 28.568290
1152 201937 75.319560 15.495920
1152 203897 81.896900 35.271740
1152 203952 86.723340 32.221910
1152 1626157 86.689120 11.937420
1152 203477 63.956130 8.093920
1152 203138 88.559180 47.830240
1152 203496 68.468770 38.321710
1152 203924 83.129460 38.766730
1152 1626143 86.439160 5.454830
1164 -1 85.036160 5.935160
1164 2755 75.219820 28.899140
1164 201937 75.346570 14.683260
1164 203897 81.815080 35.323980
1164 203952 86.633670 32.340020
1164 1626157 86.655770 11.839820
1164 203477 64.442800 7.242030
1164 203138 88.952560 47.870790
1164 203496 68.294810 38.292410
1164 203924 82.594150 38.840350
1164 1626143 86.378150 5.504810
1176 -1 83.996930 5.727080
1176 2755 75.205530 29.236130
1176 201937 75.354720 13.907180
1176 203897 81.826470 35.316460
1176 203952 86.546610 32.475800
1176 1626157 86.568720 11.832870
1176 203477 64.735750 6.517240
1176 203138 89.301240 47.907320
1176 203496 68.083360 38.246740
1176 203924 82.033900 38.776840
1176 1626143 86.174440 5.586830
1188 -1 83.334920 5.745160
1188 2755 75.149140 29.555150
1188 201937 75.335300 13.218950
1188 203897 81.954530 35.266960
1188 203952 86.461940 32.680150
1188 1626157 86.443640 11.847490
1188 203477 64.991020 5.920160
1188 203138 89.557220 47.936960
1188 203496 67.882130 38.195360
1188 203924 81.487420 38.657060
1188 1626143 85.665790 5.831210
1200 -1 83.023100 6.403220
1200 2755 74.986760 29.834300
1200 201937 75.281340 12.690530
1200 203897 82.149350 35.167150
1200 203952 86.344470 32.849970
1200 1626157 86.246450 11.847440
1200 203477 65.133930 5.500690
1200 203138 89.718140 47.953920
1200 203496 67.730850 38.149060
1200 203924 81.037890 38.580200
1200 1626143 85.016130 6.265390
1212 -1 82.263710 7.296680
1212 2755 74.749080 30.103570
1212 201937 75.202660 12.301960
1212 203897 82.512210 35.213630
1212 203952 86.254680 32.839460
1212 1626157 85.950730 12.021680
1212 203477 65.188750 5.217530
1212 203138 89.783020 47.971300
1212 203496 67.660800 38.097950
1212 203924 80.690140 38.461330
1212 1626143 84.368020 6.996740
1224 -1 81.670900 7.504160
1224 2755 74.514810 30.394860
1224 201937 75.116730 12.139270
1224 203897 83.046190 35.345490
1224 203952 86.103780 32.763440
1224 1626157 85.513570 12.442220
1224 203477 65.157780 5.050090
1224 203138 89.825550 47.962900
1224 203496 67.686000 38.027650
1224 203924 80.386970 38.210940
1224 1626143 83.626560 7.937870
1236 -1 81.898870 8.798510
1236 2755 74.322150 30.668390
1236 201937 74.997160 12.181470
1236 203897 83.653640 35.556480
1236 203952 85.915040 32.564830
1236 1626157 84.956630 12.876570
1236 203477 65.095080 4.969890
1236 203138 89.866770 47.941710
1236 203496 67.810300 37.934840
1236 203924 80.097430 37.892220
1236 1626143 82.939870 9.109830
1248 -1 81.606730 10.949490
1248 2755 74.143450 30.977990
1248 201937 74.857870 12.297020
1248 203897 84.265920 35.844000
1248 203952 85.686550 32.291450
1248 1626157 84.338460 13.513180
1248 203477 64.994900 4.965850
1248 203138 89.941160 47.901220
1248 203496 68.030130 37.797870
1248 203924 79.842090 37.594320
1248 1626143 82.420450 10.500730
1260 -1 80.744440 12.541530
1260 2755 73.968390 31.316860
1260 201937 74.750940 12.451250
1260 203897 84.911410 36.167600
1260 203952 85.440870 31.900800
1260 1626157 83.755100 14.385150
1260 203477 64.920960 4.991090
1260 203138 90.012570 47.844150
1260 203496 68.344050 37.605370
1260 203924 79.560170 37.158610
1260 1626143 82.054440 11.999720
1272 -1 79.861230 14.208540
1272 2755 73.796400 31.692450
1272 201937 74.740410 12.717050
1272 203897 85.489170 36.334940
1272 203952 85.137930 31.583900
1272 1626157 83.173080 15.359060
1272 203477 64.881130 5.023010
1272 203138 90.056730 47.784210
1272 203496 68.679500 37.372440
1272 203924 79.338780 36.725900
1272 1626143 81.681330 13.600100
1284 -1 79.644940 16.367020
1284 2755 73.650520 32.066350
1284 201937 74.830740 13.010530
1284 203897 85.985350 36.365910
1284 203952 84.749080 31.382900
1284 1626157 82.720840 16.278400
1284 203477 64.865780 5.051320
1284 203138 90.028250 47.739850
1284 203496 68.923990 37.081900
1284 203924 79.162480 36.337420
1284 1626143 81.319580 15.306330
1296 -1 79.589080 18.374650
1296 2755 73.560030 32.335210
1296 201937 75.039780 13.301440
1296 203897 86.443740 36.414000
1296 203952 84.400790 31.152530
1296 1626157 82.436660 17.290480
1296 203477 64.843030 5.091660
1296 203138 89.902070 47.701060
1296 203496 69.036520 36.769030
1296 203924 79.040490 35.987170
1296 1626143 80.996060 16.964760
1308 -1 79.547460 19.377190
1308 2755 73.456390 32.607430
1308 201937 75.380130 13.627440
1308 203897 86.908110 36.548090
1308 203952 84.023800 31.048310
1308 1626157 82.214590 18.184430
1308 203477 64.815330 5.135090
1308 203138 89.614330 47.670380
1308 203496 68.964880 36.483290
1308 203924 78.928640 35.568680
1308 1626143 80.698210 18.591520
1320 -1 79.517620 20.445080
1320 2755 73.382490 32.808560
1320 201937 75.801330 14.005910
1320 203897 87.368710 36.768650
1320 203952 83.679630 31.082420
1320 1626157 82.087780 19.111950
1320 203477 64.767700 5.195500
1320 203138 89.208920 47.644300
1320 203496 68.686150 36.163050
1320 203924 78.911590 35.228130
1320 1626143 80.365350 20.032470
1332 -1 79.518630 20.941010
1332 2755 73.302480 32.928150
1332 201937 76.387910 14.443360
1332 203897 87.805720 37.104060
1332 203952 83.403280 31.136750
1332 1626157 82.030410 20.184100
1332 203477 64.700070 5.293530
1332 203138 88.763750 47.650760
1332 203496 68.200610 35.839550
1332 203924 78.944570 34.899030
1332 1626143 79.988380 21.317850
1344 -1 78.229580 21.541190
1344 2755 73.191930 32.981130
1344 201937 77.074740 14.938900
1344 203897 88.183820 37.559720
1344 203952 83.305370 31.062760
1344 1626157 81.915900 21.318660
1344 203477 64.645190 5.427660
1344 203138 88.299100 47.639950
1344 203496 67.651500 35.549750
1344 203924 79.123580 34.627990
1344 1626143 79.555850 22.385670
1356 -1 78.072980 22.427730
1356 2755 73.020300 33.068210
1356 201937 77.863220 15.528740
1356 203897 88.481560 38.105230
1356 203952 83.260470 31.059600
1356 1626157 81.765730 22.358780
1356 203477 64.635770 5.584140
1356 203138 87.793130 47.642450
1356 203496 67.009600 35.131360
1356 203924 79.456940 34.400170
1356 1626143 78.974490 23.300580
1368 -1 78.803190 22.956950
1368 2755 72.889900 33.043070
1368 201937 78.679810 16.177360
1368 203897 88.654670 38.663570
1368 203952 83.340660 30.929950
1368 1626157 81.596820 23.424900
1368 203477 64.657760 5.776250
1368 203138 87.295580 47.655110
1368 203496 66.304490 34.636460
1368 203924 79.919140 34.182780
1368 1626143 78.266060 23.945230
1380 -1 80.228560 23.226130
1380 2755 72.767910 32.969520
1380 201937 79.586690 16.892270
1380 203897 88.696280 39.178950
1380 203952 83.563850 30.688690
1380 1626157 81.347140 24.341780
1380 203477 64.702600 6.005670
1380 203138 86.754840 47.666060
1380 203496 65.573590 34.130720
1380 203924 80.449360 33.972410
1380 1626143 77.417650 24.734700
1392 -1 81.683430 23.424190
1392 2755 72.637730 32.833860
1392 201937 80.448140 17.651180
1392 203897 88.614270 39.618720
1392 203952 83.874900 30.360280
1392 1626157 80.979600 25.036200
1392 203477 64.766160 6.249390
1392 203138 86.176220 47.640140
1392 203496 64.889180 33.594790
1392 203924 81.040390 33.680940
1392 1626143 76.447160 25.423450
1404 -1 83.095030 23.700320
1404 2755 72.453690 32.688200
1404 201937 81.301130 18.428030
1404 203897 88.389000 39.988340
1404 203952 84.263670 29.938190
1404 1626157 80.586710 25.602850
1404 203477 64.813860 6.534140
1404 203138 85.544850 47.572580
1404 203496 64.191290 33.024690
1404 203924 81.669610 33.278880
1404 1626143 75.439120 25.928790
1416 -1 84.506670 23.884690
1416 2755 72.201280 32.601040
1416 201937 82.107580 19.156390
1416 203897 88.005520 40.337320
1416 203952 84.695990 29.497790
1416 1626157 80.131670 26.157280
1416 203477 64.806000 6.859430
1416 203138 84.888070 47.433520
1416 203496 63.517670 32.486070
1416 203924 82.434330 32.804460
1416 1626143 74.496400 26.556470
1428 -1 85.865260 24.173340
1428 2755 71.884630 32.562340
1428 201937 82.911950 19.886440
1428 203897 87.512070 40.654230
1428 203952 85.136770 29.028960
1428 1626157 79.647300 26.626840
1428 203477 64.734130 7.210040
1428 203138 84.175190 47.206310
1428 203496 62.894100 32.123590
1428 203924 83.318990 32.230830
1428 1626143 73.521480 27.194540
1440 -1 87.262760 24.448280
1440 2755 71.509830 32.603610
1440 201937 83.677630 20.626710
1440 203897 86.887100 40.974890
1440 203952 85.495430 28.536770
1440 1626157 79.151200 27.060100
1440 203477 64.621020 7.589870
1440 203138 83.469990 46.921040
1440 203496 62.285980 31.857870
1440 203924 84.304790 31.513370
1440 1626143 72.424610 27.602750
1452 -1 88.718440 24.649480
1452 2755 71.115350 32.742650
1452 201937 84.414590 21.218140
1452 203897 86.130450 41.292390
1452 203952 85.761730 28.080490
1452 1626157 78.697980 27.420540
1452 203477 64.464100 8.022650
1452 203138 82.678590 46.639880
1452 203496 61.708430 31.634240
1452 203924 85.233720 30.751490
1452 1626143 71.199130 28.029610
1464 -1 88.980720 25.201820
1464 2755 70.726160 32.968620
1464 201937 85.079010 21.612810
1464 203897 85.277410 41.623190
1464 203952 85.977350 27.704800
1464 1626157 78.207920 27.802600
1464 203477 64.284260 8.464670
1464 203138 81.821500 46.288680
1464 203496 61.132900 31.451400
1464 203924 86.077730 29.879960
1464 1626143 69.896720 28.465830
1476 -1 88.739010 25.512950
1476 2755 70.325260 33.245780
1476 201937 85.653900 21.817620
1476 203897 84.303860 41.871440
1476 203952 86.116930 27.316680
1476 1626157 77.678840 28.240660
1476 203477 64.097490 8.949710
1476 203138 80.905050 45.881550
1476 203496 60.564260 31.379570
1476 203924 86.804230 29.059710
1476 1626143 68.363890 28.726580
1488 -1 88.512730 25.727640
1488 2755 69.911260 33.579170
1488 201937 86.135720 21.859400
1488 203897 83.218890 42.054460
1488 203952 86.223420 27.067660
1488 1626157 77.105610 28.716540
1488 203477 63.901810 9.475810
1488 203138 79.922530 45.465920
1488 203496 59.973400 31.276480
1488 203924 87.419500 28.245060
1488 1626143 66.689550 28.989870
1500 -1 88.363870 26.141700
1500 2755 69.465080 33.946970
1500 201937 86.497610 21.642080
1500 203897 82.064030 42.166040
1500 203952 86.273570 26.906850
1500 1626157 76.499480 29.233080
1500 203477 63.633310 10.033780
1500 203138 78.794350 45.069120
1500 203496 59.421160 31.161830
1500 203924 88.004930 27.426500
1500 1626143 65.010170 29.183310
1512 -1 87.959370 26.226110
1512 2755 68.946260 34.380640
1512 201937 86.723810 21.331980
1512 203897 80.830920 42.223140
1512 203952 86.300080 26.774120
1512 1626157 75.852650 29.768240
1512 203477 63.333770 10.618110
1512 203138 77.541960 44.594670
1512 203496 58.797020 31.087710
1512 203924 88.622400 26.588690
1512 1626143 63.273820 29.323090
1524 -1 87.457150 26.294570
1524 2755 68.319260 34.845730
1524 201937 86.841190 21.006910
1524 203897 79.525380 42.234720
1524 203952 86.283620 26.627430
1524 1626157 75.138400 30.287710
1524 203477 62.924400 11.246130
1524 203138 76.191670 44.187380
1524 203496 58.137310 31.039170
1524 203924 89.284950 25.918700
1524 1626143 61.614700 29.478320
1536 -1 87.221770 26.371850
1536 2755 67.555880 35.381350
1536 201937 86.922630 20.685860
1536 203897 78.206920 42.257320
1536 203952 86.278020 26.527560
1536 1626157 74.333190 30.794620
1536 203477 62.409820 11.856710
1536 203138 74.722750 43.861480
1536 203496 57.446310 31.059400
1536 203924 89.824890 25.219810
1536 1626143 59.841610 29.523180
1548 -1 87.308950 26.290130
1548 2755 66.619330 35.949720
1548 201937 86.965710 20.365150
1548 203897 76.873300 42.264840
1548 203952 86.326760 26.388460
1548 1626157 73.478770 31.262440
1548 203477 61.852860 12.459660
1548 203138 73.169540 43.600080
1548 203496 56.659390 31.050690
1548 203924 90.329630 24.496100
1548 1626143 58.167320 29.491020
1560 -1 87.387260 26.293210
1560 2755 65.579100 36.523510
1560 201937 86.975100 20.086860
1560 203897 75.460200 42.325000
1560 203952 86.457700 26.272820
1560 1626157 72.513780 31.706780
1560 203477 61.309300 13.068240
1560 203138 71.609240 43.361250
1560 203496 55.749380 31.069800
1560 203924 90.661450 23.816360
1560 1626143 56.515430 29.444320
1572 -1 87.512980 26.373600
1572 2755 64.436700 37.146190
1572 201937 86.965370 19.855900
1572 203897 74.032580 42.399680
1572 203952 86.696520 26.173500
1572 1626157 71.412200 32.147140
1572 203477 60.483200 13.720950
1572 203138 70.060360 43.125100
1572 203496 54.818770 31.119060
1572 203924 90.826700 23.157570
1572 1626143 55.042740 29.420870
1584 -1 87.829830 26.578990
1584 2755 63.213840 37.761620
1584 201937 87.021510 19.716180
1584 203897 72.580020 42.467550
1584 203952 87.092790 26.102080
1584 1626157 70.201940 32.584610
1584 203477 59.612620 14.367620
1584 203138 68.503390 42.823490
1584 203496 53.778820 31.156920
1584 203924 90.747160 22.417270
1584 1626143 53.422670 29.300730
1596 -1 88.164350 26.493450
1596 2755 61.928810 38.383110
1596 201937 87.082340 19.630280
1596 203897 71.105130 42.506670
1596 203952 87.611190 26.056490
1596 1626157 68.936460 32.994430
1596 203477 58.787690 14.983810
1596 203138 66.876540 42.497910
1596 203496 52.720500 31.088130
1596 203924 90.468510 21.619990
1596 1626143 52.025000 29.246750