0 -1 23.753570 22.548900 BALL
0 2449 15.779870 27.868050 PLAYER
0 200768 20.918780 38.996960 PLAYER
0 202335 9.163410 33.843760 PLAYER
0 201942 22.670810 20.866930 PLAYER
0 202709 16.624140 30.380520 PLAYER
0 203138 41.373100 15.619450 PLAYER
0 203088 30.525970 32.122210 PLAYER
0 203917 24.755420 43.345390 PLAYER
0 203924 14.476370 35.245190 PLAYER
0 203457 7.615840 24.072670 PLAYER
12 -1 25.464780 22.029380 BALL
12 2449 17.395200 28.074580 PLAYER
12 200768 22.612280 39.485220 PLAYER
12 202335 10.160190 34.211690 PLAYER
12 201942 24.608830 20.382310 PLAYER
12 202709 17.480470 30.567040 PLAYER
12 203138 43.314930 16.000130 PLAYER
12 203088 32.509430 31.652490 PLAYER
12 203917 26.751910 43.113660 PLAYER
12 203924 16.351700 35.186890 PLAYER
12 203457 8.155650 24.499320 PLAYER
24 -1 27.633730 21.394900 BALL
24 2449 19.091740 28.105440 PLAYER
24 200768 24.304670 39.993990 PLAYER
24 202335 11.176880 34.352560 PLAYER
24 201942 26.544570 19.791830 PLAYER
24 202709 18.468580 30.722000 PLAYER
24 203138 45.270060 16.393740 PLAYER
24 203088 34.584370 31.279370 PLAYER
24 203917 28.785660 42.857770 PLAYER
24 203924 18.416600 35.228510 PLAYER
24 203457 8.863860 24.903400 PLAYER
36 -1 30.620050 20.626390 BALL
36 2449 20.964190 28.145970 PLAYER
36 200768 25.923530 40.329240 PLAYER
36 202335 12.188750 34.405610 PLAYER
36 201942 28.474850 18.990720 PLAYER
36 202709 19.504470 30.757220 PLAYER
36 203138 47.252190 16.801040 PLAYER
36 203088 36.722920 31.002630 PLAYER
36 203917 30.852650 42.545890 PLAYER
36 203924 20.475010 35.104090 PLAYER
36 203457 9.624570 25.092700 PLAYER
48 -1 33.765930 19.004650 BALL
48 2449 22.968710 28.165280 PLAYER
48 200768 27.613400 40.732710 PLAYER
48 202335 13.315650 34.466130 PLAYER
48 201942 30.683680 18.448250 PLAYER
48 202709 20.709000 30.636740 PLAYER
48 203138 49.259110 17.231330 PLAYER
48 203088 38.927240 30.786030 PLAYER
48 203917 32.843830 42.104580 PLAYER
48 203924 22.513550 34.820520 PLAYER
48 203457 10.534420 25.213440 PLAYER
60 -1 35.992300 17.763570 BALL
60 2449 24.945980 28.145710 PLAYER
60 200768 29.368850 41.095530 PLAYER
60 202335 14.511800 34.438840 PLAYER
60 201942 32.888610 17.730310 PLAYER
60 202709 22.059500 30.424720 PLAYER
60 203138 51.242150 17.627150 PLAYER
60 203088 41.159050 30.535870 PLAYER
60 203917 34.824160 41.639150 PLAYER
60 203924 24.744200 34.739430 PLAYER
60 203457 11.596880 25.321960 PLAYER
72 -1 37.399010 16.673380 BALL
72 2449 26.998710 28.060150 PLAYER
72 200768 31.166680 41.447120 PLAYER
72 202335 15.772630 34.345570 PLAYER
72 201942 35.243500 17.045490 PLAYER
72 202709 23.476090 30.084500 PLAYER
72 203138 53.188720 17.973560 PLAYER
72 203088 43.417120 30.400360 PLAYER
72 203917 36.887610 41.211200 PLAYER
72 203924 27.055530 34.768560 PLAYER
72 203457 12.738200 25.429510 PLAYER
84 -1 39.141040 15.504310 BALL
84 2449 29.261940 27.984700 PLAYER
84 200768 32.972130 41.756930 PLAYER
84 202335 17.169830 34.547320 PLAYER
84 201942 37.740310 16.454990 PLAYER
84 202709 24.941960 29.714690 PLAYER
84 203138 55.123180 18.229450 PLAYER
84 203088 45.693260 30.285870 PLAYER
84 203917 38.983030 40.825080 PLAYER
84 203924 29.372810 34.678510 PLAYER
84 203457 13.942890 25.588850 PLAYER
96 -1 41.134830 14.653240 BALL
96 2449 31.529210 27.841380 PLAYER
96 200768 34.837530 42.247870 PLAYER
96 202335 18.595540 34.658760 PLAYER
96 201942 40.347110 15.934730 PLAYER
96 202709 26.455530 29.260070 PLAYER
96 203138 56.998370 18.394040 PLAYER
96 203088 47.952080 30.148370 PLAYER
96 203917 41.076410 40.385660 PLAYER
96 203924 31.801230 34.632440 PLAYER
96 203457 15.303100 25.799650 PLAYER
108 -1 43.525560 14.523330 BALL
108 2449 33.975160 27.788500 PLAYER
108 200768 36.735600 42.682630 PLAYER
108 202335 20.019200 34.683220 PLAYER
108 201942 42.850480 15.408550 PLAYER
108 202709 27.999340 28.757670 PLAYER
108 203138 58.819650 18.577700 PLAYER
108 203088 50.215700 30.003760 PLAYER
108 203917 43.231330 40.089860 PLAYER
108 203924 34.260800 34.595730 PLAYER
108 203457 16.686990 25.796180 PLAYER
120 -1 46.854250 14.371990 BALL
120 2449 36.507780 27.735510 PLAYER
120 200768 38.555400 42.974150 PLAYER
120 202335 21.477310 34.722780 PLAYER
120 201942 45.443210 15.051210 PLAYER
120 202709 29.540490 28.168890 PLAYER
120 203138 60.534290 18.828770 PLAYER
120 203088 52.454420 29.861670 PLAYER
120 203917 45.351340 39.757030 PLAYER
120 203924 36.674110 34.322860 PLAYER
120 203457 18.233310 25.782980 PLAYER
132 -1 50.432730 14.180210 BALL
132 2449 39.058360 27.708030 PLAYER
132 200768 40.331800 43.234020 PLAYER
132 202335 22.989940 34.858490 PLAYER
132 201942 48.000470 14.828480 PLAYER
132 202709 31.152370 27.597580 PLAYER
132 203138 62.204720 19.064590 PLAYER
132 203088 54.625140 29.545270 PLAYER
132 203917 47.457670 39.411720 PLAYER
132 203924 39.073590 33.919340 PLAYER
132 203457 19.885550 25.736220 PLAYER
144 -1 53.216320 13.912670 BALL
144 2449 41.589450 27.686450 PLAYER
144 200768 42.083880 43.433760 PLAYER
144 202335 24.445330 34.850410 PLAYER
144 201942 50.612290 14.635840 PLAYER
144 202709 32.822050 26.985620 PLAYER
144 203138 63.793020 19.275330 PLAYER
144 203088 56.644520 29.244530 PLAYER
144 203917 49.564390 39.056440 PLAYER
144 203924 41.471400 33.628270 PLAYER
144 203457 21.568240 25.584720 PLAYER
156 -1 54.742780 13.703680 BALL
156 2449 44.153650 27.625330 PLAYER
156 200768 43.813700 43.561350 PLAYER
156 202335 25.927230 34.849280 PLAYER
156 201942 53.162410 14.606240 PLAYER
156 202709 34.505850 26.371600 PLAYER
156 203138 65.462840 19.392050 PLAYER
156 203088 58.678590 28.855660 PLAYER
156 203917 51.672430 38.726360 PLAYER
156 203924 43.820050 33.266330 PLAYER
156 203457 23.182900 25.169740 PLAYER
168 -1 56.901000 13.351370 BALL
168 2449 46.569270 27.400310 PLAYER
168 200768 45.496350 43.681510 PLAYER
168 202335 27.389360 34.815510 PLAYER
168 201942 55.699470 14.716030 PLAYER
168 202709 36.190920 25.732440 PLAYER
168 203138 67.199470 19.319710 PLAYER
168 203088 60.694650 28.367570 PLAYER
168 203917 53.812610 38.336610 PLAYER
168 203924 46.293940 32.957540 PLAYER
168 203457 24.899420 24.976400 PLAYER
180 -1 59.598310 13.940230 BALL
180 2449 48.897780 27.069600 PLAYER
180 200768 47.121690 43.742330 PLAYER
180 202335 28.887220 34.768550 PLAYER
180 201942 58.204620 14.911440 PLAYER
180 202709 37.879050 25.098130 PLAYER
180 203138 68.923550 19.204620 PLAYER
180 203088 62.616190 27.813720 PLAYER
180 203917 55.943440 37.946780 PLAYER
180 203924 48.687630 32.573590 PLAYER
180 203457 26.621450 24.845960 PLAYER
192 -1 62.498780 15.321880 BALL
192 2449 51.248810 26.660720 PLAYER
192 200768 48.684300 43.688630 PLAYER
192 202335 30.331600 34.678720 PLAYER
192 201942 60.683850 15.169990 PLAYER
192 202709 39.480720 24.382100 PLAYER
192 203138 70.695170 19.020940 PLAYER
192 203088 64.530960 27.293050 PLAYER
192 203917 58.080560 37.536160 PLAYER
192 203924 51.056150 32.213070 PLAYER
192 203457 28.295810 24.593460 PLAYER
204 -1 65.188090 16.728620 BALL
204 2449 53.634760 26.037730 PLAYER
204 200768 50.226170 43.580130 PLAYER
204 202335 31.769940 34.528460 PLAYER
204 201942 63.013290 15.571910 PLAYER
204 202709 41.076210 23.657980 PLAYER
204 203138 72.394410 19.011640 PLAYER
204 203088 66.528560 26.572310 PLAYER
204 203917 60.122400 37.151970 PLAYER
204 203924 53.460650 31.673750 PLAYER
204 203457 30.089060 24.417040 PLAYER
216 -1 66.391540 17.523720 BALL
216 2449 56.011100 25.344780 PLAYER
216 200768 51.699010 43.465530 PLAYER
216 202335 33.206810 34.391990 PLAYER
216 201942 65.278180 15.971740 PLAYER
216 202709 42.687730 22.975680 PLAYER
216 203138 73.941890 19.266140 PLAYER
216 203088 68.525970 25.762910 PLAYER
216 203917 62.072340 36.757340 PLAYER
216 203924 55.897660 31.075820 PLAYER
216 203457 31.960240 24.503660 PLAYER
228 -1 68.056550 17.995180 BALL
228 2449 58.347480 24.556600 PLAYER
228 200768 53.113930 43.339620 PLAYER
228 202335 34.642910 34.275680 PLAYER
228 201942 67.457640 16.493060 PLAYER
228 202709 44.252240 22.316350 PLAYER
228 203138 75.289600 19.734310 PLAYER
228 203088 70.202900 24.887560 PLAYER
228 203917 63.936140 36.355140 PLAYER
228 203924 58.308670 30.510680 PLAYER
228 203457 33.771200 24.459980 PLAYER
240 -1 70.154550 18.511190 BALL
240 2449 60.631760 23.679710 PLAYER
240 200768 54.523750 43.121910 PLAYER
240 202335 36.116270 34.232190 PLAYER
240 201942 69.610110 16.921350 PLAYER
240 202709 45.756870 21.656320 PLAYER
240 203138 76.560870 20.165600 PLAYER
240 203088 71.688090 23.941280 PLAYER
240 203917 65.730310 36.001410 PLAYER
240 203924 60.641650 30.089010 PLAYER
240 203457 35.533320 24.363700 PLAYER
252 -1 72.773880 18.732710 BALL
252 2449 62.670410 22.775040 PLAYER
252 200768 55.860350 42.948650 PLAYER
252 202335 37.615330 34.228830 PLAYER
252 201942 71.697260 17.331670 PLAYER
252 202709 47.251770 21.021810 PLAYER
252 203138 77.711050 20.644220 PLAYER
252 203088 73.016260 23.014210 PLAYER
252 203917 67.426820 35.744470 PLAYER
252 203924 62.916490 29.747130 PLAYER
252 203457 37.378590 24.437450 PLAYER
264 -1 74.720260 18.644480 BALL
264 2449 64.513660 22.003260 PLAYER
264 200768 57.087060 42.793850 PLAYER
264 202335 39.079400 34.220430 PLAYER
264 201942 73.640030 17.726210 PLAYER
264 202709 48.684410 20.375090 PLAYER
264 203138 78.914780 20.926080 PLAYER
264 203088 74.113950 22.182640 PLAYER
264 203917 69.112790 35.401740 PLAYER
264 203924 65.125610 29.596800 PLAYER
264 203457 39.115970 24.448750 PLAYER
276 -1 76.845980 17.953600 BALL
276 2449 65.969910 21.482910 PLAYER
276 200768 58.197670 42.695780 PLAYER
276 202335 40.464900 34.194560 PLAYER
276 201942 75.389350 18.290430 PLAYER
276 202709 50.065520 19.634480 PLAYER
276 203138 80.065360 21.044330 PLAYER
276 203088 74.949700 21.546730 PLAYER
276 203917 70.653170 35.098710 PLAYER
276 203924 67.296600 29.482600 PLAYER
276 203457 40.830130 24.487280 PLAYER
288 -1 79.430930 20.087300 BALL
288 2449 67.347880 21.042410 PLAYER
288 200768 59.275240 42.446950 PLAYER
288 202335 41.822750 34.112990 PLAYER
288 201942 77.011880 18.824580 PLAYER
288 202709 51.442090 18.918670 PLAYER
288 203138 81.185870 21.045740 PLAYER
288 203088 75.806380 21.025630 PLAYER
288 203917 72.019390 34.830770 PLAYER
288 203924 69.361910 29.307860 PLAYER
288 203457 42.552900 24.608630 PLAYER
300 -1 79.957070 21.758310 BALL
300 2449 68.622740 20.668480 PLAYER
300 200768 60.251930 42.242070 PLAYER
300 202335 43.112980 34.020830 PLAYER
300 201942 78.439040 19.573780 PLAYER
300 202709 52.778880 18.227260 PLAYER
300 203138 82.260190 21.022480 PLAYER
300 203088 76.612970 20.597260 PLAYER
300 203917 73.300200 34.501600 PLAYER
300 203924 71.370410 29.008410 PLAYER
300 203457 44.235330 24.754750 PLAYER
312 -1 79.859450 21.324570 BALL
312 2449 69.881370 20.406310 PLAYER
312 200768 61.159220 41.997120 PLAYER
312 202335 44.340530 33.899940 PLAYER
312 201942 79.712780 20.495170 PLAYER
312 202709 54.063910 17.620640 PLAYER
312 203138 83.267900 21.035630 PLAYER
312 203088 77.351250 20.186580 PLAYER
312 203917 74.595230 34.001840 PLAYER
312 203924 73.493070 28.408100 PLAYER
312 203457 45.847020 24.946700 PLAYER
324 -1 82.096740 21.834340 BALL
324 2449 71.068580 20.307760 PLAYER
324 200768 61.910810 41.877120 PLAYER
324 202335 45.584680 33.839820 PLAYER
324 201942 80.947710 21.515140 PLAYER
324 202709 55.308310 17.021570 PLAYER
324 203138 84.086490 21.131680 PLAYER
324 203088 78.077960 19.762140 PLAYER
324 203917 75.786200 33.455440 PLAYER
324 203924 75.543090 27.734710 PLAYER
324 203457 47.406620 25.209300 PLAYER
336 -1 83.056620 22.742470 BALL
336 2449 72.540310 20.058170 PLAYER
336 200768 62.600300 41.720460 PLAYER
336 202335 46.836020 33.806930 PLAYER
336 201942 82.117860 22.408490 PLAYER
336 202709 56.460800 16.470160 PLAYER
336 203138 84.741330 21.387540 PLAYER
336 203088 78.750130 19.244800 PLAYER
336 203917 77.000540 33.004270 PLAYER
336 203924 77.493760 27.130590 PLAYER
336 203457 48.932130 25.457930 PLAYER
348 -1 83.940420 23.001580 BALL
348 2449 73.974690 19.940570 PLAYER
348 200768 63.239680 41.523560 PLAYER
348 202335 48.049210 33.854730 PLAYER
348 201942 83.279860 23.298410 PLAYER
348 202709 57.571250 15.817210 PLAYER
348 203138 85.309690 21.787730 PLAYER
348 203088 79.398740 18.669690 PLAYER
348 203917 78.212190 32.609640 PLAYER
348 203924 79.408450 26.648390 PLAYER
348 203457 50.304070 25.671940 PLAYER
360 -1 84.326690 23.249550 BALL
360 2449 75.419060 20.071060 PLAYER
360 200768 63.782480 41.414730 PLAYER
360 202335 49.154590 33.837180 PLAYER
360 201942 84.302610 23.921290 PLAYER
360 202709 58.618470 15.196020 PLAYER
360 203138 85.903930 22.244700 PLAYER
360 203088 80.053810 18.042950 PLAYER
360 203917 79.252920 32.287840 PLAYER
360 203924 81.361350 26.302610 PLAYER
360 203457 51.588490 25.867910 PLAYER
372 -1 85.990320 24.727740 BALL
372 2449 76.926980 20.291970 PLAYER
372 200768 64.233780 41.364790 PLAYER
372 202335 50.178370 33.803440 PLAYER
372 201942 85.246010 24.387780 PLAYER
372 202709 59.613060 14.557720 PLAYER
372 203138 86.469360 22.664980 PLAYER
372 203088 80.692030 17.380350 PLAYER
372 203917 80.127800 32.008840 PLAYER
372 203924 83.031360 26.303760 PLAYER
372 203457 52.810150 26.052630 PLAYER
384 -1 86.830650 26.557500 BALL
384 2449 78.465260 20.536720 PLAYER
384 200768 64.658790 41.224430 PLAYER
384 202335 51.107160 33.725610 PLAYER
384 201942 86.142280 24.881570 PLAYER
384 202709 60.498390 13.940580 PLAYER
384 203138 87.055100 23.028960 PLAYER
384 203088 81.293310 16.734550 PLAYER
384 203917 81.034300 31.832670 PLAYER
384 203924 84.662510 26.480550 PLAYER
384 203457 53.937190 26.233210 PLAYER
396 -1 87.806920 27.083300 BALL
396 2449 79.890390 20.785260 PLAYER
396 200768 65.015200 41.064070 PLAYER
396 202335 51.901460 33.677640 PLAYER
396 201942 86.922360 25.607100 PLAYER
396 202709 61.300760 13.390310 PLAYER
396 203138 87.668480 23.241580 PLAYER
396 203088 81.861200 16.089570 PLAYER
396 203917 81.864980 31.463380 PLAYER
396 203924 86.078440 26.836560 PLAYER
396 203457 54.912250 26.403310 PLAYER
408 -1 88.475170 27.215180 BALL
408 2449 81.259840 21.206410 PLAYER
408 200768 65.204500 41.054440 PLAYER
408 202335 52.578130 33.545680 PLAYER
408 201942 87.612820 26.250210 PLAYER
408 202709 61.982110 12.939040 PLAYER
408 203138 88.236020 23.367120 PLAYER
408 203088 82.384080 15.432500 PLAYER
408 203917 82.604370 30.939440 PLAYER
408 203924 87.230670 27.266540 PLAYER
408 203457 55.800180 26.595790 PLAYER
420 -1 88.866020 26.505110 BALL
420 2449 82.539080 21.642990 PLAYER
420 200768 65.305660 41.045410 PLAYER
420 202335 53.175340 33.363110 PLAYER
420 201942 88.337760 27.140480 PLAYER
420 202709 62.621380 12.482180 PLAYER
420 203138 88.696030 23.407170 PLAYER
420 203088 82.824700 14.764830 PLAYER
420 203917 83.352540 30.259940 PLAYER
420 203924 88.174890 27.806830 PLAYER
420 203457 56.589230 26.704060 PLAYER
432 -1 89.348810 25.925850 BALL
432 2449 83.729240 22.136920 PLAYER
432 200768 65.354900 41.044450 PLAYER
432 202335 53.712420 33.217230 PLAYER
432 201942 88.995450 28.153060 PLAYER
432 202709 63.185340 12.043250 PLAYER
432 203138 89.068440 23.413880 PLAYER
432 203088 83.179270 14.087180 PLAYER
432 203917 84.050470 29.616520 PLAYER
432 203924 89.043910 28.458660 PLAYER
432 203457 57.204870 26.762330 PLAYER
444 -1 89.582530 25.045950 BALL
444 2449 84.727160 22.567310 PLAYER
444 200768 65.364930 41.042640 PLAYER
444 202335 54.085360 32.976890 PLAYER
444 201942 89.559020 28.989900 PLAYER
444 202709 63.691800 11.648380 PLAYER
444 203138 89.351790 23.487530 PLAYER
444 203088 83.491710 13.417170 PLAYER
444 203917 84.631230 28.919600 PLAYER
444 203924 89.815220 29.322560 PLAYER
444 203457 57.663500 26.784980 PLAYER
456 -1 89.443820 25.051320 BALL
456 2449 85.506170 23.183250 PLAYER
456 200768 65.327040 41.052820 PLAYER
456 202335 54.434480 32.691180 PLAYER
456 201942 90.264800 29.622150 PLAYER
456 202709 64.137780 11.283180 PLAYER
456 203138 89.614990 23.562170 PLAYER
456 203088 83.767620 12.770760 PLAYER
456 203917 85.143780 28.335770 PLAYER
456 203924 90.593930 30.225370 PLAYER
456 203457 58.012630 26.792930 PLAYER
468 -1 89.096990 24.658920 BALL
468 2449 86.164340 23.685130 PLAYER
468 200768 65.233720 41.063020 PLAYER
468 202335 54.684120 32.404070 PLAYER
468 201942 91.009450 30.385880 PLAYER
468 202709 64.510690 10.966490 PLAYER
468 203138 89.878110 23.615140 PLAYER
468 203088 84.009230 12.140690 PLAYER
468 203917 85.593500 27.956400 PLAYER
468 203924 91.386170 31.227710 PLAYER
468 203457 58.136330 26.772760 PLAYER
480 -1 86.567870 23.997840 BALL
480 2449 86.671060 24.089420 PLAYER
480 200768 65.095520 40.994040 PLAYER
480 202335 54.808310 32.092980 PLAYER
480 201942 91.725370 31.211250 PLAYER
480 202709 64.762990 10.702210 PLAYER
480 203138 90.078110 23.736960 PLAYER
480 203088 84.218580 11.566320 PLAYER
480 203917 85.869590 27.757730 PLAYER
480 203924 92.098750 32.278400 PLAYER
480 203457 58.071680 26.803330 PLAYER
492 -1 88.287960 24.166020 BALL
492 2449 86.984770 24.496980 PLAYER
492 200768 64.823670 40.868840 PLAYER
492 202335 54.799130 31.713000 PLAYER
492 201942 92.575380 32.089420 PLAYER
492 202709 64.902470 10.505800 PLAYER
492 203138 90.246380 23.905840 PLAYER
492 203088 84.384740 11.042590 PLAYER
492 203917 86.051630 27.614680 PLAYER
492 203924 92.713320 33.344290 PLAYER
492 203457 57.970790 26.746280 PLAYER
504 -1 88.121500 24.386550 BALL
504 2449 87.319150 24.986870 PLAYER
504 200768 64.392270 40.706630 PLAYER
504 202335 54.747490 31.415670 PLAYER
504 201942 93.478600 33.136020 PLAYER
504 202709 64.949550 10.252580 PLAYER
504 203138 90.407860 24.055410 PLAYER
504 203088 84.480120 10.551850 PLAYER
504 203917 86.095970 27.598680 PLAYER
504 203924 93.295200 34.189290 PLAYER
504 203457 57.765160 26.577850 PLAYER