0 -1 18.006500 40.169670
0 200797 14.711110 33.416300
0 202066 14.830950 42.540330
0 202322 16.719430 33.568570
0 203078 5.832960 11.218600
0 203490 22.402580 22.530100
0 200782 14.208760 49.733450
0 202720 24.560830 23.488030
0 202339 18.614480 39.674510
0 202688 5.148310 1.977070
0 203458 19.092630 32.439630
12 -1 18.135420 39.187040
12 200797 13.951600 32.945090
12 202066 14.975060 41.791400
12 202322 16.207440 34.017870
12 203078 5.843270 11.592340
12 203490 22.532430 22.760220
12 200782 13.427370 49.513370
12 202720 24.850460 23.777240
12 202339 18.192180 39.219160
12 202688 5.179370 2.000220
12 203458 19.098430 32.165730
24 -1 18.408750 38.088810
24 200797 13.231490 32.417580
24 202066 14.961800 41.229660
24 202322 15.724130 34.465740
24 203078 5.880780 11.961350
24 203490 22.598450 22.824480
24 200782 12.597330 49.316940
24 202720 25.188200 24.014820
24 202339 18.135820 38.840060
24 202688 5.245310 2.040550
24 203458 18.942480 31.752520
36 -1 18.858870 37.568600
36 200797 12.478750 32.016000
36 202066 14.881760 40.883520
36 202322 15.330110 34.771030
36 203078 5.965290 12.327630
36 203490 22.482390 23.018060
36 200782 11.805330 49.119230
36 202720 25.684050 24.152440
36 202339 18.374170 38.563940
36 202688 5.423760 2.058020
36 203458 18.693110 31.239170
48 -1 20.037890 37.882210
48 200797 11.836530 31.513180
48 202066 14.751090 40.762410
48 202322 15.249960 34.842900
48 203078 6.084720 12.690290
48 203490 22.344970 23.173770
48 200782 10.974350 48.919800
48 202720 26.320710 24.160050
48 202339 18.829150 38.276630
48 202688 5.723110 2.048680
48 203458 18.309850 30.683860
60 -1 20.837260 38.308920
60 200797 11.352580 30.931240
60 202066 14.591200 40.659880
60 202322 15.505130 34.739840
60 203078 6.220870 13.054130
60 203490 22.160040 23.291180
60 200782 10.155280 48.717600
60 202720 26.868550 24.121860
60 202339 19.369460 37.917860
60 202688 6.151970 2.007200
60 203458 17.752440 30.050550
72 -1 21.271660 38.057000
72 200797 11.104970 30.328950
72 202066 14.429330 40.507450
72 202322 15.973170 34.668460
72 203078 6.354230 13.422460
72 203490 21.992160 23.379800
72 200782 9.380570 48.599740
72 202720 27.410710 23.992890
72 202339 19.840140 37.586200
72 202688 6.701100 1.939990
72 203458 17.067920 29.633490
84 -1 21.251590 37.218610
84 200797 10.919200 29.819700
84 202066 14.227270 40.346160
84 202322 16.541470 34.453050
84 203078 6.501890 13.761450
84 203490 21.831330 23.484830
84 200782 8.641230 48.480850
84 202720 27.930550 23.778850
84 202339 20.161620 37.229240
84 202688 7.281430 1.866990
84 203458 16.297540 29.512200
96 -1 21.532980 36.016360
96 200797 10.894610 29.333610
96 202066 13.923130 40.114740
96 202322 17.128960 34.201150
96 203078 6.645290 14.019380
96 203490 21.815490 23.485480
96 200782 7.947540 48.434560
96 202720 28.330280 23.575820
96 202339 20.447350 36.793100
96 202688 7.822850 1.832240
96 203458 15.477710 29.615030
108 -1 23.430470 33.153530
108 200797 10.867040 28.940760
108 202066 13.527600 39.876270
108 202322 17.587120 34.040660
108 203078 6.815530 14.172340
108 203490 21.836650 23.480710
108 200782 7.392560 48.451280
108 202720 28.565860 23.468870
108 202339 20.760450 36.373330
108 202688 8.367050 1.836010
108 203458 14.627870 29.932930
120 -1 25.539110 29.568720
120 200797 10.785060 28.728980
120 202066 13.130060 39.616790
120 202322 18.003600 33.916000
120 203078 7.049910 14.203600
120 203490 21.979420 23.448810
120 200782 7.029510 48.501250
120 202720 28.707030 23.420110
120 202339 21.107440 35.972850
120 202688 8.950550 1.864010
120 203458 13.817110 30.412950
132 -1 27.797320 26.080460
132 200797 10.690590 28.614340
132 202066 12.735330 39.360120
132 202322 18.424420 33.663340
132 203078 7.370970 14.052010
132 203490 22.277850 23.119010
132 200782 6.839410 48.497860
132 202720 28.765980 23.429970
132 202339 21.443100 35.637420
132 202688 9.625150 1.867910
132 203458 13.045580 30.955910
144 -1 28.612670 24.767830
144 200797 10.566930 28.572620
144 202066 12.286050 38.959850
144 202322 18.784490 33.514110
144 203078 7.762830 13.760960
144 203490 22.674830 22.809780
144 200782 6.786610 48.509570
144 202720 28.761020 23.558210
144 202339 21.757910 35.399170
144 202688 10.359330 1.883720
144 203458 12.355110 31.510990
156 -1 28.969760 24.546480
156 200797 10.391420 28.578780
156 202066 11.911410 38.596450
156 202322 19.096700 33.454870
156 203078 8.241530 13.387030
156 203490 23.059440 22.615740
156 200782 6.815520 48.473140
156 202720 28.699310 23.669000
156 202339 22.065400 35.233270
156 202688 11.194660 1.896010
156 203458 11.730050 32.023030
168 -1 28.790620 25.153530
168 200797 10.182480 28.660040
168 202066 11.536940 38.257720
168 202322 19.406480 33.459580
168 203078 8.822890 12.955680
168 203490 23.469750 22.381490
168 200782 6.860670 48.449510
168 202720 28.606000 23.751440
168 202339 22.378520 35.112340
168 202688 12.185080 1.925430
168 203458 11.116420 32.511660
180 -1 27.914460 25.280910
180 200797 9.954840 28.810280
180 202066 11.208870 37.953050
180 202322 19.708220 33.481100
180 203078 9.499400 12.468370
180 203490 23.945940 22.103950
180 200782 6.894670 48.442750
180 202720 28.440370 23.714900
180 202339 22.666190 35.134520
180 202688 13.202420 2.037040
180 203458 10.544450 32.843760
192 -1 27.612830 23.918450
192 200797 9.691510 28.986120
192 202066 10.900500 37.617120
192 202322 20.050250 33.591890
192 203078 10.253430 11.963630
192 203490 24.189950 22.114840
192 200782 6.907100 48.456580
192 202720 28.290800 23.630200
192 202339 22.850140 35.227790
192 202688 14.253680 2.226210
192 203458 9.852530 33.128430
204 -1 27.811060 22.447550
204 200797 9.434560 29.154080
204 202066 10.667850 37.308650
204 202322 20.343110 33.587710
204 203078 11.061480 11.450590
204 203490 24.426180 22.072320
204 200782 6.879750 48.490560
204 202720 28.101210 23.313350
204 202339 23.078520 35.350640
204 202688 15.397770 2.470460
204 203458 9.106520 33.367430
216 -1 28.423850 21.886000
216 200797 9.164690 29.264370
216 202066 10.399390 36.976060
216 202322 20.656520 33.532470
216 203078 11.931430 10.919680
216 203490 24.556960 21.951650
216 200782 6.839790 48.530180
216 202720 27.748510 22.979800
216 202339 23.256960 35.557610
216 202688 16.568260 2.776310
216 203458 8.377970 33.616060
228 -1 28.553870 21.230200
228 200797 8.882920 29.318080
228 202066 10.224380 36.641240
228 202322 20.971860 33.434460
228 203078 12.972460 10.342150
228 203490 24.537520 21.801010
228 200782 6.822660 48.555700
228 202720 27.434480 22.424180
228 202339 23.430380 35.834330
228 202688 17.650690 3.133150
228 203458 7.762190 33.802740
240 -1 28.589780 20.233700
240 200797 8.600820 29.286060
240 202066 10.048730 36.387120
240 202322 21.284290 33.324540
240 203078 14.166570 9.758780
240 203490 24.373670 21.607740
240 200782 6.824870 48.567380
240 202720 27.314540 21.516640
240 202339 23.636080 36.117970
240 202688 18.672600 3.535880
240 203458 7.129870 33.949910
252 -1 28.546560 18.662240
252 200797 8.274370 29.210920
252 202066 9.887060 36.228860
252 202322 21.528710 33.119220
252 203078 15.440480 9.273160
252 203490 24.218100 21.285110
252 200782 6.833420 48.567250
252 202720 27.117710 20.416160
252 202339 23.951110 36.413380
252 202688 19.378270 3.938240
252 203458 6.650500 34.014010
264 -1 28.641670 18.170390
264 200797 7.922900 29.142790
264 202066 9.731330 36.116340
264 202322 21.796170 33.015290
264 203078 16.723420 8.854450
264 203490 23.888340 20.833120
264 200782 6.851940 48.544550
264 202720 26.931860 19.276030
264 202339 24.206500 36.742980
264 202688 19.699460 4.287380
264 203458 6.222740 34.081910
276 -1 28.140820 17.361570
276 200797 7.565410 29.105450
276 202066 9.605240 36.039000
276 202322 22.022740 32.956690
276 203078 17.758690 8.361950
276 203490 23.607060 20.198380
276 200782 6.867090 48.517940
276 202720 26.868370 17.938900
276 202339 24.481770 37.048010
276 202688 19.703400 4.663020
276 203458 5.794240 34.119170
288 -1 27.428290 16.414870
288 200797 7.209810 29.074540
288 202066 9.442590 35.891220
288 202322 22.207690 32.922900
288 203078 18.527120 8.089350
288 203490 23.309300 19.527420
288 200782 6.879390 48.484200
288 202720 26.634560 16.689250
288 202339 24.756440 37.335110
288 202688 19.317760 5.072740
288 203458 5.408950 34.138200
300 -1 26.567140 15.306450
300 200797 6.876180 29.022100
300 202066 9.290590 35.655540
300 202322 22.348110 32.888040
300 203078 18.815230 8.124080
300 203490 22.840370 18.777070
300 200782 6.880410 48.461910
300 202720 26.034720 15.759000
300 202339 25.003650 37.619470
300 202688 18.548850 5.487840
300 203458 5.119520 34.167440
312 -1 25.366980 14.448940
312 200797 6.579470 29.015140
312 202066 9.154380 35.436150
312 202322 22.426070 32.817990
312 203078 18.788940 8.223310
312 203490 22.351700 18.045320
312 200782 6.880080 48.464010
312 202720 25.370790 15.058210
312 202339 25.192070 37.895610
312 202688 17.575530 6.002860
312 203458 4.895720 34.197480
324 -1 23.715830 13.512140
324 200797 6.354460 28.872840
324 202066 9.015490 35.138670
324 202322 22.463560 32.686030
324 203078 18.412740 8.382210
324 203490 22.089380 17.293330
324 200782 6.872170 48.480850
324 202720 24.760330 14.372430
324 202339 25.389970 38.116610
324 202688 16.484340 6.742540
324 203458 4.804380 34.146930
336 -1 19.930020 12.830350
336 200797 6.185740 28.537130
336 202066 8.869180 34.709820
336 202322 22.438190 32.489650
336 203078 17.899170 8.818270
336 203490 21.892920 16.590230
336 200782 6.860700 48.481640
336 202720 24.247540 13.872810
336 202339 25.559140 38.328990
336 202688 15.270090 7.653890
336 203458 4.821040 33.984810
348 -1 15.477670 11.992100
348 200797 6.107720 28.096720
348 202066 8.682500 34.227350
348 202322 22.352750 32.253160
348 203078 17.124260 9.342110
348 203490 21.754590 15.919540
348 200782 6.844610 48.484340
348 202720 24.016950 13.455560
348 202339 25.679590 38.554890
348 202688 14.005250 8.729270
348 203458 4.961380 33.752600
360 -1 11.730260 11.241320
360 200797 6.041400 27.453430
360 202066 8.444420 33.803870
360 202322 22.229570 31.981920
360 203078 16.263610 9.836930
360 203490 21.690790 15.430740
360 200782 6.858220 48.486150
360 202720 24.089720 13.068070
360 202339 25.785260 38.791580
360 202688 12.752160 9.962810
360 203458 5.218370 33.419480
372 -1 10.297070 11.171660
372 200797 6.059730 26.691800
372 202066 8.119480 33.296960
372 202322 22.100680 31.697460
372 203078 15.170750 10.442460
372 203490 21.627480 15.076740
372 200782 6.868590 48.470220
372 202720 24.359590 12.640050
372 202339 25.878650 39.043080
372 202688 11.626100 11.362780
372 203458 5.498190 32.966470
384 -1 9.662750 12.506980
384 200797 6.028680 25.965410
384 202066 7.630070 32.636940
384 202322 21.971140 31.423590
384 203078 13.964650 11.270900
384 203490 21.445700 14.908030
384 200782 6.846060 48.445700
384 202720 24.676940 12.377300
384 202339 25.931300 39.305660
384 202688 10.566550 12.853080
384 203458 5.768600 32.422390
396 -1 8.850970 13.848750
396 200797 6.108110 25.309520
396 202066 7.201440 32.025360
396 202322 21.861710 31.170450
396 203078 12.700900 12.244960
396 203490 21.175210 14.873010
396 200782 6.769210 48.446880
396 202720 25.043320 12.171090
396 202339 25.992090 39.557720
396 202688 9.628550 14.321770
396 203458 6.043640 31.844100
408 -1 7.656800 16.499450
408 200797 6.083760 24.652980
408 202066 6.859190 31.386540
408 202322 21.793360 30.918500
408 203078 11.578420 13.318420
408 203490 20.884620 14.896620
408 200782 6.640420 48.463680
408 202720 25.399430 12.068850
408 202339 26.070290 39.776380
408 202688 8.901100 15.782130
408 203458 6.239590 31.164800
420 -1 7.247270 17.939380
420 200797 6.172810 24.134740
420 202066 6.683400 30.786010
420 202322 21.717600 30.668870
420 203078 10.528220 14.475010
420 203490 20.595900 14.958430
420 200782 6.468800 48.487520
420 202720 25.758510 12.072930
420 202339 26.145820 39.963490
420 202688 8.403190 17.110560
420 203458 6.384960 30.477260
432 -1 7.119160 18.580040
432 200797 6.267170 23.635280
432 202066 6.684230 30.315270
432 202322 21.627700 30.424620
432 203078 9.598000 15.568880
432 203490 20.293690 15.110160
432 200782 6.294570 48.518800
432 202720 26.146840 12.137480
432 202339 26.221740 40.111100
432 202688 8.003260 18.310540
432 203458 6.629990 29.929160
444 -1 6.805500 21.168760
444 200797 6.408550 23.248480
444 202066 7.053610 30.084250
444 202322 21.490830 30.189170
444 203078 8.920820 16.447570
444 203490 19.952140 15.299220
444 200782 6.162170 48.560440
444 202720 26.585200 12.182720
444 202339 26.293220 40.224710
444 202688 7.727070 19.373170
444 203458 7.134140 29.507300
456 -1 6.387260 20.307970
456 200797 6.490600 23.093050
456 202066 7.473720 29.885550
456 202322 21.299460 29.967680
456 203078 8.455980 17.112500
456 203490 19.570410 15.520560
456 200782 6.096310 48.585070
456 202720 27.033270 12.187720
456 202339 26.343290 40.319180
456 202688 7.527420 20.292220
456 203458 7.633570 29.178840
468 -1 6.174880 22.478900
468 200797 6.843520 23.349070
468 202066 7.865100 29.857530
468 202322 21.039840 29.783890
468 203078 7.843250 17.564830
468 203490 19.200560 15.802820
468 200782 6.049910 48.586620
468 202720 27.481310 12.145040
468 202339 26.361330 40.402360
468 202688 7.252190 21.114120
468 203458 8.164710 28.964920
480 -1 5.969050 23.052310
480 200797 7.144220 23.721300
480 202066 8.158650 29.776470
480 202322 20.718860 29.630610
480 203078 7.521010 17.662910
480 203490 18.888890 16.061820
480 200782 5.975010 48.574420
480 202720 27.960990 12.072750
480 202339 26.358350 40.471590
480 202688 6.847820 21.834320
480 203458 8.670270 28.856980
492 -1 6.343650 24.014250
492 200797 7.390160 24.109750
492 202066 8.415540 29.651140
492 202322 20.362090 29.497900
492 203078 7.264170 17.679200
492 203490 18.582520 16.265910
492 200782 5.872520 48.546670
492 202720 28.457920 12.025400
492 202339 26.340740 40.540230
492 202688 6.504210 22.263460
492 203458 9.022650 28.693830
504 -1 4.811000 23.988050
504 200797 7.654840 24.453030
504 202066 8.513590 29.539500
504 202322 20.020290 29.374850
504 203078 7.010230 17.623150
504 203490 18.262080 16.467090
504 200782 5.787230 48.496020
504 202720 28.982520 12.068020
504 202339 26.318640 40.604120
504 202688 6.200520 22.376240
504 203458 9.063070 28.514350
516 -1 5.438700 24.701490
516 200797 7.916350 24.668190
516 202066 8.494060 29.487230
516 202322 19.680170 29.240220
516 203078 6.815960 17.446230
516 203490 17.940210 16.659500
516 200782 5.714310 48.435530
516 202720 29.575340 12.168240
516 202339 26.293820 40.656700
516 202688 5.758600 22.479160
516 203458 9.041180 28.352110
528 -1 5.995100 25.124690
528 200797 7.775850 24.707760
528 202066 8.520290 29.442000
528 202322 19.347590 29.070750
528 203078 6.858240 17.080970
528 203490 17.635990 16.856740
528 200782 5.753820 48.365960
528 202720 30.249010 12.279530
528 202339 26.280120 40.692360
528 202688 5.357770 22.372800
528 203458 8.999850 28.218720
540 -1 6.491100 25.327420
540 200797 7.596470 24.801730
540 202066 8.674790 29.458300
540 202322 19.045700 28.858250
540 203078 6.789540 16.677140
540 203490 17.411310 17.018060
540 200782 5.908170 48.255620
540 202720 30.942070 12.403760
540 202339 26.306520 40.698610
540 202688 4.989890 22.196560
540 203458 8.996420 28.106570
552 -1 6.937580 25.379490
552 200797 7.599160 24.910050
552 202066 8.872150 29.463450
552 202322 18.739330 28.611280
552 203078 6.787470 16.104230
552 203490 17.364710 17.116670
552 200782 6.241630 48.104020
552 202720 31.674860 12.514090
552 202339 26.388000 40.653120
552 202688 4.627130 22.044180
552 203458 9.056320 28.012610
564 -1 7.183400 25.607980
564 200797 7.637040 25.074280
564 202066 9.259400 29.515390
564 202322 18.391330 28.289790
564 203078 6.792050 15.389680
564 203490 17.522850 17.177530
564 200782 6.740010 47.874110
564 202720 32.438490 12.629720
564 202339 26.520420 40.542100
564 202688 4.357310 21.941570
564 203458 9.162730 27.951940
576 -1 7.915090 26.838480
576 200797 7.309760 25.375690
576 202066 9.819760 29.598600
576 202322 18.023380 27.933260
576 203078 6.764640 14.614380
576 203490 17.882000 17.221440
576 200782 7.360780 47.569080
576 202720 33.252210 12.784340
576 202339 26.734720 40.361240
576 202688 4.349340 21.612810
576 203458 9.418430 27.702040
588 -1 7.730990 26.544770
588 200797 7.090430 25.418420
588 202066 10.634400 29.825630
588 202322 17.660800 27.598720
588 203078 6.753150 13.840950
588 203490 18.461330 17.224360
588 200782 8.111940 47.169310
588 202720 34.154670 12.963010
588 202339 27.024170 40.114090
588 202688 4.546570 21.178170
588 203458 9.738820 27.437780
600 -1 6.879420 26.087630
600 200797 6.695910 25.369290
600 202066 11.453520 30.023870
600 202322 17.295420 27.308880
600 203078 6.828830 13.044620
600 203490 19.216020 17.243580
600 200782 9.066180 46.733520
600 202720 35.196690 13.154930
600 202339 27.361080 39.836380
600 202688 5.023770 20.647670
600 203458 10.347700 27.045950
612 -1 5.691340 25.664140
612 200797 6.084680 25.312750
612 202066 12.438110 30.420010
612 202322 16.939830 27.063560
612 203078 7.091390 12.197280
612 203490 20.083670 17.291240
612 200782 10.141840 46.246960
612 202720 36.322540 13.379570
612 202339 27.726550 39.534640
612 202688 5.722120 20.079950
612 203458 11.022830 26.560130
624 -1 4.542300 25.477760
624 200797 5.136980 25.293950
624 202066 13.489490 30.940790
624 202322 16.518290 26.928730
624 203078 7.531490 11.377510
624 203490 21.050820 17.359870
624 200782 11.300590 45.786650
624 202720 37.538820 13.606100
624 202339 28.154000 39.192590
624 202688 6.662690 19.442040
624 203458 11.773260 25.931950
636 -1 3.984910 25.565660
636 200797 4.304290 25.157210
636 202066 14.680460 31.641900
636 202322 16.098050 26.819180
636 203078 8.217890 10.578060
636 203490 22.114620 17.415430
636 200782 12.619790 45.363900
636 202720 38.872540 13.838730
636 202339 28.647370 38.834470
636 202688 7.758820 18.783160
636 203458 12.692050 25.349320
648 -1 3.721640 25.569940
648 200797 3.330090 25.095010
648 202066 15.860910 32.346510
648 202322 15.689140 26.740640
648 203078 9.093690 9.800330
648 203490 23.259330 17.489290
648 200782 14.087520 44.965850
648 202720 40.212730 14.107800
648 202339 29.209680 38.484540
648 202688 9.010620 18.108520
648 203458 13.761760 24.695890
660 -1 1.996710 25.818780
660 200797 2.337750 25.019270
660 202066 17.218460 33.146190
660 202322 15.343540 26.707540
660 203078 10.109280 9.072680
660 203490 24.442620 17.581170
660 200782 15.603970 44.589480
660 202720 41.582680 14.382760
660 202339 29.854810 38.114880
660 202688 10.376140 17.430820
660 203458 14.811790 24.086230
672 -1 1.449100 26.188350
672 200797 1.240840 24.971160
672 202066 18.653060 33.995250
672 202322 15.070950 26.701870
672 203078 11.266250 8.440440
672 203490 25.700880 17.683370
672 200782 17.172980 44.261870
672 202720 42.992880 14.666700
672 202339 30.599170 37.726250
672 202688 11.878620 16.763170
672 203458 16.081550 23.523040
684 -1 0.749810 26.055700
684 200797 0.344760 24.819320
684 202066 20.200080 34.886260
684 202322 14.943660 26.690650
684 203078 12.553290 7.865340
684 203490 27.007560 17.782450
684 200782 18.839860 43.965000
684 202720 44.454130 14.925870
684 202339 31.410990 37.356750
684 202688 13.444720 16.125760
684 203458 17.578680 23.062930