0 -1 42.095910 18.302090 BALL
0 201949 64.337540 39.567780 PLAYER
0 202335 56.868390 32.473740 PLAYER
0 201942 65.373840 2.818680 PLAYER
0 203082 39.700800 40.015700 PLAYER
0 202709 40.589340 19.155530 PLAYER
0 101179 70.583190 6.513190 PLAYER
0 202720 64.164950 29.779780 PLAYER
0 202688 59.155820 20.782950 PLAYER
0 203141 70.799360 36.691790 PLAYER
0 203933 52.375680 30.266770 PLAYER
12 -1 42.836330 18.290200 BALL
12 201949 65.330150 39.210680 PLAYER
12 202335 58.009700 31.628050 PLAYER
12 201942 65.933730 2.772520 PLAYER
12 203082 41.212540 40.384210 PLAYER
12 202709 41.600180 19.389950 PLAYER
12 101179 70.910880 6.626700 PLAYER
12 202720 64.780520 29.519160 PLAYER
12 202688 59.319110 21.129690 PLAYER
12 203141 71.527220 36.521330 PLAYER
12 203933 53.381500 30.491420 PLAYER
24 -1 43.487400 18.700920 BALL
24 201949 66.292770 39.070180 PLAYER
24 202335 59.099790 30.766560 PLAYER
24 201942 66.500430 2.698590 PLAYER
24 203082 42.737400 40.761790 PLAYER
24 202709 42.566550 19.652700 PLAYER
24 101179 71.213950 6.706760 PLAYER
24 202720 65.431910 29.147180 PLAYER
24 202688 59.437410 21.515440 PLAYER
24 203141 72.227960 36.344680 PLAYER
24 203933 54.374200 30.775930 PLAYER
36 -1 44.426580 19.074940 BALL
36 201949 67.175280 38.981780 PLAYER
36 202335 60.051950 29.940600 PLAYER
36 201942 67.060350 2.650040 PLAYER
36 203082 44.252180 41.128510 PLAYER
36 202709 43.478870 19.911140 PLAYER
36 101179 71.531290 6.701560 PLAYER
36 202720 66.090270 28.845430 PLAYER
36 202688 59.567240 21.877070 PLAYER
36 203141 72.869470 36.257690 PLAYER
36 203933 55.428970 31.008970 PLAYER
48 -1 45.453670 19.416170 BALL
48 201949 67.948520 38.844320 PLAYER
48 202335 60.860440 28.985920 PLAYER
48 201942 67.595430 2.676130 PLAYER
48 203082 45.696240 41.470420 PLAYER
48 202709 44.371360 20.185070 PLAYER
48 101179 71.870850 6.674350 PLAYER
48 202720 66.807100 28.437430 PLAYER
48 202688 59.633970 22.317500 PLAYER
48 203141 73.484280 36.249560 PLAYER
48 203933 56.503290 31.147010 PLAYER
60 -1 46.587050 19.259140 BALL
60 201949 68.567370 38.864950 PLAYER
60 202335 61.710760 27.971930 PLAYER
60 201942 68.100370 2.730410 PLAYER
60 203082 47.129560 41.796690 PLAYER
60 202709 45.183020 20.505130 PLAYER
60 101179 72.199940 6.681410 PLAYER
60 202720 67.574900 27.948510 PLAYER
60 202688 59.672490 22.764460 PLAYER
60 203141 74.049170 36.409970 PLAYER
60 203933 57.603270 31.332880 PLAYER
72 -1 47.324960 19.880530 BALL
72 201949 69.136580 38.648140 PLAYER
72 202335 62.448170 27.048800 PLAYER
72 201942 68.563050 2.794380 PLAYER
72 203082 48.596230 42.122090 PLAYER
72 202709 45.969690 20.792860 PLAYER
72 101179 72.548400 6.643230 PLAYER
72 202720 68.372240 27.389110 PLAYER
72 202688 59.825460 23.055260 PLAYER
72 203141 74.554240 36.405920 PLAYER
72 203933 58.628740 31.562850 PLAYER
84 -1 47.732570 19.850250 BALL
84 201949 69.785900 38.082520 PLAYER
84 202335 63.243280 26.038820 PLAYER
84 201942 68.986960 2.891180 PLAYER
84 203082 50.042860 42.417470 PLAYER
84 202709 46.820990 20.980450 PLAYER
84 101179 72.919600 6.526790 PLAYER
84 202720 68.947560 26.970330 PLAYER
84 202688 60.054290 23.261490 PLAYER
84 203141 74.997320 36.305730 PLAYER
84 203933 59.643270 31.697790 PLAYER
96 -1 48.281930 19.925260 BALL
96 201949 70.376680 37.467530 PLAYER
96 202335 64.086410 24.933280 PLAYER
96 201942 69.395880 2.968530 PLAYER
96 203082 51.447000 42.707810 PLAYER
96 202709 47.682880 21.123920 PLAYER
96 101179 73.199010 6.451870 PLAYER
96 202720 69.364130 26.563630 PLAYER
96 202688 60.273260 23.447270 PLAYER
96 203141 75.439620 36.021260 PLAYER
96 203933 60.560640 31.928820 PLAYER
108 -1 49.208510 20.193730 BALL
108 201949 70.955720 37.011680 PLAYER
108 202335 64.932920 23.867500 PLAYER
108 201942 69.815590 2.999330 PLAYER
108 203082 52.857570 43.019500 PLAYER
108 202709 48.462870 21.294970 PLAYER
108 101179 73.326050 6.494420 PLAYER
108 202720 69.689730 26.130210 PLAYER
108 202688 60.559970 23.549070 PLAYER
108 203141 75.852930 35.635380 PLAYER
108 203933 61.397590 32.411610 PLAYER
120 -1 50.084650 20.603200 BALL
120 201949 71.527190 36.808890 PLAYER
120 202335 65.679110 22.888000 PLAYER
120 201942 70.200330 3.019310 PLAYER
120 203082 54.269180 43.289020 PLAYER
120 202709 49.195340 21.507330 PLAYER
120 101179 73.462240 6.380620 PLAYER
120 202720 69.833120 25.731190 PLAYER
120 202688 60.820420 23.615950 PLAYER
120 203141 76.222510 35.168100 PLAYER
120 203933 62.136950 32.880640 PLAYER
132 -1 51.067640 20.922300 BALL
132 201949 72.075700 36.734120 PLAYER
132 202335 66.392830 21.856880 PLAYER
132 201942 70.551710 3.037240 PLAYER
132 203082 55.630370 43.476910 PLAYER
132 202709 49.866620 21.760840 PLAYER
132 101179 73.592090 6.214560 PLAYER
132 202720 69.934470 25.160220 PLAYER
132 202688 60.977870 23.724670 PLAYER
132 203141 76.581130 34.729880 PLAYER
132 203933 63.067440 33.152900 PLAYER
144 -1 51.646750 21.236020 BALL
144 201949 72.439710 36.812540 PLAYER
144 202335 66.942450 21.015930 PLAYER
144 201942 70.861670 3.042440 PLAYER
144 203082 56.960560 43.693980 PLAYER
144 202709 50.460860 22.059460 PLAYER
144 101179 73.633930 6.152550 PLAYER
144 202720 70.091620 24.473710 PLAYER
144 202688 61.045580 23.856020 PLAYER
144 203141 76.925850 34.370440 PLAYER
144 203933 63.998540 33.519310 PLAYER
156 -1 52.101790 21.229360 BALL
156 201949 72.762780 36.845720 PLAYER
156 202335 67.539330 20.260170 PLAYER
156 201942 71.123200 3.055980 PLAYER
156 203082 58.294300 43.925660 PLAYER
156 202709 51.049130 22.263140 PLAYER
156 101179 73.665840 6.151780 PLAYER
156 202720 70.295220 23.752520 PLAYER
156 202688 61.053720 24.010770 PLAYER
156 203141 77.204340 34.168600 PLAYER
156 203933 64.849010 33.874910 PLAYER
168 -1 52.249750 21.193500 BALL
168 201949 73.108180 36.671010 PLAYER
168 202335 68.104720 19.603520 PLAYER
168 201942 71.308030 3.074490 PLAYER
168 203082 59.575430 44.189610 PLAYER
168 202709 51.678140 22.403210 PLAYER
168 101179 73.748320 6.090330 PLAYER
168 202720 70.459050 23.100310 PLAYER
168 202688 61.048610 24.155640 PLAYER
168 203141 77.435060 33.973920 PLAYER
168 203933 65.670000 34.073670 PLAYER
180 -1 52.720570 21.309030 BALL
180 201949 73.429550 36.369120 PLAYER
180 202335 68.655960 19.097500 PLAYER
180 201942 71.422370 3.108460 PLAYER
180 203082 60.809110 44.482940 PLAYER
180 202709 52.329620 22.513990 PLAYER
180 101179 73.837100 6.078640 PLAYER
180 202720 70.674900 22.390780 PLAYER
180 202688 61.061110 24.290400 PLAYER
180 203141 77.591050 33.759300 PLAYER
180 203933 66.464080 34.197340 PLAYER
192 -1 53.420100 21.667250 BALL
192 201949 73.810750 36.060060 PLAYER
192 202335 69.104640 18.812660 PLAYER
192 201942 71.553680 3.129520 PLAYER
192 203082 62.004970 44.848800 PLAYER
192 202709 52.953260 22.657330 PLAYER
192 101179 73.894810 6.132840 PLAYER
192 202720 70.793950 21.909980 PLAYER
192 202688 61.085150 24.384810 PLAYER
192 203141 77.713780 33.401580 PLAYER
192 203933 67.133540 34.441340 PLAYER
204 -1 54.131340 21.986110 BALL
204 201949 74.196290 35.811370 PLAYER
204 202335 69.495970 18.662900 PLAYER
204 201942 71.655210 3.143430 PLAYER
204 203082 63.208760 45.165280 PLAYER
204 202709 53.493010 22.856760 PLAYER
204 101179 73.939060 6.185080 PLAYER
204 202720 70.953340 21.481560 PLAYER
204 202688 61.137690 24.446770 PLAYER
204 203141 77.805650 32.983570 PLAYER
204 203933 67.832630 34.636610 PLAYER
216 -1 54.715970 22.074710 BALL
216 201949 74.699430 35.642790 PLAYER
216 202335 69.633680 18.615260 PLAYER
216 201942 71.720480 3.143140 PLAYER
216 203082 64.379780 45.400750 PLAYER
216 202709 53.978150 23.205040 PLAYER
216 101179 73.980360 6.189380 PLAYER
216 202720 71.079210 21.137920 PLAYER
216 202688 61.216250 24.500910 PLAYER
216 203141 77.877890 32.590860 PLAYER
216 203933 68.574280 34.919770 PLAYER
228 -1 55.026490 22.386920 BALL
228 201949 75.136030 35.560130 PLAYER
228 202335 69.612030 18.580450 PLAYER
228 201942 71.763940 3.145340 PLAYER
228 203082 65.558380 45.582140 PLAYER
228 202709 54.398730 23.621110 PLAYER
228 101179 74.031810 6.152620 PLAYER
228 202720 71.139000 20.881490 PLAYER
228 202688 61.282930 24.610660 PLAYER
228 203141 77.921020 32.239610 PLAYER
228 203933 69.335080 35.241800 PLAYER
240 -1 55.857930 23.194840 BALL
240 201949 75.537790 35.420200 PLAYER
240 202335 69.302730 18.588280 PLAYER
240 201942 71.818650 3.133190 PLAYER
240 203082 66.733240 45.774580 PLAYER
240 202709 54.760120 24.058070 PLAYER
240 101179 74.030030 6.171610 PLAYER
240 202720 71.130240 20.739840 PLAYER
240 202688 61.378290 24.748390 PLAYER
240 203141 77.996200 31.960950 PLAYER
240 203933 70.008460 35.865430 PLAYER
252 -1 55.578430 23.247870 BALL
252 201949 75.857790 35.201320 PLAYER
252 202335 68.866830 18.565230 PLAYER
252 201942 71.811920 3.128330 PLAYER
252 203082 67.890360 45.972430 PLAYER
252 202709 55.124830 24.448940 PLAYER
252 101179 74.021650 6.178930 PLAYER
252 202720 71.068340 20.698490 PLAYER
252 202688 61.466190 24.984280 PLAYER
252 203141 78.070420 31.899130 PLAYER
252 203933 70.722610 36.495080 PLAYER
264 -1 55.697920 23.764980 BALL
264 201949 76.178450 34.883620 PLAYER
264 202335 68.218710 18.667260 PLAYER
264 201942 71.916840 3.039320 PLAYER
264 203082 68.994680 46.173620 PLAYER
264 202709 55.535930 24.824710 PLAYER
264 101179 74.021610 6.185900 PLAYER
264 202720 70.930890 20.717120 PLAYER
264 202688 61.461730 25.368210 PLAYER
264 203141 78.176060 32.122130 PLAYER
264 203933 71.451690 37.106290 PLAYER
276 -1 55.929820 24.193370 BALL
276 201949 76.393250 34.468440 PLAYER
276 202335 67.604100 18.808970 PLAYER
276 201942 72.058780 3.061990 PLAYER
276 203082 70.063520 46.405370 PLAYER
276 202709 55.954140 25.202900 PLAYER
276 101179 74.024360 6.186300 PLAYER
276 202720 70.767550 20.731110 PLAYER
276 202688 61.458290 25.762130 PLAYER
276 203141 78.311770 32.363830 PLAYER
276 203933 72.216000 37.577370 PLAYER
288 -1 56.096830 24.900580 BALL
288 201949 76.561130 34.077680 PLAYER
288 202335 67.041810 18.966220 PLAYER
288 201942 72.064770 3.119060 PLAYER
288 203082 71.080520 46.638490 PLAYER
288 202709 56.346800 25.593540 PLAYER
288 101179 74.017960 6.185710 PLAYER
288 202720 70.609430 20.700180 PLAYER
288 202688 61.462370 26.096370 PLAYER
288 203141 78.474710 32.581710 PLAYER
288 203933 73.000370 37.983830 PLAYER
300 -1 56.482400 25.263140 BALL
300 201949 76.790930 33.792140 PLAYER
300 202335 66.716150 19.013620 PLAYER
300 201942 72.055580 3.108920 PLAYER
300 203082 71.993440 46.799020 PLAYER
300 202709 56.750560 25.988270 PLAYER
300 101179 74.004800 6.177930 PLAYER
300 202720 70.467910 20.602200 PLAYER
300 202688 61.445100 26.437970 PLAYER
300 203141 78.642150 32.645150 PLAYER
300 203933 73.909120 38.011060 PLAYER
312 -1 57.726610 26.574130 BALL
312 201949 76.995820 33.714370 PLAYER
312 202335 66.557030 19.089360 PLAYER
312 201942 72.066620 3.155930 PLAYER
312 203082 72.835370 46.895720 PLAYER
312 202709 57.164400 26.412070 PLAYER
312 101179 73.984760 6.164500 PLAYER
312 202720 70.356620 20.421430 PLAYER
312 202688 61.487620 26.761630 PLAYER
312 203141 78.670250 32.636050 PLAYER
312 203933 74.774250 38.016070 PLAYER
324 -1 55.643230 26.479300 BALL
324 201949 77.254580 33.847410 PLAYER
324 202335 66.626970 19.033830 PLAYER
324 201942 71.944190 3.243070 PLAYER
324 203082 73.626950 46.967940 PLAYER
324 202709 57.499980 26.947180 PLAYER
324 101179 73.959310 6.147150 PLAYER
324 202720 70.300620 20.189640 PLAYER
324 202688 61.620460 27.043910 PLAYER
324 203141 78.793680 32.297090 PLAYER
324 203933 75.578980 37.990980 PLAYER
336 -1 56.050960 26.780570 BALL
336 201949 77.554500 34.038560 PLAYER
336 202335 66.707530 19.043750 PLAYER
336 201942 71.779960 3.192430 PLAYER
336 203082 74.358210 47.066630 PLAYER
336 202709 57.796490 27.509740 PLAYER
336 101179 73.926400 6.134490 PLAYER
336 202720 70.225580 19.970350 PLAYER
336 202688 61.767410 27.393110 PLAYER
336 203141 78.872400 31.953070 PLAYER
336 203933 76.340230 37.995880 PLAYER
348 -1 56.202740 27.197820 BALL
348 201949 77.894790 34.232970 PLAYER
348 202335 66.828130 19.040280 PLAYER
348 201942 71.756060 3.117510 PLAYER
348 203082 75.053040 47.149190 PLAYER
348 202709 58.045250 28.114460 PLAYER
348 101179 73.903190 6.119680 PLAYER
348 202720 70.115990 19.835960 PLAYER
348 202688 61.923930 27.790950 PLAYER
348 203141 78.993090 31.591450 PLAYER
348 203933 77.203950 37.807680 PLAYER
360 -1 56.467280 28.392520 BALL
360 201949 78.187560 34.414780 PLAYER
360 202335 66.932600 19.181640 PLAYER
360 201942 71.759950 3.114060 PLAYER
360 203082 75.731920 47.245870 PLAYER
360 202709 58.267330 28.775300 PLAYER
360 101179 73.886050 6.107470 PLAYER
360 202720 70.000300 19.752570 PLAYER
360 202688 62.131710 28.185340 PLAYER
360 203141 79.170210 31.384200 PLAYER
360 203933 77.940400 37.862880 PLAYER
372 -1 56.686820 29.168650 BALL
372 201949 78.485540 34.544880 PLAYER
372 202335 66.965150 19.290030 PLAYER
372 201942 71.743990 3.070180 PLAYER
372 203082 76.384120 47.358430 PLAYER
372 202709 58.343240 29.532930 PLAYER
372 101179 73.877650 6.099170 PLAYER
372 202720 69.874120 19.757500 PLAYER
372 202688 62.287480 28.596490 PLAYER
372 203141 79.538910 31.245770 PLAYER
372 203933 78.643410 37.951950 PLAYER
384 -1 56.661380 30.272330 BALL
384 201949 78.601300 34.649720 PLAYER
384 202335 66.960490 19.381330 PLAYER
384 201942 71.762660 3.075080 PLAYER
384 203082 76.979770 47.469800 PLAYER
384 202709 58.460690 30.142300 PLAYER
384 101179 73.874230 6.082800 PLAYER
384 202720 69.714120 19.822510 PLAYER
384 202688 62.486630 29.020160 PLAYER
384 203141 79.856580 31.259900 PLAYER
384 203933 79.353420 37.887660 PLAYER
396 -1 56.584950 31.243810 BALL
396 201949 78.690200 34.817010 PLAYER
396 202335 66.954460 19.437070 PLAYER
396 201942 71.787690 3.114870 PLAYER
396 203082 77.546110 47.487510 PLAYER
396 202709 58.528330 30.715440 PLAYER
396 101179 73.879130 6.062520 PLAYER
396 202720 69.540830 19.949880 PLAYER
396 202688 62.708760 29.454140 PLAYER
396 203141 80.183170 31.334130 PLAYER
396 203933 80.027250 37.762460 PLAYER
408 -1 56.479700 31.825210 BALL
408 201949 78.776900 34.942600 PLAYER
408 202335 66.947070 19.598400 PLAYER
408 201942 71.815690 3.142180 PLAYER
408 203082 78.054500 47.462470 PLAYER
408 202709 58.517440 31.278850 PLAYER
408 101179 73.895110 6.045870 PLAYER
408 202720 69.310230 20.121890 PLAYER
408 202688 62.898850 29.898050 PLAYER
408 203141 80.459510 31.429140 PLAYER
408 203933 80.553370 37.837140 PLAYER
420 -1 56.736540 31.905540 BALL
420 201949 78.874430 35.037020 PLAYER
420 202335 66.878530 19.694410 PLAYER
420 201942 71.837760 3.166380 PLAYER
420 203082 78.524530 47.372330 PLAYER
420 202709 58.421700 31.770460 PLAYER
420 101179 73.912770 6.033720 PLAYER
420 202720 69.199600 20.287780 PLAYER
420 202688 62.975680 30.409100 PLAYER
420 203141 80.628330 31.476700 PLAYER
420 203933 81.136650 37.838310 PLAYER
432 -1 56.789110 31.876570 BALL
432 201949 79.130340 34.978200 PLAYER
432 202335 66.709380 19.778480 PLAYER
432 201942 71.867340 3.179690 PLAYER
432 203082 79.000620 47.224160 PLAYER
432 202709 58.362150 32.121910 PLAYER
432 101179 73.927950 6.020920 PLAYER
432 202720 69.096960 20.521190 PLAYER
432 202688 63.000560 30.863170 PLAYER
432 203141 80.701970 31.471930 PLAYER
432 203933 81.634490 37.938460 PLAYER
444 -1 56.727110 31.973910 BALL
444 201949 79.430100 34.891570 PLAYER
444 202335 66.241810 19.834380 PLAYER
444 201942 71.882920 3.188610 PLAYER
444 203082 79.464000 47.050310 PLAYER
444 202709 58.200630 32.401280 PLAYER
444 101179 73.937720 6.013590 PLAYER
444 202720 69.144540 20.683090 PLAYER
444 202688 62.957410 31.244800 PLAYER
444 203141 80.713040 31.444120 PLAYER
444 203933 81.998170 38.349310 PLAYER
456 -1 56.467470 32.375710 BALL
456 201949 79.613690 34.858510 PLAYER
456 202335 65.576630 19.893430 PLAYER
456 201942 71.893870 3.204130 PLAYER
456 203082 79.867640 46.938480 PLAYER
456 202709 58.010380 32.512000 PLAYER
456 101179 73.968690 5.977470 PLAYER
456 202720 69.184210 20.967830 PLAYER
456 202688 62.897460 31.512100 PLAYER
456 203141 80.750250 31.331040 PLAYER
456 203933 82.314110 38.815570 PLAYER
468 -1 56.647150 32.264710 BALL
468 201949 79.845310 34.823730 PLAYER
468 202335 64.869500 19.692950 PLAYER
468 201942 71.858490 3.377670 PLAYER
468 203082 80.220690 46.850180 PLAYER
468 202709 57.893170 32.491510 PLAYER
468 101179 73.914420 6.015490 PLAYER
468 202720 69.317830 21.163810 PLAYER
468 202688 62.990450 31.469230 PLAYER
468 203141 80.776430 31.263150 PLAYER
468 203933 82.589910 39.327440 PLAYER
480 -1 57.265340 31.531570 BALL
480 201949 80.033750 34.819900 PLAYER
480 202335 64.017610 19.450100 PLAYER
480 201942 71.772960 3.571390 PLAYER
480 203082 80.573580 46.868070 PLAYER
480 202709 57.849610 32.439030 PLAYER
480 101179 73.828720 6.061870 PLAYER
480 202720 69.271110 21.470020 PLAYER
480 202688 63.160270 31.289860 PLAYER
480 203141 80.846230 31.258370 PLAYER
480 203933 82.972660 39.660020 PLAYER
492 -1 57.658000 30.387890 BALL
492 201949 80.026300 34.952390 PLAYER
492 202335 63.127570 19.157700 PLAYER
492 201942 71.655880 3.858000 PLAYER
492 203082 80.864120 46.940990 PLAYER
492 202709 57.840070 32.295710 PLAYER
492 101179 73.727910 6.040880 PLAYER
492 202720 69.117860 21.697470 PLAYER
492 202688 63.385080 31.044370 PLAYER
492 203141 80.973500 31.304670 PLAYER
492 203933 83.372950 39.914810 PLAYER
504 -1 58.207340 27.368280 BALL
504 201949 80.074420 35.044310 PLAYER
504 202335 62.319590 18.905720 PLAYER
504 201942 71.487380 4.223250 PLAYER
504 203082 81.123920 47.046820 PLAYER
504 202709 57.928020 32.179390 PLAYER
504 101179 73.669080 5.840930 PLAYER
504 202720 68.726020 21.919170 PLAYER
504 202688 63.651520 30.732190 PLAYER
504 203141 81.115980 31.429000 PLAYER
504 203933 83.856610 39.853150 PLAYER
516 -1 58.719650 24.109810 BALL
516 201949 80.206800 35.095970 PLAYER
516 202335 61.576740 18.550070 PLAYER
516 201942 71.333640 4.663210 PLAYER
516 203082 81.393420 47.127600 PLAYER
516 202709 58.088350 32.230350 PLAYER
516 101179 73.537880 5.779580 PLAYER
516 202720 68.365560 21.853160 PLAYER
516 202688 63.876940 30.478690 PLAYER
516 203141 81.296350 31.573340 PLAYER
516 203933 84.315190 39.740870 PLAYER
528 -1 59.377250 20.837810 BALL
528 201949 80.293370 35.192810 PLAYER
528 202335 60.804800 18.321470 PLAYER
528 201942 71.236350 5.036370 PLAYER
528 203082 81.638490 47.202340 PLAYER
528 202709 58.299210 32.403500 PLAYER
528 101179 73.172230 5.953690 PLAYER
528 202720 67.985400 21.690920 PLAYER
528 202688 64.003520 30.588190 PLAYER
528 203141 81.497590 31.699060 PLAYER
528 203933 84.697840 39.620990 PLAYER
540 -1 59.659820 19.436480 BALL
540 201949 80.340570 35.356970 PLAYER
540 202335 60.182830 18.086080 PLAYER
540 201942 71.113440 5.496380 PLAYER
540 203082 81.795970 47.243000 PLAYER
540 202709 58.532680 32.613920 PLAYER
540 101179 72.664760 6.282840 PLAYER
540 202720 67.618220 21.394090 PLAYER
540 202688 64.200560 30.753750 PLAYER
540 203141 81.689820 31.771090 PLAYER
540 203933 84.865730 39.722570 PLAYER
552 -1 59.707450 19.183810 BALL
552 201949 80.476920 35.435090 PLAYER
552 202335 59.696990 17.907220 PLAYER
552 201942 71.029910 5.914240 PLAYER
552 203082 81.875410 47.281940 PLAYER
552 202709 58.834670 32.937900 PLAYER
552 101179 72.065070 6.783430 PLAYER
552 202720 67.267210 21.076550 PLAYER
552 202688 64.493410 30.975800 PLAYER
552 203141 81.863740 31.784320 PLAYER
552 203933 85.005990 39.616640 PLAYER
564 -1 59.526020 18.927970 BALL
564 201949 80.598190 35.502560 PLAYER
564 202335 59.460780 17.567090 PLAYER
564 201942 70.887380 6.299050 PLAYER
564 203082 81.881850 47.327340 PLAYER
564 202709 59.202840 33.309800 PLAYER
564 101179 71.431850 7.573480 PLAYER
564 202720 67.015640 20.655960 PLAYER
564 202688 64.852560 31.115820 PLAYER
564 203141 82.004750 31.644990 PLAYER
564 203933 85.032220 39.684430 PLAYER
576 -1 59.808740 17.935160 BALL
576 201949 80.752910 35.547040 PLAYER
576 202335 59.394330 17.216850 PLAYER
576 201942 70.437420 6.551440 PLAYER
576 203082 81.803240 47.380640 PLAYER
576 202709 59.640760 33.661670 PLAYER
576 101179 70.817690 8.254600 PLAYER
576 202720 66.802510 20.206920 PLAYER
576 202688 65.331160 31.231090 PLAYER
576 203141 82.117280 31.440080 PLAYER
576 203933 84.978630 39.766620 PLAYER
588 -1 59.921960 16.839400 BALL
588 201949 80.883310 35.606110 PLAYER
588 202335 59.435540 16.841550 PLAYER
588 201942 69.773550 6.632050 PLAYER
588 203082 81.699290 47.438380 PLAYER
588 202709 60.125690 33.928470 PLAYER
588 101179 70.310810 8.513480 PLAYER
588 202720 66.654150 19.740460 PLAYER
588 202688 65.968300 31.406330 PLAYER
588 203141 82.248640 31.206610 PLAYER
588 203933 84.880240 39.796820 PLAYER
600 -1 60.262350 15.601170 BALL
600 201949 81.027990 35.601530 PLAYER
600 202335 59.602160 16.414820 PLAYER
600 201942 68.979740 6.667690 PLAYER
600 203082 81.617200 47.474070 PLAYER
600 202709 60.614880 34.186380 PLAYER
600 101179 69.850990 8.458550 PLAYER
600 202720 66.602130 19.252560 PLAYER
600 202688 66.607440 31.347590 PLAYER
600 203141 82.412600 30.993370 PLAYER
600 203933 84.758590 39.658410 PLAYER
612 -1 61.242560 13.221700 BALL
612 201949 81.097970 35.667150 PLAYER
612 202335 59.889230 16.008760 PLAYER
612 201942 68.095620 6.538530 PLAYER
612 203082 81.540310 47.494370 PLAYER
612 202709 61.088450 34.439690 PLAYER
612 101179 69.256270 8.240110 PLAYER
612 202720 66.668170 18.753510 PLAYER
612 202688 67.186320 31.385070 PLAYER
612 203141 82.579680 30.885110 PLAYER
612 203933 84.558570 39.655600 PLAYER
624 -1 62.639310 9.853230 BALL
624 201949 81.137560 35.727590 PLAYER
624 202335 60.254530 15.710390 PLAYER
624 201942 67.168690 6.274810 PLAYER
624 203082 81.490990 47.490290 PLAYER
624 202709 61.531800 34.713000 PLAYER
624 101179 68.420830 7.900580 PLAYER
624 202720 66.756590 18.432630 PLAYER
624 202688 67.745830 31.582790 PLAYER
624 203141 82.798410 30.936130 PLAYER
624 203933 84.324970 39.589230 PLAYER
636 -1 63.377990 7.111000 BALL
636 201949 81.099430 35.766890 PLAYER
636 202335 60.560370 15.346520 PLAYER
636 201942 66.132430 6.270330 PLAYER
636 203082 81.475270 47.476900 PLAYER
636 202709 61.986120 34.969450 PLAYER
636 101179 67.422900 7.526190 PLAYER
636 202720 66.810340 18.274680 PLAYER
636 202688 68.298070 31.758870 PLAYER
636 203141 83.019720 31.083420 PLAYER
636 203933 84.029370 39.548330 PLAYER
648 -1 62.274980 6.509640 BALL
648 201949 81.080310 35.831220 PLAYER
648 202335 60.923200 15.056890 PLAYER
648 201942 65.059490 6.326770 PLAYER
648 203082 81.478100 47.455730 PLAYER
648 202709 62.434860 35.254880 PLAYER
648 101179 66.455460 7.247840 PLAYER
648 202720 66.832830 18.223060 PLAYER
648 202688 68.742240 31.774150 PLAYER
648 203141 83.218510 31.265050 PLAYER
648 203933 83.695910 39.520890 PLAYER
660 -1 61.457650 5.502140 BALL
660 201949 81.098690 35.767220 PLAYER
660 202335 61.319310 14.809100 PLAYER
660 201942 64.071990 6.326460 PLAYER
660 203082 81.471510 47.450840 PLAYER
660 202709 62.909840 35.538360 PLAYER
660 101179 65.477990 7.147860 PLAYER
660 202720 67.105890 18.015390 PLAYER
660 202688 69.142510 32.061220 PLAYER
660 203141 83.373910 31.393210 PLAYER
660 203933 83.362860 39.409260 PLAYER
672 -1 61.306020 5.415690 BALL
672 201949 81.134170 35.690050 PLAYER
672 202335 61.777640 14.449430 PLAYER
672 201942 63.124200 6.479120 PLAYER
672 203082 81.484920 47.451400 PLAYER
672 202709 63.368040 35.796130 PLAYER
672 101179 64.647240 7.188350 PLAYER
672 202720 67.465390 17.733110 PLAYER
672 202688 69.524200 32.318980 PLAYER
672 203141 83.518780 31.412640 PLAYER
672 203933 82.993240 39.415440 PLAYER
684 -1 60.451910 5.918920 BALL
684 201949 81.097200 35.795880 PLAYER
684 202335 62.122910 13.908140 PLAYER
684 201942 62.278560 6.809180 PLAYER
684 203082 81.488900 47.462290 PLAYER
684 202709 63.827590 35.992810 PLAYER
684 101179 63.908980 7.348530 PLAYER
684 202720 67.775030 17.495500 PLAYER
684 202688 69.896070 32.453290 PLAYER
684 203141 83.614340 31.339160 PLAYER
684 203933 82.590890 39.450770 PLAYER
696 -1 59.498740 6.532920 BALL
696 201949 81.048490 35.979960 PLAYER
696 202335 62.397170 13.401670 PLAYER
696 201942 61.838450 7.007200 PLAYER
696 203082 81.494020 47.469140 PLAYER
696 202709 64.247220 36.170210 PLAYER
696 101179 63.285160 7.647110 PLAYER
696 202720 68.170340 17.190540 PLAYER
696 202688 70.226490 32.538620 PLAYER
696 203141 83.670620 31.250000 PLAYER
696 203933 82.245520 39.312660 PLAYER
708 -1 59.562760 6.808350 BALL
708 201949 80.986740 36.105410 PLAYER
708 202335 62.479530 12.757930 PLAYER
708 201942 61.612030 7.355990 PLAYER
708 203082 81.501160 47.479790 PLAYER
708 202709 64.631260 36.271510 PLAYER
708 101179 63.013570 7.988800 PLAYER
708 202720 68.572100 16.870740 PLAYER
708 202688 70.519400 32.581720 PLAYER
708 203141 83.692990 31.221250 PLAYER
708 203933 81.893670 39.113450 PLAYER
720 -1 60.027520 7.400820 BALL
720 201949 80.927260 36.282260 PLAYER
720 202335 62.466480 12.123830 PLAYER
720 201942 61.449860 7.834810 PLAYER
720 203082 81.523070 47.473080 PLAYER
720 202709 64.943400 36.479160 PLAYER
720 101179 62.915090 8.468290 PLAYER
720 202720 68.769870 16.610180 PLAYER
720 202688 70.812220 32.482700 PLAYER
720 203141 83.702910 31.210170 PLAYER
720 203933 81.561970 38.958240 PLAYER
732 -1 59.942120 8.306500 BALL
732 201949 80.874450 36.476080 PLAYER
732 202335 62.350600 11.553360 PLAYER
732 201942 61.251430 8.472080 PLAYER
732 203082 81.544140 47.468930 PLAYER
732 202709 65.232280 36.693100 PLAYER
732 101179 62.996480 9.118850 PLAYER
732 202720 68.850750 16.470070 PLAYER
732 202688 71.152030 32.167130 PLAYER
732 203141 83.689350 31.358630 PLAYER
732 203933 81.243290 38.695140 PLAYER
744 -1 59.367890 9.127410 BALL
744 201949 80.949770 36.456280 PLAYER
744 202335 62.370370 11.036270 PLAYER
744 201942 61.022320 9.267290 PLAYER
744 203082 81.570080 47.461280 PLAYER
744 202709 65.494690 36.910350 PLAYER
744 101179 63.321650 9.720870 PLAYER
744 202720 69.005130 16.196650 PLAYER
744 202688 71.433350 31.894930 PLAYER
744 203141 83.663380 31.632120 PLAYER
744 203933 80.969220 38.481370 PLAYER
756 -1 59.208540 10.737710 BALL
756 201949 81.090920 36.378720 PLAYER
756 202335 62.593000 10.572230 PLAYER
756 201942 60.837750 10.114810 PLAYER
756 203082 81.593060 47.463010 PLAYER
756 202709 65.531410 37.216130 PLAYER
756 101179 63.845590 10.418840 PLAYER
756 202720 69.106400 15.870690 PLAYER
756 202688 71.612020 31.689740 PLAYER
756 203141 83.572470 31.983300 PLAYER
756 203933 80.805700 38.398910 PLAYER
768 -1 59.647400 12.887670 BALL
768 201949 81.266970 36.314790 PLAYER
768 202335 62.886960 10.217830 PLAYER
768 201942 60.776240 11.110310 PLAYER
768 203082 81.623630 47.456760 PLAYER
768 202709 65.562830 37.502240 PLAYER
768 101179 64.203970 11.308680 PLAYER
768 202720 69.216700 15.572260 PLAYER
768 202688 71.762190 31.443640 PLAYER
768 203141 83.472090 32.274000 PLAYER
768 203933 80.727250 38.356610 PLAYER
780 -1 60.395130 14.527130 BALL
780 201949 81.471340 36.211470 PLAYER
780 202335 63.278350 9.841160 PLAYER
780 201942 60.891920 12.311320 PLAYER
780 203082 81.676530 47.462980 PLAYER
780 202709 65.521050 37.634400 PLAYER
780 101179 64.575680 12.183380 PLAYER
780 202720 69.310140 15.499490 PLAYER
780 202688 71.852260 31.224950 PLAYER
780 203141 83.435190 32.567340 PLAYER
780 203933 80.725390 38.330850 PLAYER
792 -1 60.797250 15.001440 BALL
792 201949 81.664560 36.120110 PLAYER
792 202335 63.720830 9.438360 PLAYER
792 201942 61.171410 13.534680 PLAYER
792 203082 81.767800 47.448580 PLAYER
792 202709 65.390750 37.719610 PLAYER
792 101179 64.904360 12.977890 PLAYER
792 202720 69.519420 15.346030 PLAYER
792 202688 71.792280 31.156360 PLAYER
792 203141 83.405830 32.711380 PLAYER
792 203933 80.836860 38.269560 PLAYER
804 -1 61.413110 15.348030 BALL
804 201949 81.841710 36.058980 PLAYER
804 202335 64.175700 9.078270 PLAYER
804 201942 61.741590 14.714970 PLAYER
804 203082 81.931090 47.415740 PLAYER
804 202709 65.167970 37.798370 PLAYER
804 101179 65.287150 13.918640 PLAYER
804 202720 69.790960 15.259450 PLAYER
804 202688 71.714690 31.011650 PLAYER
804 203141 83.415250 32.674640 PLAYER
804 203933 81.034430 38.172650 PLAYER
816 -1 61.130830 17.462050 BALL
816 201949 82.016740 36.031250 PLAYER
816 202335 64.648180 8.641640 PLAYER
816 201942 62.444770 16.022520 PLAYER
816 203082 82.166810 47.402850 PLAYER
816 202709 65.070200 37.790740 PLAYER
816 101179 65.587630 14.992400 PLAYER
816 202720 70.180940 15.332620 PLAYER
816 202688 71.675310 30.741900 PLAYER
816 203141 83.490380 32.484110 PLAYER
816 203933 81.199190 38.086190 PLAYER
828 -1 62.929490 19.567010 BALL
828 201949 82.221210 35.990140 PLAYER
828 202335 65.246990 8.168520 PLAYER
828 201942 63.403270 17.466180 PLAYER
828 203082 82.488840 47.427950 PLAYER
828 202709 64.938490 37.843290 PLAYER
828 101179 65.913460 16.030710 PLAYER
828 202720 70.722930 15.551470 PLAYER
828 202688 71.678150 30.394650 PLAYER
828 203141 83.632880 32.224700 PLAYER
828 203933 81.382600 38.010860 PLAYER
840 -1 64.865510 21.414950 BALL
840 201949 82.435920 36.024960 PLAYER
840 202335 65.953860 7.682270 PLAYER
840 201942 64.556270 18.852690 PLAYER
840 203082 82.866630 47.492480 PLAYER
840 202709 64.895920 37.941970 PLAYER
840 101179 66.251920 17.126690 PLAYER
840 202720 71.353940 15.884730 PLAYER
840 202688 71.750450 29.947930 PLAYER
840 203141 83.770200 31.964880 PLAYER
840 203933 81.536710 37.959300 PLAYER
852 -1 65.420950 22.972470 BALL
852 201949 82.659410 36.129210 PLAYER
852 202335 66.641710 7.231670 PLAYER
852 201942 65.981370 20.254290 PLAYER
852 203082 83.330510 47.624120 PLAYER
852 202709 64.959940 38.110780 PLAYER
852 101179 66.563180 18.429520 PLAYER
852 202720 72.029550 16.357690 PLAYER
852 202688 71.901490 29.322340 PLAYER
852 203141 83.921910 31.663970 PLAYER
852 203933 81.721050 37.944440 PLAYER
864 -1 66.627330 24.309840 BALL
864 201949 82.937660 36.181310 PLAYER
864 202335 67.403390 6.765860 PLAYER
864 201942 67.623370 21.560370 PLAYER
864 203082 83.806160 47.814290 PLAYER
864 202709 65.084360 38.335660 PLAYER
864 101179 66.575570 19.755440 PLAYER
864 202720 72.852270 16.807230 PLAYER
864 202688 72.069690 28.617590 PLAYER
864 203141 84.052480 31.382050 PLAYER
864 203933 81.936290 37.943280 PLAYER
876 -1 69.260960 25.133750 BALL
876 201949 83.227820 36.208140 PLAYER
876 202335 68.109360 6.529790 PLAYER
876 201942 69.299910 22.736460 PLAYER
876 203082 84.308140 47.995580 PLAYER
876 202709 65.189230 38.595250 PLAYER
876 101179 66.394040 20.809980 PLAYER
876 202720 73.752400 17.243970 PLAYER
876 202688 72.380590 27.915370 PLAYER
876 203141 84.199610 31.048840 PLAYER
876 203933 82.199570 37.967360 PLAYER
888 -1 72.375360 24.438500 BALL
888 201949 83.488020 36.198220 PLAYER
888 202335 68.881260 6.344360 PLAYER
888 201942 71.036830 23.271480 PLAYER
888 203082 84.799730 48.140060 PLAYER
888 202709 65.261630 38.785240 PLAYER
888 101179 66.111190 21.804640 PLAYER
888 202720 74.715270 17.641620 PLAYER
888 202688 72.804060 27.403270 PLAYER
888 203141 84.379640 30.557460 PLAYER
888 203933 82.495840 37.981920 PLAYER
900 -1 73.890770 22.811830 BALL
900 201949 83.731620 36.152460 PLAYER
900 202335 69.516750 6.250880 PLAYER
900 201942 72.956120 23.611250 PLAYER
900 203082 85.272740 48.249160 PLAYER
900 202709 65.289580 38.926640 PLAYER
900 101179 65.720960 22.805350 PLAYER
900 202720 75.808260 18.060040 PLAYER
900 202688 73.245290 27.078640 PLAYER
900 203141 84.567000 29.989330 PLAYER
900 203933 82.839960 37.962960 PLAYER
912 -1 76.236430 22.416250 BALL
912 201949 84.017150 35.927990 PLAYER
912 202335 70.142670 6.159440 PLAYER
912 201942 74.976860 23.771830 PLAYER
912 203082 85.706580 48.312220 PLAYER
912 202709 65.264790 38.907400 PLAYER
912 101179 65.263860 23.673230 PLAYER
912 202720 76.934250 18.492600 PLAYER
912 202688 73.773640 26.943650 PLAYER
912 203141 84.667480 29.394720 PLAYER
912 203933 83.187060 37.899900 PLAYER
924 -1 78.695950 23.385520 BALL
924 201949 84.395430 35.639840 PLAYER
924 202335 70.694510 6.157980 PLAYER
924 201942 76.937260 23.878970 PLAYER
924 203082 86.136800 48.339270 PLAYER
924 202709 65.166600 38.736930 PLAYER
924 101179 64.921710 24.574320 PLAYER
924 202720 78.041890 19.067700 PLAYER
924 202688 74.471070 27.040360 PLAYER
924 203141 84.694650 28.819530 PLAYER
924 203933 83.492320 37.836660 PLAYER
936 -1 80.126840 23.948080 BALL
936 201949 84.852070 35.339270 PLAYER
936 202335 71.292320 6.046830 PLAYER
936 201942 78.913660 23.786970 PLAYER
936 203082 86.513480 48.354820 PLAYER
936 202709 65.062590 38.422600 PLAYER
936 101179 64.690520 25.593820 PLAYER
936 202720 79.315910 19.703590 PLAYER
936 202688 75.227240 27.272830 PLAYER
936 203141 84.757490 28.191590 PLAYER
936 203933 83.778860 37.573740 PLAYER
948 -1 82.344320 23.898710 BALL
948 201949 85.295690 35.004230 PLAYER
948 202335 71.746730 5.998190 PLAYER
948 201942 80.725270 23.921340 PLAYER
948 203082 86.836160 48.352830 PLAYER
948 202709 64.951180 38.093960 PLAYER
948 101179 64.486100 26.591280 PLAYER
948 202720 80.558780 20.315010 PLAYER
948 202688 75.991080 27.478710 PLAYER
948 203141 84.742300 27.722850 PLAYER
948 203933 84.074740 37.178140 PLAYER
960 -1 83.736410 23.948850 BALL
960 201949 85.743510 34.600290 PLAYER
960 202335 72.082980 6.009620 PLAYER
960 201942 82.247600 24.061280 PLAYER
960 203082 87.100910 48.337220 PLAYER
960 202709 64.729810 37.810410 PLAYER
960 101179 64.311340 27.527130 PLAYER
960 202720 81.609090 20.828490 PLAYER
960 202688 76.830100 27.561790 PLAYER
960 203141 84.666470 27.312270 PLAYER
960 203933 84.507580 36.856650 PLAYER
972 -1 84.820150 24.226000 BALL
972 201949 86.164320 34.206060 PLAYER
972 202335 72.391970 6.110860 PLAYER
972 201942 83.638280 24.201310 PLAYER
972 203082 87.287730 48.306650 PLAYER
972 202709 64.613110 37.494300 PLAYER
972 101179 64.185640 28.487530 PLAYER
972 202720 82.640510 21.252690 PLAYER
972 202688 77.693890 27.486550 PLAYER
972 203141 84.630160 26.916430 PLAYER
972 203933 84.957990 36.491880 PLAYER
984 -1 86.528610 24.256460 BALL
984 201949 86.467230 33.853950 PLAYER
984 202335 72.610900 6.257290 PLAYER
984 201942 84.939390 24.165010 PLAYER
984 203082 87.390630 48.268950 PLAYER
984 202709 64.491560 37.232430 PLAYER
984 101179 64.124460 29.288410 PLAYER
984 202720 83.612320 21.590380 PLAYER
984 202688 78.509130 27.439380 PLAYER
984 203141 84.640160 26.520490 PLAYER
984 203933 85.416890 36.040740 PLAYER
996 -1 87.502770 22.635540 BALL
996 201949 86.651150 33.399050 PLAYER
996 202335 72.743190 6.436010 PLAYER
996 201942 86.473610 24.326220 PLAYER
996 203082 87.430730 48.227560 PLAYER
996 202709 64.421450 36.977630 PLAYER
996 101179 64.168710 29.900130 PLAYER
996 202720 84.410430 21.765600 PLAYER
996 202688 79.233020 27.452640 PLAYER
996 203141 84.532470 26.285760 PLAYER
996 203933 85.811740 35.741880 PLAYER
1008 -1 88.593990 23.009200 BALL
1008 201949 86.829130 32.929240 PLAYER
1008 202335 72.871310 6.631240 PLAYER
1008 201942 87.984770 24.410960 PLAYER
1008 203082 87.399650 48.209030 PLAYER
1008 202709 64.311140 36.691100 PLAYER
1008 101179 64.284800 30.433330 PLAYER
1008 202720 85.090510 21.930540 PLAYER
1008 202688 79.863260 27.250790 PLAYER
1008 203141 84.382160 26.027690 PLAYER
1008 203933 86.159800 35.499850 PLAYER
1020 -1 89.143670 23.374220 BALL
1020 201949 86.999000 32.469630 PLAYER
1020 202335 72.952480 6.844420 PLAYER
1020 201942 89.404650 24.370350 PLAYER
1020 203082 87.314160 48.187120 PLAYER
1020 202709 64.233630 36.293140 PLAYER
1020 101179 64.482490 30.760610 PLAYER
1020 202720 85.752580 22.029730 PLAYER
1020 202688 80.435740 27.070210 PLAYER
1020 203141 84.222880 25.735260 PLAYER
1020 203933 86.309370 35.118540 PLAYER
1032 -1 89.502440 24.134040 BALL
1032 201949 87.109900 32.003020 PLAYER
1032 202335 72.955510 7.084660 PLAYER
1032 201942 90.691770 24.248900 PLAYER
1032 203082 87.148770 48.161180 PLAYER
1032 202709 63.983880 35.912560 PLAYER
1032 101179 64.827660 30.812800 PLAYER
1032 202720 86.386710 22.194580 PLAYER
1032 202688 80.981030 26.982320 PLAYER
1032 203141 84.155320 25.307150 PLAYER
1032 203933 86.351460 34.726280 PLAYER
1044 -1 89.366930 24.365880 BALL
1044 201949 87.112000 31.541930 PLAYER
1044 202335 72.902430 7.397620 PLAYER
1044 201942 91.864980 24.091940 PLAYER
1044 203082 86.891540 48.112410 PLAYER
1044 202709 63.674900 35.574160 PLAYER
1044 101179 65.180700 30.827750 PLAYER
1044 202720 86.946800 22.378740 PLAYER
1044 202688 81.417080 26.745220 PLAYER
1044 203141 84.096010 24.893270 PLAYER
1044 203933 86.385790 34.294120 PLAYER
1056 -1 89.014480 24.925170 BALL
1056 201949 87.057780 31.107200 PLAYER
1056 202335 72.774040 7.754860 PLAYER
1056 201942 92.677090 23.816920 PLAYER
1056 203082 86.540550 47.977370 PLAYER
1056 202709 63.360390 35.060890 PLAYER
1056 101179 65.546960 30.827390 PLAYER
1056 202720 87.371420 22.683910 PLAYER
1056 202688 81.783410 26.437630 PLAYER
1056 203141 84.083070 24.430530 PLAYER
1056 203933 86.351070 33.864110 PLAYER
1068 -1 88.676700 25.111020 BALL
1068 201949 86.938670 30.642080 PLAYER
1068 202335 72.530420 8.173990 PLAYER
1068 201942 93.350490 23.527060 PLAYER
1068 203082 85.998270 47.876300 PLAYER
1068 202709 63.074210 34.509970 PLAYER
1068 101179 65.973310 30.754630 PLAYER
1068 202720 87.782890 22.971430 PLAYER
1068 202688 82.102140 26.326010 PLAYER
1068 203141 84.128820 24.052300 PLAYER
1068 203933 86.239940 33.483300 PLAYER