0 -1 86.098690 5.019320
0 202329 39.338670 44.646650
0 203081 88.880170 21.689010
0 203486 93.895740 22.299940
0 203468 85.378200 5.713340
0 203086 14.678540 38.335240
0 2199 41.339100 24.437160
0 200782 32.232790 37.846200
0 202693 21.344560 29.340600
0 202339 75.296620 16.946420
0 202688 82.532440 7.403810
12 -1 87.785790 5.342880
12 202329 37.973120 44.890400
12 203081 88.996420 22.454680
12 203486 93.408670 22.386660
12 203468 86.683160 5.946010
12 203086 13.955460 38.572010
12 2199 40.625530 24.359730
12 200782 31.133630 37.879650
12 202693 20.671900 29.381800
12 202339 74.536110 17.118010
12 202688 83.319970 7.071740
24 -1 88.612860 6.503090
24 202329 36.618180 45.143190
24 203081 88.976450 23.203690
24 203486 92.805080 22.395360
24 203468 87.618820 6.116510
24 203086 13.247310 38.836580
24 2199 39.903780 24.332770
24 200782 30.063350 37.939950
24 202693 20.074940 29.455400
24 202339 73.759540 17.345100
24 202688 83.844850 6.844120
36 -1 88.656590 8.521970
36 202329 35.285960 45.401660
36 203081 88.904390 24.000910
36 203486 92.163470 22.349550
36 203468 88.312750 6.280990
36 203086 12.692320 39.135330
36 2199 39.194940 24.343150
36 200782 29.036740 38.023160
36 202693 19.495080 29.495040
36 202339 73.035580 17.600460
36 202688 84.151220 6.712030
48 -1 87.700170 11.674370
48 202329 33.982150 45.675870
48 203081 88.751030 24.780550
48 203486 91.490440 22.344680
48 203468 88.735370 6.382370
48 203086 12.258770 39.466670
48 2199 38.531190 24.332030
48 200782 28.021370 38.073790
48 202693 18.902660 29.508580
48 202339 72.346780 17.893340
48 202688 84.253910 6.635780
60 -1 86.657060 14.785940
60 202329 32.650150 45.935700
60 203081 88.425380 25.549360
60 203486 90.797400 22.312560
60 203468 88.939220 6.428540
60 203086 11.880680 39.857690
60 2199 37.918570 24.325760
60 200782 27.038230 38.156100
60 202693 18.342370 29.493070
60 202339 71.618560 18.228100
60 202688 84.201810 6.605380
72 -1 85.647770 17.813250
72 202329 31.338230 46.177260
72 203081 87.907580 26.234270
72 203486 90.039240 22.271870
72 203468 88.881090 6.372550
72 203086 11.505820 40.147230
72 2199 37.335510 24.208860
72 200782 26.124050 38.243580
72 202693 17.837410 29.472190
72 202339 70.822980 18.626670
72 202688 84.034030 6.619370
84 -1 84.554740 20.836160
84 202329 30.081830 46.399080
84 203081 87.406110 27.017890
84 203486 89.307920 22.289810
84 203468 88.593300 6.339940
84 203086 11.191650 40.415750
84 2199 36.803720 24.056750
84 200782 25.234850 38.186580
84 202693 17.346700 29.445120
84 202339 69.965060 19.083640
84 202688 83.790260 6.677590
96 -1 83.666880 23.654500
96 202329 28.825700 46.621810
96 203081 86.688400 27.739450
96 203486 88.581780 22.351960
96 203468 88.077210 6.339520
96 203086 10.769150 40.721400
96 2199 36.231330 23.962000
96 200782 24.404540 38.138340
96 202693 16.854070 29.467720
96 202339 69.081200 19.579480
96 202688 83.199720 6.709060
108 -1 82.485900 26.739030
108 202329 27.579720 46.861220
108 203081 85.861260 28.572120
108 203486 87.832970 22.352980
108 203468 87.343250 6.354240
108 203086 10.307400 41.002220
108 2199 35.647390 23.923330
108 200782 23.668230 38.295350
108 202693 16.397450 29.532090
108 202339 68.141740 20.118960
108 202688 82.437670 6.795960
120 -1 81.605770 29.630810
120 202329 26.353670 47.115920
120 203081 85.027520 29.546450
120 203486 87.137410 22.263190
120 203468 86.442850 6.390190
120 203086 9.890030 41.200690
120 2199 35.069200 23.923940
120 200782 22.904540 38.365640
120 202693 15.956590 29.653890
120 202339 67.182360 20.645560
120 202688 81.409550 6.764020
132 -1 80.546220 32.607810
132 202329 25.157750 47.354920
132 203081 84.163080 30.731490
132 203486 86.284580 22.326020
132 203468 85.440300 6.419680
132 203086 9.458470 41.499530
132 2199 34.492550 23.966480
132 200782 22.142250 38.472860
132 202693 15.537130 29.821000
132 202339 66.220140 21.166970
132 202688 80.237930 6.714090
144 -1 79.943930 34.352510
144 202329 23.960360 47.551090
144 203081 83.155310 31.897900
144 203486 85.390250 22.343760
144 203468 84.349110 6.410910
144 203086 9.045880 41.781190
144 2199 33.919300 24.038140
144 200782 21.444610 38.668390
144 202693 15.145420 30.020220
144 202339 65.251660 21.689400
144 202688 78.859140 6.673060
156 -1 79.459390 35.700320
156 202329 22.809980 47.720030
156 203081 82.130620 33.106930
156 203486 84.383510 22.370510
156 203468 83.210660 6.424640
156 203086 8.679910 42.032170
156 2199 33.443360 24.071410
156 200782 20.737630 38.863550
156 202693 14.819820 30.184290
156 202339 64.200830 22.236870
156 202688 77.482440 6.690320
168 -1 79.063950 37.133020
168 202329 21.727770 47.842900
168 203081 81.035590 34.266550
168 203486 83.362530 22.671960
168 203468 81.987940 6.418340
168 203086 8.357630 42.327440
168 2199 32.982000 24.044200
168 200782 20.016430 38.865080
168 202693 14.575340 30.323570
168 202339 63.126710 22.769250
168 202688 75.982000 6.697420
180 -1 78.624860 38.367700
180 202329 20.704400 47.953270
180 203081 79.882680 35.431260
180 203486 82.190240 23.081730
180 203468 80.702630 6.390510
180 203086 8.049320 42.672560
180 2199 32.567010 23.956620
180 200782 19.289100 38.829760
180 202693 14.428080 30.420220
180 202339 62.042710 23.345230
180 202688 74.503470 6.830820
192 -1 77.679730 39.311320
192 202329 19.717760 48.070380
192 203081 78.734200 36.612770
192 203486 81.051710 23.272030
192 203468 79.335840 6.381160
192 203086 7.772390 43.061800
192 2199 32.117380 23.855700
192 200782 18.687330 38.870140
192 202693 14.315760 30.472800
192 202339 60.937080 23.936220
192 202688 72.962130 7.016990
204 -1 76.512990 40.081270
204 202329 18.790930 48.173180
204 203081 77.527250 37.774130
204 203486 79.832210 23.423390
204 203468 77.941380 6.406870
204 203086 7.511780 43.522950
204 2199 31.634620 23.722000
204 200782 18.025070 38.914050
204 202693 14.240850 30.491050
204 202339 59.792320 24.526600
204 202688 71.368680 7.227110
216 -1 75.113020 40.920440
216 202329 17.954190 48.214210
216 203081 76.286530 38.939360
216 203486 78.568390 23.633410
216 203468 76.503340 6.369930
216 203086 7.253090 43.974440
216 2199 31.123900 23.591950
216 200782 17.405640 38.968520
216 202693 14.185030 30.539710
216 202339 58.649430 25.113150
216 202688 69.705180 7.449630
228 -1 73.746130 41.796750
228 202329 17.102250 48.245730
228 203081 74.961810 40.023540
228 203486 77.175380 23.628450
228 203468 75.051390 6.352880
228 203086 6.937380 44.332590
228 2199 30.647520 23.561500
228 200782 16.784530 39.019390
228 202693 14.122770 30.610270
228 202339 57.438970 25.724840
228 202688 68.011910 7.649260
240 -1 72.928350 42.359220
240 202329 16.320390 48.237670
240 203081 73.566540 40.968360
240 203486 75.774410 23.647170
240 203468 73.547230 6.322170
240 203086 6.593550 44.651070
240 2199 30.178640 23.632510
240 200782 16.237230 39.118230
240 202693 14.056400 30.711900
240 202339 56.244610 26.345920
240 202688 66.319540 7.823770
252 -1 71.853750 42.979210
252 202329 15.602580 48.236100
252 203081 72.109000 41.738190
252 203486 74.381620 23.771000
252 203468 72.114320 6.317130
252 203086 6.275410 44.901320
252 2199 29.729490 23.755730
252 200782 15.610360 39.130370
252 202693 14.029730 30.830910
252 202339 55.055640 26.995720
252 202688 64.624380 8.017000
264 -1 70.417220 43.431190
264 202329 14.968460 48.253370
264 203081 70.595090 42.492930
264 203486 72.961580 23.968660
264 203468 70.649660 6.309580
264 203086 5.960690 45.066740
264 2199 29.312290 23.882190
264 200782 14.961040 39.285270
264 202693 14.012160 30.988860
264 202339 53.849920 27.649330
264 202688 62.897120 8.220620
276 -1 68.714580 43.936510
276 202329 14.400380 48.295130
276 203081 69.018150 43.116990
276 203486 71.523620 24.131780
276 203468 69.132070 6.317700
276 203086 5.663990 45.173460
276 2199 28.902460 23.972180
276 200782 14.564900 39.428810
276 202693 13.982120 31.169320
276 202339 52.627270 28.303370
276 202688 61.190240 8.432340
288 -1 66.802480 44.466740
288 202329 13.987410 48.343950
288 203081 67.522170 43.641850
288 203486 70.073580 24.297490
288 203468 67.609480 6.300400
288 203086 5.391740 45.307470
288 2199 28.463820 23.978970
288 200782 14.128470 39.559380
288 202693 13.915780 31.361060
288 202339 51.446330 28.946860
288 202688 59.500010 8.634670
300 -1 64.776980 44.808290
300 202329 13.717550 48.433300
300 203081 66.078870 44.096990
300 203486 68.550960 24.445930
300 203468 66.093480 6.269930
300 203086 5.113730 45.454590
300 2199 28.027250 23.914950
300 200782 13.617090 39.806010
300 202693 13.796720 31.564710
300 202339 50.252370 29.573790
300 202688 57.817070 8.862360
312 -1 62.695300 44.571510
312 202329 13.652210 48.512710
312 203081 64.660330 44.478650
312 203486 67.028370 24.576540
312 203468 64.501890 6.171810
312 203086 4.828050 45.631130
312 2199 27.637920 23.817590
312 200782 13.212160 40.047550
312 202693 13.613490 31.787120
312 202339 49.027630 30.172150
312 202688 56.159030 9.051430
324 -1 60.981040 44.566010
324 202329 13.694530 48.573010
324 203081 63.226970 44.718170
324 203486 65.559290 24.715240
324 203468 62.921260 6.060190
324 203086 4.533400 45.790820
324 2199 27.255580 23.772940
324 200782 12.947900 40.171160
324 202693 13.402610 32.006960
324 202339 47.853030 30.795510
324 202688 54.512220 9.221530
336 -1 60.074060 44.341990
336 202329 13.814920 48.619740
336 203081 61.824020 44.879240
336 203486 64.092710 24.857690
336 203468 61.382480 5.949910
336 203086 4.236290 45.951620
336 2199 26.904170 23.797280
336 200782 12.482610 40.270550
336 202693 13.205260 32.220360
336 202339 46.694420 31.414820
336 202688 52.887010 9.393360
348 -1 59.159240 44.064090
348 202329 13.981890 48.671720
348 203081 60.399050 45.066710
348 203486 62.556860 24.973790
348 203468 59.810660 5.852770
348 203086 3.958810 46.054200
348 2199 26.585600 23.885750
348 200782 12.107160 40.374920
348 202693 13.032420 32.431500
348 202339 45.533980 32.001220
348 202688 51.269240 9.570650
360 -1 58.214320 44.037600
360 202329 14.169080 48.712850
360 203081 58.936740 45.159960
360 203486 61.068410 25.049880
360 203468 58.254010 5.760900
360 203086 3.700610 46.014360
360 2199 26.250050 24.061900
360 200782 11.869930 40.427210
360 202693 12.889240 32.639370
360 202339 44.382170 32.550100
360 202688 49.684130 9.746570
372 -1 57.003350 44.070950
372 202329 14.296840 48.692390
372 203081 57.489620 45.229710
372 203486 59.576910 25.125740
372 203468 56.728290 5.674750
372 203086 3.459470 45.823970
372 2199 25.890460 24.269100
372 200782 11.602450 40.472560
372 202693 12.790110 32.857340
372 202339 43.293240 33.071770
372 202688 48.118840 9.914310
384 -1 55.676030 44.187660
384 202329 14.430340 48.663720
384 203081 56.143650 45.358930
384 203486 57.997560 25.195390
384 203468 55.195560 5.557980
384 203086 3.223460 45.532150
384 2199 25.578750 24.450330
384 200782 11.366430 40.495130
384 202693 12.735940 33.089580
384 202339 42.243770 33.566990
384 202688 46.556460 10.056760
396 -1 54.024390 44.381800
396 202329 14.594040 48.629180
396 203081 54.866620 45.514120
396 203486 56.446650 25.236180
396 203468 53.660280 5.423560
396 203086 2.980250 45.100160
396 2199 25.323010 24.591220
396 200782 11.218270 40.567080
396 202693 12.696400 33.317580
396 202339 41.234460 34.024200
396 202688 45.014850 10.174030
408 -1 52.240750 44.732870
408 202329 14.793380 48.552170
408 203081 53.584730 45.592970
408 203486 54.961800 25.283070
408 203468 52.200360 5.297240
408 203086 2.740440 44.562380
408 2199 25.150060 24.684430
408 200782 11.220800 40.782270
408 202693 12.657220 33.513390
408 202339 40.288670 34.471620
408 202688 43.512340 10.306020
420 -1 50.492240 44.987360
420 202329 15.011700 48.432870
420 203081 52.315150 45.728260
420 203486 53.444600 25.339670
420 203468 50.727830 5.178550
420 203086 2.535910 44.004190
420 2199 25.061920 24.715160
420 200782 11.291240 40.820290
420 202693 12.586670 33.657090
420 202339 39.317260 34.918720
420 202688 42.038390 10.434500
432 -1 49.364290 45.128920
432 202329 15.259510 48.339340
432 203081 51.047440 45.801780
432 203486 51.918180 25.408550
432 203468 49.256850 5.078450
432 203086 2.361660 43.423370
432 2199 25.051110 24.727180
432 200782 11.518640 40.813070
432 202693 12.447630 33.739810
432 202339 38.328410 35.348120
432 202688 40.593910 10.570100
444 -1 48.305240 45.511150
444 202329 15.476910 48.259250
444 203081 49.802690 45.775030
444 203486 50.467020 25.469930
444 203468 47.834710 5.004060
444 203086 2.167700 42.792460
444 2199 25.083530 24.761690
444 200782 11.843830 40.804710
444 202693 12.225730 33.767350
444 202339 37.334520 35.735950
444 202688 39.207160 10.673180
456 -1 47.219990 45.798880
456 202329 15.655980 48.191790
456 203081 48.537060 45.708320
456 203486 48.991010 25.569560
456 203468 46.435670 4.925550
456 203086 1.860870 42.190440
456 2199 25.120890 24.828050
456 200782 12.181970 40.730900
456 202693 11.978000 33.751580
456 202339 36.443540 36.061960
456 202688 37.850870 10.772200
468 -1 46.225350 45.871860
468 202329 15.783980 48.147420
468 203081 47.319770 45.591220
468 203486 47.516120 25.720600
468 203468 45.016600 4.822160
468 203086 1.694670 41.487570
468 2199 25.129210 24.946630
468 200782 12.486970 40.549030
468 202693 11.728120 33.702250
468 202339 35.589480 36.361310
468 202688 36.493080 10.827240
480 -1 45.246580 45.900260
480 202329 15.829530 48.127510
480 203081 46.177870 45.338860
480 203486 46.100580 25.912860
480 203468 43.631920 4.726260
480 203086 1.652330 40.688760
480 2199 25.094800 25.120500
480 200782 12.848140 40.580940
480 202693 11.491870 33.599530
480 202339 34.799600 36.681650
480 202688 35.177750 10.865710
492 -1 44.121840 45.640480
492 202329 15.822770 48.109110
492 203081 45.100150 45.038360
492 203486 44.738740 26.139780
492 203468 42.298940 4.621040
492 203086 1.521710 39.770510
492 2199 25.004570 25.348690
492 200782 13.084480 40.667640
492 202693 11.294650 33.410980
492 202339 34.075650 36.955830
492 202688 33.878100 10.899430
504 -1 43.202530 45.021720
504 202329 15.777010 48.082520
504 203081 44.071020 44.671640
504 203486 43.365130 26.403670
504 203468 40.968530 4.538430
504 203086 1.419120 38.821420
504 2199 24.863070 25.608300
504 200782 13.336400 40.754910
504 202693 11.129120 33.150080
504 202339 33.420580 37.154830
504 202688 32.636950 10.905890
516 -1 42.225880 44.253890
516 202329 15.680260 48.040770
516 203081 43.150980 44.222940
516 203486 42.036230 26.725630
516 203468 39.673420 4.461380
516 203086 1.487020 37.729160
516 2199 24.693230 25.867640
516 200782 13.549750 40.868130
516 202693 10.898720 32.832250
516 202339 32.776360 37.310380
516 202688 31.464690 10.863520
528 -1 41.251120 43.261740
528 202329 15.519800 48.006760
528 203081 42.311380 43.709050
528 203486 40.768760 27.041290
528 203468 38.414400 4.394290
528 203086 1.442810 36.625750
528 2199 24.497290 26.097650
528 200782 13.710630 40.954300
528 202693 10.645500 32.467560
528 202339 32.213130 37.385440
528 202688 30.358800 10.784610
540 -1 40.679440 41.877200
540 202329 15.301760 47.989430
540 203081 41.562510 43.164440
540 203486 39.523200 27.373950
540 203468 37.172200 4.291300
540 203086 1.277570 35.453890
540 2199 24.284210 26.275640
540 200782 13.873860 40.915530
540 202693 10.354770 32.093240
540 202339 31.785130 37.308400
540 202688 29.296440 10.674880
552 -1 40.385690 40.936560
552 202329 14.986930 48.015210
552 203081 40.916570 42.542880
552 203486 38.323540 27.726230
552 203468 35.940160 4.181170
552 203086 1.200630 34.206970
552 2199 24.060220 26.375750
552 200782 14.033770 40.787160
552 202693 10.061420 31.736690
552 202339 31.481370 37.115690
552 202688 28.292640 10.524650
564 -1 40.291910 40.336330
564 202329 14.612090 48.088290
564 203081 40.296600 41.879050
564 203486 37.235860 28.082950
564 203468 34.747120 4.044080
564 203086 1.181610 32.813900
564 2199 23.817800 26.424000
564 200782 14.086510 40.602990
564 202693 9.762140 31.363030
564 202339 31.249550 36.870900
564 202688 27.300780 10.383050
576 -1 40.343150 39.719390
576 202329 14.189390 48.221860
576 203081 39.694890 41.043180
576 203486 36.226300 28.405420
576 203468 33.577240 3.949580
576 203086 1.178170 31.354690
576 2199 23.528450 26.443210
576 200782 14.115840 40.339790
576 202693 9.506060 30.950780
576 202339 31.058460 36.576500
576 202688 26.365450 10.240840
588 -1 40.054220 38.928960
588 202329 13.724090 48.362210
588 203081 39.090190 40.071920
588 203486 35.275210 28.736480
588 203468 32.439270 3.868780
588 203086 1.195810 29.822390
588 2199 23.198090 26.456640
588 200782 14.109990 40.049210
588 202693 9.280090 30.477530
588 202339 30.926820 36.183600
588 202688 25.438090 10.154530
600 -1 39.559660 37.971020
600 202329 13.269240 48.494910
600 203081 38.540490 38.934410
600 203486 34.360310 29.022740
600 203468 31.371060 3.786450
600 203086 1.224960 28.234460
600 2199 22.835160 26.480290
600 200782 14.008690 39.836480
600 202693 9.097360 29.939970
600 202339 30.857400 35.793480
600 202688 24.593240 10.095020
612 -1 39.123630 36.727490
612 202329 12.828370 48.601720
612 203081 38.002480 37.633590
612 203486 33.462650 29.228610
612 203468 30.342550 3.715830
612 203086 1.280880 26.669140
612 2199 22.449420 26.579750
612 200782 13.815110 39.661910
612 202693 8.917990 29.377210
612 202339 30.789700 35.360010
612 202688 23.796320 10.080300
624 -1 38.433070 35.198130
624 202329 12.403860 48.659030
624 203081 37.406810 36.167020
624 203486 32.690070 29.368230
624 203468 29.345090 3.629540
624 203086 1.344070 25.054580
624 2199 21.982280 26.718610
624 200782 13.574030 39.497260
624 202693 8.709890 28.830330
624 202339 30.672200 34.862640
624 202688 23.034890 10.111210
636 -1 37.708970 33.020080
636 202329 11.978030 48.666720
636 203081 36.760410 34.566530
636 203486 32.073060 29.497450
636 203468 28.398660 3.547190
636 203086 1.374110 23.439170
636 2199 21.466170 26.875710
636 200782 13.337800 39.330890
636 202693 8.488830 28.285120
636 202339 30.457150 34.310360
636 202688 22.309200 10.125660
648 -1 37.519320 31.684960
648 202329 11.583280 48.660460
648 203081 36.105050 32.935630
648 203486 31.574740 29.544590
648 203468 27.529850 3.512670
648 203086 1.407960 21.811610
648 2199 21.036620 26.874870
648 200782 13.074510 39.122090
648 202693 8.242990 27.760800
648 202339 30.078850 33.727720
648 202688 21.634590 10.135540
660 -1 36.720010 29.968560
660 202329 11.201140 48.650140
660 203081 35.311880 31.389250
660 203486 31.138170 29.430190
660 203468 26.712640 3.520770
660 203086 1.493910 20.170650
660 2199 20.611430 26.721360
660 200782 12.811070 38.835370
660 202693 7.994950 27.205400
660 202339 29.524430 32.983330
660 202688 20.949220 10.114420
672 -1 35.035790 28.447830
672 202329 10.846660 48.644630
672 203081 34.371810 29.955720
672 203486 30.894890 29.365870
672 203468 25.922870 3.521560
672 203086 1.562800 18.525770
672 2199 20.110770 26.501840
672 200782 12.590550 38.480250
672 202693 7.752560 26.615890
672 202339 28.857070 32.152870
672 202688 20.330760 10.027520
684 -1 33.058070 26.962310
684 202329 10.533820 48.650560
684 203081 33.426610 28.673370
684 203486 30.633250 29.403180
684 203468 25.188400 3.509120
684 203086 1.596910 16.958120
684 2199 19.644600 26.161690
684 200782 12.398200 38.099460
684 202693 7.555460 25.971510
684 202339 28.137440 31.186420
684 202688 19.726640 9.948540
696 -1 31.898380 25.788370
696 202329 10.347800 48.663100
696 203081 32.518430 27.642330
696 203486 30.250940 29.357980
696 203468 24.506330 3.474610
696 203086 1.726040 15.347450
696 2199 19.204100 25.739590
696 200782 12.184100 37.743450
696 202693 7.412520 25.306880
696 202339 27.457150 30.138150
696 202688 19.118630 9.947760
708 -1 30.965520 25.517620
708 202329 10.267480 48.676600
708 203081 31.856990 26.820710
708 203486 29.708700 29.339980
708 203468 23.848850 3.390780
708 203086 1.923720 13.772740
708 2199 18.662100 25.429840
708 200782 12.001460 37.477790
708 202693 7.322060 24.575860
708 202339 26.935570 28.992270
708 202688 18.580640 9.947290
720 -1 30.039230 25.988970
720 202329 10.277710 48.657150
720 203081 31.375620 26.163210
720 203486 29.285550 29.444850
720 203468 23.266880 3.294890
720 203086 2.095460 12.282690
720 2199 18.102860 25.198760
720 200782 11.870160 37.359220
720 202693 7.281280 23.863580
720 202339 26.669430 27.814100
720 202688 18.089740 9.980270
732 -1 30.764380 25.957920
732 202329 10.367270 48.614960
732 203081 31.089800 25.715430
732 203486 28.764940 29.599220
732 203468 22.813870 3.239580
732 203086 2.349460 10.872470
732 2199 17.602800 24.895860
732 200782 11.779960 37.358180
732 202693 7.267870 23.163860
732 202339 26.555100 26.741900
732 202688 17.625540 10.070470
744 -1 30.805710 25.645360
744 202329 10.520610 48.568070
744 203081 30.970040 25.439320
744 203486 28.123960 29.641200
744 203468 22.455430 3.279750
744 203086 2.688110 9.582010
744 2199 17.131080 24.657870
744 200782 11.689200 37.424980
744 202693 7.277090 22.409390
744 202339 26.672470 25.742920
744 202688 17.233200 10.121190
756 -1 29.612670 25.551070
756 202329 10.659540 48.524430
756 203081 30.952120 25.310010
756 203486 27.575610 29.674660
756 203468 22.201570 3.363340
756 203086 2.972030 8.435720
756 2199 16.699280 24.478590
756 200782 11.563040 37.496500
756 202693 7.262300 21.637070
756 202339 26.999810 24.714640
756 202688 16.880610 10.118060
768 -1 27.033590 25.497140
768 202329 10.789940 48.473180
768 203081 30.814490 25.242580
768 203486 26.965050 29.710170
768 203468 22.073680 3.456590
768 203086 3.174710 7.403650
768 2199 16.125210 24.447660
768 200782 11.379900 37.498450
768 202693 7.194220 20.919220
768 202339 27.449560 23.796690
768 202688 16.548100 10.114560
780 -1 24.529870 25.522470
780 202329 10.932190 48.433410
780 203081 30.654500 25.208950
780 203486 26.259430 29.667500
780 203468 22.019980 3.582630
780 203086 3.352520 6.506120
780 2199 15.576940 24.485700
780 200782 11.103760 37.362110
780 202693 7.091450 20.257170
780 202339 27.988190 22.952540
780 202688 16.249950 10.112820
792 -1 21.967910 25.556360
792 202329 11.089590 48.392940
792 203081 30.626360 25.140420
792 203486 25.570300 29.456640
792 203468 22.047130 3.751420
792 203086 3.478620 5.752260
792 2199 15.051260 24.659170
792 200782 10.739180 37.106320
792 202693 6.997500 19.639460
792 202339 28.682770 21.968690
792 202688 15.969480 10.141750
804 -1 19.471140 25.571480
804 202329 11.285420 48.319670
804 203081 30.819670 25.009500
804 203486 24.917120 29.195080
804 203468 22.161060 3.946200
804 203086 3.572130 5.139010
804 2199 14.645670 24.840180
804 200782 10.334380 36.762220
804 202693 6.930780 19.164840
804 202339 29.429790 20.928480
804 202688 15.694240 10.235450
816 -1 16.974890 25.408460
816 202329 11.551130 48.201390
816 203081 31.201420 24.847650
816 203486 24.159880 28.950620
816 203468 22.342730 4.166610
816 203086 3.706810 4.719260
816 2199 14.293050 25.038440
816 200782 9.974950 36.351580
816 202693 6.883290 18.844210
816 202339 30.211810 19.955170
816 202688 15.430460 10.402330
828 -1 14.502640 25.421940
828 202329 11.885480 48.018170
828 203081 31.753030 24.657780
828 203486 23.522630 28.674460
828 203468 22.566230 4.453270
828 203086 3.927680 4.486880
828 2199 14.113180 25.175070
828 200782 9.697980 35.895930
828 202693 6.864620 18.638950
828 202339 31.039890 18.989140
828 202688 15.120080 10.628880
840 -1 12.002450 25.255500
840 202329 12.261600 47.773770
840 203081 32.537580 24.428750
840 203486 22.791400 28.473840
840 203468 22.845580 4.829140
840 203086 4.264550 4.401000
840 2199 13.964850 25.357700
840 200782 9.509770 35.415990
840 202693 6.886700 18.527130
840 202339 31.852390 18.068530
840 202688 14.872410 10.882470
852 -1 9.539770 25.232050
852 202329 12.710780 47.476500
852 203081 33.413750 24.172330
852 203486 21.986840 28.299600
852 203468 23.152030 5.255920
852 203086 4.672480 4.404940
852 2199 13.752180 25.634810
852 200782 9.424600 34.929350
852 202693 6.945770 18.472810
852 202339 32.675290 17.306890
852 202688 14.603100 11.173520
864 -1 7.172990 25.159370
864 202329 13.196320 47.152620
864 203081 34.269190 23.914380
864 203486 21.161870 28.107880
864 203468 23.478700 5.706330
864 203086 5.119670 4.494050
864 2199 13.405300 25.865180
864 200782 9.411090 34.447590
864 202693 7.057660 18.448930
864 202339 33.507280 16.689770
864 202688 14.352920 11.474360
876 -1 5.684900 25.211010
876 202329 13.721460 46.793320
876 203081 35.161630 23.651840
876 203486 20.327920 27.875890
876 203468 23.856750 6.178670
876 203086 5.631130 4.632910
876 2199 13.095910 25.971570
876 200782 9.409830 33.959080
876 202693 7.224740 18.393770
876 202339 34.335490 16.143050
876 202688 14.139200 11.775520
888 -1 5.721020 25.165290
888 202329 14.303930 46.427890
888 203081 36.118310 23.356500
888 203486 19.486790 27.624820
888 203468 24.302610 6.692250
888 203086 6.198810 4.807790
888 2199 12.844540 26.172440
888 200782 9.417770 33.466930
888 202693 7.467790 18.335430
888 202339 35.156990 15.598310
888 202688 14.006040 12.036730
900 -1 5.778380 25.092660
900 202329 14.961580 46.059960
900 203081 37.106230 23.042020
900 203486 18.685060 27.355480
900 203468 24.826070 7.207760
900 203086 6.761700 5.065680
900 2199 12.562500 26.294870
900 200782 9.559180 32.993830
900 202693 7.689730 18.306320
900 202339 35.973600 15.057180
900 202688 13.810000 12.284610
912 -1 5.831490 25.025420
912 202329 15.670160 45.684150
912 203081 38.113290 22.724850
912 203486 17.973760 27.094890
912 203468 25.440790 7.692050
912 203086 7.490710 5.252280
912 2199 12.355420 26.340510
912 200782 10.050760 32.656720
912 202693 7.987190 18.309630
912 202339 36.754820 14.519110
912 202688 13.615540 12.468340
924 -1 5.854860 24.995830
924 202329 16.448350 45.273670
924 203081 39.146890 22.382620
924 203486 17.424000 26.827780
924 203468 26.201780 8.182300
924 203086 8.316900 5.447670
924 2199 12.248520 26.383690
924 200782 10.616960 32.408950
924 202693 8.313880 18.335630
924 202339 37.544060 14.002650
924 202688 13.348080 12.590760
936 -1 5.591920 25.226310
936 202329 17.319930 44.836010
936 203081 40.192740 21.999670
936 203486 17.065640 26.567010
936 203468 27.002360 8.681130
936 203086 9.222400 5.695990
936 2199 12.109190 26.523940
936 200782 11.321510 32.190250
936 202693 8.772160 18.262340
936 202339 38.354350 13.498840
936 202688 13.099810 12.614140
948 -1 5.251970 25.325210
948 202329 18.226330 44.406410
948 203081 41.239100 21.607180
948 203486 16.931100 26.321230
948 203468 27.838160 9.192640
948 203086 10.224280 5.966580
948 2199 12.107400 26.318210
948 200782 12.145270 32.050270
948 202693 9.215980 18.160780
948 202339 39.159320 13.028350
948 202688 12.878230 12.572560
960 -1 5.053320 25.353460
960 202329 19.210330 43.980750
960 203081 42.293170 21.196370
960 203486 17.048570 26.078460
960 203468 28.689970 9.709420
960 203086 11.381640 6.187950
960 2199 12.245040 26.042140
960 200782 12.900060 32.059890
960 202693 9.765880 18.007960
960 202339 39.949460 12.571620
960 202688 12.692930 12.468610
972 -1 4.657720 25.421090
972 202329 20.285640 43.567460
972 203081 43.361660 20.755940
972 203486 17.342340 25.873150
972 203468 29.581420 10.252790
972 203086 12.554260 6.531400
972 2199 12.469660 25.769800
972 200782 13.519470 32.111450
972 202693 10.289740 17.795400
972 202339 40.747090 12.107580
972 202688 12.541200 12.298180
984 -1 4.572960 25.488330
984 202329 21.443390 43.191630
984 203081 44.426930 20.316380
984 203486 17.793160 25.758620
984 203468 30.464690 10.793480
984 203086 13.820530 6.901430
984 2199 12.769260 25.499090
984 200782 14.284320 32.231310
984 202693 10.726910 17.583960
984 202339 41.520610 11.615320
984 202688 12.472140 12.078920
996 -1 4.252510 25.456170
996 202329 22.677860 42.873060
996 203081 45.487580 19.879910
996 203486 18.331850 25.661260
996 203468 31.401570 11.346120
996 203086 15.108440 7.252230
996 2199 13.147350 25.212580
996 200782 15.126690 32.488490
996 202693 10.996540 17.538420
996 202339 42.248440 11.119980
996 202688 12.359590 11.886510
1008 -1 4.157240 25.484850
1008 202329 23.991260 42.558950
1008 203081 46.538420 19.440170
1008 203486 18.952630 25.549380
1008 203468 32.315080 11.890540
1008 203086 16.446280 7.641870
1008 2199 13.472000 25.080750
1008 200782 16.169690 32.839530
1008 202693 11.134840 17.621110
1008 202339 42.942490 10.643450
1008 202688 12.224040 11.704360
1020 -1 3.802800 25.609450
1020 202329 25.326430 42.238600
1020 203081 47.597630 19.016140
1020 203486 19.665730 25.414090
1020 203468 33.186670 12.407930
1020 203086 17.857450 8.066340
1020 2199 13.802750 24.963430
1020 200782 17.384010 33.198740
1020 202693 11.091490 17.818520
1020 202339 43.596930 10.179240
1020 202688 12.057800 11.551260
1032 -1 3.581040 25.635210
1032 202329 26.708330 41.928790
1032 203081 48.631640 18.598970
1032 203486 20.454280 25.223170
1032 203468 34.030640 12.964720
1032 203086 19.279270 8.518950
1032 2199 14.196170 24.686670
1032 200782 18.647030 33.563380
1032 202693 10.811440 18.158680
1032 202339 44.250660 9.755890
1032 202688 11.888520 11.451740
1044 -1 3.370840 25.681580
1044 202329 28.141670 41.639470
1044 203081 49.674790 18.167510
1044 203486 21.284870 24.987960
1044 203468 34.836210 13.528930
1044 203086 20.724530 8.943820
1044 2199 14.602240 24.449530
1044 200782 19.964110 33.956650
1044 202693 10.343930 18.557070
1044 202339 44.867900 9.362180
1044 202688 11.705030 11.406230
1056 -1 3.138820 25.698540
1056 202329 29.571040 41.385160
1056 203081 50.709070 17.745310
1056 203486 22.155520 24.794200
1056 203468 35.617350 14.065940
1056 203086 22.261840 9.364710
1056 2199 15.054060 24.193030
1056 200782 21.334190 34.404090
1056 202693 9.728140 19.004780
1056 202339 45.495550 8.997480
1056 202688 11.505390 11.388630
1068 -1 3.045480 25.757720
1068 202329 31.038910 41.185170
1068 203081 51.721220 17.376190
1068 203486 23.063090 24.671440
1068 203468 36.396220 14.534240
1068 203086 23.841190 9.737060
1068 2199 15.559250 23.941380
1068 200782 22.703000 34.899550
1068 202693 9.058210 19.453000
1068 202339 46.155780 8.631410
1068 202688 11.271070 11.389350
1080 -1 2.787490 25.652650
1080 202329 32.567780 41.035740
1080 203081 52.672380 17.033270
1080 203486 23.998090 24.592460
1080 203468 37.147660 14.923190
1080 203086 25.345920 10.105280
1080 2199 16.120330 23.719160
1080 200782 24.108100 35.403020
1080 202693 8.340600 19.935960
1080 202339 46.792580 8.277850
1080 202688 11.050040 11.394350
1092 -1 2.589630 25.683430
1092 202329 34.080520 40.901660
1092 203081 53.605960 16.691090
1092 203486 24.983410 24.533010
1092 203468 37.818670 15.195920
1092 203086 26.885940 10.450790
1092 2199 16.716810 23.521460
1092 200782 25.513720 35.932240
1092 202693 7.646650 20.470520
1092 202339 47.381790 7.932800
1092 202688 10.856700 11.396990