0 -1 33.305910 33.555470 BALL
0 1495 12.018990 25.407360 PLAYER
0 2225 33.037650 32.276460 PLAYER
0 2561 16.672670 23.525500 PLAYER
0 201980 7.752600 47.390360 PLAYER
0 202695 8.830290 2.062230 PLAYER
0 2199 15.837880 24.691770 PLAYER
0 200782 10.353780 12.531570 PLAYER
0 202693 13.525300 23.791620 PLAYER
0 202688 26.419510 30.453520 PLAYER
0 1626164 10.640320 38.414620 PLAYER
12 -1 33.121210 34.126780 BALL
12 1495 11.007720 24.784050 PLAYER
12 2225 33.002960 32.638200 PLAYER
12 2561 17.348610 23.586650 PLAYER
12 201980 7.349040 47.605430 PLAYER
12 202695 8.851740 2.073250 PLAYER
12 2199 15.056830 25.048550 PLAYER
12 200782 10.403960 12.792450 PLAYER
12 202693 13.915530 23.712340 PLAYER
12 202688 26.554750 30.598300 PLAYER
12 1626164 10.379650 38.363480 PLAYER
24 -1 32.509780 34.178010 BALL
24 1495 10.119740 24.004780 PLAYER
24 2225 32.957510 32.834110 PLAYER
24 2561 18.081790 23.704790 PLAYER
24 201980 7.023470 47.792480 PLAYER
24 202695 8.831350 2.073730 PLAYER
24 2199 14.347260 25.574310 PLAYER
24 200782 10.480670 12.943460 PLAYER
24 202693 14.449350 23.623440 PLAYER
24 202688 26.725840 30.626660 PLAYER
24 1626164 10.197530 38.230960 PLAYER
36 -1 32.254710 33.731580 BALL
36 1495 9.395180 23.175810 PLAYER
36 2225 32.913010 32.836450 PLAYER
36 2561 19.010330 24.081690 PLAYER
36 201980 6.799940 47.950070 PLAYER
36 202695 8.790760 2.087740 PLAYER
36 2199 13.546400 26.029730 PLAYER
36 200782 10.597520 12.973730 PLAYER
36 202693 15.015040 23.550020 PLAYER
36 202688 26.920280 30.574600 PLAYER
36 1626164 10.057450 38.085200 PLAYER
48 -1 32.293800 33.127350 BALL
48 1495 8.786870 22.369350 PLAYER
48 2225 32.890090 32.736440 PLAYER
48 2561 19.941690 24.489100 PLAYER
48 201980 6.652790 48.081420 PLAYER
48 202695 8.756600 2.107000 PLAYER
48 2199 12.810150 26.193530 PLAYER
48 200782 10.698900 13.002010 PLAYER
48 202693 15.705930 23.469740 PLAYER
48 202688 27.128240 30.490580 PLAYER
48 1626164 9.939650 37.970210 PLAYER
60 -1 32.642900 32.160600 BALL
60 1495 8.253990 21.565370 PLAYER
60 2225 32.904270 32.495070 PLAYER
60 2561 20.850210 24.893350 PLAYER
60 201980 6.582570 48.196970 PLAYER
60 202695 8.747870 2.130450 PLAYER
60 2199 12.119580 26.268840 PLAYER
60 200782 10.770780 12.966840 PLAYER
60 202693 16.560510 23.406970 PLAYER
60 202688 27.333680 30.407320 PLAYER
60 1626164 9.845630 37.876960 PLAYER
72 -1 33.369590 32.044590 BALL
72 1495 7.840260 20.768760 PLAYER
72 2225 32.927880 32.157640 PLAYER
72 2561 21.774280 25.259540 PLAYER
72 201980 6.550640 48.284750 PLAYER
72 202695 8.747640 2.160960 PLAYER
72 2199 11.599220 26.054410 PLAYER
72 200782 10.825960 12.913810 PLAYER
72 202693 17.536630 23.371170 PLAYER
72 202688 27.508420 30.323100 PLAYER
72 1626164 9.758590 37.831860 PLAYER
84 -1 32.951530 30.444680 BALL
84 1495 7.544620 20.025390 PLAYER
84 2225 32.917320 31.717750 PLAYER
84 2561 22.702550 25.635800 PLAYER
84 201980 6.578200 48.367520 PLAYER
84 202695 8.749770 2.190190 PLAYER
84 2199 11.081470 25.704620 PLAYER
84 200782 10.867030 12.850910 PLAYER
84 202693 18.494160 23.329270 PLAYER
84 202688 27.663080 30.234520 PLAYER
84 1626164 9.671800 37.842390 PLAYER
96 -1 32.688070 29.475590 BALL
96 1495 7.305070 19.311790 PLAYER
96 2225 32.853980 31.137490 PLAYER
96 2561 23.565890 25.944210 PLAYER
96 201980 6.608180 48.419060 PLAYER
96 202695 8.761910 2.210530 PLAYER
96 2199 10.547630 25.271110 PLAYER
96 200782 10.883370 12.785260 PLAYER
96 202693 19.455210 23.308520 PLAYER
96 202688 27.802530 30.084060 PLAYER
96 1626164 9.585730 37.858070 PLAYER
108 -1 32.488130 28.632710 BALL
108 1495 7.096430 18.637650 PLAYER
108 2225 32.792810 30.401440 PLAYER
108 2561 24.323090 26.212260 PLAYER
108 201980 6.650370 48.450690 PLAYER
108 202695 8.776050 2.228510 PLAYER
108 2199 10.052210 24.912160 PLAYER
108 200782 10.896230 12.741420 PLAYER
108 202693 20.377800 23.283130 PLAYER
108 202688 27.933340 29.791790 PLAYER
108 1626164 9.498940 37.872140 PLAYER
120 -1 32.432660 27.868390 BALL
120 1495 6.953930 18.042200 PLAYER
120 2225 32.653240 29.534340 PLAYER
120 2561 25.063140 26.409360 PLAYER
120 201980 6.687700 48.468040 PLAYER
120 202695 8.786020 2.243720 PLAYER
120 2199 9.610400 24.548770 PLAYER
120 200782 10.911000 12.737750 PLAYER
120 202693 21.239860 23.286450 PLAYER
120 202688 28.050970 29.294560 PLAYER
120 1626164 9.415570 37.895350 PLAYER
132 -1 32.464980 27.205160 BALL
132 1495 6.888540 17.540970 PLAYER
132 2225 32.455730 28.493690 PLAYER
132 2561 25.666330 26.462050 PLAYER
132 201980 6.721720 48.466480 PLAYER
132 202695 8.793150 2.250460 PLAYER
132 2199 9.244180 24.223390 PLAYER
132 200782 10.918600 12.744500 PLAYER
132 202693 21.936390 23.240060 PLAYER
132 202688 28.180910 28.679490 PLAYER
132 1626164 9.342710 37.895690 PLAYER
144 -1 32.858140 25.937770 BALL
144 1495 6.874900 17.234100 PLAYER
144 2225 32.161740 27.284010 PLAYER
144 2561 26.179880 26.354240 PLAYER
144 201980 6.743190 48.463260 PLAYER
144 202695 8.799020 2.252450 PLAYER
144 2199 8.982080 23.855600 PLAYER
144 200782 10.915250 12.739770 PLAYER
144 202693 22.486710 23.172410 PLAYER
144 202688 28.358630 28.017190 PLAYER
144 1626164 9.298030 37.855330 PLAYER
156 -1 33.234150 24.932260 BALL
156 1495 6.946450 17.023540 PLAYER
156 2225 31.773620 25.933270 PLAYER
156 2561 26.703660 26.393590 PLAYER
156 201980 6.754550 48.456740 PLAYER
156 202695 8.800180 2.248830 PLAYER
156 2199 8.850770 23.571660 PLAYER
156 200782 10.898800 12.732400 PLAYER
156 202693 22.802600 22.975310 PLAYER
156 202688 28.563500 27.233780 PLAYER
156 1626164 9.303080 37.763200 PLAYER
168 -1 32.785950 23.916870 BALL
168 1495 7.107670 16.713690 PLAYER
168 2225 31.237830 24.533930 PLAYER
168 2561 27.239790 26.392810 PLAYER
168 201980 6.757480 48.453750 PLAYER
168 202695 8.800920 2.244770 PLAYER
168 2199 8.785860 23.014940 PLAYER
168 200782 10.853390 12.734580 PLAYER
168 202693 22.829800 22.717990 PLAYER
168 202688 28.722110 26.419910 PLAYER
168 1626164 9.361390 37.566610 PLAYER
180 -1 31.635220 22.160830 BALL
180 1495 7.335980 16.565660 PLAYER
180 2225 30.531600 23.095590 PLAYER
180 2561 27.674230 26.376330 PLAYER
180 201980 6.756530 48.445900 PLAYER
180 202695 8.801830 2.243610 PLAYER
180 2199 8.793560 22.446400 PLAYER
180 200782 10.781350 12.739950 PLAYER
180 202693 22.555540 22.435170 PLAYER
180 202688 28.811550 25.716590 PLAYER
180 1626164 9.456680 37.277970 PLAYER
192 -1 29.676660 20.378990 BALL
192 1495 7.559630 16.378150 PLAYER
192 2225 29.605670 21.695950 PLAYER
192 2561 28.175230 26.479090 PLAYER
192 201980 6.751680 48.448820 PLAYER
192 202695 8.804610 2.240080 PLAYER
192 2199 8.845730 21.956060 PLAYER
192 200782 10.703040 12.687370 PLAYER
192 202693 22.082360 22.153570 PLAYER
192 202688 28.664940 24.948400 PLAYER
192 1626164 9.596130 36.954350 PLAYER
204 -1 27.874550 18.420040 BALL
204 1495 7.819940 16.188920 PLAYER
204 2225 28.565070 20.319220 PLAYER
204 2561 28.663380 26.658670 PLAYER
204 201980 6.750570 48.456510 PLAYER
204 202695 8.804880 2.234440 PLAYER
204 2199 8.943150 21.524930 PLAYER
204 200782 10.615070 12.612150 PLAYER
204 202693 21.464190 21.853340 PLAYER
204 202688 28.428210 24.225260 PLAYER
204 1626164 9.796640 36.640710 PLAYER
216 -1 27.085310 17.251680 BALL
216 1495 8.046840 15.901420 PLAYER
216 2225 27.465810 19.058950 PLAYER
216 2561 29.068510 26.522170 PLAYER
216 201980 6.748110 48.460190 PLAYER
216 202695 8.796900 2.220610 PLAYER
216 2199 9.004030 20.913740 PLAYER
216 200782 10.537780 12.354700 PLAYER
216 202693 20.732640 21.621740 PLAYER
216 202688 27.891080 23.558560 PLAYER
216 1626164 10.034750 36.314230 PLAYER
228 -1 26.210150 16.232050 BALL
228 1495 8.247410 15.769650 PLAYER
228 2225 26.274650 18.020130 PLAYER
228 2561 29.332440 26.445750 PLAYER
228 201980 6.746500 48.454950 PLAYER
228 202695 8.787610 2.202230 PLAYER
228 2199 9.108440 20.663940 PLAYER
228 200782 10.502340 12.094700 PLAYER
228 202693 19.927350 21.439960 PLAYER
228 202688 27.044730 22.889400 PLAYER
228 1626164 10.293620 36.005330 PLAYER
240 -1 25.240120 15.304800 BALL
240 1495 8.406390 15.501880 PLAYER
240 2225 25.094660 17.039870 PLAYER
240 2561 29.468650 26.406150 PLAYER
240 201980 6.745110 48.455200 PLAYER
240 202695 8.771350 2.174700 PLAYER
240 2199 9.225130 20.439240 PLAYER
240 200782 10.396650 11.900310 PLAYER
240 202693 19.146700 21.344400 PLAYER
240 202688 26.013830 22.189740 PLAYER
240 1626164 10.573940 35.699810 PLAYER
252 -1 24.198010 14.540890 BALL
252 1495 8.567280 15.297670 PLAYER
252 2225 24.025850 16.260390 PLAYER
252 2561 29.491120 26.333500 PLAYER
252 201980 6.741990 48.455440 PLAYER
252 202695 8.752210 2.152980 PLAYER
252 2199 9.283840 20.185770 PLAYER
252 200782 10.277490 11.733000 PLAYER
252 202693 18.421530 21.335190 PLAYER
252 202688 25.003890 21.643160 PLAYER
252 1626164 10.840650 35.399090 PLAYER
264 -1 22.555340 14.278020 BALL
264 1495 8.664050 14.968270 PLAYER
264 2225 23.211360 15.611720 PLAYER
264 2561 29.228430 26.085340 PLAYER
264 201980 6.734280 48.448700 PLAYER
264 202695 8.733450 2.139930 PLAYER
264 2199 9.228120 19.850270 PLAYER
264 200782 10.277190 11.475780 PLAYER
264 202693 17.798700 21.439970 PLAYER
264 202688 23.829030 20.969380 PLAYER
264 1626164 11.038690 35.076480 PLAYER
276 -1 20.938200 15.084820 BALL
276 1495 8.742580 14.793050 PLAYER
276 2225 22.592840 15.161190 PLAYER
276 2561 28.848980 26.028070 PLAYER
276 201980 6.734420 48.450400 PLAYER
276 202695 8.724330 2.138570 PLAYER
276 2199 9.156700 19.551020 PLAYER
276 200782 10.214250 11.566750 PLAYER
276 202693 17.405390 21.775790 PLAYER
276 202688 22.736090 20.317090 PLAYER
276 1626164 11.180400 34.794390 PLAYER
288 -1 22.102910 14.865920 BALL
288 1495 8.841460 14.830130 PLAYER
288 2225 22.200010 14.685460 PLAYER
288 2561 28.438320 25.938720 PLAYER
288 201980 6.752810 48.454150 PLAYER
288 202695 8.715490 2.146990 PLAYER
288 2199 9.018760 19.127930 PLAYER
288 200782 10.133490 11.505500 PLAYER
288 202693 17.289910 22.279520 PLAYER
288 202688 21.771720 19.708270 PLAYER
288 1626164 11.288790 34.591990 PLAYER
300 -1 23.123920 14.037490 BALL
300 1495 8.896620 14.865830 PLAYER
300 2225 22.154220 14.355120 PLAYER
300 2561 28.013540 25.981950 PLAYER
300 201980 6.806250 48.452110 PLAYER
300 202695 8.710750 2.160990 PLAYER
300 2199 8.852500 18.758860 PLAYER
300 200782 10.170950 11.267550 PLAYER
300 202693 17.359700 22.805100 PLAYER
300 202688 20.908060 19.116360 PLAYER
300 1626164 11.383750 34.494730 PLAYER
312 -1 23.898310 15.967890 BALL
312 1495 8.930970 14.943600 PLAYER
312 2225 22.260360 14.033490 PLAYER
312 2561 27.505970 26.097780 PLAYER
312 201980 6.909020 48.431890 PLAYER
312 202695 8.708690 2.173130 PLAYER
312 2199 8.691050 18.458330 PLAYER
312 200782 10.229680 11.058150 PLAYER
312 202693 17.665210 23.412920 PLAYER
312 202688 20.090080 18.456900 PLAYER
312 1626164 11.468030 34.540660 PLAYER
324 -1 24.799490 19.971830 BALL
324 1495 8.951190 15.085670 PLAYER
324 2225 22.372450 13.778370 PLAYER
324 2561 27.113020 26.469280 PLAYER
324 201980 7.108420 48.398920 PLAYER
324 202695 8.704460 2.175090 PLAYER
324 2199 8.570710 18.374010 PLAYER
324 200782 10.175780 10.956640 PLAYER
324 202693 18.189890 24.151730 PLAYER
324 202688 19.294980 17.831580 PLAYER
324 1626164 11.509340 34.673050 PLAYER
336 -1 25.662560 23.846400 BALL
336 1495 8.972540 15.149680 PLAYER
336 2225 22.522940 13.481510 PLAYER
336 2561 26.676700 26.947330 PLAYER
336 201980 7.482200 48.342400 PLAYER
336 202695 8.695890 2.173700 PLAYER
336 2199 8.457350 18.337740 PLAYER
336 200782 10.196570 10.627620 PLAYER
336 202693 18.718540 24.778970 PLAYER
336 202688 18.531800 17.255010 PLAYER
336 1626164 11.567030 35.054800 PLAYER
348 -1 25.666000 25.861650 BALL
348 1495 8.925670 15.086830 PLAYER
348 2225 22.721920 13.142990 PLAYER
348 2561 26.261090 27.546940 PLAYER
348 201980 8.078730 48.257490 PLAYER
348 202695 8.685210 2.166770 PLAYER
348 2199 8.362050 18.428480 PLAYER
348 200782 10.210290 10.440880 PLAYER
348 202693 19.241710 25.397140 PLAYER
348 202688 17.919400 16.789840 PLAYER
348 1626164 11.611690 35.519850 PLAYER
360 -1 24.711320 26.750120 BALL
360 1495 8.901070 15.085790 PLAYER
360 2225 22.824180 12.769000 PLAYER
360 2561 25.858770 28.208150 PLAYER
360 201980 8.951650 48.139430 PLAYER
360 202695 8.671790 2.159270 PLAYER
360 2199 8.303230 18.568210 PLAYER
360 200782 10.204630 10.376520 PLAYER
360 202693 19.703860 26.090130 PLAYER
360 202688 17.399380 16.434520 PLAYER
360 1626164 11.620770 36.083730 PLAYER
372 -1 25.334720 28.903060 BALL
372 1495 8.897620 15.092940 PLAYER
372 2225 22.952500 12.277400 PLAYER
372 2561 25.427750 29.070640 PLAYER
372 201980 9.954240 48.008680 PLAYER
372 202695 8.656020 2.145220 PLAYER
372 2199 8.272840 18.713940 PLAYER
372 200782 10.197650 10.331600 PLAYER
372 202693 19.954380 26.795980 PLAYER
372 202688 16.996680 16.197640 PLAYER
372 1626164 11.622840 36.728080 PLAYER
384 -1 25.112540 30.204230 BALL
384 1495 8.931380 15.079290 PLAYER
384 2225 23.042270 11.766750 PLAYER
384 2561 24.935360 29.949810 PLAYER
384 201980 11.104170 47.876750 PLAYER
384 202695 8.640160 2.137500 PLAYER
384 2199 8.241690 18.749600 PLAYER
384 200782 10.198820 10.309430 PLAYER
384 202693 19.994870 27.372370 PLAYER
384 202688 16.763370 16.131320 PLAYER
384 1626164 11.750440 37.483200 PLAYER
396 -1 24.732790 31.605750 BALL
396 1495 8.978310 15.083080 PLAYER
396 2225 23.064460 11.225330 PLAYER
396 2561 24.468640 30.694980 PLAYER
396 201980 12.355610 47.722810 PLAYER
396 202695 8.623170 2.132410 PLAYER
396 2199 8.231540 18.810590 PLAYER
396 200782 10.189860 10.349840 PLAYER
396 202693 19.995890 27.968060 PLAYER
396 202688 16.682060 16.172780 PLAYER
396 1626164 12.047780 38.004780 PLAYER
408 -1 24.821670 32.205200 BALL
408 1495 9.056460 15.047740 PLAYER
408 2225 22.945980 10.689480 PLAYER
408 2561 24.071040 31.643250 PLAYER
408 201980 13.744020 47.477870 PLAYER
408 202695 8.619310 2.129900 PLAYER
408 2199 8.252130 18.860610 PLAYER
408 200782 10.182070 10.429220 PLAYER
408 202693 19.837830 28.543780 PLAYER
408 202688 16.686650 16.260880 PLAYER
408 1626164 12.579130 38.555860 PLAYER
420 -1 24.766560 32.850170 BALL
420 1495 9.133960 15.005490 PLAYER
420 2225 22.634200 10.143030 PLAYER
420 2561 23.735760 32.827140 PLAYER
420 201980 15.148770 47.100060 PLAYER
420 202695 8.664170 2.141120 PLAYER
420 2199 8.260800 18.913770 PLAYER
420 200782 10.165300 10.566590 PLAYER
420 202693 19.617120 29.093850 PLAYER
420 202688 16.772460 16.368210 PLAYER
420 1626164 13.212260 39.119820 PLAYER
432 -1 24.313130 34.814330 BALL
432 1495 9.203930 14.928970 PLAYER
432 2225 22.139130 9.647720 PLAYER
432 2561 23.340800 33.965130 PLAYER
432 201980 16.714960 46.496610 PLAYER
432 202695 8.775730 2.171940 PLAYER
432 2199 8.243850 18.988480 PLAYER
432 200782 10.155630 10.687620 PLAYER
432 202693 19.372110 29.648120 PLAYER
432 202688 16.916490 16.512780 PLAYER
432 1626164 14.088990 39.572430 PLAYER
444 -1 23.656650 36.929060 BALL
444 1495 9.268120 14.861520 PLAYER
444 2225 21.478410 9.200400 PLAYER
444 2561 22.879700 35.003280 PLAYER
444 201980 18.337830 45.806560 PLAYER
444 202695 9.007850 2.215090 PLAYER
444 2199 8.223990 19.113460 PLAYER
444 200782 10.146910 10.795760 PLAYER
444 202693 19.002020 30.220910 PLAYER
444 202688 17.098020 16.650260 PLAYER
444 1626164 15.066930 39.860100 PLAYER
456 -1 23.004360 39.145400 BALL
456 1495 9.396170 15.071210 PLAYER
456 2225 20.664680 8.748680 PLAYER
456 2561 22.170580 35.910500 PLAYER
456 201980 19.942020 44.832710 PLAYER
456 202695 9.408560 2.222350 PLAYER
456 2199 8.192480 19.245470 PLAYER
456 200782 10.136750 10.896770 PLAYER
456 202693 18.541330 30.747480 PLAYER
456 202688 17.281560 16.768910 PLAYER
456 1626164 16.143960 40.101710 PLAYER
468 -1 22.340830 41.206640 BALL
468 1495 9.595900 15.456000 PLAYER
468 2225 19.720490 8.317160 PLAYER
468 2561 21.255810 36.610370 PLAYER
468 201980 21.325140 43.709110 PLAYER
468 202695 9.952790 2.177910 PLAYER
468 2199 8.151810 19.359570 PLAYER
468 200782 10.131300 10.969670 PLAYER
468 202693 18.027960 31.255440 PLAYER
468 202688 17.419780 16.901940 PLAYER
468 1626164 17.260020 40.118030 PLAYER
480 -1 23.603610 41.299150 BALL
480 1495 9.859320 15.821970 PLAYER
480 2225 18.719890 7.941960 PLAYER
480 2561 20.215790 37.091260 PLAYER
480 201980 22.601090 42.339390 PLAYER
480 202695 10.640960 2.121870 PLAYER
480 2199 8.144520 19.467240 PLAYER
480 200782 10.128380 10.966840 PLAYER
480 202693 17.441500 31.777100 PLAYER
480 202688 17.492750 17.059960 PLAYER
480 1626164 18.479150 39.819680 PLAYER
492 -1 25.064720 39.726570 BALL
492 1495 10.121850 16.194730 PLAYER
492 2225 17.658520 7.580450 PLAYER
492 2561 19.188740 37.470010 PLAYER
492 201980 23.617410 40.874120 PLAYER
492 202695 11.423580 2.090260 PLAYER
492 2199 8.188910 19.512170 PLAYER
492 200782 10.112270 10.963700 PLAYER
492 202693 16.790700 32.287430 PLAYER
492 202688 17.496160 17.228650 PLAYER
492 1626164 19.697610 39.254620 PLAYER
504 -1 25.637960 37.098180 BALL
504 1495 10.280720 16.870280 PLAYER
504 2225 16.564730 7.247250 PLAYER
504 2561 18.249750 38.004950 PLAYER
504 201980 24.484130 39.017760 PLAYER
504 202695 12.246370 2.143670 PLAYER
504 2199 8.317940 19.507330 PLAYER
504 200782 10.094180 10.989190 PLAYER
504 202693 16.165550 32.762070 PLAYER
504 202688 17.388000 17.377030 PLAYER
504 1626164 20.817890 38.388030 PLAYER
516 -1 26.027170 35.277390 BALL
516 1495 10.488800 17.512330 PLAYER
516 2225 15.434820 6.981120 PLAYER
516 2561 17.515930 38.652750 PLAYER
516 201980 25.130710 37.061150 PLAYER
516 202695 13.158530 2.232690 PLAYER
516 2199 8.470150 19.589020 PLAYER
516 200782 10.088200 10.961160 PLAYER
516 202693 15.491610 33.269140 PLAYER
516 202688 17.226790 17.547440 PLAYER
516 1626164 21.646790 37.253190 PLAYER
528 -1 26.279520 34.004750 BALL
528 1495 10.627830 17.969600 PLAYER
528 2225 14.317260 6.728050 PLAYER
528 2561 16.793600 39.342860 PLAYER
528 201980 25.501030 35.076250 PLAYER
528 202695 14.153390 2.367920 PLAYER
528 2199 8.682820 19.727910 PLAYER
528 200782 10.092260 11.080450 PLAYER
528 202693 14.845970 33.655270 PLAYER
528 202688 17.033470 17.680480 PLAYER
528 1626164 22.223300 35.927820 PLAYER
540 -1 26.163570 32.008460 BALL
540 1495 10.712370 18.600740 PLAYER
540 2225 13.214540 6.499450 PLAYER
540 2561 16.188200 39.821430 PLAYER
540 201980 25.562210 33.154910 PLAYER
540 202695 15.163330 2.537200 PLAYER
540 2199 8.924280 19.915760 PLAYER
540 200782 10.145800 11.227830 PLAYER
540 202693 14.273490 34.010480 PLAYER
540 202688 16.805060 17.725310 PLAYER
540 1626164 22.552740 34.476200 PLAYER
552 -1 25.642940 29.809320 BALL
552 1495 10.788370 19.395100 PLAYER
552 2225 12.111580 6.270230 PLAYER
552 2561 15.688880 40.366130 PLAYER
552 201980 25.446740 31.323930 PLAYER
552 202695 16.178630 2.755910 PLAYER
552 2199 9.161680 20.282070 PLAYER
552 200782 10.261140 11.339760 PLAYER
552 202693 13.794110 34.115650 PLAYER
552 202688 16.481770 17.606740 PLAYER
552 1626164 22.567270 32.959790 PLAYER
564 -1 25.420070 27.764480 BALL
564 1495 11.034100 20.089740 PLAYER
564 2225 11.023090 5.965200 PLAYER
564 2561 15.230510 40.877210 PLAYER
564 201980 25.103120 29.634460 PLAYER
564 202695 17.188140 2.955450 PLAYER
564 2199 9.416080 20.637780 PLAYER
564 200782 10.475310 11.419620 PLAYER
564 202693 13.371980 34.202570 PLAYER
564 202688 16.085610 17.356700 PLAYER
564 1626164 22.348240 31.511360 PLAYER
576 -1 25.417690 26.613710 BALL
576 1495 11.117230 20.703570 PLAYER
576 2225 9.980230 5.646620 PLAYER
576 2561 14.697850 41.410620 PLAYER
576 201980 24.651650 28.032160 PLAYER
576 202695 18.086860 3.296490 PLAYER
576 2199 9.755410 20.913650 PLAYER
576 200782 10.882270 11.692720 PLAYER
576 202693 13.062420 34.217000 PLAYER
576 202688 15.609180 17.007270 PLAYER
576 1626164 22.022300 30.132170 PLAYER
588 -1 25.147450 25.407090 BALL
588 1495 11.339910 21.357240 PLAYER
588 2225 9.031620 5.358440 PLAYER
588 2561 14.186270 41.760790 PLAYER
588 201980 24.239640 26.358310 PLAYER
588 202695 18.866690 3.713600 PLAYER
588 2199 10.053060 21.303090 PLAYER
588 200782 11.456120 11.844290 PLAYER
588 202693 12.855120 34.269510 PLAYER
588 202688 15.080090 16.630580 PLAYER
588 1626164 21.630560 28.779360 PLAYER
600 -1 24.763850 23.264430 BALL
600 1495 11.634430 21.974870 PLAYER
600 2225 8.173560 5.085960 PLAYER
600 2561 13.565110 42.124050 PLAYER
600 201980 23.796500 24.704230 PLAYER
600 202695 19.595240 4.166290 PLAYER
600 2199 10.341600 21.607610 PLAYER
600 200782 12.134070 11.996610 PLAYER
600 202693 12.720150 34.226190 PLAYER
600 202688 14.486810 16.166230 PLAYER
600 1626164 21.242260 27.504830 PLAYER
612 -1 24.116200 19.777040 BALL
612 1495 11.954730 22.517360 PLAYER
612 2225 7.397220 4.855760 PLAYER
612 2561 12.890430 42.375170 PLAYER
612 201980 23.290320 23.018040 PLAYER
612 202695 20.263990 4.624420 PLAYER
612 2199 10.688550 21.767740 PLAYER
612 200782 12.957500 12.165620 PLAYER
612 202693 12.630660 34.299060 PLAYER
612 202688 13.907900 15.776470 PLAYER
612 1626164 20.834050 26.319630 PLAYER
624 -1 23.580450 16.235480 BALL
624 1495 12.209170 22.952260 PLAYER
624 2225 6.729100 4.649960 PLAYER
624 2561 12.196310 42.475840 PLAYER
624 201980 22.684000 21.519420 PLAYER
624 202695 20.841680 5.137570 PLAYER
624 2199 10.942800 21.979350 PLAYER
624 200782 13.887950 12.373740 PLAYER
624 202693 12.591170 34.346280 PLAYER
624 202688 13.329540 15.422910 PLAYER
624 1626164 20.449510 25.179510 PLAYER
636 -1 22.931830 12.753550 BALL
636 1495 12.552900 23.266050 PLAYER
636 2225 6.184360 4.377920 PLAYER
636 2561 11.569480 42.502910 PLAYER
636 201980 22.128670 20.125580 PLAYER
636 202695 21.329800 5.616360 PLAYER
636 2199 11.135020 22.197680 PLAYER
636 200782 14.824510 12.431280 PLAYER
636 202693 12.583010 34.403050 PLAYER
636 202688 12.755940 15.072440 PLAYER
636 1626164 20.004160 24.036480 PLAYER
648 -1 22.399870 9.540170 BALL
648 1495 12.811610 23.762590 PLAYER
648 2225 5.727740 4.070210 PLAYER
648 2561 10.937390 42.432720 PLAYER
648 201980 21.585880 18.733410 PLAYER
648 202695 21.717050 6.099690 PLAYER
648 2199 11.363200 22.247520 PLAYER
648 200782 15.698780 12.340940 PLAYER
648 202693 12.569200 34.444520 PLAYER
648 202688 12.162900 14.713610 PLAYER
648 1626164 19.509700 22.889420 PLAYER
660 -1 22.163840 8.077880 BALL
660 1495 13.054220 24.308690 PLAYER
660 2225 5.361580 3.724490 PLAYER
660 2561 10.234690 42.181300 PLAYER
660 201980 21.082250 17.441720 PLAYER
660 202695 21.924630 6.538160 PLAYER
660 2199 11.597980 22.464880 PLAYER
660 200782 16.534420 12.218720 PLAYER
660 202693 12.507380 34.441960 PLAYER
660 202688 11.590960 14.396460 PLAYER
660 1626164 18.801900 21.734080 PLAYER
672 -1 21.943550 7.964240 BALL
672 1495 13.257920 24.874710 PLAYER
672 2225 5.160520 3.401990 PLAYER
672 2561 9.533390 41.901670 PLAYER
672 201980 20.690510 16.313820 PLAYER
672 202695 22.050280 6.837300 PLAYER
672 2199 11.769160 22.708910 PLAYER
672 200782 17.216370 12.080310 PLAYER
672 202693 12.389160 34.402470 PLAYER
672 202688 11.048860 14.021730 PLAYER
672 1626164 18.112140 20.615680 PLAYER
684 -1 21.581660 8.595890 BALL
684 1495 13.429560 25.517650 PLAYER
684 2225 5.065890 3.105310 PLAYER
684 2561 8.990010 41.655130 PLAYER
684 201980 20.399460 15.168160 PLAYER
684 202695 22.106760 6.995580 PLAYER
684 2199 11.883990 22.704700 PLAYER
684 200782 17.753790 11.862110 PLAYER
684 202693 12.231740 34.328290 PLAYER
684 202688 10.574510 13.624650 PLAYER
684 1626164 17.407380 19.567110 PLAYER
696 -1 22.053200 7.717450 BALL
696 1495 13.521170 26.299830 PLAYER
696 2225 5.013830 2.913900 PLAYER
696 2561 8.492790 41.387780 PLAYER
696 201980 20.142170 14.291690 PLAYER
696 202695 22.098940 7.028690 PLAYER
696 2199 11.918680 22.679010 PLAYER
696 200782 18.167190 11.403680 PLAYER
696 202693 12.019360 34.232730 PLAYER
696 202688 10.152270 13.188710 PLAYER
696 1626164 16.714270 18.577000 PLAYER
708 -1 22.063100 7.707290 BALL
708 1495 13.482760 27.010050 PLAYER
708 2225 4.966900 2.780940 PLAYER
708 2561 8.017700 41.258300 PLAYER
708 201980 19.804690 13.750840 PLAYER
708 202695 22.067160 7.000950 PLAYER
708 2199 11.893180 22.695570 PLAYER
708 200782 18.510220 10.900380 PLAYER
708 202693 11.767350 34.149280 PLAYER
708 202688 9.808310 12.725510 PLAYER
708 1626164 16.047970 17.753520 PLAYER
720 -1 21.060790 8.607620 BALL
720 1495 13.336940 27.645950 PLAYER
720 2225 4.944240 2.721960 PLAYER
720 2561 7.619260 41.252500 PLAYER
720 201980 19.421300 13.295900 PLAYER
720 202695 22.038040 6.958130 PLAYER
720 2199 11.776630 22.636190 PLAYER
720 200782 18.783610 10.261140 PLAYER
720 202693 11.513910 34.124510 PLAYER
720 202688 9.503860 12.326630 PLAYER
720 1626164 15.607650 17.105150 PLAYER
732 -1 19.387330 10.398440 BALL
732 1495 13.143270 28.246090 PLAYER
732 2225 4.895290 2.696780 PLAYER
732 2561 7.258550 41.173420 PLAYER
732 201980 18.993390 12.942610 PLAYER
732 202695 21.917860 7.147740 PLAYER
732 2199 11.631900 22.591420 PLAYER
732 200782 19.117940 9.548970 PLAYER
732 202693 11.250830 34.115490 PLAYER
732 202688 9.196980 12.019910 PLAYER
732 1626164 15.191450 16.511430 PLAYER
744 -1 17.912240 12.172020 BALL
744 1495 12.892970 28.771460 PLAYER
744 2225 4.835430 2.735660 PLAYER
744 2561 6.833140 40.820860 PLAYER
744 201980 18.548330 12.746510 PLAYER
744 202695 21.805910 7.492280 PLAYER
744 2199 11.547200 22.795880 PLAYER
744 200782 19.422760 8.853170 PLAYER
744 202693 10.897390 34.066810 PLAYER
744 202688 8.881160 11.858190 PLAYER
744 1626164 14.863160 16.006980 PLAYER
756 -1 16.344200 13.932910 BALL
756 1495 12.575430 29.172060 PLAYER
756 2225 4.801980 2.794780 PLAYER
756 2561 6.437640 40.445080 PLAYER
756 201980 17.944710 12.447410 PLAYER
756 202695 21.734180 7.803970 PLAYER
756 2199 11.438130 23.022880 PLAYER
756 200782 19.721560 8.205360 PLAYER
756 202693 10.488470 33.957150 PLAYER
756 202688 8.541080 11.868240 PLAYER
756 1626164 14.669490 15.643570 PLAYER
768 -1 14.725820 15.590480 BALL
768 1495 12.237500 29.412800 PLAYER
768 2225 4.866410 2.890440 PLAYER
768 2561 6.141070 39.869530 PLAYER
768 201980 17.393970 12.191910 PLAYER
768 202695 21.698910 7.924930 PLAYER
768 2199 11.261300 23.273360 PLAYER
768 200782 20.049180 7.515430 PLAYER
768 202693 9.985800 33.702480 PLAYER
768 202688 8.153880 12.002870 PLAYER
768 1626164 14.523470 15.314790 PLAYER
780 -1 13.245150 17.142230 BALL
780 1495 11.820040 29.540420 PLAYER
780 2225 4.992680 2.967540 PLAYER
780 2561 5.960660 39.238390 PLAYER
780 201980 16.996870 12.019710 PLAYER
780 202695 21.760150 8.069820 PLAYER
780 2199 11.092690 23.453110 PLAYER
780 200782 20.416710 6.875460 PLAYER
780 202693 9.362730 33.315000 PLAYER
780 202688 7.745340 12.282030 PLAYER
780 1626164 14.402730 14.970270 PLAYER
792 -1 11.680240 18.844190 BALL
792 1495 11.371030 29.546080 PLAYER
792 2225 5.228090 3.044440 PLAYER
792 2561 5.797590 38.527270 PLAYER
792 201980 16.695210 11.822570 PLAYER
792 202695 21.967580 8.116590 PLAYER
792 2199 10.767070 23.513390 PLAYER
792 200782 20.792130 6.254960 PLAYER
792 202693 8.702420 32.890020 PLAYER
792 202688 7.381300 12.682420 PLAYER
792 1626164 14.340650 14.637220 PLAYER
804 -1 10.128290 20.458270 BALL
804 1495 10.917090 29.359160 PLAYER
804 2225 5.572680 3.164760 PLAYER
804 2561 5.717180 37.957020 PLAYER
804 201980 16.594660 11.689260 PLAYER
804 202695 22.187930 8.013130 PLAYER
804 2199 10.381690 23.790290 PLAYER
804 200782 21.228200 5.609090 PLAYER
804 202693 8.085830 32.480460 PLAYER
804 202688 7.078900 13.207540 PLAYER
804 1626164 14.369570 14.305910 PLAYER
816 -1 8.631440 22.008550 BALL
816 1495 10.469360 29.156730 PLAYER
816 2225 6.023440 3.323970 PLAYER
816 2561 5.670470 37.364220 PLAYER
816 201980 16.708600 11.578290 PLAYER
816 202695 22.344650 7.878010 PLAYER
816 2199 9.935110 24.118170 PLAYER
816 200782 21.742240 4.920180 PLAYER
816 202693 7.450980 32.021220 PLAYER
816 202688 6.832270 13.788380 PLAYER
816 1626164 14.486580 13.963380 PLAYER
828 -1 7.075980 23.625330 BALL
828 1495 10.022980 28.924520 PLAYER
828 2225 6.536100 3.557120 PLAYER
828 2561 5.703720 36.857470 PLAYER
828 201980 16.978340 11.343150 PLAYER
828 202695 22.404180 7.850770 PLAYER
828 2199 9.457480 24.362300 PLAYER
828 200782 22.342380 4.336640 PLAYER
828 202693 6.859260 31.585430 PLAYER
828 202688 6.637010 14.452710 PLAYER
828 1626164 14.712570 13.623470 PLAYER
840 -1 5.532720 25.040430 BALL
840 1495 9.675060 28.663540 PLAYER
840 2225 7.100280 3.824070 PLAYER
840 2561 5.780700 36.359400 PLAYER
840 201980 17.349000 11.057850 PLAYER
840 202695 22.475750 7.975620 PLAYER
840 2199 8.900750 24.621180 PLAYER
840 200782 23.028260 3.734020 PLAYER
840 202693 6.337860 31.155600 PLAYER
840 202688 6.505870 15.144100 PLAYER
840 1626164 15.036060 13.319250 PLAYER
852 -1 4.691590 25.179440 BALL
852 1495 9.428180 28.435870 PLAYER
852 2225 7.689050 4.088140 PLAYER
852 2561 5.999680 35.880290 PLAYER
852 201980 17.751260 10.735110 PLAYER
852 202695 22.500540 7.881940 PLAYER
852 2199 8.427380 24.927060 PLAYER
852 200782 23.797220 3.132250 PLAYER
852 202693 5.830090 30.648470 PLAYER
852 202688 6.417990 15.842870 PLAYER
852 1626164 15.442480 13.061500 PLAYER
864 -1 4.216480 25.074900 BALL
864 1495 9.309460 28.268200 PLAYER
864 2225 8.297510 4.403430 PLAYER
864 2561 6.286170 35.346420 PLAYER
864 201980 18.314470 10.290060 PLAYER
864 202695 22.733670 7.772850 PLAYER
864 2199 8.076580 25.162910 PLAYER
864 200782 24.651320 2.564440 PLAYER
864 202693 5.363670 30.134350 PLAYER
864 202688 6.388520 16.589810 PLAYER
864 1626164 15.895490 12.873700 PLAYER
876 -1 3.433600 24.828430 BALL
876 1495 9.362930 28.026790 PLAYER
876 2225 8.929090 4.769580 PLAYER
876 2561 6.781440 34.790650 PLAYER
876 201980 19.054940 9.936610 PLAYER
876 202695 23.199860 7.782980 PLAYER
876 2199 7.784460 25.120070 PLAYER
876 200782 25.559130 2.219980 PLAYER
876 202693 4.921720 29.639390 PLAYER
876 202688 6.284190 17.276960 PLAYER
876 1626164 16.483900 12.774080 PLAYER
888 -1 2.831750 24.739300 BALL
888 1495 9.568010 27.794030 PLAYER
888 2225 9.598260 5.157440 PLAYER
888 2561 7.407530 34.205650 PLAYER
888 201980 19.919880 9.642680 PLAYER
888 202695 23.940340 7.865370 PLAYER
888 2199 7.553910 24.908220 PLAYER
888 200782 26.499730 1.884860 PLAYER
888 202693 4.452440 29.176670 PLAYER
888 202688 6.039330 17.933540 PLAYER
888 1626164 17.153110 12.729700 PLAYER
900 -1 2.341130 24.476300 BALL
900 1495 9.851280 27.558240 PLAYER
900 2225 10.332540 5.619990 PLAYER
900 2561 8.159010 33.611920 PLAYER
900 201980 20.867780 9.435750 PLAYER
900 202695 24.786140 7.734720 PLAYER
900 2199 7.405340 24.613710 PLAYER
900 200782 27.523490 1.575270 PLAYER
900 202693 3.955910 28.802520 PLAYER
900 202688 5.805300 18.622440 PLAYER
900 1626164 17.933930 12.697940 PLAYER