0 -1 86.548110 17.078300
0 1718 41.860230 38.740890
0 2037 56.678600 31.145020
0 201599 51.296680 24.709740
0 202362 60.382930 19.884070
0 203085 52.658800 17.488770
0 201945 53.918270 38.243050
0 202329 46.308780 40.635870
0 202334 92.184320 24.720060
0 203468 83.424910 12.063050
0 203090 59.094660 47.416910
12 -1 85.174120 15.708120
12 1718 40.231320 38.717890
12 2037 54.554960 31.547020
12 201599 50.003180 24.852380
12 202362 58.673400 21.256130
12 203085 51.872510 17.273470
12 201945 51.953340 38.360210
12 202329 44.362490 41.206740
12 202334 91.460960 24.702130
12 203468 82.594680 12.165560
12 203090 57.141410 47.355680
24 -1 82.379340 13.271730
24 1718 38.648370 38.691530
24 2037 52.462310 31.935280
24 201599 48.668900 25.036360
24 202362 57.127470 22.691200
24 203085 51.070050 17.018050
24 201945 50.156960 38.620670
24 202329 42.391570 41.757040
24 202334 90.774470 24.755760
24 203468 81.573690 12.243310
24 203090 55.260950 47.311350
36 -1 81.504040 13.437340
36 1718 37.050030 38.667550
36 2037 50.304060 32.238180
36 201599 47.375020 25.044710
36 202362 55.573410 24.141440
36 203085 50.293270 16.788830
36 201945 48.396250 38.854110
36 202329 40.499530 42.273280
36 202334 90.010540 24.838020
36 203468 80.488310 12.383360
36 203090 53.375510 47.187950
48 -1 79.193340 12.963990
48 1718 35.446280 38.609700
48 2037 48.168910 32.523780
48 201599 46.239280 25.068090
48 202362 53.765630 25.358850
48 203085 49.550610 16.617890
48 201945 46.589690 38.971080
48 202329 38.655680 42.761050
48 202334 89.143480 24.943700
48 203468 79.365150 12.498800
48 203090 51.357710 47.018350
60 -1 77.378520 12.768070
60 1718 33.934280 38.520330
60 2037 46.042500 32.773440
60 201599 45.227860 25.133430
60 202362 52.036710 26.558840
60 203085 48.849590 16.559800
60 201945 44.795240 39.052340
60 202329 36.802840 43.176560
60 202334 88.128470 24.923320
60 203468 78.183620 12.563490
60 203090 49.388260 46.901100
72 -1 75.332420 12.866140
72 1718 32.470170 38.463940
72 2037 43.924060 32.989440
72 201599 44.268640 25.199310
72 202362 50.365430 27.706500
72 203085 48.223440 16.558120
72 201945 42.983350 39.080970
72 202329 34.971320 43.558050
72 202334 87.081020 24.996040
72 203468 76.898450 12.654130
72 203090 47.567060 46.836140
84 -1 73.554940 13.242490
84 1718 30.995690 38.348890
84 2037 41.816400 33.179750
84 201599 43.414980 25.197650
84 202362 48.580390 28.774890
84 203085 47.590280 16.556470
84 201945 41.165450 39.003150
84 202329 33.178080 43.877680
84 202334 85.782590 25.004500
84 203468 75.514360 12.671150
84 203090 45.805810 46.733720
96 -1 72.559400 13.416220
96 1718 29.572910 38.242620
96 2037 39.796720 33.355680
96 201599 42.532220 25.172270
96 202362 46.788160 29.715560
96 203085 46.947040 16.529420
96 201945 39.413740 38.903170
96 202329 31.370810 44.151460
96 202334 84.386180 24.980930
96 203468 74.102400 12.720680
96 203090 44.127610 46.657150
108 -1 71.467670 13.608410
108 1718 28.192760 38.197490
108 2037 37.801160 33.474770
108 201599 41.638020 25.120960
108 202362 45.054510 30.616970
108 203085 46.261690 16.430080
108 201945 37.690220 38.781380
108 202329 29.589290 44.378000
108 202334 82.988620 25.035980
108 203468 72.660920 12.660700
108 203090 42.473110 46.550040
120 -1 70.488660 13.920140
120 1718 26.765840 38.146140
120 2037 35.847150 33.520280
120 201599 40.716300 25.011300
120 202362 43.346080 31.564450
120 203085 45.532560 16.274670
120 201945 35.964000 38.514280
120 202329 27.896200 44.639450
120 202334 81.510830 25.124370
120 203468 71.124890 12.549120
120 203090 40.882870 46.384460
132 -1 69.427450 14.042420
132 1718 25.403660 38.067190
132 2037 33.962100 33.555490
132 201599 39.825310 24.868390
132 202362 41.660180 32.432750
132 203085 44.769400 16.102840
132 201945 34.283130 38.134310
132 202329 26.221200 44.865240
132 202334 79.859890 25.109190
132 203468 69.579240 12.470500
132 203090 39.334670 46.173030
144 -1 68.018300 13.869100
144 1718 24.146590 38.036380
144 2037 32.104710 33.530290
144 201599 38.999350 24.744840
144 202362 40.022130 33.218780
144 203085 44.003910 15.950060
144 201945 32.683960 37.769720
144 202329 24.556870 45.068810
144 202334 78.221080 25.130240
144 203468 68.085700 12.339020
144 203090 37.806690 46.034240
156 -1 66.484590 13.780270
156 1718 22.951520 37.970150
156 2037 30.268470 33.404280
156 201599 38.248110 24.619720
156 202362 38.332170 33.980460
156 203085 43.242560 15.837600
156 201945 31.086200 37.195660
156 202329 22.949270 45.274400
156 202334 76.602900 25.206710
156 203468 66.626340 12.076720
156 203090 36.316410 45.938640
168 -1 65.596720 12.399770
168 1718 21.817450 37.850050
168 2037 28.533400 33.217180
168 201599 37.504330 24.470000
168 202362 36.691980 34.651580
168 203085 42.474460 15.744010
168 201945 29.567950 36.417320
168 202329 21.374760 45.516540
168 202334 74.923390 25.283590
168 203468 65.125830 11.905730
168 203090 34.884400 45.786890
180 -1 62.626720 13.018890
180 1718 20.778370 37.767760
180 2037 26.866810 32.962640
180 201599 36.774480 24.305240
180 202362 35.126460 35.259340
180 203085 41.723160 15.653500
180 201945 28.176450 35.544210
180 202329 19.814340 45.727970
180 202334 73.113010 25.238800
180 203468 63.644060 11.678250
180 203090 33.534270 45.595330
192 -1 61.037370 12.886080
192 1718 19.797720 37.726700
192 2037 25.207530 32.524430
192 201599 36.087810 24.172470
192 202362 33.580190 35.908950
192 203085 40.978170 15.536910
192 201945 26.804820 34.552110
192 202329 18.355370 45.956590
192 202334 71.174390 25.093540
192 203468 62.117220 11.346630
192 203090 32.255720 45.427360
204 -1 59.848950 12.736520
204 1718 18.885900 37.670620
204 2037 23.673570 32.042090
204 201599 35.426690 24.045330
204 202362 32.066940 36.539080
204 203085 40.214240 15.332540
204 201945 25.633470 33.245520
204 202329 17.008870 46.185780
204 202334 69.220070 24.965460
204 203468 60.593690 11.133430
204 203090 31.027400 45.186480
216 -1 59.007580 12.837210
216 1718 18.063620 37.629370
216 2037 22.235510 31.445650
216 201599 34.776110 23.916860
216 202362 30.598380 37.054790
216 203085 39.403820 15.059270
216 201945 24.523500 31.877780
216 202329 15.706820 46.389670
216 202334 67.257380 24.784860
216 203468 59.048600 10.985860
216 203090 29.847360 44.915150
228 -1 57.682140 12.796470
228 1718 17.346400 37.576140
228 2037 20.821060 30.694130
228 201599 34.140370 23.779130
228 202362 29.106000 37.492210
228 203085 38.600060 14.789370
228 201945 23.453890 30.561890
228 202329 14.439870 46.568180
228 202334 65.271670 24.580830
228 203468 57.550040 10.731610
228 203090 28.721930 44.687810
240 -1 55.796110 12.435790
240 1718 16.719420 37.485180
240 2037 19.524300 29.799580
240 201599 33.535360 23.656860
240 202362 27.659630 37.816530
240 203085 37.814000 14.539970
240 201945 22.398370 29.238390
240 202329 13.257690 46.780250
240 202334 63.358130 24.467770
240 203468 56.127120 10.644400
240 203090 27.584260 44.530550
252 -1 53.759300 12.242770
252 1718 16.133660 37.364950
252 2037 18.381010 28.931840
252 201599 32.963850 23.549430
252 202362 26.374230 38.068350
252 203085 37.043650 14.319810
252 201945 21.420720 27.893630
252 202329 12.140380 47.067270
252 202334 61.712750 24.590030
252 203468 54.766570 10.611160
252 203090 26.501850 44.341090
264 -1 51.723800 11.532040
264 1718 15.581850 37.244960
264 2037 17.320290 27.872590
264 201599 32.396140 23.455070
264 202362 25.205560 38.270650
264 203085 36.293700 14.142590
264 201945 20.321900 26.646960
264 202329 11.088840 47.331170
264 202334 60.129960 24.742380
264 203468 53.405050 10.466440
264 203090 25.517770 44.141090
276 -1 49.842740 10.866090
276 1718 15.062080 37.079910
276 2037 16.346370 26.772240
276 201599 31.845590 23.407970
276 202362 24.036510 38.521040
276 203085 35.576190 13.995550
276 201945 19.297790 25.455850
276 202329 10.141910 47.568080
276 202334 58.479240 24.830000
276 203468 51.961170 10.291620
276 203090 24.620060 43.934820
288 -1 48.614540 10.249020
288 1718 14.581780 36.909020
288 2037 15.508610 25.726410
288 201599 31.329230 23.410220
288 202362 22.927300 38.775930
288 203085 34.893950 13.831160
288 201945 18.335470 24.203600
288 202329 9.324330 47.808620
288 202334 56.878550 24.920010
288 203468 50.522810 10.183530
288 203090 23.771010 43.732330
300 -1 47.480080 9.776310
300 1718 14.196950 36.727300
300 2037 14.690910 24.655260
300 201599 30.840440 23.442300
300 202362 21.861540 38.986180
300 203085 34.232070 13.624110
300 201945 17.405250 22.956190
300 202329 8.618020 47.990890
300 202334 55.343940 25.022180
300 203468 49.070380 9.989240
300 203090 22.967990 43.513920
312 -1 46.348430 9.037080
312 1718 13.884020 36.532080
312 2037 13.951940 23.486790
312 201599 30.362510 23.464690
312 202362 20.789250 39.088790
312 203085 33.567370 13.384200
312 201945 16.504020 21.737710
312 202329 8.004670 48.073710
312 202334 53.759430 25.088870
312 203468 47.633990 9.783270
312 203090 22.230480 43.331650
324 -1 45.315180 8.821730
324 1718 13.604030 36.306490
324 2037 13.336990 22.478970
324 201599 29.909840 23.462940
324 202362 19.758520 39.108900
324 203085 32.909990 13.169680
324 201945 15.624600 20.518040
324 202329 7.338070 48.108030
324 202334 52.093640 25.021170
324 203468 46.239940 9.633520
324 203090 21.527760 43.189480
336 -1 44.239170 8.663520
336 1718 13.358720 36.069980
336 2037 12.763870 21.442280
336 201599 29.470490 23.436860
336 202362 18.899520 39.001370
336 203085 32.303690 12.976410
336 201945 14.843160 19.426320
336 202329 6.771610 48.171700
336 202334 50.525600 24.979530
336 203468 45.021420 9.594010
336 203090 20.833730 43.102030
348 -1 42.980880 8.629420
348 1718 13.100030 35.791700
348 2037 12.168200 20.273970
348 201599 29.046960 23.402420
348 202362 18.087090 38.792050
348 203085 31.717900 12.823900
348 201945 14.054110 18.458790
348 202329 6.280730 48.197020
348 202334 48.947020 24.874890
348 203468 43.877170 9.591160
348 203090 20.226070 43.051140
360 -1 41.428470 8.935750
360 1718 12.789120 35.504240
360 2037 11.698280 19.336430
360 201599 28.650420 23.359100
360 202362 17.343190 38.525620
360 203085 31.150100 12.707220
360 201945 13.323330 17.311060
360 202329 5.858870 48.208290
360 202334 47.330200 24.681890
360 203468 42.780170 9.596760
360 203090 19.747850 43.050690
372 -1 39.789020 9.239210
372 1718 12.469010 35.244320
372 2037 11.179260 18.388200
372 201599 28.268780 23.317950
372 202362 16.664110 38.217890
372 203085 30.632410 12.620090
372 201945 12.723240 16.189970
372 202329 5.530340 48.206420
372 202334 45.688580 24.339150
372 203468 41.706300 9.641690
372 203090 19.364260 43.099460
384 -1 38.927680 9.462920
384 1718 12.166560 34.997470
384 2037 10.665860 17.483560
384 201599 27.896210 23.324500
384 202362 16.032260 37.919620
384 203085 30.153130 12.517630
384 201945 12.204250 15.302540
384 202329 5.374060 48.247530
384 202334 44.118850 24.016630
384 203468 40.743360 9.685840
384 203090 19.106850 43.178120
396 -1 38.212910 9.529420
396 1718 11.874190 34.757410
396 2037 10.219350 16.541420
396 201599 27.530620 23.357940
396 202362 15.444570 37.668430
396 203085 29.693260 12.409840
396 201945 11.668410 14.338980
396 202329 5.272470 48.271730
396 202334 42.594260 23.681280
396 203468 39.867060 9.705070
396 203090 19.016420 43.269370
408 -1 37.487410 9.451380
408 1718 11.614250 34.560190
408 2037 9.866550 15.666210
408 201599 27.167320 23.421680
408 202362 14.939090 37.442370
408 203085 29.251500 12.309390
408 201945 11.203040 13.298490
408 202329 5.206270 48.286150
408 202334 41.087580 23.374730
408 203468 39.009380 9.744640
408 203090 19.049970 43.374880
420 -1 36.917710 9.534560
420 1718 11.402310 34.378410
420 2037 9.517870 14.726620
420 201599 26.815570 23.463980
420 202362 14.494110 37.277150
420 203085 28.866220 12.268570
420 201945 10.757410 12.505220
420 202329 5.163880 48.285010
420 202334 39.617810 22.896300
420 203468 38.209680 9.786340
420 203090 19.176900 43.484560
432 -1 36.355560 9.500230
432 1718 11.224090 34.193710
432 2037 9.213990 13.870170
432 201599 26.475640 23.491940
432 202362 14.121020 37.200060
432 203085 28.534740 12.300620
432 201945 10.214260 11.687800
432 202329 5.119400 48.261830
432 202334 38.244590 22.408890
432 203468 37.605640 9.908520
432 203090 19.371840 43.614950
444 -1 35.787200 9.585610
444 1718 11.042200 34.022290
444 2037 8.919520 13.034310
444 201599 26.144330 23.433760
444 202362 13.812290 37.150290
444 203085 28.263630 12.431470
444 201945 9.669060 10.778390
444 202329 5.137970 48.242790
444 202334 36.940480 21.839720
444 203468 37.065160 10.105930
444 203090 19.593850 43.742530
456 -1 35.711120 10.063740
456 1718 10.813190 33.881290
456 2037 8.728800 12.385240
456 201599 25.828190 23.299340
456 202362 13.607190 37.012670
456 203085 28.058600 12.605430
456 201945 9.102230 10.088140
456 202329 5.172270 48.218610
456 202334 35.695450 21.267160
456 203468 36.540770 10.399260
456 203090 19.794220 43.839860
468 -1 35.778230 10.838090
468 1718 10.558300 33.767470
468 2037 8.546090 11.859010
468 201599 25.554040 23.093390
468 202362 13.555940 36.875650
468 203085 27.937540 12.769560
468 201945 8.625590 9.388060
468 202329 5.225140 48.219300
468 202334 34.548540 20.598410
468 203468 36.096360 10.805880
468 203090 19.962270 43.902310
480 -1 36.270920 12.504980
480 1718 10.289880 33.684330
480 2037 8.381430 11.359790
480 201599 25.331020 22.895310
480 202362 13.532800 36.807830
480 203085 27.883350 12.905380
480 201945 8.263800 8.692060
480 202329 5.298990 48.210560
480 202334 33.497860 20.075600
480 203468 35.713950 11.344240
480 203090 20.064550 43.916310
492 -1 36.486080 12.173350
492 1718 10.021490 33.664760
492 2037 8.299990 10.981480
492 201599 25.200460 22.699240
492 202362 13.588870 36.737040
492 203085 27.948540 13.060730
492 201945 8.055550 8.147980
492 202329 5.428510 48.220250
492 202334 32.411140 19.672470
492 203468 35.291810 11.936030
492 203090 20.090840 43.853490
504 -1 36.197880 12.927000
504 1718 9.789930 33.736190
504 2037 8.219790 10.611010
504 201599 25.188790 22.559980
504 202362 13.766440 36.707010
504 203085 28.142320 13.265890
504 201945 7.933950 7.705540
504 202329 5.559090 48.236370
504 202334 31.483720 19.209060
504 203468 34.852160 12.731280
504 203090 20.024930 43.726940
516 -1 35.856110 14.183250
516 1718 9.636420 33.898080
516 2037 8.067900 10.310530
516 201599 25.310000 22.400930
516 202362 13.983820 36.814010
516 203085 28.552620 13.698150
516 201945 8.005940 7.200120
516 202329 5.709440 48.243810
516 202334 30.698900 18.838140
516 203468 34.441410 13.677110
516 203090 19.878600 43.535240
528 -1 35.045450 15.613450
528 1718 9.525950 34.136900
528 2037 7.875160 10.123630
528 201599 25.541930 22.220410
528 202362 14.224280 36.990920
528 203085 29.151020 14.393000
528 201945 7.877160 6.736790
528 202329 5.856330 48.240030
528 202334 30.004240 18.378140
528 203468 34.000610 14.757670
528 203090 19.644960 43.268010
540 -1 34.009140 17.204650
540 1718 9.464100 34.421690
540 2037 7.650050 10.050200
540 201599 25.865010 22.094600
540 202362 14.540600 37.122610
540 203085 29.682330 15.312950
540 201945 7.709830 6.330920
540 202329 6.006910 48.255900
540 202334 29.337610 18.013590
540 203468 33.493430 15.911700
540 203090 19.337500 42.925950
552 -1 33.733560 18.732410
552 1718 9.421040 34.671560
552 2037 7.435820 10.065080
552 201599 26.191390 22.177360
552 202362 14.816090 37.224210
552 203085 30.389880 16.609780
552 201945 7.501640 5.976400
552 202329 6.102180 48.305630
552 202334 28.745260 17.621640
552 203468 33.031250 17.250590
552 203090 18.931350 42.542840
564 -1 33.964840 19.630770
564 1718 9.365260 34.809840
564 2037 7.283980 10.142960
564 201599 26.458350 22.425580
564 202362 14.964180 37.287070
564 203085 31.079940 18.213800
564 201945 7.329100 5.591110
564 202329 6.138360 48.293010
564 202334 28.009680 17.450290
564 203468 32.688440 18.711100
564 203090 18.483150 42.087430
576 -1 33.967410 20.750300
576 1718 9.288970 34.826110
576 2037 7.211140 10.362310
576 201599 26.572130 22.878660
576 202362 15.027600 37.376870
576 203085 31.547220 19.916050
576 201945 7.153300 5.166240
576 202329 6.138520 48.284640
576 202334 27.154210 17.230480
576 203468 32.403880 20.263560
576 203090 17.967240 41.610870
588 -1 33.624950 22.978330
588 1718 9.193340 34.716840
588 2037 7.233550 10.839840
588 201599 26.553460 23.502280
588 202362 14.982320 37.409480
588 203085 31.751770 21.623050
588 201945 7.242200 4.850520
588 202329 6.198370 48.309990
588 202334 26.148010 17.214930
588 203468 32.182220 21.884470
588 203090 17.308520 41.245160
600 -1 33.034060 25.309380
600 1718 9.069140 34.523650
600 2037 7.360850 11.409320
600 201599 26.417140 24.245710
600 202362 14.771400 37.490480
600 203085 31.655690 22.873150
600 201945 7.475770 4.613500
600 202329 6.263610 48.352850
600 202334 25.021980 17.229800
600 203468 32.067070 23.601670
600 203090 16.541610 40.894400
612 -1 33.026770 26.779560
612 1718 8.936350 34.315920
612 2037 7.543320 12.037240
612 201599 26.110260 24.977760
612 202362 14.446820 37.512960
612 203085 31.031240 23.871660
612 201945 8.007140 4.345740
612 202329 6.387700 48.360420
612 202334 23.865260 17.292240
612 203468 31.921460 25.218950
612 203090 15.743910 40.558270
624 -1 32.499410 27.910410
624 1718 8.830130 34.186230
624 2037 7.748710 12.827350
624 201599 25.644170 25.587340
624 202362 14.066920 37.490720
624 203085 30.251490 24.652460
624 201945 8.679670 4.130670
624 202329 6.630360 48.450850
624 202334 22.702490 17.338900
624 203468 31.714970 26.662270
624 203090 14.872360 40.305190
636 -1 31.178600 28.206190
636 1718 8.760480 34.132640
636 2037 7.965260 13.744610
636 201599 25.142000 26.204230
636 202362 13.613320 37.382300
636 203085 29.391430 25.208860
636 201945 9.482870 3.982840
636 202329 6.922920 48.565930
636 202334 21.547100 17.463550
636 203468 31.524040 27.801040
636 203090 13.988340 39.987840
648 -1 31.655460 29.097770
648 1718 8.720690 34.138750
648 2037 8.213700 14.610520
648 201599 24.542280 26.761180
648 202362 13.132900 37.224950
648 203085 28.557130 25.581160
648 201945 10.416840 3.842920
648 202329 7.244820 48.641530
648 202334 20.489740 17.677400
648 203468 31.396590 28.625840
648 203090 13.196870 39.542740
660 -1 31.272230 28.783590
660 1718 8.665180 34.078390
660 2037 8.466310 15.483930
660 201599 23.840860 27.155950
660 202362 12.677780 36.961130
660 203085 27.967510 26.301640
660 201945 11.474620 3.719770
660 202329 7.603880 48.711450
660 202334 19.450030 17.849810
660 203468 31.340400 29.142180
660 203090 12.506150 39.173300
672 -1 31.210540 29.317260
672 1718 8.597930 33.971690
672 2037 8.776520 16.252110
672 201599 23.020610 27.314860
672 202362 12.177710 36.696690
672 203085 27.540840 26.981100
672 201945 12.474260 3.702470
672 202329 7.941440 48.785190
672 202334 18.433480 18.001730
672 203468 31.367690 29.467910
672 203090 11.831750 38.829670
684 -1 31.409940 28.253680
684 1718 8.529750 33.811400
684 2037 9.117080 16.886960
684 201599 22.118020 27.402060
684 202362 11.636030 36.427250
684 203085 27.089340 27.664430
684 201945 13.480060 3.728980
684 202329 8.221590 48.823950
684 202334 17.552070 18.235300
684 203468 31.419020 29.487360
684 203090 11.251740 38.544950
696 -1 29.702330 25.084480
696 1718 8.448990 33.554640
696 2037 9.440080 17.340880
696 201599 21.253450 27.497440
696 202362 11.090100 36.166930
696 203085 26.727020 28.211230
696 201945 14.414300 3.863290
696 202329 8.564380 48.826900
696 202334 16.639360 18.375120
696 203468 31.468280 29.544930
696 203090 10.550360 38.426170
708 -1 27.258770 20.733160
708 1718 8.309760 33.122730
708 2037 9.808120 17.639330
708 201599 20.396690 27.551640
708 202362 10.524520 35.935240
708 203085 26.358620 28.662770
708 201945 15.286490 4.059750
708 202329 9.004590 48.828410
708 202334 15.647100 18.316450
708 203468 31.532230 29.595090
708 203090 9.872580 38.484360
720 -1 24.858540 16.255990
720 1718 8.153790 32.606470
720 2037 10.202420 17.580290
720 201599 19.504950 27.594320
720 202362 9.972390 35.705620
720 203085 26.055240 28.969570
720 201945 16.044750 4.307850
720 202329 9.437230 48.800540
720 202334 14.704040 18.229810
720 203468 31.625130 29.750620
720 203090 9.149800 38.505910
732 -1 22.450380 12.022320
732 1718 7.998300 32.027010
732 2037 10.582520 17.352050
732 201599 18.663930 27.589080
732 202362 9.480610 35.524130
732 203085 25.812150 29.069780
732 201945 16.755610 4.398550
732 202329 9.910880 48.763570
732 202334 14.003710 18.006870
732 203468 31.743250 29.954000
732 203090 8.441300 38.521710
744 -1 20.118090 7.646800
744 1718 7.844980 31.374000
744 2037 10.961120 16.913510
744 201599 17.918870 27.515360
744 202362 9.000710 35.355510
744 203085 25.618400 28.911280
744 201945 17.360700 4.474060
744 202329 10.402350 48.669350
744 202334 13.393670 17.595620
744 203468 31.895350 30.264820
744 203090 7.705700 38.501850
756 -1 18.752400 5.085590
756 1718 7.699150 30.695100
756 2037 11.242830 16.399740
756 201599 17.109530 27.198310
756 202362 8.501540 35.167960
756 203085 25.399590 28.722360
756 201945 17.884370 4.487290
756 202329 10.818880 48.529780
756 202334 13.007030 17.218190
756 203468 32.063290 30.481980
756 203090 7.111780 38.456710
768 -1 18.957880 5.248370
768 1718 7.590260 30.080610
768 2037 11.480820 15.687170
768 201599 16.306750 26.720770
768 202362 8.010440 34.992750
768 203085 25.202070 28.512240
768 201945 18.294070 4.495700
768 202329 11.146620 48.253090
768 202334 12.835390 16.603540
768 203468 32.237920 30.647800
768 203090 6.513360 38.312030
780 -1 19.103620 5.432800
780 1718 7.507790 29.546890
780 2037 11.642850 14.916350
780 201599 15.544520 26.161650
780 202362 7.500020 34.848580
780 203085 25.023810 28.279420
780 201945 18.604670 4.486650
780 202329 11.485060 47.793750
780 202334 12.898040 15.909010
780 203468 32.443060 30.740360
780 203090 6.012800 38.234940
792 -1 19.489970 5.110660
792 1718 7.430550 29.079550
792 2037 11.713680 13.977740
792 201599 14.889220 25.611640
792 202362 6.986370 34.662440
792 203085 24.883410 28.061430
792 201945 18.758990 4.643130
792 202329 11.819550 47.173210
792 202334 12.927020 15.332500
792 203468 32.703370 30.777540
792 203090 5.605960 38.228750
804 -1 19.130510 5.566730
804 1718 7.321600 28.688650
804 2037 11.752000 12.908020
804 201599 14.281350 25.060250
804 202362 6.480880 34.481080
804 203085 24.774100 27.879420
804 201945 18.852340 4.852120
804 202329 12.074400 46.491480
804 202334 12.915660 14.838530
804 203468 33.023230 30.836630
804 203090 5.247820 38.229940
816 -1 19.576600 5.663480
816 1718 7.206860 28.407920
816 2037 11.950910 11.793810
816 201599 13.755510 24.426100
816 202362 6.018410 34.320690
816 203085 24.664960 27.713390
816 201945 18.897440 5.159410
816 202329 12.366110 45.599290
816 202334 12.853020 14.217520
816 203468 33.437740 30.957390
816 203090 5.042880 38.316020
828 -1 19.848680 6.057950
828 1718 7.145610 28.302080
828 2037 12.205870 10.706460
828 201599 13.321730 23.791520
828 202362 5.633120 34.069510
828 203085 24.539970 27.564850
828 201945 18.912670 5.642810
828 202329 12.580570 44.620730
828 202334 12.738810 13.694010
828 203468 33.905980 31.138730
828 203090 4.912450 38.482720
840 -1 19.811530 7.091330
840 1718 7.168090 28.402540
840 2037 12.606780 9.573550
840 201599 12.929110 23.262960
840 202362 5.308870 33.866580
840 203085 24.342120 27.428590
840 201945 18.878880 6.331290
840 202329 12.720810 43.643420
840 202334 12.513400 13.079350
840 203468 34.350260 31.294340
840 203090 4.857190 38.732990
852 -1 19.756940 8.677830
852 1718 7.266630 28.610940
852 2037 13.147630 8.559200
852 201599 12.623390 22.705000
852 202362 5.032600 33.700560
852 203085 24.054860 27.306240
852 201945 18.846300 7.188240
852 202329 12.774950 42.663250
852 202334 12.227160 12.543760
852 203468 34.741460 31.434900
852 203090 4.848330 39.040580
864 -1 20.005910 9.440070
864 1718 7.433130 28.820960
864 2037 13.840040 7.646170
864 201599 12.450130 22.197780
864 202362 4.838340 33.493120
864 203085 23.718010 27.185910
864 201945 18.835920 8.132820
864 202329 12.900500 41.598880
864 202334 11.836730 12.007700
864 203468 35.117410 31.544000
864 203090 4.927430 39.489100
876 -1 19.926890 10.068340
876 1718 7.620860 29.000880
876 2037 14.497440 6.738900
876 201599 12.328200 21.836720
876 202362 4.695790 33.271830
876 203085 23.367320 27.051770
876 201945 18.867780 9.067840
876 202329 13.010200 40.616050
876 202334 11.336170 11.655340
876 203468 35.469890 31.565730
876 203090 5.030750 40.031600
888 -1 19.345790 10.682700
888 1718 7.806220 29.104950
888 2037 15.151930 5.999270
888 201599 12.187260 21.564080
888 202362 4.532720 33.125040
888 203085 23.035660 26.909910
888 201945 18.934080 9.819750
888 202329 13.171450 39.665830
888 202334 10.771810 11.622410
888 203468 35.792570 31.542750
888 203090 5.205840 40.675460
900 -1 18.930160 11.772980
900 1718 7.988120 29.124710
900 2037 15.723450 5.677500
900 201599 11.968580 21.202900
900 202362 4.424310 32.934970
900 203085 22.747950 26.757960
900 201945 19.033690 10.378120
900 202329 13.402710 38.750550
900 202334 10.192310 11.841400
900 203468 36.089270 31.471010
900 203090 5.386600 41.380000
912 -1 19.145400 11.152820
912 1718 8.153040 29.078530
912 2037 16.215870 5.647630
912 201599 11.577340 20.760030
912 202362 4.353700 32.719080
912 203085 22.479510 26.581250
912 201945 19.145790 10.744070
912 202329 13.696440 37.868670
912 202334 9.529620 12.068850
912 203468 36.387840 31.347870
912 203090 5.575550 42.196330
924 -1 19.177740 11.116590
924 1718 8.286130 29.021680
924 2037 16.594640 5.863540
924 201599 11.060970 20.301980
924 202362 4.312390 32.537310
924 203085 22.179420 26.393450
924 201945 19.234750 10.975200
924 202329 14.003830 37.041340
924 202334 8.854100 12.389800
924 203468 36.656670 31.200550
924 203090 5.749930 43.011450
936 -1 19.007910 11.407030
936 1718 8.350750 28.876170
936 2037 16.976240 6.242090
936 201599 10.492290 19.982030
936 202362 4.308510 32.354090
936 203085 21.816830 26.237940
936 201945 19.290880 11.118360
936 202329 14.253900 36.214910
936 202334 8.281680 12.736900
936 203468 36.882810 31.095950
936 203090 5.911040 43.778070
948 -1 18.293560 12.381110
948 1718 8.498230 28.838490
948 2037 17.333070 6.509500
948 201599 9.922680 19.466710
948 202362 4.322610 32.144260
948 203085 21.371730 26.111700
948 201945 19.324560 11.306340
948 202329 14.428510 35.394680
948 202334 7.844550 13.082650
948 203468 37.106360 31.015870
948 203090 6.084420 44.484950
960 -1 16.730250 13.981440
960 1718 8.692770 28.802160
960 2037 17.678700 6.689510
960 201599 9.580060 18.851230
960 202362 4.284910 31.841190
960 203085 20.868600 26.021150
960 201945 19.380920 11.486960
960 202329 14.550540 34.505380
960 202334 7.538670 13.457300
960 203468 37.364990 30.983890
960 203090 6.254550 45.085630
972 -1 15.097700 15.376800
972 1718 8.908000 28.762080
972 2037 18.007480 6.779270
972 201599 9.257340 18.515090
972 202362 4.155360 31.476480
972 203085 20.347610 25.965780
972 201945 19.487910 11.660010
972 202329 14.563450 33.561000
972 202334 7.438070 13.808080
972 203468 37.674350 30.967560
972 203090 6.415310 45.528720
984 -1 13.583470 16.979740
984 1718 9.374170 28.754620
984 2037 18.260350 6.922440
984 201599 8.960540 18.309810
984 202362 4.058850 31.081800
984 203085 19.811500 25.913350
984 201945 19.633700 11.827630
984 202329 14.263720 32.637950
984 202334 7.625520 14.106290
984 203468 38.028630 30.947030
984 203090 6.586620 45.853370
996 -1 12.046840 18.336570
996 1718 9.917720 28.858570
996 2037 18.443640 6.979320
996 201599 8.656820 17.999550
996 202362 3.963400 30.635940
996 203085 19.297840 25.833910
996 201945 19.881580 11.966650
996 202329 13.912740 31.722220
996 202334 7.954230 14.392360
996 203468 38.411700 30.880230
996 203090 6.755650 46.062340
1008 -1 10.494670 19.867560
1008 1718 10.267550 28.864850
1008 2037 18.536430 7.072830
1008 201599 8.401050 17.956090
1008 202362 3.952360 30.211520
1008 203085 18.803610 25.764210
1008 201945 20.236980 12.047620
1008 202329 13.487840 30.822050
1008 202334 8.353120 14.701600
1008 203468 38.816100 30.777650
1008 203090 6.927830 46.146200
1020 -1 8.979310 21.363610
1020 1718 10.570760 28.630640
1020 2037 18.571810 7.115880
1020 201599 8.108170 18.114580
1020 202362 3.987580 29.831670
1020 203085 18.314120 25.715570
1020 201945 20.785610 12.142960
1020 202329 13.020320 29.937560
1020 202334 8.715270 14.944180
1020 203468 39.216330 30.637840
1020 203090 7.135020 46.159980
1032 -1 7.456380 22.810600
1032 1718 10.801160 28.280070
1032 2037 18.557480 7.165200
1032 201599 8.030970 18.295280
1032 202362 4.136390 29.520730
1032 203085 17.830490 25.722290
1032 201945 21.432350 12.185630
1032 202329 12.607570 29.193140
1032 202334 9.100860 15.226090
1032 203468 39.574310 30.504460
1032 203090 7.387590 46.134390
1044 -1 5.953140 24.177380
1044 1718 10.798480 27.763450
1044 2037 18.546180 7.087060
1044 201599 8.032540 18.545580
1044 202362 4.263550 29.235030
1044 203085 17.382920 25.807510
1044 201945 22.260190 12.172230
1044 202329 12.467240 28.236270
1044 202334 9.491930 15.701530
1044 203468 39.934020 30.436680
1044 203090 7.668390 46.088310
1056 -1 5.003440 25.175610
1056 1718 10.762790 27.159240
1056 2037 18.539660 7.007820
1056 201599 8.159080 18.968750
1056 202362 4.379310 29.008010
1056 203085 16.950140 25.971610
1056 201945 23.174060 12.162470
1056 202329 12.377600 27.349060
1056 202334 9.939390 16.319280
1056 203468 40.340720 30.419530
1056 203090 7.998130 46.036430
1068 -1 4.237690 26.022930
1068 1718 10.841710 26.509800
1068 2037 18.545390 6.968590
1068 201599 8.315620 19.471750
1068 202362 4.429960 28.828940
1068 203085 16.526040 26.186970
1068 201945 24.177130 12.216200
1068 202329 12.400990 26.508950
1068 202334 10.341270 16.821250
1068 203468 40.760280 30.430190
1068 203090 8.392370 46.024050
1080 -1 3.823570 26.601700
1080 1718 10.923310 25.986250
1080 2037 18.552680 6.976740
1080 201599 8.411400 19.855420
1080 202362 4.457220 28.690610
1080 203085 16.114090 26.433490
1080 201945 25.231530 12.213980
1080 202329 12.508410 25.806850
1080 202334 10.788480 17.345820
1080 203468 41.197340 30.447420
1080 203090 8.829410 46.008360
1092 -1 3.560400 27.061620
1092 1718 11.086860 25.608090
1092 2037 18.648700 6.946590
1092 201599 8.426080 20.154830
1092 202362 4.508730 28.677270
1092 203085 15.753000 26.670170
1092 201945 26.376150 12.186250
1092 202329 12.767000 25.048950
1092 202334 11.285250 17.818020
1092 203468 41.675570 30.470400
1092 203090 9.328780 45.986770
1104 -1 3.212030 27.582140
1104 1718 11.257760 25.458780
1104 2037 18.852520 6.878130
1104 201599 8.371670 20.383750
1104 202362 4.623460 28.764290
1104 203085 15.365180 26.950300
1104 201945 27.537560 12.140570
1104 202329 13.142680 24.568550
1104 202334 11.728100 18.074000
1104 203468 42.158500 30.450140
1104 203090 9.912970 45.941430
1116 -1 2.984890 27.937630
1116 1718 11.511960 25.402710
1116 2037 19.125150 6.815280
1116 201599 8.231050 20.487110
1116 202362 4.846260 28.928710
1116 203085 14.979090 27.261360
1116 201945 28.762880 12.074490
1116 202329 13.617680 24.171810
1116 202334 12.193740 18.146960
1116 203468 42.620050 30.407770
1116 203090 10.549400 45.854810
1128 -1 3.057200 27.953260
1128 1718 11.847490 25.299490
1128 2037 19.447300 6.751300
1128 201599 8.040630 20.564160
1128 202362 5.117560 29.157510
1128 203085 14.652860 27.595430
1128 201945 30.039990 11.976370
1128 202329 13.911360 24.027700
1128 202334 12.772060 18.266100
1128 203468 43.082350 30.349480
1128 203090 11.236610 45.681650
1140 -1 3.203830 27.959260
1140 1718 12.205070 25.277220
1140 2037 19.817780 6.666450
1140 201599 7.939190 21.002680
1140 202362 5.494620 29.545660
1140 203085 14.369260 27.982530
1140 201945 31.288630 11.911430
1140 202329 13.923280 24.326000
1140 202334 13.429200 18.419880
1140 203468 43.526440 30.289690
1140 203090 11.977140 45.564520
1152 -1 3.410410 27.962130
1152 1718 12.588340 25.292090
1152 2037 20.161850 6.616990
1152 201599 7.733740 21.264290
1152 202362 5.907390 29.936520
1152 203085 14.062300 28.379970
1152 201945 32.553480 11.940030
1152 202329 13.781630 25.010910
1152 202334 14.156370 18.539390
1152 203468 43.959710 30.222000
1152 203090 12.778840 45.416330
1164 -1 3.662560 27.968370
1164 1718 13.108030 25.295250
1164 2037 20.467430 6.580120
1164 201599 7.480900 21.464000
1164 202362 6.390590 30.384470
1164 203085 13.691490 28.633380
1164 201945 33.823620 12.047690
1164 202329 13.476390 26.040680
1164 202334 14.921930 18.629540
1164 203468 44.371510 30.125490
1164 203090 13.616400 45.263290
1176 -1 3.945910 27.984500
1176 1718 13.693090 25.280970
1176 2037 20.771980 6.505300
1176 201599 7.190280 21.751780
1176 202362 6.945040 30.925060
1176 203085 13.298690 28.804550
1176 201945 35.078400 12.166550
1176 202329 12.967980 27.089770
1176 202334 15.637500 18.752740
1176 203468 44.794830 30.071190
1176 203090 14.539330 45.157900
1188 -1 4.338430 27.924720
1188 1718 14.290290 25.377640
1188 2037 21.109520 6.370250
1188 201599 6.821570 21.964430
1188 202362 7.542790 31.425150
1188 203085 12.863560 28.960400
1188 201945 36.321170 12.274810
1188 202329 12.543750 28.072730
1188 202334 16.315860 18.827360
1188 203468 45.238660 30.055120
1188 203090 15.533840 45.132010