0 -1 35.930620 36.697340
0 202344 6.448700 26.139620
0 202692 49.511520 33.332480
0 204060 43.615530 20.424280
0 203504 14.160800 6.962360
0 203497 25.264010 30.111350
0 202334 23.746040 23.408240
0 203468 27.108230 6.450970
0 203459 35.703960 36.750040
0 203090 32.624260 24.127100
0 203943 18.997930 26.042330
12 -1 38.521710 37.687240
12 202344 7.321080 25.772220
12 202692 51.058950 33.794050
12 204060 45.695170 21.031780
12 203504 16.190740 7.528820
12 203497 27.357010 29.836060
12 202334 25.988740 23.084920
12 203468 29.331280 6.432170
12 203459 37.852170 37.568540
12 203090 34.916290 24.151870
12 203943 20.723530 26.534650
24 -1 41.085940 37.453530
24 202344 8.330170 25.397120
24 202692 52.641410 34.259720
24 204060 47.720900 21.633560
24 203504 18.240720 8.129020
24 203497 29.507310 29.463400
24 202334 28.131780 22.771200
24 203468 31.605340 6.392930
24 203459 40.075410 38.356860
24 203090 37.209790 24.077150
24 203943 22.532360 26.921360
36 -1 43.857010 37.907600
36 202344 9.495250 25.051540
36 202692 54.239760 34.747100
36 204060 49.763430 22.226610
36 203504 20.400020 8.721020
36 203497 31.824800 28.993260
36 202334 30.400300 22.543510
36 203468 33.876510 6.366410
36 203459 42.352640 39.024640
36 203090 39.566200 23.889340
36 203943 24.450050 27.242860
48 -1 45.178240 37.958800
48 202344 10.786980 24.817570
48 202692 55.840440 35.253090
48 204060 51.795540 22.754350
48 203504 22.596950 9.257430
48 203497 34.126630 28.594590
48 202334 32.730220 22.333900
48 203468 36.141140 6.346090
48 203459 44.642140 39.579580
48 203090 41.893020 23.536770
48 203943 26.410710 27.492580
60 -1 47.067440 38.155580
60 202344 12.162800 24.758420
60 202692 57.468780 35.757880
60 204060 53.897010 23.178090
60 203504 24.792600 9.742810
60 203497 36.476350 28.218700
60 202334 35.146400 22.219630
60 203468 38.402350 6.345160
60 203459 46.952890 40.101910
60 203090 44.278280 23.062240
60 203943 28.468440 27.746880
72 -1 49.408850 38.481130
72 202344 13.630510 24.822120
72 202692 59.179060 36.125420
72 204060 55.933520 23.586640
72 203504 27.010470 10.193850
72 203497 38.843660 27.859210
72 202334 37.499670 22.147040
72 203468 40.637140 6.336230
72 203459 49.278650 40.508230
72 203090 46.662550 22.484840
72 203943 30.562890 27.968350
84 -1 52.648460 38.989240
84 202344 15.188380 24.907500
84 202692 60.850000 36.384560
84 204060 57.999310 23.922350
84 203504 29.367430 10.571290
84 203497 41.312590 27.446300
84 202334 39.869440 22.123190
84 203468 42.887030 6.340840
84 203459 51.600110 40.819790
84 203090 49.068290 21.833780
84 203943 32.757920 28.157470
96 -1 55.592110 39.700080
96 202344 16.830820 25.005030
96 202692 62.518770 36.588280
96 204060 60.080650 24.179180
96 203504 31.686230 10.928580
96 203497 43.740190 27.053370
96 202334 42.220420 22.112810
96 203468 45.137700 6.331040
96 203459 53.909080 41.050090
96 203090 51.478450 21.084980
96 203943 34.923920 28.428870
108 -1 57.394620 40.458250
108 202344 18.617140 24.983330
108 202692 64.169070 36.702620
108 204060 62.096660 24.361550
108 203504 34.105660 11.228810
108 203497 46.177310 26.706450
108 202334 44.506580 22.108670
108 203468 47.357950 6.314760
108 203459 56.102270 41.236220
108 203090 53.901920 20.316830
108 203943 37.118820 28.584660
120 -1 59.169300 40.960080
120 202344 20.448460 24.929370
120 202692 65.786340 36.803520
120 204060 63.943480 24.449960
120 203504 36.523340 11.521840
120 203497 48.616080 26.429300
120 202334 46.723600 22.048100
120 203468 49.616740 6.184870
120 203459 58.207030 41.286580
120 203090 56.336430 19.576690
120 203943 39.308740 28.658360
132 -1 60.962180 41.171900
132 202344 22.372820 24.766870
132 202692 67.366880 36.926080
132 204060 65.823170 24.466680
132 203504 38.952570 11.801740
132 203497 51.039240 26.162180
132 202334 48.938310 22.018240
132 203468 51.847670 6.046400
132 203459 60.139160 41.226010
132 203090 58.728470 19.050080
132 203943 41.528900 28.712490
144 -1 62.908840 41.025540
144 202344 24.395680 24.594150
144 202692 68.718800 36.830930
144 204060 67.696960 24.429500
144 203504 41.290630 12.050900
144 203497 53.362860 25.977600
144 202334 51.080500 22.080070
144 203468 53.947890 5.891490
144 203459 61.752360 40.957080
144 203090 61.119460 18.440490
144 203943 43.739180 28.758490
156 -1 63.991190 39.517240
156 202344 26.478850 24.386630
156 202692 69.998810 36.753630
156 204060 69.559000 24.316210
156 203504 43.622570 12.281140
156 203497 55.710170 25.917300
156 202334 53.165020 22.134740
156 203468 56.038360 5.799370
156 203459 63.039040 40.482240
156 203090 63.455350 17.919440
156 203943 45.951500 28.769440
168 -1 64.302820 39.017970
168 202344 28.559140 24.272790
168 202692 71.143080 36.683860
168 204060 71.369840 24.129150
168 203504 45.903330 12.512460
168 203497 57.965810 25.899690
168 202334 55.236350 22.190240
168 203468 58.101160 5.683080
168 203459 64.095740 39.772140
168 203090 65.753520 17.472350
168 203943 48.115860 28.727120
180 -1 64.330900 39.609090
180 202344 30.675180 24.196980
180 202692 72.074080 36.328470
180 204060 73.216910 23.903320
180 203504 48.180810 12.700340
180 203497 60.134550 25.745120
180 202334 57.234890 22.269400
180 203468 59.991910 5.662550
180 203459 64.798230 38.852210
180 203090 68.005810 17.122570
180 203943 50.239100 28.667650
192 -1 65.408250 37.485560
192 202344 32.835850 24.159880
192 202692 72.814580 35.897910
192 204060 74.922520 23.556570
192 203504 50.429310 12.818390
192 203497 62.237210 25.493730
192 202334 59.128700 22.321080
192 203468 61.803450 5.635510
192 203459 65.278950 37.693860
192 203090 70.263230 16.687310
192 203943 52.277840 28.630090
204 -1 66.201550 36.181310
204 202344 34.980130 24.140910
204 202692 73.512720 35.483100
204 204060 76.480120 23.119800
204 203504 52.666240 12.885350
204 203497 64.301570 25.316500
204 202334 61.013820 22.359070
204 203468 63.598520 5.554380
204 203459 65.601620 36.391790
204 203090 72.445860 16.425570
204 203943 54.227870 28.637940
216 -1 64.943990 34.137680
216 202344 37.158030 24.127450
216 202692 73.995190 34.867200
216 204060 77.777190 22.446850
216 203504 54.868780 12.895510
216 203497 66.161150 25.089330
216 202334 62.818080 22.400480
216 203468 65.246430 5.404010
216 203459 65.841000 35.078910
216 203090 74.569870 16.185170
216 203943 56.116590 28.660620
228 -1 64.669990 32.784180
228 202344 39.396930 24.112510
228 202692 74.299510 34.017690
228 204060 79.005410 21.783170
228 203504 57.040990 12.823220
228 203497 67.967210 25.017410
228 202334 64.497820 22.421770
228 203468 66.752750 5.203390
228 203459 65.960880 33.757780
228 203090 76.659370 15.890550
228 203943 57.947550 28.791720
240 -1 65.981950 30.167290
240 202344 41.569790 24.138640
240 202692 74.467970 33.166560
240 204060 80.160000 21.172980
240 203504 59.221940 12.687870
240 203497 69.709770 24.926720
240 202334 66.090580 22.427650
240 203468 68.237550 4.942950
240 203459 66.022560 32.360610
240 203090 78.655510 15.455420
240 203943 59.685320 28.935620
252 -1 67.736510 25.422010
252 202344 43.727110 24.203360
252 202692 74.611510 32.154340
252 204060 81.151110 20.595770
252 203504 61.309130 12.493410
252 203497 71.307530 25.147650
252 202334 67.649490 22.456050
252 203468 69.709450 4.621290
252 203459 66.079850 30.957290
252 203090 80.530080 14.865110
252 203943 61.265250 29.149140
264 -1 69.463670 20.641680
264 202344 45.915590 24.285580
264 202692 74.887570 31.168040
264 204060 82.171890 20.044470
264 203504 63.319090 12.196140
264 203497 72.862400 25.319360
264 202334 69.129320 22.472510
264 203468 71.026260 4.278710
264 203459 66.065970 29.579470
264 203090 82.346830 14.138780
264 203943 62.734220 29.361810
276 -1 71.247610 16.170610
276 202344 48.063330 24.404260
276 202692 75.032700 30.128640
276 204060 83.188730 19.623070
276 203504 65.303950 11.768780
276 203497 74.458280 25.487840
276 202334 70.592990 22.459800
276 203468 72.270930 3.934910
276 203459 65.910400 28.181720
276 203090 84.027900 13.223370
276 203943 64.191570 29.741820
288 -1 72.935980 11.245860
288 202344 50.228180 24.530250
288 202692 74.968350 29.163020
288 204060 84.129860 19.090070
288 203504 67.188500 11.239380
288 203497 76.094120 25.517760
288 202334 72.020770 22.436020
288 203468 73.430650 3.701410
288 203459 65.719570 26.753390
288 203090 85.563740 12.215680
288 203943 65.522890 30.031960
300 -1 74.572440 6.498690
300 202344 52.407910 24.681110
300 202692 74.969210 28.314950
300 204060 84.947440 18.397840
300 203504 68.854340 10.597300
300 203497 77.605740 25.767270
300 202334 73.326060 22.412740
300 203468 74.494020 3.534390
300 203459 65.532340 25.479880
300 203090 86.864670 11.123480
300 203943 66.840250 30.320820
312 -1 75.965530 4.273580
312 202344 54.524750 24.863050
312 202692 74.782360 27.470160
312 204060 85.760640 17.655800
312 203504 70.456350 9.904300
312 203497 78.999700 25.827580
312 202334 74.504650 22.364060
312 203468 75.358260 3.584330
312 203459 65.283960 24.359640
312 203090 87.959780 9.989040
312 203943 68.202950 30.554260
324 -1 77.376560 4.040080
324 202344 56.641990 25.089040
324 202692 74.378560 26.605970
324 204060 86.426270 16.832060
324 203504 72.068330 9.218510
324 203497 80.234330 25.981590
324 202334 75.589820 22.421480
324 203468 76.220650 3.918040
324 203459 65.061900 23.324620
324 203090 88.780130 8.836850
324 203943 69.642620 30.754560
336 -1 78.726630 4.176820
336 202344 58.743510 25.338030
336 202692 74.040390 25.795290
336 204060 86.936630 16.060160
336 203504 73.555990 8.698440
336 203497 81.326780 26.105180
336 202334 76.498840 22.475660
336 203468 77.044030 4.463180
336 203459 64.863630 22.387470
336 203090 89.355750 7.739940
336 203943 70.919880 30.740920
348 -1 79.379550 4.506250
348 202344 60.789980 25.613410
348 202692 73.834920 24.916960
348 204060 87.401630 15.366060
348 203504 74.947930 8.369900
348 203497 82.203780 26.108920
348 202334 77.426900 22.536710
348 203468 77.829350 5.279230
348 203459 64.603710 21.654740
348 203090 89.666260 6.670490
348 203943 72.271870 30.791690
360 -1 80.159380 5.664270
360 202344 62.880770 25.888030
360 202692 73.722530 24.057620
360 204060 87.699730 14.817530
360 203504 76.189390 8.365560
360 203497 82.948270 25.994590
360 202334 78.157530 22.579330
360 203468 78.435700 6.329740
360 203459 64.212780 21.039310
360 203090 89.823500 5.752990
360 203943 73.610130 30.812960
372 -1 80.594800 7.765980
372 202344 64.965730 26.167420
372 202692 73.612710 23.258790
372 204060 87.816500 14.420390
372 203504 77.291390 8.527820
372 203497 83.692840 25.683840
372 202334 78.745610 22.717260
372 203468 79.011910 7.627250
372 203459 63.782510 20.508570
372 203090 89.840720 4.986410
372 203943 74.907900 30.814280
384 -1 81.115680 9.690300
384 202344 66.994750 26.447870
384 202692 73.452360 22.529160
384 204060 87.736300 14.142810
384 203504 78.069040 9.045230
384 203497 84.250860 25.015530
384 202334 79.163060 22.883110
384 203468 79.515860 9.002090
384 203459 63.409000 20.092910
384 203090 89.764180 4.328240
384 203943 76.141680 30.787210
396 -1 81.427440 10.403460
396 202344 69.025270 26.736850
396 202692 73.261860 21.904750
396 204060 87.606110 13.871620
396 203504 78.699310 9.650180
396 203497 84.703220 24.273330
396 202334 79.445130 23.192880
396 203468 79.741720 10.371570
396 203459 63.109690 19.824610
396 203090 89.601080 3.760630
396 203943 77.431160 30.849100
408 -1 81.602400 12.220540
408 202344 71.047230 27.002160
408 202692 73.053240 21.435670
408 204060 87.410310 13.684790
408 203504 79.190720 10.312370
408 203497 84.992390 23.571180
408 202334 79.425230 23.565480
408 203468 79.948010 11.596440
408 203459 62.918350 19.737000
408 203090 89.409240 3.321700
408 203943 78.570300 30.870010
420 -1 80.909240 14.320990
420 202344 73.054580 27.255360
420 202692 72.689640 21.053830
420 204060 87.297120 13.365660
420 203504 79.723140 10.959460
420 203497 85.244900 22.949670
420 202334 79.390040 24.015330
420 203468 80.211480 12.744360
420 203459 62.845510 19.906480
420 203090 89.188070 2.922210
420 203943 79.674140 30.967050
432 -1 80.294500 14.656800
432 202344 74.978590 27.529180
432 202692 72.345900 20.824210
432 204060 87.231330 12.917010
432 203504 80.173340 11.631780
432 203497 85.539990 22.553730
432 202334 79.227260 24.464000
432 203468 80.484530 13.741030
432 203459 62.833050 20.314310
432 203090 88.939870 2.572100
432 203943 80.810690 31.216770
444 -1 80.631010 15.391700
444 202344 76.848970 27.788880
444 202692 72.142020 20.755590
444 204060 87.230290 12.455310
444 203504 80.631320 12.086950
444 203497 85.879160 22.397740
444 202334 78.978820 24.699750
444 203468 80.640500 14.505920
444 203459 62.850020 21.010040
444 203090 88.691590 2.282500
444 203943 81.845310 31.614310
456 -1 81.941680 15.264990
456 202344 78.620080 28.007110
456 202692 72.051750 20.840520
456 204060 87.213560 12.027140
456 203504 80.937330 12.384900
456 203497 86.073250 22.229100
456 202334 78.839060 24.882550
456 203468 80.956560 15.192980
456 203459 62.935350 21.910150
456 203090 88.454520 2.045490
456 203943 82.707560 32.046820
468 -1 82.617470 15.765010
468 202344 80.228580 28.155160
468 202692 72.063990 21.071290
468 204060 87.137880 11.561690
468 203504 81.049430 12.628070
468 203497 86.202070 22.041650
468 202334 78.867400 25.069080
468 203468 81.249890 15.802350
468 203459 62.994460 22.973250
468 203090 88.143540 1.824310
468 203943 83.488830 32.514450
480 -1 82.675320 16.304810
480 202344 81.659200 28.364770
480 202692 72.120130 21.383470
480 204060 87.040540 11.283960
480 203504 81.038660 12.764840
480 203497 86.311210 21.796490
480 202334 78.996390 25.325270
480 203468 81.551420 16.333400
480 203459 63.023240 24.024890
480 203090 87.798630 1.666710
480 203943 84.146050 32.939510
492 -1 83.203580 16.623370
492 202344 82.978910 28.580930
492 202692 72.172790 21.771270
492 204060 86.958970 11.049760
492 203504 80.958450 12.831610
492 203497 86.337980 21.510900
492 202334 79.338700 25.485490
492 203468 81.824800 16.811480
492 203459 62.922540 25.070570
492 203090 87.395130 1.562190
492 203943 84.591100 33.150450
504 -1 83.958580 17.599590
504 202344 84.162690 28.854420
504 202692 72.195970 22.178180
504 204060 86.826960 10.818990
504 203504 80.831750 12.831530
504 203497 86.342650 21.216710
504 202334 79.871830 25.834280
504 203468 82.216370 17.485250
504 203459 62.660380 26.039980
504 203090 86.843920 1.501330
504 203943 85.021360 33.245830
516 -1 84.399690 20.126390
516 202344 85.230000 29.112150
516 202692 72.195440 22.598880
516 204060 86.567150 10.553070
516 203504 80.723000 12.891200
516 203497 86.438950 21.055020
516 202334 80.468610 26.294110
516 203468 82.675220 18.075330
516 203459 62.189520 26.892390
516 203090 86.296500 1.509090
516 203943 85.455870 33.142520
528 -1 85.256700 21.224950
528 202344 85.923620 29.420570
528 202692 72.175280 23.063000
528 204060 86.219170 10.309980
528 203504 80.678760 12.959370
528 203497 86.525580 21.007420
528 202334 81.131970 26.759370
528 203468 83.052280 18.687170
528 203459 61.590870 27.570200
528 203090 85.744540 1.551540
528 203943 85.809410 32.840980
540 -1 86.050910 22.163430
540 202344 86.329450 29.578150
540 202692 72.134580 23.599020
540 204060 85.734750 10.022540
540 203504 80.593260 13.037620
540 203497 86.694700 21.051190
540 202334 82.021340 27.038010
540 203468 83.418360 19.267300
540 203459 60.882410 28.112190
540 203090 85.172740 1.643590
540 203943 86.092650 32.277450
552 -1 86.857290 23.179460
552 202344 86.574520 29.712200
552 202692 72.101120 24.159420
552 204060 85.148650 9.810650
552 203504 80.494730 13.137010
552 203497 86.731900 21.268860
552 202334 83.250880 27.165910
552 203468 83.762390 19.753920
552 203459 60.169470 28.552150
552 203090 84.602220 1.749830
552 203943 86.325470 31.626570
564 -1 87.711550 23.897650
564 202344 86.615530 29.623110
564 202692 72.047280 24.765770
564 204060 84.529000 9.660750
564 203504 80.399960 13.299930
564 203497 86.969710 21.708870
564 202334 84.540180 26.781120
564 203468 83.938290 20.153830
564 203459 59.394150 28.919910
564 203090 84.058070 1.869580
564 203943 86.422990 30.842120
576 -1 88.430520 25.025570
576 202344 86.364790 29.448610
576 202692 71.966280 25.396160
576 204060 83.989420 9.675220
576 203504 80.371200 13.499370
576 203497 87.244040 22.154470
576 202334 85.586180 26.084610
576 203468 83.960820 20.503200
576 203459 58.620670 29.265510
576 203090 83.419060 1.992590
576 203943 86.355520 30.086520
588 -1 88.446060 25.126670
588 202344 86.245170 29.222130
588 202692 71.868110 26.045690
588 204060 83.358560 9.661240
588 203504 80.404730 13.666940
588 203497 87.360640 22.749760
588 202334 86.447410 25.366400
588 203468 83.923590 20.779000
588 203459 57.861500 29.536730
588 203090 82.692480 2.119960
588 203943 86.276100 29.442870
600 -1 88.490490 25.196150
600 202344 86.251300 29.048430
600 202692 71.764360 26.701460
600 204060 82.660660 9.623500
600 203504 80.516100 13.770400
600 203497 87.383580 23.243980
600 202334 87.036930 24.656130
600 203468 83.680270 21.059910
600 203459 57.087690 29.801460
600 203090 81.877950 2.112390
600 203943 86.251300 29.048430
612 -1 88.560550 25.239950
612 202344 86.377110 28.724640
612 202692 71.654970 27.372200
612 204060 81.899320 9.592290
612 203504 80.644110 13.854190
612 203497 87.512670 23.748190
612 202334 87.226020 24.226940
612 203468 83.210980 21.222820
612 203459 56.216960 30.056420
612 203090 80.969300 2.134450
612 203943 86.130760 28.762490
624 -1 88.652990 25.263990
624 202344 86.677110 28.268250
624 202692 71.537450 28.063990
624 204060 81.022650 9.553590
624 203504 80.693080 13.900400
624 203497 87.538310 23.846890
624 202334 87.260130 24.263770
624 203468 82.525880 21.184030
624 203459 55.321430 30.306040
624 203090 79.981280 2.358170
624 203943 86.034070 28.591860
636 -1 88.764530 25.274200
636 202344 87.020800 28.006060
636 202692 71.400330 28.778350
636 204060 79.928900 9.405690
636 203504 80.714350 13.898320
636 203497 87.563280 23.799360
636 202334 87.476010 24.470450
636 203468 81.675310 21.175020
636 203459 54.426900 30.564610
636 203090 78.889800 2.579700
636 203943 85.759320 28.419350
648 -1 88.891920 25.276510
648 202344 87.512950 27.677880
648 202692 71.256010 29.503690
648 204060 78.745780 9.314990
648 203504 80.710440 13.875850
648 203497 87.849340 23.705720
648 202334 87.573250 24.736280
648 203468 80.665790 21.111390
648 203459 53.484190 30.853120
648 203090 77.764010 2.811620
648 203943 85.460690 28.312090
660 -1 89.088830 25.151750
660 202344 87.823880 27.294840
660 202692 71.107750 30.255540
660 204060 77.633420 9.250800
660 203504 80.677570 13.876860
660 203497 88.087880 23.690560
660 202334 87.660740 25.226950
660 203468 79.548200 20.991090
660 203459 52.503450 31.108040
660 203090 76.545650 3.193710
660 203943 84.844340 28.148530
672 -1 89.309000 25.108750
672 202344 88.060960 27.109430
672 202692 70.891820 30.987990
672 204060 76.535210 9.178530
672 203504 80.628160 13.871900
672 203497 88.241950 23.385120
672 202334 87.627270 25.512840
672 203468 78.328450 20.877140
672 203459 51.510280 31.372160
672 203090 75.275200 3.530180
672 203943 84.002770 27.978120
684 -1 89.509890 25.205810
684 202344 88.141210 27.258910
684 202692 70.632060 31.736610
684 204060 75.113790 9.078830
684 203504 80.647930 13.853270
684 203497 88.326410 23.215830
684 202334 87.590060 25.705730
684 203468 77.109170 20.773340
684 203459 50.493430 31.676090
684 203090 73.908250 3.731600
684 203943 82.847320 27.535910
696 -1 89.697170 25.375370
696 202344 88.367590 27.261080
696 202692 70.315190 32.491960
696 204060 73.739900 9.001210
696 203504 80.664820 13.800260
696 203497 88.490990 23.111190
696 202334 87.501830 25.914460
696 203468 75.782410 20.637230
696 203459 49.380550 31.994280
696 203090 72.508910 3.945450
696 203943 81.682130 27.180480
708 -1 89.876790 25.607210
708 202344 88.579660 27.362270
708 202692 69.927430 33.233760
708 204060 72.321300 8.909330
708 203504 80.696560 13.720020
708 203497 88.818680 22.723330
708 202334 87.607130 26.064370
708 203468 74.348090 20.461950
708 203459 48.177290 32.320440
708 203090 71.021690 4.204200
708 203943 80.235740 26.779470
720 -1 90.054710 25.891100
720 202344 88.993360 27.518170
720 202692 69.452500 33.956500
720 204060 70.655470 8.813220
720 203504 80.759580 13.640060
720 203497 89.299780 22.315910
720 202334 87.803380 25.955910
720 203468 72.847500 20.286630
720 203459 46.921410 32.686020
720 203090 69.527900 4.434790
720 203943 78.724920 26.367740
732 -1 90.236860 26.216840
732 202344 89.432970 27.589120
732 202692 68.969930 34.720340
732 204060 68.828090 8.685350
732 203504 80.874790 13.547420
732 203497 89.887330 22.057880
732 202334 88.129950 25.895100
732 203468 71.319590 20.142990
732 203459 45.628530 33.014630
732 203090 67.920520 4.682650
732 203943 77.166810 25.961430
744 -1 90.429210 26.574210
744 202344 90.027680 27.625120
744 202692 68.465310 35.485960
744 204060 67.120280 8.519560
744 203504 81.024710 13.445490
744 203497 90.502300 21.861930
744 202334 88.449730 25.743300
744 203468 69.777000 20.007610
744 203459 44.316640 33.280130
744 203090 66.245460 4.873280
744 203943 75.575100 25.792070
756 -1 90.637690 26.952980
756 202344 90.634570 27.715140
756 202692 67.971610 36.261300
756 204060 65.231910 8.321260
756 203504 81.191760 13.357680
756 203497 91.088240 21.672470
756 202334 88.737510 25.367070
756 203468 68.238370 19.879110
756 203459 42.979610 33.520340
756 203090 64.510970 5.052570
756 203943 73.953860 25.572440
768 -1 90.868250 27.342950
768 202344 91.202940 27.796570
768 202692 67.452110 36.987160
768 204060 63.321510 8.114200
768 203504 81.344140 13.292410
768 203497 91.605990 21.670910
768 202334 88.916040 24.891560
768 203468 66.673340 19.752820
768 203459 41.651060 33.757170
768 203090 62.723250 5.205240
768 203943 72.296970 25.346120
780 -1 91.126850 27.733890
780 202344 91.728410 27.908800
780 202692 66.911890 37.702090
780 204060 61.551000 7.946480
780 203504 81.476180 13.242440
780 203497 92.088280 21.625590
780 202334 88.899600 24.372170
780 203468 65.121460 19.624490
780 203459 40.344720 33.948530
780 203090 60.872700 5.332840
780 203943 70.586100 25.148610
792 -1 91.419430 28.115580
792 202344 92.205650 28.046410
792 202692 66.356800 38.409110
792 204060 59.608170 7.753090
792 203504 81.621440 13.264710
792 203497 92.531390 21.568010
792 202334 88.646210 23.809990
792 203468 63.560040 19.501920
792 203459 39.082300 34.085230
792 203090 59.024790 5.461180
792 203943 68.907410 24.976140