0 -1 9.053130 21.581610
0 202344 18.305260 21.312260
0 202407 6.158510 17.163950
0 202324 8.066330 21.993680
0 204060 14.454910 35.564010
0 203504 53.350280 30.701000
0 202334 19.532260 25.957210
0 203468 43.925300 16.104120
0 203459 25.643480 11.266370
0 203090 42.324750 39.805730
0 203943 8.576540 13.822510
12 -1 8.827720 21.751080
12 202344 20.322780 21.386600
12 202407 7.005270 16.676160
12 202324 7.903970 21.824360
12 204060 15.020930 36.212900
12 203504 54.485660 31.869460
12 202334 21.291070 25.790670
12 203468 45.563670 16.884910
12 203459 27.535430 11.660260
12 203090 43.599720 39.470750
12 203943 9.996940 13.429240
24 -1 8.944180 22.721240
24 202344 22.310570 21.453080
24 202407 8.011450 16.103190
24 202324 7.925020 21.811940
24 204060 15.698750 36.889970
24 203504 55.613040 33.029850
24 202334 23.132480 25.664690
24 203468 47.217490 17.728530
24 203459 29.479840 12.091020
24 203090 44.924100 39.156960
24 203943 11.638990 13.217520
36 -1 11.098620 25.536870
36 202344 24.432360 21.429950
36 202407 9.039140 15.604720
36 202324 7.970660 21.875800
36 204060 16.524400 37.544160
36 203504 56.775600 34.249830
36 202334 24.915220 25.539150
36 203468 48.870790 18.626940
36 203459 31.457280 12.547830
36 203090 46.280460 38.860000
36 203943 13.408510 13.104570
48 -1 13.625270 28.782430
48 202344 26.636540 21.400390
48 202407 10.204060 15.046900
48 202324 8.163180 22.143210
48 204060 17.414460 38.208750
48 203504 57.895010 35.463420
48 202334 27.215150 25.468970
48 203468 50.573810 19.611580
48 203459 33.434610 13.015260
48 203090 47.662420 38.677950
48 203943 15.303540 13.150240
60 -1 16.197130 31.770620
60 202344 28.753760 21.306280
60 202407 11.449740 14.454560
60 202324 8.422720 22.387960
60 204060 18.402920 38.868620
60 203504 58.984100 36.727620
60 202334 29.439620 25.375980
60 203468 52.265130 20.646410
60 203459 35.452450 13.487390
60 203090 49.062430 38.538230
60 203943 17.353580 13.295230
72 -1 18.550430 34.913000
72 202344 30.882000 21.211300
72 202407 12.766270 13.883330
72 202324 8.876100 22.630500
72 204060 19.526220 39.434100
72 203504 60.097040 37.969830
72 202334 31.720340 25.327840
72 203468 53.921650 21.741900
72 203459 37.456100 13.986980
72 203090 50.429680 38.435140
72 203943 19.233930 13.561440
84 -1 20.921160 37.988960
84 202344 33.110990 21.153400
84 202407 14.150120 13.355900
84 202324 9.529520 22.794430
84 204060 20.774300 39.952390
84 203504 61.216500 39.176690
84 202334 34.051890 25.223680
84 203468 55.643700 22.837320
84 203459 39.428200 14.538410
84 203090 51.789960 38.346510
84 203943 21.244870 13.867050
96 -1 22.636370 38.908940
96 202344 35.368730 21.123780
96 202407 15.688350 12.784880
96 202324 10.284210 23.133700
96 204060 22.133480 40.533550
96 203504 62.336780 40.316730
96 202334 36.542930 25.107590
96 203468 57.333520 23.928520
96 203459 41.426810 15.118280
96 203090 53.161190 38.295360
96 203943 23.264610 14.306930
108 -1 24.394670 40.507840
108 202344 37.569220 21.062830
108 202407 17.296370 12.300170
108 202324 11.091300 23.520710
108 204060 23.524730 40.983040
108 203504 63.470580 41.409090
108 202334 38.865170 25.045910
108 203468 58.961930 25.033490
108 203459 43.449400 15.684400
108 203090 54.513240 38.249050
108 203943 25.331150 14.856080
120 -1 26.311310 41.959380
120 202344 39.773350 21.053150
120 202407 18.950530 11.878270
120 202324 12.048140 24.075590
120 204060 25.020670 41.385040
120 203504 64.592010 42.381370
120 202334 41.211020 24.974260
120 203468 60.600860 26.158290
120 203459 45.481200 16.172760
120 203090 55.847420 38.225570
120 203943 27.409880 15.472970
132 -1 28.367780 42.977990
132 202344 41.943840 21.059810
132 202407 20.678750 11.477240
132 202324 13.113900 24.721560
132 204060 26.642180 41.860730
132 203504 65.702110 43.270250
132 202334 43.540710 24.905460
132 203468 62.199660 27.315220
132 203459 47.519620 16.623490
132 203090 57.174550 38.199580
132 203943 29.533700 16.090670
144 -1 30.990950 43.143390
144 202344 44.073570 21.136800
144 202407 22.369480 11.132900
144 202324 14.244300 25.411790
144 204060 28.299750 42.384510
144 203504 66.821820 44.110550
144 202334 45.874870 24.891850
144 203468 63.695710 28.535620
144 203459 49.438140 16.971360
144 203090 58.455750 38.185430
144 203943 31.598840 16.709820
156 -1 33.431350 42.927990
156 202344 46.138960 21.337400
156 202407 24.074110 10.812200
156 202324 15.536360 25.979180
156 204060 30.001400 42.785250
156 203504 67.974870 44.843100
156 202334 48.188800 24.915740
156 203468 65.193020 29.792070
156 203459 51.265820 17.218670
156 203090 59.646130 38.204140
156 203943 33.683140 17.275120
168 -1 34.767840 42.843840
168 202344 48.162900 21.659350
168 202407 25.771620 10.503110
168 202324 16.946190 26.435500
168 204060 31.789280 43.252130
168 203504 69.160770 45.506140
168 202334 50.479530 24.902530
168 203468 66.675370 31.057680
168 203459 53.027080 17.447460
168 203090 60.763910 38.200820
168 203943 35.772790 17.788990
180 -1 35.789420 42.673260
180 202344 50.119250 22.065770
180 202407 27.473210 10.221450
180 202324 18.450560 26.790690
180 204060 33.603750 43.694960
180 203504 70.360670 46.093830
180 202334 52.703320 24.921480
180 203468 68.089820 32.295110
180 203459 54.636320 17.726490
180 203090 61.836780 38.155020
180 203943 37.843060 18.285900
192 -1 37.170410 42.736680
192 202344 52.055770 22.554420
192 202407 29.146030 9.954910
192 202324 19.964610 27.106030
192 204060 35.383500 44.117540
192 203504 71.556830 46.570270
192 202334 54.877830 24.884290
192 203468 69.524400 33.406590
192 203459 56.313170 17.904690
192 203090 62.842390 38.160280
192 203943 39.905120 18.772330
204 -1 38.525320 42.735180
204 202344 53.900790 23.168430
204 202407 30.865600 9.660980
204 202324 21.535610 27.423320
204 204060 37.228100 44.443430
204 203504 72.743190 46.930880
204 202334 56.981210 24.862860
204 203468 70.974640 34.489060
204 203459 57.984900 18.036730
204 203090 63.825370 38.179400
204 203943 41.962360 19.262110
216 -1 40.424020 42.766490
216 202344 55.657130 23.869110
216 202407 32.597330 9.375650
216 202324 23.204610 27.661650
216 204060 39.081600 44.704840
216 203504 73.850290 47.237920
216 202334 58.999540 24.797880
216 203468 72.322270 35.483910
216 203459 59.573330 18.127500
216 203090 64.779500 38.097070
216 203943 44.017700 19.798450
228 -1 42.197920 43.064120
228 202344 57.387440 24.639670
228 202407 34.327230 9.068850
228 202324 24.871890 27.866080
228 204060 40.927220 44.932630
228 203504 74.915670 47.483100
228 202334 60.910790 24.726760
228 203468 73.604630 36.440330
228 203459 61.074000 18.111300
228 203090 65.657210 37.987960
228 203943 46.012700 20.358980
240 -1 44.216650 43.755070
240 202344 59.010910 25.494670
240 202407 36.030790 8.736250
240 202324 26.531630 28.058240
240 204060 42.768670 45.107010
240 203504 75.930750 47.689500
240 202334 62.677130 24.583590
240 203468 74.861310 37.342500
240 203459 62.532110 18.001720
240 203090 66.426320 37.930400
240 203943 47.929240 20.864900
252 -1 46.616780 43.914960
252 202344 60.510890 26.414090
252 202407 37.678580 8.446440
252 202324 28.241400 28.186050
252 204060 44.574160 45.206940
252 203504 76.888200 47.864440
252 202334 64.330280 24.445280
252 203468 76.042010 38.192240
252 203459 63.798770 17.922590
252 203090 67.136350 37.872420
252 203943 49.754900 21.417810
264 -1 48.444580 43.793590
264 202344 61.941050 27.333340
264 202407 39.309750 8.181770
264 202324 29.944620 28.290760
264 204060 46.337810 45.259840
264 203504 77.799120 48.014080
264 202334 65.940220 24.324170
264 203468 77.139480 38.890190
264 203459 64.999310 17.734390
264 203090 67.737640 37.788170
264 203943 51.510490 21.932890
276 -1 48.800840 44.094920
276 202344 63.204370 28.299760
276 202407 40.905070 7.904520
276 202324 31.664760 28.433320
276 204060 47.982040 45.361810
276 203504 78.659890 48.134390
276 202334 67.491550 24.315770
276 203468 78.201770 39.546590
276 203459 66.141370 17.564890
276 203090 68.196440 37.727150
276 203943 53.211850 22.385430
288 -1 50.398540 43.928410
288 202344 64.269970 29.312810
288 202407 42.491540 7.662780
288 202324 33.406520 28.532600
288 204060 49.659240 45.369420
288 203504 79.433940 48.224490
288 202334 68.955760 24.393500
288 203468 79.154580 40.088150
288 203459 67.177540 17.456240
288 203090 68.528500 37.708670
288 203943 54.808500 22.806490
300 -1 51.887280 44.017390
300 202344 65.167640 30.355720
300 202407 44.071450 7.427020
300 202324 35.136530 28.548820
300 204060 51.315030 45.339300
300 203504 80.164290 48.273720
300 202334 70.332020 24.585910
300 203468 79.980710 40.567930
300 203459 68.164820 17.267240
300 203090 68.748310 37.693910
300 203943 56.335570 23.201080
312 -1 53.424520 44.027960
312 202344 65.938910 31.437410
312 202407 45.653290 7.160060
312 202324 36.872250 28.546940
312 204060 52.862590 45.324480
312 203504 80.861490 48.314250
312 202334 71.611070 24.912100
312 203468 80.725910 41.001330
312 203459 69.086600 17.040530
312 203090 68.830330 37.612770
312 203943 57.734130 23.497840
324 -1 55.474730 43.694170
324 202344 66.645490 32.491390
324 202407 47.189690 6.915640
324 202324 38.607470 28.520790
324 204060 54.300740 45.269890
324 203504 81.498620 48.358240
324 202334 72.724130 25.348920
324 203468 81.398440 41.414260
324 203459 69.950970 16.908630
324 203090 68.764090 37.486180
324 203943 59.004930 23.798840
336 -1 55.178190 42.917140
336 202344 67.372250 33.542210
336 202407 48.685390 6.716990
336 202324 40.329710 28.480280
336 204060 55.705330 45.152340
336 203504 82.081120 48.403570
336 202334 73.747630 25.834610
336 203468 82.034550 41.739260
336 203459 70.756500 16.759670
336 203090 68.562320 37.331320
336 203943 60.159910 24.131490
348 -1 56.840830 42.916640
348 202344 68.011240 34.460540
348 202407 50.136120 6.542830
348 202324 42.084940 28.437010
348 204060 56.867340 44.706150
348 203504 82.601560 48.445480
348 202334 74.665860 26.406450
348 203468 82.646520 41.957520
348 203459 71.554430 16.579940
348 203090 68.303330 37.185370
348 203943 61.237500 24.457360
360 -1 57.993330 42.853640
360 202344 68.632580 35.299700
360 202407 51.540970 6.386590
360 202324 43.855920 28.430070
360 204060 57.910040 44.285400
360 203504 83.009510 48.508090
360 202334 75.501090 27.046790
360 203468 83.212600 42.029430
360 203459 72.322880 16.506870
360 203090 68.092090 37.098530
360 203943 62.196590 24.731940
372 -1 58.792480 42.609930
372 202344 69.207300 36.089520
372 202407 52.898550 6.235740
372 202324 45.616350 28.401000
372 204060 58.987080 43.896940
372 203504 83.276510 48.542360
372 202334 76.250030 27.722520
372 203468 83.699540 41.982160
372 203459 73.078470 16.503780
372 203090 67.948780 37.087860
372 203943 63.081700 24.979130
384 -1 59.641990 42.487720
384 202344 69.665170 36.806160
384 202407 54.234800 6.082300
384 202324 47.378370 28.325320
384 204060 59.982050 43.526500
384 203504 83.410220 48.559440
384 202334 76.893540 28.363150
384 203468 84.102270 41.862850
384 203459 73.803080 16.568980
384 203090 68.025190 37.211380
384 203943 63.919440 25.141390
396 -1 61.079820 42.318650
396 202344 69.856140 37.456920
396 202407 55.529180 5.931700
396 202324 49.118010 28.227170
396 204060 60.834760 43.174850
396 203504 83.450610 48.569600
396 202334 77.408140 28.993650
396 203468 84.433880 41.728420
396 203459 74.486990 16.687040
396 203090 68.291030 37.402730
396 203943 64.725110 25.166080
408 -1 62.604820 42.418100
408 202344 69.980030 38.164070
408 202407 56.725080 5.798200
408 202324 50.805270 28.149670
408 204060 61.651430 43.120310
408 203504 83.420630 48.581210
408 202334 77.856510 29.611040
408 203468 84.708020 41.629530
408 203459 75.138040 16.849500
408 203090 68.633590 37.695850
408 203943 65.469980 25.131040
420 -1 61.926830 42.250340
420 202344 70.119340 38.917350
420 202407 57.862390 5.732610
420 202324 52.469870 28.101070
420 204060 62.241190 42.977050
420 203504 83.368310 48.571410
420 202334 78.240960 30.257680
420 203468 84.950530 41.604910
420 203459 75.714540 17.038460
420 203090 68.936790 38.049250
420 203943 66.158690 25.084800
432 -1 63.170100 41.231180
432 202344 70.168580 39.596190
432 202407 58.931580 5.729600
432 202324 54.063450 28.089820
432 204060 62.556000 42.652380
432 203504 83.330650 48.588260
432 202334 78.554330 30.902310
432 203468 85.157830 41.660870
432 203459 76.185610 17.192560
432 203090 69.196850 38.420470
432 203943 66.804460 25.020850
444 -1 62.953880 41.440300
444 202344 70.173100 40.218050
444 202407 59.918090 5.746490
444 202324 55.556100 28.108500
444 204060 62.681490 42.279160
444 203504 83.303590 48.595330
444 202334 78.774380 31.543410
444 203468 85.313890 41.740080
444 203459 76.624250 17.245260
444 203090 69.148360 38.657430
444 203943 67.400830 24.976120
456 -1 62.516650 40.564290
456 202344 70.283960 40.715720
456 202407 60.846540 5.769840
456 202324 56.936050 28.168610
456 204060 62.690320 41.911680
456 203504 83.294150 48.579850
456 202334 78.917130 32.148160
456 203468 85.408870 41.809350
456 203459 77.020330 17.203200
456 203090 69.003610 38.751070
456 203943 67.862400 24.972130
468 -1 62.179780 37.394960
468 202344 70.409680 41.068090
468 202407 61.752360 5.784820
468 202324 58.203630 28.262330
468 204060 62.688700 41.597490
468 203504 83.323740 48.569310
468 202334 79.027230 32.673730
468 203468 85.451970 41.852240
468 203459 77.332600 17.055880
468 203090 68.832820 38.646570
468 203943 68.221100 25.001430
480 -1 61.636360 33.500510
480 202344 70.556340 41.202570
480 202407 62.588870 5.758670
480 202324 59.369450 28.349460
480 204060 62.734010 41.352940
480 203504 83.375340 48.561780
480 202334 79.123820 33.084010
480 203468 85.439830 41.869960
480 203459 77.549320 16.814090
480 203090 68.722800 38.462130
480 203943 68.480610 25.357610
492 -1 61.247580 29.764830
492 202344 70.735340 41.195240
492 202407 63.364530 5.711330
492 202324 60.399490 28.342740
492 204060 62.848830 41.259610
492 203504 83.421720 48.556690
492 202334 79.242690 33.407590
492 203468 85.391920 41.876080
492 203459 77.675860 16.490150
492 203090 68.555840 38.086510
492 203943 68.572830 25.747150
504 -1 62.246490 29.446700
504 202344 70.927120 41.071030
504 202407 64.042770 5.686300
504 202324 61.321510 28.167360
504 204060 63.060810 41.271970
504 203504 83.466410 48.552560
504 202334 79.417110 33.625100
504 203468 85.344880 41.900310
504 203459 77.674280 16.088020
504 203090 68.540790 37.723960
504 203943 68.503270 26.013200
516 -1 63.231090 28.407850
516 202344 71.136770 40.840530
516 202407 64.620190 5.706970
516 202324 62.110950 27.883640
516 204060 63.375730 41.311590
516 203504 83.504040 48.556520
516 202334 79.620650 33.731050
516 203468 85.320770 41.971310
516 203459 77.571880 15.636920
516 203090 68.562880 37.420580
516 203943 68.434170 26.263990
528 -1 63.297310 26.458030
528 202344 71.414640 40.547920
528 202407 65.090470 5.765530
528 202324 62.785600 27.504380
528 204060 63.737810 41.363220
528 203504 83.519720 48.546880
528 202334 79.827190 33.689360
528 203468 85.326630 42.087990
528 203459 77.374490 15.184880
528 203090 68.637140 37.095260
528 203943 68.437220 26.452950
540 -1 63.910400 22.882020
540 202344 71.559960 40.216730
540 202407 65.475870 5.843600
540 202324 63.322740 27.040530
540 204060 64.156700 41.413300
540 203504 83.510300 48.548550
540 202334 80.023580 33.543000
540 203468 85.347560 42.216180
540 203459 77.088030 14.745670
540 203090 68.705980 36.611490
540 203943 68.538760 26.128880
552 -1 64.699070 18.042910
552 202344 71.732020 39.858770
552 202407 65.780240 5.924550
552 202324 63.805320 26.581790
552 204060 64.607650 41.418860
552 203504 83.479230 48.540510
552 202334 80.199580 33.235550
552 203468 85.385510 42.324370
552 203459 76.702730 14.301810
552 203090 68.908430 36.192790
552 203943 68.842240 25.730460
564 -1 64.795280 13.146590
564 202344 71.946570 39.439010
564 202407 66.039380 6.010910
564 202324 64.322680 26.272630
564 204060 65.077030 41.376500
564 203504 83.425580 48.532940
564 202334 80.323250 32.785250
564 203468 85.423320 42.397380
564 203459 76.221690 13.890400
564 203090 69.189800 35.772500
564 203943 69.254450 25.452730
576 -1 65.313010 8.503860
576 202344 72.228590 38.998460
576 202407 66.263920 6.097160
576 202324 64.901920 25.973930
576 204060 65.528180 41.280940
576 203504 83.361660 48.523770
576 202334 80.431950 32.243440
576 203468 85.434050 42.425870
576 203459 75.626980 13.528020
576 203090 69.567460 35.398820
576 203943 69.655340 25.153960
588 -1 65.639210 7.281210
588 202344 72.530360 38.485720
588 202407 66.470520 6.204260
588 202324 65.478530 25.687950
588 204060 66.101010 41.188280
588 203504 83.308040 48.514660
588 202334 80.504350 31.692820
588 203468 85.408750 42.397690
588 203459 74.914900 13.187050
588 203090 70.032230 35.120160
588 203943 70.096970 24.817890
600 -1 65.893900 7.369190
600 202344 72.953350 37.959750
600 202407 66.671350 6.377880
600 202324 66.048730 25.472650
600 204060 66.685900 41.124500
600 203504 83.299150 48.479050
600 202334 80.535530 31.132120
600 203468 85.347420 42.304220
600 203459 74.066310 12.885470
600 203090 70.558250 34.935890
600 203943 70.569040 24.626110
612 -1 66.221380 7.334100
612 202344 73.450990 37.424220
612 202407 66.844730 6.580390
612 202324 66.647190 25.374020
612 204060 67.343420 41.135370
612 203504 83.318970 48.413180
612 202334 80.543760 30.563320
612 203468 85.245070 42.146360
612 203459 73.224250 12.654870
612 203090 71.055740 34.660840
612 203943 71.014130 24.409570
624 -1 66.477000 7.433610
624 202344 74.005260 36.898040
624 202407 67.024310 6.756450
624 202324 67.084290 25.215110
624 204060 68.085900 41.069430
624 203504 83.414990 48.350140
624 202334 80.591290 29.989970
624 203468 85.097990 41.946260
624 203459 72.366460 12.502000
624 203090 71.648250 34.438420
624 203943 71.546800 24.125790
636 -1 66.737930 7.720830
636 202344 74.585020 36.352660
636 202407 67.360040 6.872320
636 202324 67.410350 25.074480
636 204060 68.961600 41.026160
636 203504 83.569250 48.288780
636 202334 80.651360 29.454970
636 203468 84.892730 41.717840
636 203459 71.533950 12.324460
636 203090 72.273890 34.250820
636 203943 72.162270 23.792850
648 -1 67.618910 7.462310
648 202344 75.190570 35.875480
648 202407 67.958610 7.041310
648 202324 67.676970 24.906070
648 204060 69.713200 41.112760
648 203504 83.669850 48.256220
648 202334 80.739420 28.875610
648 203468 84.627450 41.463990
648 203459 70.995140 12.176440
648 203090 72.897230 34.040240
648 203943 72.769600 23.811020
660 -1 70.028450 7.459670
660 202344 75.858310 35.431020
660 202407 68.717970 7.136740
660 202324 67.924750 24.633910
660 204060 70.599770 41.126330
660 203504 83.631150 48.182440
660 202334 80.893480 28.338950
660 203468 84.298000 41.207670
660 203459 70.877870 11.988530
660 203090 73.498210 33.840260
660 203943 73.331700 23.948990
672 -1 71.713230 7.447180
672 202344 76.567740 34.994100
672 202407 69.704370 7.330330
672 202324 68.082370 24.219010
672 204060 71.605500 41.148860
672 203504 83.387330 48.130770
672 202334 81.151480 27.922000
672 203468 83.939570 40.947190
672 203459 70.980450 11.777180
672 203090 74.150690 33.791700
672 203943 73.824690 24.091700
684 -1 72.699390 6.562810
684 202344 77.189400 34.595730
684 202407 70.957420 7.581640
684 202324 68.259390 23.809990
684 204060 72.633760 41.254600
684 203504 82.927110 47.997920
684 202334 81.449010 27.607180
684 203468 83.550220 40.679640
684 203459 71.416380 11.569140
684 203090 74.767760 33.706920
684 203943 74.237790 24.167680
696 -1 73.421660 6.319970
696 202344 77.786800 34.234460
696 202407 72.345520 7.941230
696 202324 68.449490 23.391570
696 204060 73.645430 41.395980
696 203504 82.265380 47.795810
696 202334 81.791810 27.384470
696 203468 83.130030 40.401770
696 203459 72.296170 11.368730
696 203090 75.296590 33.580610
696 203943 74.523410 23.994010
708 -1 74.708270 6.602880
708 202344 78.362180 33.820380
708 202407 73.690590 8.370300
708 202324 68.670020 22.974360
708 204060 74.713270 41.386490
708 203504 81.553570 47.487260
708 202334 82.170260 27.307950
708 203468 82.668570 40.117210
708 203459 73.428120 11.192920
708 203090 75.773330 33.428020
708 203943 74.705960 23.600170
720 -1 76.579760 7.952570
720 202344 78.795660 33.311410
720 202407 75.159370 9.083980
720 202324 68.932010 22.625510
720 204060 75.781850 41.464620
720 203504 80.782700 47.200680
720 202334 82.592880 27.359490
720 203468 82.140860 39.739170
720 203459 74.816100 11.455890
720 203090 76.290420 33.189740
720 203943 74.786020 23.126490
732 -1 78.595960 9.753660
732 202344 79.085220 32.759170
732 202407 76.741950 10.029060
732 202324 69.279830 22.382220
732 204060 76.842870 41.526550
732 203504 80.057940 46.893790
732 202334 82.985620 27.452690
732 203468 81.541690 39.325410
732 203459 76.471030 11.948360
732 203090 76.813420 32.922730
732 203943 74.888370 22.686860
744 -1 80.189200 10.982460
744 202344 79.361720 32.205300
744 202407 78.186310 11.220840
744 202324 69.735390 22.210650
744 204060 77.934310 41.599650
744 203504 79.357330 46.637880
744 202334 83.425450 27.554880
744 203468 80.958850 38.867980
744 203459 78.067920 12.553440
744 203090 77.277980 32.603060
744 203943 74.810180 22.318830
756 -1 81.060420 11.770420
756 202344 79.570860 31.623350
756 202407 79.673740 12.419330
756 202324 70.211840 22.096940
756 204060 79.071290 41.700330
756 203504 78.622360 46.414770
756 202334 83.868250 27.596370
756 203468 80.324590 38.393160
756 203459 79.597270 13.482090
756 203090 77.712650 32.228300
756 203943 74.865130 22.378370
768 -1 79.505750 13.351030
768 202344 79.704160 31.016290
768 202407 81.025790 13.553550
768 202324 70.807650 22.024890
768 204060 80.302940 41.944050
768 203504 77.881840 46.255230
768 202334 84.313350 27.580180
768 203468 79.778820 37.883050
768 203459 80.926390 14.471800
768 203090 78.094880 31.877140
768 203943 75.093680 22.532360
780 -1 81.829330 14.294130
780 202344 79.777050 30.492050
780 202407 82.566000 14.736720
780 202324 71.384650 22.024960
780 204060 81.516820 42.261790
780 203504 77.196460 46.102760
780 202334 84.754420 27.231640
780 203468 79.331280 37.421410
780 203459 82.037080 15.276060
780 203090 78.449490 31.665050
780 203943 75.406360 22.900240
792 -1 85.105830 15.336470
792 202344 79.808600 30.007590
792 202407 83.953560 15.835090
792 202324 72.045260 22.014540
792 204060 82.641450 42.652960
792 203504 76.547170 45.943560
792 202334 85.236350 26.680810
792 203468 78.882450 36.985190
792 203459 82.995100 16.060610
792 203090 78.811800 31.599860
792 203943 75.678830 23.364470
804 -1 86.528650 16.726060
804 202344 79.885080 29.783580
804 202407 85.330090 16.921130
804 202324 72.715190 22.008240
804 204060 83.680690 43.196510
804 203504 75.874210 45.750260
804 202334 85.747170 26.083530
804 203468 78.303540 36.542290
804 203459 84.044590 16.907690
804 203090 79.223480 31.813550
804 203943 76.221390 23.791400
816 -1 86.377270 18.986750
816 202344 79.922640 29.641640
816 202407 86.488520 18.088000
816 202324 73.383670 22.091750
816 204060 84.611120 43.812710
816 203504 75.229160 45.526340
816 202334 86.213800 25.443790
816 203468 77.971900 36.054180
816 203459 85.022640 17.615940
816 203090 79.748500 32.270180
816 203943 76.773510 24.101090
828 -1 87.857320 20.108240
828 202344 79.951040 29.492660
828 202407 87.575430 19.430840
828 202324 74.027270 22.168040
828 204060 85.440380 44.392350
828 203504 74.573690 45.305560
828 202334 86.669140 24.758590
828 203468 77.594400 35.599090
828 203459 85.966660 18.416850
828 203090 80.396860 32.866130
828 203943 77.237690 24.111360
840 -1 90.025520 20.825910
840 202344 80.123400 29.282770
840 202407 88.190630 20.702350
840 202324 74.836060 22.169700
840 204060 86.209730 45.000290
840 203504 73.887740 45.102050
840 202334 87.252280 24.237350
840 203468 77.227780 35.187680
840 203459 86.877170 19.156620
840 203090 81.231100 33.654760
840 203943 77.783010 23.861160
852 -1 90.875380 22.394320
852 202344 80.501790 29.062400
852 202407 88.775900 22.035960
852 202324 75.445350 22.195620
852 204060 86.903110 45.564910
852 203504 73.165810 44.926890
852 202334 87.717440 23.823090
852 203468 76.949400 34.791700
852 203459 87.749540 19.793340
852 203090 82.176460 34.492880
852 203943 78.467460 23.645790
864 -1 91.423010 25.638720
864 202344 81.003610 28.612080
864 202407 89.367740 23.408930
864 202324 75.984730 22.131080
864 204060 87.500790 46.013110
864 203504 72.477430 44.784180
864 202334 88.001120 23.523010
864 203468 76.785750 34.425590
864 203459 88.542020 20.317470
864 203090 83.260610 35.355370
864 203943 79.288340 23.627980
876 -1 91.293840 30.723470
876 202344 81.611090 28.141500
876 202407 89.812110 24.792980
876 202324 76.515800 21.959690
876 204060 87.960020 46.452890
876 203504 71.844110 44.692130
876 202334 88.261210 23.342970
876 203468 76.467050 34.100610
876 203459 89.287270 20.767450
876 203090 84.503580 36.293250
876 203943 80.150670 23.552200
888 -1 90.990280 35.931250
888 202344 82.236770 27.796540
888 202407 90.303070 26.126590
888 202324 76.950740 21.744820
888 204060 88.291210 46.825350
888 203504 71.251170 44.630340
888 202334 88.533840 23.247160
888 203468 76.177270 33.791390
888 203459 90.050750 21.091860
888 203090 85.878080 37.403880
888 203943 80.921760 23.631400
900 -1 90.894440 41.032180
900 202344 82.878160 27.479340
900 202407 90.873440 27.415430
900 202324 77.256880 21.512910
900 204060 88.596460 47.084560
900 203504 70.750960 44.577620
900 202334 88.619460 23.235360
900 203468 75.880990 33.517410
900 203459 90.704060 21.352600
900 203090 87.108500 38.482250
900 203943 81.570750 23.963490
912 -1 90.596480 45.760270
912 202344 83.410060 27.133300
912 202407 91.274200 28.506570
912 202324 77.609010 21.265810
912 204060 88.800550 47.296280
912 203504 70.339960 44.550900
912 202334 88.759550 23.355370
912 203468 75.556690 33.332730
912 203459 91.279050 21.686380
912 203090 88.279500 39.638140
912 203943 82.176220 24.027060
924 -1 90.371490 46.409680
924 202344 83.862950 26.714980
924 202407 91.494360 29.341380
924 202324 78.057150 21.078320
924 204060 88.883180 47.470560
924 203504 70.023020 44.592170
924 202334 89.001040 23.456590
924 203468 75.197680 33.286060
924 203459 91.723060 22.118310
924 203090 89.224380 40.836810
924 203943 82.543620 23.857120
936 -1 89.323200 46.859430
936 202344 84.201600 26.288210
936 202407 91.703180 30.089440
936 202324 78.492580 20.890260
936 204060 88.911060 47.562140
936 203504 69.863560 44.678070
936 202334 89.278800 23.603380
936 203468 74.795190 33.402720
936 203459 91.989950 22.708180
936 203090 89.827780 42.108360
936 203943 82.740490 23.729290
948 -1 88.007840 47.155820
948 202344 84.487490 25.893830
948 202407 91.840280 30.711020
948 202324 78.979230 20.748750
948 204060 88.982530 47.686870
948 203504 69.817470 44.808080
948 202334 89.441470 23.843870
948 203468 74.401980 33.668700
948 203459 92.104050 23.340920
948 203090 90.208450 43.785910
948 203943 83.192960 23.650690
960 -1 84.764550 46.561330
960 202344 84.702380 25.190460
960 202407 91.895060 31.246350
960 202324 79.424620 20.595740
960 204060 88.792610 47.788890
960 203504 69.846430 44.935520
960 202334 89.511420 24.132960
960 203468 74.095170 34.020530
960 203459 92.124090 23.980830
960 203090 90.451390 45.541420
960 203943 83.274200 23.310580
972 -1 80.188890 45.697890
972 202344 84.871210 24.563860
972 202407 91.905200 31.743110
972 202324 79.903360 20.356580
972 204060 88.658730 47.900570
972 203504 69.901970 45.041880
972 202334 89.483430 24.437940
972 203468 73.696160 34.558630
972 203459 92.032630 24.629200
972 203090 90.453050 46.418460
972 203943 83.123490 23.075640
984 -1 75.785560 44.854410
984 202344 85.030190 24.020580
984 202407 91.937130 32.257080
984 202324 80.238630 20.054570
984 204060 88.655370 48.035960
984 203504 70.003270 45.063580
984 202334 89.377680 24.752760
984 203468 73.307020 35.169920
984 203459 91.877540 25.241320
984 203090 90.390280 46.787040
984 203943 82.900150 22.965440
996 -1 71.600790 44.079700
996 202344 85.321980 23.511970
996 202407 91.949810 32.749420
996 202324 80.553480 19.671310
996 204060 88.724630 48.215350
996 203504 70.117920 44.943580
996 202334 89.222140 24.995410
996 203468 73.003150 35.808730
996 203459 91.752110 25.740150
996 203090 90.337390 46.769060
996 203943 82.561550 23.026670
1008 -1 70.702380 43.799940
1008 202344 85.658200 22.708310
1008 202407 91.907140 33.210230
1008 202324 80.730740 19.199920
1008 204060 88.728360 48.366120
1008 203504 70.299650 44.633010
1008 202334 89.032160 25.203380
1008 203468 72.819250 36.440060
1008 203459 91.596450 26.303020
1008 203090 90.118380 46.032750
1008 203943 81.924670 23.003750
1020 -1 70.655300 43.518140
1020 202344 85.946700 22.163830
1020 202407 91.810980 33.617820
1020 202324 80.804780 18.709790
1020 204060 88.826360 48.566270
1020 203504 70.551430 44.272550
1020 202334 88.818170 25.391180
1020 203468 72.711240 37.157510
1020 203459 91.428900 26.899490
1020 203090 89.821470 44.946850
1020 203943 81.625500 23.017820
1032 -1 71.934060 43.162060
1032 202344 86.247540 21.616920
1032 202407 91.742500 34.029250
1032 202324 80.751580 18.179920
1032 204060 88.816730 48.736630
1032 203504 70.835290 43.838740
1032 202334 88.582330 25.532100
1032 203468 72.861020 37.756730
1032 203459 91.223460 27.451760
1032 203090 89.523850 44.412950
1032 203943 81.474770 23.056720
1044 -1 72.948230 43.103990
1044 202344 86.525660 21.105130
1044 202407 91.664300 34.486770
1044 202324 80.630250 17.645700
1044 204060 88.678170 48.900630
1044 203504 70.959940 43.346610
1044 202334 88.193920 25.449210
1044 203468 73.159200 38.272390
1044 203459 90.990400 28.026150
1044 203090 89.170090 44.016370
1044 203943 81.360540 23.050690
1056 -1 71.898810 42.443480
1056 202344 86.715200 20.512770
1056 202407 91.642180 35.055420
1056 202324 80.425800 17.164980
1056 204060 88.487790 49.019830
1056 203504 70.879140 42.855690
1056 202334 87.573720 25.417180
1056 203468 73.505370 38.616130
1056 203459 90.724300 28.641880
1056 203090 88.763770 43.566440
1056 203943 81.375150 22.862460
1068 -1 69.698560 41.530130
1068 202344 86.893440 20.124860
1068 202407 91.675560 35.730170
1068 202324 80.212840 16.739560
1068 204060 88.277600 49.099910
1068 203504 70.569830 42.350090
1068 202334 86.991350 25.467920
1068 203468 73.774770 38.754690
1068 203459 90.405610 29.204560
1068 203090 88.366120 43.018310
1068 203943 81.400860 22.611610
1080 -1 68.493750 40.940260
1080 202344 87.061270 19.826170
1080 202407 91.758230 36.465960
1080 202324 79.963760 16.341190
1080 204060 88.123860 49.142390
1080 203504 70.066240 41.773080
1080 202334 86.448010 25.424390
1080 203468 73.898580 38.568600
1080 203459 90.102780 29.737820
1080 203090 87.933680 42.414300
1080 203943 81.433480 22.364860
1092 -1 67.692920 40.552730
1092 202344 87.221570 19.520170
1092 202407 91.856390 37.230960
1092 202324 79.586020 16.039910
1092 204060 88.004710 49.168960
1092 203504 69.436110 41.131060
1092 202334 85.985580 25.512120
1092 203468 73.861790 38.049420
1092 203459 89.874420 30.261310
1092 203090 87.466870 41.790910
1092 203943 81.433820 22.099410
1104 -1 67.186500 40.166650
1104 202344 87.355030 19.178700
1104 202407 91.962110 38.004010
1104 202324 79.127960 15.772490
1104 204060 87.952690 49.172850
1104 203504 68.746490 40.433370
1104 202334 85.715290 25.831210
1104 203468 73.709890 37.357890
1104 203459 89.734080 30.707740
1104 203090 86.992850 41.168070
1104 203943 81.451290 21.771520
1116 -1 66.438000 39.383840
1116 202344 87.519270 18.869580
1116 202407 92.003070 38.810910
1116 202324 78.675660 15.542820
1116 204060 87.928630 49.132340
1116 203504 68.023390 39.737600
1116 202334 85.661630 26.003170
1116 203468 73.430950 36.624340
1116 203459 89.668740 31.093760
1116 203090 86.591570 40.594200
1116 203943 81.350460 21.353460
1128 -1 65.929320 38.202910
1128 202344 87.736660 18.573230
1128 202407 91.999950 39.613110
1128 202324 78.186390 15.328330
1128 204060 87.891830 49.079660
1128 203504 67.288740 39.083590
1128 202334 85.662940 25.937140
1128 203468 73.098130 35.986860
1128 203459 89.689230 31.515320
1128 203090 86.256120 40.073170
1128 203943 81.097370 20.951970
1140 -1 65.383630 37.108860
1140 202344 87.954360 18.243430
1140 202407 92.000810 40.367790
1140 202324 77.664440 15.150900
1140 204060 87.756250 49.023430
1140 203504 66.552570 38.456360
1140 202334 85.713620 25.824780
1140 203468 72.705950 35.480440
1140 203459 89.709210 31.942520
1140 203090 86.024030 39.631480
1140 203943 80.783320 20.539500
1152 -1 64.479480 36.330830
1152 202344 88.139840 17.902440
1152 202407 91.943740 41.169380
1152 202324 77.111700 15.055560
1152 204060 87.435890 48.991960
1152 203504 65.813500 37.844380
1152 202334 85.730610 25.471360
1152 203468 72.313900 35.217970
1152 203459 89.672160 32.386650
1152 203090 85.839740 39.259910
1152 203943 80.369660 20.192420
1164 -1 63.861500 36.215780
1164 202344 88.278490 17.525690
1164 202407 91.817660 42.002930
1164 202324 76.536610 15.189380
1164 204060 86.980670 48.968360
1164 203504 65.266730 37.310860
1164 202334 85.700900 25.022560
1164 203468 71.869740 34.845750
1164 203459 89.569440 32.870650
1164 203090 85.744160 38.928510
1164 203943 79.806520 19.961180
1176 -1 63.250380 35.940100
1176 202344 88.324300 17.071100
1176 202407 91.725600 42.724730
1176 202324 75.944280 15.493290
1176 204060 86.411500 48.938520
1176 203504 64.783090 36.676450
1176 202334 85.685060 24.594600
1176 203468 71.417730 34.506460
1176 203459 89.402180 33.345920
1176 203090 85.594660 38.666150
1176 203943 79.221850 19.912400
1188 -1 63.015800 35.115160
1188 202344 88.271440 16.509050
1188 202407 91.666540 43.406300
1188 202324 75.172230 16.026300
1188 204060 85.778840 48.889870
1188 203504 64.351010 35.987780
1188 202334 85.656760 24.192260
1188 203468 70.910100 34.106260
1188 203459 89.174460 33.739540
1188 203090 85.421340 38.496130
1188 203943 78.624870 19.932470
1200 -1 63.240150 33.508700
1200 202344 88.194780 15.883980
1200 202407 91.568120 44.112100
1200 202324 74.491570 16.720100
1200 204060 85.053100 48.799830
1200 203504 63.964780 35.183550
1200 202334 85.640510 23.783550
1200 203468 70.396780 33.684590
1200 203459 88.894900 34.111190
1200 203090 85.135890 38.365900
1200 203943 77.924490 20.061130
1212 -1 64.852970 30.635460
1212 202344 88.111340 15.184560
1212 202407 91.512310 44.759380
1212 202324 73.857860 17.559160
1212 204060 84.454130 48.676390
1212 203504 63.676090 34.224970
1212 202334 85.676350 23.319050
1212 203468 69.844510 33.172970
1212 203459 88.614640 34.461720
1212 203090 84.803680 38.276140
1212 203943 77.161320 20.182920
1224 -1 66.530060 27.719870
1224 202344 88.021000 14.417290
1224 202407 91.474970 45.280410
1224 202324 73.221920 18.425550
1224 204060 83.953780 48.520600
1224 203504 63.395380 33.108810
1224 202334 85.791730 22.789750
1224 203468 69.299190 32.712300
1224 203459 88.418920 34.759940
1224 203090 84.355000 38.272170
1224 203943 76.438860 20.353320
1236 -1 68.384300 24.637650
1236 202344 87.926500 13.636730
1236 202407 91.369190 45.782540
1236 202324 72.424830 19.332950
1236 204060 83.433710 48.349430
1236 203504 63.247930 31.864570
1236 202334 85.888570 22.217420
1236 203468 68.785560 32.073490
1236 203459 88.255070 35.026900
1236 203090 83.853510 38.278580
1236 203943 75.659670 20.483420
1248 -1 70.135330 21.499610
1248 202344 87.828050 12.831830
1248 202407 91.198900 46.230920
1248 202324 71.718030 20.173810
1248 204060 82.859700 48.172750
1248 203504 63.250440 30.449080
1248 202334 85.953100 21.645480
1248 203468 68.291710 31.263630
1248 203459 88.088850 35.273500
1248 203090 83.298010 38.248870
1248 203943 74.971270 20.722620
1260 -1 69.501960 21.452440
1260 202344 87.717720 11.976030
1260 202407 90.988290 46.593510
1260 202324 71.073810 21.021910
1260 204060 82.285330 47.994990
1260 203504 63.441810 28.891530
1260 202334 85.987960 21.074180
1260 203468 67.847580 30.261140
1260 203459 87.971040 35.416040
1260 203090 82.750050 38.172870
1260 203943 74.411570 20.973310
1272 -1 68.192050 21.646720
1272 202344 87.615600 11.032320
1272 202407 90.721570 46.882420
1272 202324 70.566930 21.796860
1272 204060 81.548640 47.810720
1272 203504 63.824850 27.285140
1272 202334 85.949470 20.530610
1272 203468 67.488540 29.038740
1272 203459 87.900730 35.353070
1272 203090 82.229350 38.005690
1272 203943 74.063780 21.341000
1284 -1 67.029540 22.022440
1284 202344 87.516150 10.077100
1284 202407 90.435010 47.156580
1284 202324 70.061610 22.473530
1284 204060 80.690690 47.605560
1284 203504 64.347600 25.597870
1284 202334 85.824540 20.037250
1284 203468 67.223010 27.651320
1284 203459 87.803350 35.153710
1284 203090 81.719640 37.743290
1284 203943 73.921140 21.841020
1296 -1 65.623050 22.374080
1296 202344 87.484120 9.107790
1296 202407 90.149120 47.391800
1296 202324 69.628800 23.150160
1296 204060 79.765400 47.404690
1296 203504 65.014670 24.000970
1296 202334 85.720480 19.575710
1296 203468 67.162680 26.170970
1296 203459 87.675270 34.835790
1296 203090 81.219450 37.412990
1296 203943 73.944600 22.293520
1308 -1 65.799940 21.053620
1308 202344 87.544910 8.154450
1308 202407 89.858700 47.616340
1308 202324 69.233610 23.749220
1308 204060 78.868200 47.185950
1308 203504 65.780410 22.355100
1308 202334 85.581850 19.088190
1308 203468 67.338950 24.681070
1308 203459 87.586430 34.405170
1308 203090 80.732370 37.015540
1308 203943 74.231870 22.545850
1320 -1 66.546040 19.284750
1320 202344 87.683580 7.214350
1320 202407 89.560550 47.825530
1320 202324 68.873210 24.407760
1320 204060 77.981430 46.929730
1320 203504 66.745020 20.941870
1320 202334 85.479670 18.614330
1320 203468 67.758790 23.266360
1320 203459 87.476030 33.961450
1320 203090 80.264900 36.587600
1320 203943 74.732870 22.659440
1332 -1 67.885900 17.634740
1332 202344 87.772870 6.333420
1332 202407 89.326480 47.968880
1332 202324 68.451370 25.051260
1332 204060 77.089540 46.619020
1332 203504 67.819070 20.130330
1332 202334 85.497820 18.145720
1332 203468 68.429840 22.017890
1332 203459 87.344320 33.578520
1332 203090 79.829220 36.139390
1332 203943 75.329150 22.618000
1344 -1 68.639460 16.423220
1344 202344 87.806490 5.436850
1344 202407 89.129100 48.082120
1344 202324 68.286980 25.741370
1344 204060 76.147290 46.265040
1344 203504 69.015780 19.612220
1344 202334 85.574710 17.649180
1344 203468 69.397870 21.030020
1344 203459 87.210730 33.220310
1344 203090 79.417790 35.643760
1344 203943 75.957580 22.365750
1356 -1 69.782220 15.587160
1356 202344 87.786590 4.594200
1356 202407 88.961070 48.154190
1356 202324 68.253260 26.341900
1356 204060 75.263670 45.845380
1356 203504 70.249750 19.142570
1356 202334 85.678240 17.132640
1356 203468 70.508700 20.321110
1356 203459 87.130530 32.883310
1356 203090 79.070460 35.076860
1356 203943 76.768320 22.122770
1368 -1 71.523140 15.167940
1368 202344 87.743410 3.832640
1368 202407 88.832140 48.146730
1368 202324 68.507360 26.963030
1368 204060 74.378580 45.378200
1368 203504 71.311500 18.530710
1368 202334 85.826860 16.698460
1368 203468 71.684670 19.684100
1368 203459 87.109580 32.585250
1368 203090 78.755970 34.444070
1368 203943 77.519120 21.979740
1380 -1 72.905150 14.979430
1380 202344 87.766180 3.180670
1380 202407 88.727630 48.143710
1380 202324 68.834240 27.427340
1380 204060 73.509420 44.900720
1380 203504 72.085160 17.713700
1380 202334 85.949020 16.293700
1380 203468 72.764480 19.169270
1380 203459 87.152890 32.321420
1380 203090 78.444400 33.736990
1380 203943 78.151270 21.981660
1392 -1 72.015630 16.120500
1392 202344 87.849220 2.678420
1392 202407 88.569160 48.164940
1392 202324 69.373830 27.824990
1392 204060 72.738520 44.428830
1392 203504 72.586050 16.485450
1392 202334 85.999820 15.833240
1392 203468 73.668670 18.715260
1392 203459 87.228900 32.133360
1392 203090 78.054160 32.959150
1392 203943 78.668200 22.160690
1404 -1 71.553900 13.804030
1404 202344 88.008270 2.333570
1404 202407 88.356030 48.207050
1404 202324 69.976840 28.132570
1404 204060 72.020800 43.990490
1404 203504 72.902580 15.081460
1404 202334 86.058410 15.349560
1404 203468 74.408040 18.287510
1404 203459 87.298350 32.051760
1404 203090 77.634270 32.120230
1404 203943 79.037840 22.494630
1416 -1 71.350380 13.546300
1416 202344 88.223000 2.069140
1416 202407 88.105200 48.249610
1416 202324 70.756720 28.394100
1416 204060 71.314410 43.606250
1416 203504 72.906340 13.788650
1416 202334 86.112550 14.863570
1416 203468 74.908620 17.768410
1416 203459 87.324960 32.064680
1416 203090 77.255620 31.297030
1416 203943 79.200300 22.937290
1428 -1 72.386210 12.618340
1428 202344 88.443780 1.867340
1428 202407 87.814570 48.322290
1428 202324 71.480000 28.595680
1428 204060 70.636000 43.285730
1428 203504 72.987120 12.903120
1428 202334 86.179500 14.322770
1428 203468 75.211250 17.320570
1428 203459 87.293670 32.152320
1428 203090 76.928920 30.549910
1428 203943 79.204730 23.399170
1440 -1 71.771370 11.477510
1440 202344 88.546020 1.717840
1440 202407 87.527750 48.340610
1440 202324 72.111990 28.788330
1440 204060 70.033850 43.045800
1440 203504 72.964380 12.191800
1440 202334 86.241930 13.734330
1440 203468 75.380310 16.830700
1440 203459 87.224010 32.280790
1440 203090 76.643740 29.935980
1440 203943 79.102550 23.788710
1452 -1 72.625810 10.202420
1452 202344 88.616320 1.586880
1452 202407 87.308600 48.396890
1452 202324 72.676460 28.984480
1452 204060 69.507510 42.839060
1452 203504 72.784870 11.531980
1452 202334 86.276520 13.174380
1452 203468 75.489890 16.280880
1452 203459 87.138400 32.407580
1452 203090 76.452790 29.551540
1452 203943 78.893700 24.049400
1464 -1 71.081130 11.633890
1464 202344 88.669310 1.486270
1464 202407 87.168490 48.450790
1464 202324 73.033970 29.005960
1464 204060 69.044370 42.666560
1464 203504 72.371810 10.932100
1464 202334 86.246050 12.741570
1464 203468 75.441330 15.698400
1464 203459 87.069800 32.499970
1464 203090 76.329290 29.367830
1464 203943 78.662680 24.246760
1476 -1 70.593130 11.264710
1476 202344 88.682240 1.419290
1476 202407 87.085990 48.497890
1476 202324 73.265400 28.810000
1476 204060 68.629090 42.532150
1476 203504 71.947350 10.341850
1476 202334 86.230090 12.346130
1476 203468 75.325650 15.188910
1476 203459 87.032340 32.568760
1476 203090 76.012670 29.352270
1476 203943 78.480530 24.479740
1488 -1 69.488800 10.514760
1488 202344 88.653570 1.383650
1488 202407 87.051970 48.510580
1488 202324 73.513780 28.520060
1488 204060 68.230580 42.430040
1488 203504 71.387660 9.788010
1488 202334 86.253690 11.964190
1488 203468 75.142260 14.706910
1488 203459 87.019940 32.623570
1488 203090 75.512670 29.392450
1488 203943 78.316260 24.742220
1500 -1 68.843810 10.036320
1500 202344 88.626500 1.388230
1500 202407 86.985980 48.547430
1500 202324 73.647820 28.086560
1500 204060 67.869930 42.349090
1500 203504 70.685490 9.404350
1500 202334 86.346500 11.633510
1500 203468 74.894690 14.297340
1500 203459 87.001650 32.644660
1500 203090 75.091180 29.610590
1500 203943 78.230840 25.000390
1512 -1 68.347310 9.600790
1512 202344 88.609010 1.393880
1512 202407 86.866690 48.576410
1512 202324 73.646060 27.395410
1512 204060 67.571440 42.315070
1512 203504 70.041010 9.116480
1512 202334 86.495680 11.355470
1512 203468 74.590600 14.070020
1512 203459 86.959600 32.716480
1512 203090 74.536650 29.753200
1512 203943 78.230280 25.307610
1524 -1 68.032030 9.717520
1524 202344 88.588340 1.394090
1524 202407 86.718190 48.585690
1524 202324 73.628860 26.605460
1524 204060 67.383760 42.340770
1524 203504 69.434790 8.924920
1524 202334 86.703570 11.082620
1524 203468 74.282600 13.950720
1524 203459 86.875290 32.832910
1524 203090 73.935450 29.959460
1524 203943 78.281650 25.440000
1536 -1 67.956120 9.775030
1536 202344 88.576060 1.397400
1536 202407 86.569340 48.597930
1536 202324 73.517850 25.775800
1536 204060 67.357820 42.436440
1536 203504 68.821850 8.806820
1536 202334 86.899810 10.888010
1536 203468 73.963130 13.920470
1536 203459 86.742950 32.997560
1536 203090 73.425780 30.177480
1536 203943 78.330220 25.390260
1548 -1 67.271070 9.762780
1548 202344 88.570870 1.404050
1548 202407 86.440700 48.630490
1548 202324 73.131790 24.769760
1548 204060 67.456480 42.587490
1548 203504 68.166760 8.795040
1548 202334 87.055170 10.771860
1548 203468 73.608180 14.004200
1548 203459 86.571150 33.218590
1548 203090 73.050180 30.425270
1548 203943 78.386790 25.189600
1560 -1 65.953250 8.924060
1560 202344 88.573620 1.401340
1560 202407 86.373410 48.679710
1560 202324 72.885310 23.769320
1560 204060 67.574920 42.755990
1560 203504 67.612370 8.784610
1560 202334 87.156370 10.778250
1560 203468 73.190320 14.123330
1560 203459 86.383150 33.499280
1560 203090 72.598080 30.547110
1560 203943 78.406440 24.877930
1572 -1 65.660250 9.613750
1572 202344 88.590840 1.399530
1572 202407 86.371880 48.680780
1572 202324 72.564560 22.766840
1572 204060 67.640370 42.926380
1572 203504 67.235930 8.738120
1572 202334 87.207310 10.914450
1572 203468 72.690430 14.262470
1572 203459 86.193640 33.749410
1572 203090 72.314920 30.710470
1572 203943 78.391350 24.375280
1584 -1 65.295220 9.694990
1584 202344 88.604130 1.377760
1584 202407 86.410470 48.672480
1584 202324 72.157560 21.802470
1584 204060 67.637050 43.087910
1584 203504 66.877690 8.902720
1584 202334 87.208840 11.099400
1584 203468 72.191970 14.379620
1584 203459 86.006530 33.961800
1584 203090 72.110740 30.793080
1584 203943 78.333590 23.827470
1596 -1 65.362080 9.909240
1596 202344 88.604660 1.351460
1596 202407 86.468500 48.654880
1596 202324 71.756290 20.886730
1596 204060 67.516150 43.208250
1596 203504 66.620570 9.136940
1596 202334 87.179120 11.299360
1596 203468 71.617420 14.478350
1596 203459 85.832940 34.113910
1596 203090 72.017000 30.856370
1596 203943 78.235640 23.179500
1608 -1 64.884350 10.571590
1608 202344 88.604800 1.320790
1608 202407 86.507340 48.641670
1608 202324 71.366290 20.055050
1608 204060 67.341570 43.303530
1608 203504 66.446100 9.443320
1608 202334 87.141660 11.480630
1608 203468 70.942220 14.642540
1608 203459 85.679140 34.208640
1608 203090 72.011350 30.957310
1608 203943 78.122450 22.443410
1620 -1 65.161930 11.027400
1620 202344 88.604240 1.292920
1620 202407 86.549960 48.601990
1620 202324 70.817940 19.136710
1620 204060 67.196540 43.404770
1620 203504 66.366670 9.919510
1620 202334 87.097490 11.596400
1620 203468 70.343770 14.855470
1620 203459 85.552990 34.264270
1620 203090 72.066940 31.078460
1620 203943 78.011790 21.634490
1632 -1 66.108160 11.663810
1632 202344 88.587440 1.269570
1632 202407 86.549110 48.549510
1632 202324 70.438530 18.309970
1632 204060 67.139750 43.532110
1632 203504 66.318170 10.457180
1632 202334 87.065850 11.641300
1632 203468 69.853960 14.967300
1632 203459 85.456900 34.293380
1632 203090 72.156690 31.185920
1632 203943 77.924390 20.794880
1644 -1 64.682020 11.977610
1644 202344 88.579310 1.281170
1644 202407 86.460630 48.511390
1644 202324 70.214300 17.486740
1644 204060 67.157690 43.671200
1644 203504 66.550370 10.760100
1644 202334 87.046820 11.632670
1644 203468 69.611740 15.167550
1644 203459 85.403220 34.316240
1644 203090 72.290600 31.280790
1644 203943 77.888030 19.917150
1656 -1 66.765100 12.253130
1656 202344 88.573160 1.299900
1656 202407 86.245400 48.498170
1656 202324 70.043250 16.679360
1656 204060 67.228510 43.811870
1656 203504 67.050940 10.966980
1656 202334 87.031690 11.620170
1656 203468 69.515270 15.279030
1656 203459 85.379160 34.322350
1656 203090 72.456840 31.291380
1656 203943 77.923980 19.080510
1668 -1 67.052090 11.777110
1668 202344 88.579410 1.318640
1668 202407 85.945090 48.526570
1668 202324 69.954470 15.961160
1668 204060 67.295210 43.934820
1668 203504 67.836440 11.038370
1668 202334 87.002250 11.629600
1668 203468 69.552130 15.206190
1668 203459 85.373090 34.273070
1668 203090 72.677900 31.138990
1668 203943 78.010900 18.346990
1680 -1 68.746590 10.307310
1680 202344 88.588260 1.334480
1680 202407 85.625630 48.603310
1680 202324 69.873520 15.401440
1680 204060 67.291110 44.024580
1680 203504 68.869510 10.926890
1680 202334 86.945880 11.693110
1680 203468 69.621830 15.049970
1680 203459 85.369530 34.092660
1680 203090 72.966450 30.802170
1680 203943 78.100140 17.678120
1692 -1 70.402350 10.154570
1692 202344 88.609880 1.346500
1692 202407 85.336910 48.688440
1692 202324 69.852370 14.942590
1692 204060 67.213000 44.037170
1692 203504 70.017970 10.784710
1692 202334 86.877850 11.802910
1692 203468 69.816290 14.898050
1692 203459 85.365060 33.793080
1692 203090 73.318990 30.362990
1692 203943 78.205680 17.065170
1704 -1 71.458620 9.865280
1704 202344 88.627110 1.352180
1704 202407 85.156830 48.739320
1704 202324 69.930230 14.698670
1704 204060 67.079240 43.939150
1704 203504 71.223260 10.748970
1704 202334 86.804010 11.921590
1704 203468 69.831010 14.551710
1704 203459 85.358940 33.406670
1704 203090 73.738010 29.844320
1704 203943 78.361810 16.605130
1716 -1 72.961580 10.408530
1716 202344 88.644890 1.369680
1716 202407 85.058410 48.774990
1716 202324 70.190040 14.683400
1716 204060 66.900550 43.732870
1716 203504 72.225690 10.746840
1716 202334 86.747080 12.009130
1716 203468 69.849990 14.188910
1716 203459 85.338650 32.973050
1716 203090 74.219560 29.276780
1716 203943 78.592440 16.335650
1728 -1 73.771470 10.369840
1728 202344 88.661950 1.408630
1728 202407 85.011500 48.742420
1728 202324 70.620530 14.804120
1728 204060 66.676370 43.412450
1728 203504 73.019880 10.770340
1728 202334 86.726150 12.051080
1728 203468 70.009960 13.922870
1728 203459 85.282180 32.517150
1728 203090 74.719390 28.727400
1728 203943 78.651930 16.046500
1740 -1 74.236880 10.604710
1740 202344 88.669580 1.459280
1740 202407 84.918240 48.679700
1740 202324 71.061130 14.994850
1740 204060 66.406710 42.946340
1740 203504 73.662580 10.800850
1740 202334 86.753810 12.016260
1740 203468 70.370850 13.482100
1740 203459 85.221600 32.146630
1740 203090 75.210720 28.121030
1740 203943 78.805900 15.862260
1752 -1 74.235340 10.695260
1752 202344 88.650450 1.528630
1752 202407 84.676650 48.646500
1752 202324 71.555630 15.258930
1752 204060 66.091060 42.364120
1752 203504 74.205880 10.848640
1752 202334 86.790600 11.965080
1752 203468 70.834960 12.976140
1752 203459 85.183330 31.870080
1752 203090 75.690180 27.505820
1752 203943 79.111830 15.883180
1764 -1 74.913380 11.130440
1764 202344 88.631760 1.670480
1764 202407 84.293700 48.578160
1764 202324 72.094000 15.646010
1764 204060 65.719230 41.731540
1764 203504 74.521000 10.876530
1764 202334 86.829610 12.010250
1764 203468 71.292010 12.399580
1764 203459 85.200200 31.642010
1764 203090 76.170490 26.927720
1764 203943 79.370760 15.983880
1776 -1 75.465920 11.574240
1776 202344 88.595740 1.938150
1776 202407 83.870510 48.475970
1776 202324 72.636250 16.134410
1776 204060 65.320340 41.035240
1776 203504 74.885940 10.901490
1776 202334 86.871610 12.159160
1776 203468 71.884880 11.761490
1776 203459 85.304230 31.454200
1776 203090 76.736520 26.414510
1776 203943 79.480780 16.073950
1788 -1 77.077530 13.188950
1788 202344 88.508170 2.364880
1788 202407 83.413130 48.371010
1788 202324 73.334060 16.742280
1788 204060 64.929430 40.287220
1788 203504 75.292620 11.004850
1788 202334 86.902520 12.493790
1788 203468 72.667590 11.040080
1788 203459 85.511530 31.308660
1788 203090 77.417560 26.010670
1788 203943 79.703880 16.398100
1800 -1 78.638510 14.874490
1800 202344 88.381190 3.032640
1800 202407 82.907820 48.215510
1800 202324 74.295940 17.449030
1800 204060 64.575260 39.534800
1800 203504 75.680510 10.986930
1800 202334 86.943830 13.005840
1800 203468 73.433670 10.409140
1800 203459 85.766000 31.199500
1800 203090 78.253870 25.869550
1800 203943 79.848200 16.893860
1812 -1 80.455150 16.546000
1812 202344 88.264170 3.976260
1812 202407 82.389620 47.982390
1812 202324 75.274070 18.201220
1812 204060 64.209440 38.795160
1812 203504 75.899610 10.671810
1812 202334 86.964790 13.585710
1812 203468 74.210270 9.799950
1812 203459 86.005100 31.116900
1812 203090 79.120150 25.733820
1812 203943 79.822200 17.510810
1824 -1 81.890470 18.198780
1824 202344 88.116560 5.111600
1824 202407 81.813070 47.716680
1824 202324 76.327670 18.956090
1824 204060 63.838110 38.023800
1824 203504 76.163570 10.410800
1824 202334 86.987250 14.216980
1824 203468 75.080630 9.173330
1824 203459 86.210820 31.048260
1824 203090 79.982360 25.744610
1824 203943 79.870850 18.225230
1836 -1 83.618420 19.762420
1836 202344 87.968960 6.447640
1836 202407 81.145310 47.395040
1836 202324 77.333140 19.690720
1836 204060 63.417830 37.246100
1836 203504 76.375610 9.983330
1836 202334 87.051100 14.953830
1836 203468 75.926390 8.550930
1836 203459 86.334680 31.007660
1836 203090 80.839220 25.892650
1836 203943 80.114330 19.094350
1848 -1 85.009860 21.340330
1848 202344 87.849140 7.942450
1848 202407 80.369490 46.981230
1848 202324 78.374630 20.673350
1848 204060 62.970180 36.508790
1848 203504 76.234450 9.281360
1848 202334 87.002030 15.682240
1848 203468 76.622020 7.905750
1848 203459 86.372890 30.981710
1848 203090 81.582470 26.025070
1848 203943 80.679920 19.998140
1860 -1 86.552850 22.864420
1860 202344 87.749240 9.496160
1860 202407 79.487540 46.554830
1860 202324 79.572180 22.142350
1860 204060 62.527480 35.758960
1860 203504 75.967920 8.455660
1860 202334 86.944310 16.451820
1860 203468 77.349820 7.283260
1860 203459 86.337650 30.960650
1860 203090 82.030300 26.183290
1860 203943 81.381360 20.918010
1872 -1 87.721100 24.101570
1872 202344 87.585770 11.021790
1872 202407 78.525970 46.093070
1872 202324 80.752410 23.636810
1872 204060 62.113340 35.008370
1872 203504 75.589470 7.743900
1872 202334 86.953910 17.288190
1872 203468 78.057620 6.673690
1872 203459 86.237970 30.918380
1872 203090 82.664880 26.352400
1872 203943 82.296050 21.653850
1884 -1 88.229820 24.814400
1884 202344 87.364160 12.509910
1884 202407 77.535320 45.607610
1884 202324 81.664180 24.867140
1884 204060 61.655370 34.301180
1884 203504 74.954280 6.814950
1884 202334 87.076970 18.142800
1884 203468 78.820600 6.187150
1884 203459 86.078680 30.908610
1884 203090 83.599550 26.397280
1884 203943 83.211740 22.297850
1896 -1 88.388100 25.188160
1896 202344 86.940270 13.826830
1896 202407 76.504650 45.098680
1896 202324 82.628630 26.052570
1896 204060 61.198030 33.621720
1896 203504 74.105140 5.929370
1896 202334 87.269800 19.044770
1896 203468 79.584130 5.772840
1896 203459 85.819320 30.892330
1896 203090 84.457820 26.061640
1896 203943 83.879430 22.805520
1908 -1 88.577500 25.496420
1908 202344 86.335640 15.145790
1908 202407 75.440880 44.596900
1908 202324 83.364560 26.834080
1908 204060 60.701960 32.933770
1908 203504 73.293270 5.173510
1908 202334 87.495970 19.914570
1908 203468 80.375960 5.389480
1908 203459 85.498700 30.906230
1908 203090 85.297770 25.711950
1908 203943 84.509480 23.201050
1920 -1 88.793420 25.741080
1920 202344 85.453100 16.250780
1920 202407 74.373200 43.999470
1920 202324 83.708940 26.988290
1920 204060 60.174360 32.307020
1920 203504 72.330390 4.582060
1920 202334 87.913260 20.721110
1920 203468 81.118990 5.064560
1920 203459 85.118510 30.912660
1920 203090 86.338590 25.324750
1920 203943 85.319090 23.165760
1932 -1 89.031280 25.924030
1932 202344 84.484210 17.227450
1932 202407 73.271970 43.409890
1932 202324 84.116840 27.077600
1932 204060 59.623010 31.725920
1932 203504 71.320300 4.069850
1932 202334 88.297450 21.344330
1932 203468 81.745080 4.794120
1932 203459 84.699730 30.921260
1932 203090 87.319260 25.059660
1932 203943 86.247430 22.998600
1944 -1 89.286500 26.047170
1944 202344 83.316220 18.105500
1944 202407 72.087980 42.845870
1944 202324 84.322050 27.356930
1944 204060 59.098840 31.145340
1944 203504 70.308440 3.681020
1944 202334 88.359630 21.820910
1944 203468 82.375360 4.593650
1944 203459 84.160190 30.942830
1944 203090 87.923220 24.911970
1944 203943 87.276740 22.956100
1956 -1 89.554490 26.112410
1956 202344 82.058910 18.965250
1956 202407 70.892960 42.254560
1956 202324 84.292620 27.506190
1956 204060 58.562180 30.578280
1956 203504 69.206680 3.425540
1956 202334 88.355560 22.068120
1956 203468 83.005500 4.474890
1956 203459 83.358720 31.073600
1956 203090 88.649880 25.146740
1956 203943 88.139030 22.727630
1968 -1 89.843140 26.116470
1968 202344 80.682790 19.594800
1968 202407 69.663390 41.640470
1968 202324 84.025400 27.663590
1968 204060 57.982360 30.028740
1968 203504 68.068620 3.276770
1968 202334 88.603470 22.207090
1968 203468 83.562690 4.406960
1968 203459 82.427120 31.286480
1968 203090 89.527160 25.517360
1968 203943 88.600270 22.404600
1980 -1 90.419760 26.365890
1980 202344 79.294600 20.237370
1980 202407 68.404090 41.066140
1980 202324 83.548160 27.863980
1980 204060 57.330030 29.497050
1980 203504 66.907180 3.281120
1980 202334 88.716530 22.211140
1980 203468 84.099900 4.368880
1980 203459 81.319530 31.613670
1980 203090 90.429740 25.811800
1980 203943 88.683840 22.373230
1992 -1 91.216010 26.932740
1992 202344 77.724030 20.836440
1992 202407 67.159020 40.468480
1992 202324 82.694790 28.019030
1992 204060 56.617220 28.975000
1992 203504 65.733030 3.473510
1992 202334 88.782460 22.129840
1992 203468 84.694530 4.338880
1992 203459 80.014560 32.061480
1992 203090 91.235770 26.187780
1992 203943 88.567430 22.761260