0 -1 90.704100 20.836440 BALL
0 2199 88.809640 24.415560 PLAYER
0 200782 83.471760 18.079270 PLAYER
0 202693 88.374270 34.083460 PLAYER
0 202339 78.966290 17.183050 PLAYER
0 202688 45.336910 38.516230 PLAYER
0 202329 50.064300 15.332710 PLAYER
0 203081 64.551020 20.711590 PLAYER
0 203486 92.224350 22.444300 PLAYER
0 203468 55.510630 34.771610 PLAYER
0 203086 65.565010 38.721220 PLAYER
12 -1 86.380510 21.116700 BALL
12 2199 88.953200 23.801060 PLAYER
12 200782 83.241830 18.260750 PLAYER
12 202693 88.024310 33.792760 PLAYER
12 202339 78.776170 18.430630 PLAYER
12 202688 45.568920 38.694310 PLAYER
12 202329 49.080430 15.281940 PLAYER
12 203081 64.403290 21.124620 PLAYER
12 203486 92.222890 21.058080 PLAYER
12 203468 55.705210 35.064180 PLAYER
12 203086 65.687000 38.832800 PLAYER
24 -1 82.607620 20.806490 BALL
24 2199 89.164310 23.457770 PLAYER
24 200782 82.801240 18.641080 PLAYER
24 202693 87.636090 33.511880 PLAYER
24 202339 78.593960 19.639850 PLAYER
24 202688 45.873740 38.824400 PLAYER
24 202329 48.273500 15.216660 PLAYER
24 203081 64.199950 21.487470 PLAYER
24 203486 92.230650 19.728420 PLAYER
24 203468 56.058480 35.657350 PLAYER
24 203086 65.841020 38.908050 PLAYER
36 -1 80.355300 21.593790 BALL
36 2199 89.211910 23.184750 PLAYER
36 200782 82.364720 19.072030 PLAYER
36 202693 87.296140 33.211800 PLAYER
36 202339 78.338080 20.987880 PLAYER
36 202688 46.219140 38.929870 PLAYER
36 202329 47.702300 15.154600 PLAYER
36 203081 63.933720 21.799270 PLAYER
36 203486 92.120640 18.430970 PLAYER
36 203468 56.441650 36.152620 PLAYER
36 203086 66.027080 38.946980 PLAYER
48 -1 78.279260 22.442060 BALL
48 2199 89.162790 23.028940 PLAYER
48 200782 81.904060 19.661720 PLAYER
48 202693 86.945940 32.902960 PLAYER
48 202339 78.050500 22.325740 PLAYER
48 202688 46.585510 38.995000 PLAYER
48 202329 47.315730 15.118530 PLAYER
48 203081 63.708110 22.102950 PLAYER
48 203486 91.932750 17.136670 PLAYER
48 203468 56.919060 36.725830 PLAYER
48 203086 66.245170 38.949590 PLAYER
60 -1 76.325790 23.141290 BALL
60 2199 89.117720 22.878910 PLAYER
60 200782 81.385170 20.215070 PLAYER
60 202693 86.480090 32.564740 PLAYER
60 202339 77.762460 23.682810 PLAYER
60 202688 46.918680 39.060400 PLAYER
60 202329 47.064400 15.068290 PLAYER
60 203081 63.644560 22.478840 PLAYER
60 203486 91.742770 15.832850 PLAYER
60 203468 57.534010 37.293330 PLAYER
60 203086 66.422520 39.045430 PLAYER
72 -1 74.257840 23.965270 BALL
72 2199 88.929960 22.848720 PLAYER
72 200782 80.671100 20.793620 PLAYER
72 202693 86.084700 32.195450 PLAYER
72 202339 77.405980 25.026590 PLAYER
72 202688 47.218340 39.116430 PLAYER
72 202329 46.938980 15.044660 PLAYER
72 203081 63.599390 22.744040 PLAYER
72 203486 91.397690 14.560700 PLAYER
72 203468 58.270960 37.934250 PLAYER
72 203086 66.568840 39.200000 PLAYER
84 -1 72.285440 24.616610 BALL
84 2199 88.593030 22.855880 PLAYER
84 200782 79.848280 21.322380 PLAYER
84 202693 85.766510 31.864010 PLAYER
84 202339 76.900600 26.306540 PLAYER
84 202688 47.506130 39.162250 PLAYER
84 202329 46.899060 15.036510 PLAYER
84 203081 63.605420 23.202340 PLAYER
84 203486 90.986420 13.372770 PLAYER
84 203468 59.102800 38.622690 PLAYER
84 203086 66.715150 39.354570 PLAYER
96 -1 70.380250 25.643860 BALL
96 2199 88.346880 22.815300 PLAYER
96 200782 78.942680 21.910590 PLAYER
96 202693 85.489470 31.590080 PLAYER
96 202339 76.310560 27.356100 PLAYER
96 202688 47.862700 39.157330 PLAYER
96 202329 46.960840 14.978500 PLAYER
96 203081 63.747960 23.715950 PLAYER
96 203486 90.531620 12.274240 PLAYER
96 203468 60.046280 39.409470 PLAYER
96 203086 66.861470 39.509140 PLAYER
108 -1 68.522270 26.252600 BALL
108 2199 88.079120 22.727740 PLAYER
108 200782 77.983440 22.300700 PLAYER
108 202693 85.224240 31.434290 PLAYER
108 202339 75.534680 28.097120 PLAYER
108 202688 48.332330 39.127670 PLAYER
108 202329 47.201940 14.833640 PLAYER
108 203081 63.929000 24.237780 PLAYER
108 203486 90.062510 11.262750 PLAYER
108 203468 61.081340 40.281720 PLAYER
108 203086 67.007780 39.663710 PLAYER
120 -1 66.553500 26.761030 BALL
120 2199 87.752510 22.629760 PLAYER
120 200782 76.998640 22.633510 PLAYER
120 202693 84.996590 31.402030 PLAYER
120 202339 74.503540 28.551990 PLAYER
120 202688 48.917490 39.041740 PLAYER
120 202329 47.703560 14.661950 PLAYER
120 203081 64.020830 24.624530 PLAYER
120 203486 89.598160 10.384460 PLAYER
120 203468 62.200270 41.271500 PLAYER
120 203086 67.154100 39.818280 PLAYER
132 -1 65.813810 26.532450 BALL
132 2199 87.494830 22.470470 PLAYER
132 200782 76.070500 22.877890 PLAYER
132 202693 84.759330 31.488180 PLAYER
132 202339 73.365300 28.735430 PLAYER
132 202688 49.647490 38.875930 PLAYER
132 202329 48.446880 14.428290 PLAYER
132 203081 64.069960 24.924440 PLAYER
132 203486 89.165670 9.625670 PLAYER
132 203468 63.514240 42.252970 PLAYER
132 203086 67.300410 39.972850 PLAYER
144 -1 65.402520 25.463570 BALL
144 2199 87.223130 22.353550 PLAYER
144 200782 75.136640 23.012440 PLAYER
144 202693 84.542500 31.605690 PLAYER
144 202339 72.189820 28.743460 PLAYER
144 202688 50.489020 38.651920 PLAYER
144 202329 49.374860 14.184620 PLAYER
144 203081 64.106220 24.857420 PLAYER
144 203486 88.790650 8.983890 PLAYER
144 203468 64.987500 43.247730 PLAYER
144 203086 67.446730 40.127420 PLAYER
156 -1 64.791510 24.834080 BALL
156 2199 86.916250 22.260950 PLAYER
156 200782 74.165410 22.767110 PLAYER
156 202693 84.372380 31.723610 PLAYER
156 202339 70.884550 28.651650 PLAYER
156 202688 51.386400 38.400010 PLAYER
156 202329 50.456460 13.943370 PLAYER
156 203081 64.082760 24.622580 PLAYER
156 203486 88.507020 8.497080 PLAYER
156 203468 66.564840 44.223040 PLAYER
156 203086 67.593040 40.281990 PLAYER
168 -1 64.434190 24.117190 BALL
168 2199 86.652180 22.190830 PLAYER
168 200782 73.288280 22.401720 PLAYER
168 202693 84.239100 31.839490 PLAYER
168 202339 69.633870 28.338630 PLAYER
168 202688 52.375140 38.139460 PLAYER
168 202329 51.654720 13.662750 PLAYER
168 203081 63.994120 24.281010 PLAYER
168 203486 88.345260 8.158740 PLAYER
168 203468 68.276910 45.006260 PLAYER
168 203086 67.739350 40.436550 PLAYER
180 -1 65.125150 23.471840 BALL
180 2199 86.397720 22.108080 PLAYER
180 200782 72.532210 21.894780 PLAYER
180 202693 84.096690 32.003610 PLAYER
180 202339 68.500710 27.961600 PLAYER
180 202688 53.447840 37.887600 PLAYER
180 202329 52.908230 13.315020 PLAYER
180 203081 63.859590 23.951970 PLAYER
180 203486 88.241130 7.966610 PLAYER
180 203468 70.080160 45.622310 PLAYER
180 203086 67.885670 40.591120 PLAYER
192 -1 64.857220 22.894190 BALL
192 2199 86.172630 21.997590 PLAYER
192 200782 71.905490 21.257430 PLAYER
192 202693 83.914680 32.254800 PLAYER
192 202339 67.431520 27.618920 PLAYER
192 202688 54.624650 37.632990 PLAYER
192 202329 54.165510 12.906340 PLAYER
192 203081 63.834470 23.724950 PLAYER
192 203486 88.205320 7.905450 PLAYER
192 203468 71.901110 46.089520 PLAYER
192 203086 68.020920 40.732330 PLAYER
204 -1 64.508300 22.873600 BALL
204 2199 86.023190 21.818700 PLAYER
204 200782 71.407450 20.591750 PLAYER
204 202693 83.716970 32.549720 PLAYER
204 202339 66.381130 27.125660 PLAYER
204 202688 55.981840 37.415190 PLAYER
204 202329 55.491580 12.423420 PLAYER
204 203081 63.940500 23.805350 PLAYER
204 203486 88.207810 8.032650 PLAYER
204 203468 73.787260 46.331580 PLAYER
204 203086 68.067670 40.766670 PLAYER
216 -1 64.353690 22.620730 BALL
216 2199 85.955130 21.637610 PLAYER
216 200782 70.989940 19.952600 PLAYER
216 202693 83.507400 32.905450 PLAYER
216 202339 65.679140 26.549370 PLAYER
216 202688 57.498110 37.256960 PLAYER
216 202329 56.773870 11.911240 PLAYER
216 203081 64.165350 23.899980 PLAYER
216 203486 88.223890 8.229920 PLAYER
216 203468 75.699800 46.331480 PLAYER
216 203086 68.014840 40.680780 PLAYER
228 -1 65.113930 22.444860 BALL
228 2199 85.918820 21.557730 PLAYER
228 200782 70.660380 19.480500 PLAYER
228 202693 83.305810 33.303770 PLAYER
228 202339 65.285510 26.179590 PLAYER
228 202688 59.150700 37.177070 PLAYER
228 202329 58.006910 11.387800 PLAYER
228 203081 64.567460 23.972800 PLAYER
228 203486 88.234260 8.531180 PLAYER
228 203468 77.518140 46.319580 PLAYER
228 203086 67.862450 40.474660 PLAYER
240 -1 66.115340 20.526990 BALL
240 2199 85.912050 21.499870 PLAYER
240 200782 70.358320 19.364290 PLAYER
240 202693 83.139720 33.656670 PLAYER
240 202339 65.236960 25.790580 PLAYER
240 202688 60.925920 37.151610 PLAYER
240 202329 59.221700 10.895220 PLAYER
240 203081 65.165250 24.153240 PLAYER
240 203486 88.220080 8.944440 PLAYER
240 203468 79.260520 46.299620 PLAYER
240 203086 67.610480 40.148310 PLAYER
252 -1 66.851150 22.018710 BALL
252 2199 85.893750 21.769450 PLAYER
252 200782 70.127260 19.376700 PLAYER
252 202693 83.059240 33.887480 PLAYER
252 202339 65.612920 25.307110 PLAYER
252 202688 62.936660 37.202440 PLAYER
252 202329 60.402710 10.444810 PLAYER
252 203081 65.861300 24.345150 PLAYER
252 203486 88.205900 9.431250 PLAYER
252 203468 80.923350 46.271750 PLAYER
252 203086 67.270020 39.715090 PLAYER
264 -1 68.549300 23.721730 BALL
264 2199 85.874840 22.069730 PLAYER
264 200782 69.909010 19.535090 PLAYER
264 202693 83.007580 34.061090 PLAYER
264 202339 66.501920 25.167270 PLAYER
264 202688 64.965930 37.384790 PLAYER
264 202329 61.528050 10.007930 PLAYER
264 203081 66.773720 24.396730 PLAYER
264 203486 88.240190 9.880790 PLAYER
264 203468 82.398490 46.327530 PLAYER
264 203086 66.918480 39.268500 PLAYER
276 -1 70.771470 24.541560 BALL
276 2199 85.835280 22.425040 PLAYER
276 200782 69.769960 19.852170 PLAYER
276 202693 82.998750 34.144020 PLAYER
276 202339 67.432320 25.380380 PLAYER
276 202688 67.005280 37.440680 PLAYER
276 202329 62.661060 9.550240 PLAYER
276 203081 67.919500 24.475240 PLAYER
276 203486 88.307970 10.418340 PLAYER
276 203468 83.678690 46.493120 PLAYER
276 203086 66.566950 38.821920 PLAYER
288 -1 71.941340 24.685020 BALL
288 2199 85.775480 22.774740 PLAYER
288 200782 69.552680 20.061960 PLAYER
288 202693 83.028920 34.144060 PLAYER
288 202339 68.435360 25.670040 PLAYER
288 202688 69.077880 37.510190 PLAYER
288 202329 63.757890 9.135060 PLAYER
288 203081 69.247260 24.644060 PLAYER
288 203486 88.453470 11.001970 PLAYER
288 203468 84.865280 46.657250 PLAYER
288 203086 66.215420 38.375340 PLAYER
300 -1 73.133920 24.788180 BALL
300 2199 85.732190 23.095240 PLAYER
300 200782 69.627560 19.926110 PLAYER
300 202693 83.093560 34.112840 PLAYER
300 202339 69.461330 26.055290 PLAYER
300 202688 71.204490 37.631320 PLAYER
300 202329 64.816330 8.780950 PLAYER
300 203081 70.870270 24.665210 PLAYER
300 203486 88.654030 11.586690 PLAYER
300 203468 85.907620 46.822720 PLAYER
300 203086 65.863890 37.928760 PLAYER
312 -1 74.842020 24.479750 BALL
312 2199 85.702070 23.126620 PLAYER
312 200782 69.770290 19.691060 PLAYER
312 202693 83.173620 34.081360 PLAYER
312 202339 70.524350 26.471240 PLAYER
312 202688 73.168770 37.759260 PLAYER
312 202329 65.863690 8.442020 PLAYER
312 203081 72.685470 24.814110 PLAYER
312 203486 88.862480 12.164870 PLAYER
312 203468 86.762710 46.989650 PLAYER
312 203086 65.512350 37.482180 PLAYER
324 -1 75.819070 24.074900 BALL
324 2199 85.632160 23.256920 PLAYER
324 200782 70.039070 19.253030 PLAYER
324 202693 83.269970 34.041490 PLAYER
324 202339 71.563320 26.711510 PLAYER
324 202688 75.035400 37.802920 PLAYER
324 202329 66.822180 8.094930 PLAYER
324 203081 74.524680 25.018940 PLAYER
324 203486 89.030910 12.864660 PLAYER
324 203468 87.530010 47.104600 PLAYER
324 203086 65.230540 37.036060 PLAYER
336 -1 77.491870 24.502290 BALL
336 2199 85.531590 23.552650 PLAYER
336 200782 70.380750 18.682080 PLAYER
336 202693 83.358210 33.973210 PLAYER
336 202339 72.687680 26.639430 PLAYER
336 202688 76.845980 38.004200 PLAYER
336 202329 67.673040 7.820440 PLAYER
336 203081 76.354680 25.325600 PLAYER
336 203486 89.245480 13.597540 PLAYER
336 203468 88.214890 47.169530 PLAYER
336 203086 65.148840 36.604380 PLAYER
348 -1 80.574160 22.841240 BALL
348 2199 85.400260 23.909100 PLAYER
348 200782 70.932440 17.961940 PLAYER
348 202693 83.488570 33.837790 PLAYER
348 202339 73.716430 26.421670 PLAYER
348 202688 78.566940 38.147280 PLAYER
348 202329 68.418810 7.564420 PLAYER
348 203081 78.132980 25.651920 PLAYER
348 203486 89.346560 14.401250 PLAYER
348 203468 88.745240 47.221650 PLAYER
348 203086 65.143570 36.149330 PLAYER
360 -1 83.945360 20.808730 BALL
360 2199 85.389090 24.230490 PLAYER
360 200782 71.327320 17.289260 PLAYER
360 202693 83.637520 33.631670 PLAYER
360 202339 74.671730 26.182920 PLAYER
360 202688 80.137330 38.235230 PLAYER
360 202329 69.022880 7.260800 PLAYER
360 203081 79.731900 26.077420 PLAYER
360 203486 89.448690 15.212070 PLAYER
360 203468 89.133280 47.232110 PLAYER
360 203086 65.135370 35.660660 PLAYER
372 -1 87.280500 19.008070 BALL
372 2199 85.327720 24.610630 PLAYER
372 200782 71.750330 16.662150 PLAYER
372 202693 83.836290 33.361830 PLAYER
372 202339 75.477600 25.939820 PLAYER
372 202688 81.620050 38.293070 PLAYER
372 202329 69.465630 6.953370 PLAYER
372 203081 81.213480 26.435830 PLAYER
372 203486 89.502020 16.143750 PLAYER
372 203468 89.374330 47.222780 PLAYER
372 203086 65.115350 35.165160 PLAYER
384 -1 88.639580 17.476050 BALL
384 2199 85.397850 24.803590 PLAYER
384 200782 72.221730 16.098470 PLAYER
384 202693 84.024540 33.036920 PLAYER
384 202339 76.087820 25.654590 PLAYER
384 202688 82.995410 38.322100 PLAYER
384 202329 69.809610 6.712850 PLAYER
384 203081 82.566940 26.818140 PLAYER
384 203486 89.529830 17.099520 PLAYER
384 203468 89.451240 47.227700 PLAYER
384 203086 65.068940 34.716700 PLAYER
396 -1 89.211290 18.667870 BALL
396 2199 85.610690 24.699660 PLAYER
396 200782 72.708580 15.586620 PLAYER
396 202693 84.182250 32.695750 PLAYER
396 202339 76.575840 25.365320 PLAYER
396 202688 84.260720 38.273400 PLAYER
396 202329 70.044190 6.511260 PLAYER
396 203081 83.729700 27.242500 PLAYER
396 203486 89.517140 18.101080 PLAYER
396 203468 89.359230 47.201910 PLAYER
396 203086 64.852160 34.264610 PLAYER
408 -1 88.923350 19.684560 BALL
408 2199 85.885910 24.337820 PLAYER
408 200782 73.157240 15.146280 PLAYER
408 202693 84.259670 32.376040 PLAYER
408 202339 77.005690 25.090170 PLAYER
408 202688 85.389800 38.175550 PLAYER
408 202329 70.143660 6.387280 PLAYER
408 203081 84.705650 27.716180 PLAYER
408 203486 89.552050 19.129720 PLAYER
408 203468 89.114880 47.173520 PLAYER
408 203086 64.623780 33.793790 PLAYER
420 -1 88.691080 21.019260 BALL
420 2199 86.109320 24.135740 PLAYER
420 200782 73.531620 14.717060 PLAYER
420 202693 84.307580 32.055810 PLAYER
420 202339 77.406870 24.814790 PLAYER
420 202688 86.402080 38.030330 PLAYER
420 202329 70.141470 6.376390 PLAYER
420 203081 85.506450 28.224990 PLAYER
420 203486 89.511850 20.202930 PLAYER
420 203468 88.755350 47.142810 PLAYER
420 203086 64.412940 33.346510 PLAYER
432 -1 89.238960 21.667660 BALL
432 2199 86.397320 23.755590 PLAYER
432 200782 73.843140 14.241340 PLAYER
432 202693 84.314040 31.684140 PLAYER
432 202339 77.803040 24.591680 PLAYER
432 202688 87.313420 37.864250 PLAYER
432 202329 70.055380 6.441830 PLAYER
432 203081 86.153610 28.736390 PLAYER
432 203486 89.535140 21.214770 PLAYER
432 203468 88.262000 47.110400 PLAYER
432 203086 64.175810 32.905660 PLAYER
444 -1 89.950550 22.223240 BALL
444 2199 86.566740 23.468650 PLAYER
444 200782 74.032770 13.759260 PLAYER
444 202693 84.361270 31.313220 PLAYER
444 202339 78.214900 24.425490 PLAYER
444 202688 88.167380 37.678990 PLAYER
444 202329 69.896070 6.557580 PLAYER
444 203081 86.637270 29.219560 PLAYER
444 203486 89.592090 22.178560 PLAYER
444 203468 87.621460 47.029060 PLAYER
444 203086 63.871900 32.433070 PLAYER
456 -1 87.063860 24.790180 BALL
456 2199 86.670720 23.307460 PLAYER
456 200782 74.103980 13.318850 PLAYER
456 202693 84.443300 30.989160 PLAYER
456 202339 78.698590 24.266020 PLAYER
456 202688 88.900060 37.490590 PLAYER
456 202329 69.684900 6.676810 PLAYER
456 203081 86.911700 29.687680 PLAYER
456 203486 89.620160 23.111900 PLAYER
456 203468 86.927490 46.947530 PLAYER
456 203086 63.541390 31.963750 PLAYER
468 -1 89.336720 26.140070 BALL
468 2199 86.839530 23.315910 PLAYER
468 200782 74.082130 12.919630 PLAYER
468 202693 84.605170 30.625850 PLAYER
468 202339 79.192790 24.112320 PLAYER
468 202688 89.505190 37.278490 PLAYER
468 202329 69.456190 6.796680 PLAYER
468 203081 87.036130 30.046990 PLAYER
468 203486 89.757540 23.996500 PLAYER
468 203468 86.078820 46.825240 PLAYER
468 203086 63.179120 31.519010 PLAYER
480 -1 88.797210 26.464940 BALL
480 2199 86.997870 23.310640 PLAYER
480 200782 73.993470 12.559160 PLAYER
480 202693 84.885150 30.162570 PLAYER
480 202339 79.659510 23.954490 PLAYER
480 202688 90.035830 37.072680 PLAYER
480 202329 69.285580 6.923610 PLAYER
480 203081 86.931620 30.376620 PLAYER
480 203486 89.911690 24.909930 PLAYER
480 203468 85.076460 46.716950 PLAYER
480 203086 62.806980 31.221680 PLAYER
492 -1 89.154890 26.445380 BALL
492 2199 87.188230 23.432600 PLAYER
492 200782 73.832130 12.206020 PLAYER
492 202693 85.206710 29.732120 PLAYER
492 202339 80.103360 23.756750 PLAYER
492 202688 90.510210 36.896620 PLAYER
492 202329 69.153360 7.081080 PLAYER
492 203081 86.724420 30.703750 PLAYER
492 203486 90.073000 25.873970 PLAYER
492 203468 83.987130 46.555810 PLAYER
492 203086 62.508740 30.851040 PLAYER
504 -1 89.468350 26.173740 BALL
504 2199 87.428960 23.564990 PLAYER
504 200782 73.598850 11.859680 PLAYER
504 202693 85.477010 29.312790 PLAYER
504 202339 80.521090 23.522610 PLAYER
504 202688 90.957860 36.769170 PLAYER
504 202329 69.029910 7.246610 PLAYER
504 203081 86.312150 30.966770 PLAYER
504 203486 90.278310 26.862670 PLAYER
504 203468 82.804450 46.398710 PLAYER
504 203086 62.234090 30.444550 PLAYER
516 -1 89.327250 25.921790 BALL
516 2199 87.664330 23.657970 PLAYER
516 200782 73.299740 11.470170 PLAYER
516 202693 85.938440 28.744650 PLAYER
516 202339 80.873040 23.313250 PLAYER
516 202688 91.397330 36.716290 PLAYER
516 202329 68.904160 7.427720 PLAYER
516 203081 85.754030 31.152640 PLAYER
516 203486 90.572060 27.889680 PLAYER
516 203468 81.473200 46.189630 PLAYER
516 203086 61.928530 30.052810 PLAYER
528 -1 89.049890 25.729270 BALL
528 2199 87.823410 23.732990 PLAYER
528 200782 72.934050 10.999550 PLAYER
528 202693 86.406190 28.246090 PLAYER
528 202339 81.200510 23.099290 PLAYER
528 202688 91.801710 36.760580 PLAYER
528 202329 68.737600 7.637620 PLAYER
528 203081 85.116070 31.390710 PLAYER
528 203486 90.788450 28.863820 PLAYER
528 203468 80.143980 45.917740 PLAYER
528 203086 61.515760 29.743430 PLAYER
540 -1 88.744560 25.525470 BALL
540 2199 87.940710 23.697740 PLAYER
540 200782 72.479060 10.482660 PLAYER
540 202693 86.891690 27.843170 PLAYER
540 202339 81.529630 22.860770 PLAYER
540 202688 92.142940 36.857170 PLAYER
540 202329 68.435690 7.834900 PLAYER
540 203081 84.488660 31.598130 PLAYER
540 203486 91.061770 29.709750 PLAYER
540 203468 78.734570 45.625330 PLAYER
540 203086 61.026420 29.343000 PLAYER
552 -1 88.383560 24.858910 BALL
552 2199 88.056150 23.634250 PLAYER
552 200782 71.971680 9.981590 PLAYER
552 202693 87.421160 27.550620 PLAYER
552 202339 81.840050 22.588860 PLAYER
552 202688 92.381220 36.983490 PLAYER
552 202329 68.058010 7.992750 PLAYER
552 203081 83.750280 31.740890 PLAYER
552 203486 91.323800 30.390670 PLAYER
552 203468 77.264370 45.321450 PLAYER
552 203086 60.429630 29.045220 PLAYER
564 -1 88.190360 24.219980 BALL
564 2199 88.225800 23.509750 PLAYER
564 200782 71.380410 9.445170 PLAYER
564 202693 88.063160 27.283810 PLAYER
564 202339 82.123560 22.265320 PLAYER
564 202688 92.526850 37.125860 PLAYER
564 202329 67.550850 8.108800 PLAYER
564 203081 82.943580 31.841500 PLAYER
564 203486 91.476490 30.984910 PLAYER
564 203468 75.805670 44.940230 PLAYER
564 203086 59.761020 28.750700 PLAYER
576 -1 88.292660 23.639330 BALL
576 2199 88.528370 23.287600 PLAYER
576 200782 70.652790 8.820370 PLAYER
576 202693 88.594180 27.150330 PLAYER
576 202339 82.390380 21.842990 PLAYER
576 202688 92.604030 37.272680 PLAYER
576 202329 66.938210 8.215920 PLAYER
576 203081 82.063300 31.893880 PLAYER
576 203486 91.413930 31.474880 PLAYER
576 203468 74.356370 44.538110 PLAYER
576 203086 58.993070 28.459480 PLAYER
588 -1 88.129680 24.805410 BALL
588 2199 88.849080 23.076860 PLAYER
588 200782 69.816140 8.165870 PLAYER
588 202693 89.275300 27.000110 PLAYER
588 202339 82.584580 21.353320 PLAYER
588 202688 92.646370 37.439520 PLAYER
588 202329 66.234440 8.337220 PLAYER
588 203081 81.050000 31.850850 PLAYER
588 203486 91.107400 31.870470 PLAYER
588 203468 72.829630 44.153330 PLAYER
588 203086 58.213360 28.132060 PLAYER
600 -1 88.741060 24.627980 BALL
600 2199 89.198170 22.896660 PLAYER
600 200782 68.966260 7.560140 PLAYER
600 202693 89.950140 26.900390 PLAYER
600 202339 82.688780 20.805840 PLAYER
600 202688 92.633240 37.634870 PLAYER
600 202329 65.387900 8.405120 PLAYER
600 203081 79.937070 31.705220 PLAYER
600 203486 90.538920 32.234350 PLAYER
600 203468 71.289660 43.710830 PLAYER
600 203086 57.353470 27.787830 PLAYER
612 -1 89.354390 24.210770 BALL
612 2199 89.597480 22.752850 PLAYER
612 200782 68.016420 7.068520 PLAYER
612 202693 90.697480 26.727870 PLAYER
612 202339 82.711860 20.235530 PLAYER
612 202688 92.516020 37.871040 PLAYER
612 202329 64.361480 8.441860 PLAYER
612 203081 78.753520 31.451200 PLAYER
612 203486 89.702990 32.555690 PLAYER
612 203468 69.724150 43.250290 PLAYER
612 203086 56.427030 27.465560 PLAYER
624 -1 90.491840 23.234430 BALL
624 2199 90.063490 22.636590 PLAYER
624 200782 67.017540 6.592480 PLAYER
624 202693 91.476100 26.571420 PLAYER
624 202339 82.657490 19.617010 PLAYER
624 202688 92.281090 38.122650 PLAYER
624 202329 63.232250 8.517890 PLAYER
624 203081 77.547570 31.098320 PLAYER
624 203486 88.650830 32.785990 PLAYER
624 203468 68.102710 42.815190 PLAYER
624 203086 55.413000 27.204210 PLAYER
636 -1 91.217800 23.061720 BALL
636 2199 90.483130 22.541080 PLAYER
636 200782 65.957230 6.195220 PLAYER
636 202693 92.262250 26.536330 PLAYER
636 202339 82.504890 18.941820 PLAYER
636 202688 91.920240 38.355010 PLAYER
636 202329 61.952180 8.563670 PLAYER
636 203081 76.350100 30.659840 PLAYER
636 203486 87.415320 32.879300 PLAYER
636 203468 66.449320 42.342840 PLAYER
636 203086 54.313700 26.983580 PLAYER
648 -1 91.661560 23.120150 BALL
648 2199 90.983160 22.394140 PLAYER
648 200782 64.814390 5.879340 PLAYER
648 202693 92.929840 26.577000 PLAYER
648 202339 82.275590 18.207620 PLAYER
648 202688 91.434450 38.542250 PLAYER
648 202329 60.544370 8.549500 PLAYER
648 203081 75.150790 30.127930 PLAYER
648 203486 86.045660 32.893980 PLAYER
648 203468 64.842160 41.829950 PLAYER
648 203086 53.147330 26.791710 PLAYER
660 -1 92.580730 22.160600 BALL
660 2199 91.539630 22.258600 PLAYER
660 200782 63.514920 5.534670 PLAYER
660 202693 93.531320 26.696540 PLAYER
660 202339 81.956140 17.456970 PLAYER
660 202688 90.811360 38.786600 PLAYER
660 202329 59.088660 8.571510 PLAYER
660 203081 73.903460 29.548570 PLAYER
660 203486 84.565110 32.837000 PLAYER
660 203468 63.287350 41.288050 PLAYER
660 203086 51.958250 26.619440 PLAYER