0 -1 0.950990 16.997630
0 2749 32.644250 32.732770
0 202702 50.238950 22.538200
0 201568 63.089050 14.723200
0 203914 46.816970 35.632350
0 203999 25.598470 26.520920
0 201945 30.720760 40.349190
0 202329 51.329250 5.333780
0 203486 18.320210 24.143170
0 204025 0.006350 16.772500
0 203086 39.341130 20.452770
12 -1 3.923740 17.896150
12 2749 33.451720 32.094850
12 202702 51.581010 22.676540
12 201568 64.417290 14.422310
12 203914 47.909370 35.886330
12 203999 27.238920 26.434120
12 201945 31.981290 40.778390
12 202329 53.032840 5.118850
12 203486 18.370150 24.076160
12 204025 0.371150 16.337430
12 203086 40.625280 20.600200
24 -1 6.825420 19.097530
24 2749 34.132470 31.473650
24 202702 52.880010 22.821530
24 201568 65.719750 14.136200
24 203914 49.003900 36.136200
24 203999 28.898830 26.331640
24 201945 33.267930 41.171890
24 202329 54.736250 4.923780
24 203486 18.361980 24.039190
24 204025 0.847290 15.924490
24 203086 41.949750 20.785650
36 -1 9.933210 19.992900
36 2749 34.711240 30.855120
36 202702 54.159140 22.966050
36 201568 67.002240 13.876870
36 203914 50.078990 36.357120
36 203999 30.558170 26.258520
36 201945 34.572330 41.483760
36 202329 56.455180 4.717660
36 203486 18.317670 24.026510
36 204025 1.396220 15.449920
36 203086 43.246810 20.935820
48 -1 12.739340 21.251630
48 2749 35.228000 30.230760
48 202702 55.427430 23.116670
48 201568 68.269940 13.617180
48 203914 51.140730 36.552150
48 203999 32.219680 26.177330
48 201945 35.874130 41.708070
48 202329 58.191090 4.497500
48 203486 18.254830 23.984740
48 204025 2.073520 14.943080
48 203086 44.494950 21.015940
60 -1 15.673200 22.228590
60 2749 35.643780 29.638200
60 202702 56.672420 23.231450
60 201568 69.507830 13.387850
60 203914 52.183340 36.781970
60 203999 33.895730 26.142180
60 201945 37.154280 41.870390
60 202329 59.902650 4.283240
60 203486 18.212230 23.870770
60 204025 2.862530 14.460380
60 203086 45.762440 21.020750
72 -1 16.696390 22.357090
72 2749 36.075910 29.134740
72 202702 57.893930 23.319520
72 201568 70.727100 13.157290
72 203914 53.201390 37.004840
72 203999 35.565630 26.046870
72 201945 38.435990 42.020810
72 202329 61.606980 4.085700
72 203486 18.286520 23.743810
72 204025 3.825040 14.020880
72 203086 47.020850 20.968510
84 -1 17.504220 22.591500
84 2749 36.529150 28.688500
84 202702 59.102720 23.388190
84 201568 71.915770 12.926620
84 203914 54.193510 37.234610
84 203999 37.232580 25.960560
84 201945 39.676250 42.183250
84 202329 63.328420 3.913190
84 203486 18.468500 23.586870
84 204025 4.911840 13.597250
84 203086 48.200100 20.851480
96 -1 17.693810 22.426500
96 2749 37.013090 28.248410
96 202702 60.258090 23.452600
96 201568 73.067260 12.720360
96 203914 55.142010 37.475950
96 203999 38.884730 25.864630
96 201945 40.867960 42.361620
96 202329 65.040750 3.774630
96 203486 18.760020 23.400550
96 204025 6.111600 13.235940
96 203086 49.370390 20.733980
108 -1 17.288660 20.724430
108 2749 37.478760 27.759670
108 202702 61.370150 23.505020
108 201568 74.151890 12.552440
108 203914 56.044800 37.674820
108 203999 40.516910 25.826410
108 201945 41.995630 42.523490
108 202329 66.716610 3.678570
108 203486 19.151940 23.246700
108 204025 7.460600 12.937060
108 203086 50.539900 20.602860
120 -1 16.378180 18.555340
120 2749 38.018690 27.217550
120 202702 62.488510 23.554190
120 201568 75.203260 12.382850
120 203914 56.905720 37.818080
120 203999 42.141500 25.792670
120 201945 43.051560 42.641290
120 202329 68.384090 3.582700
120 203486 19.676840 23.141080
120 204025 8.882920 12.657390
120 203086 51.631360 20.430460
132 -1 15.481270 16.325680
132 2749 38.634750 26.639110
132 202702 63.577720 23.579870
132 201568 76.209060 12.268600
132 203914 57.753410 37.901860
132 203999 43.783580 25.784560
132 201945 44.043110 42.709710
132 202329 69.987270 3.482460
132 203486 20.255760 23.064150
132 204025 10.341550 12.407730
132 203086 52.636620 20.211290
144 -1 14.628620 14.061010
144 2749 39.336230 26.003970
144 202702 64.604280 23.569910
144 201568 77.127470 12.153480
144 203914 58.582630 37.929810
144 203999 45.355120 25.723590
144 201945 45.006750 42.702550
144 202329 71.480800 3.399950
144 203486 20.883020 23.049430
144 204025 11.840550 12.183520
144 203086 53.637350 19.947310
156 -1 14.247510 12.456590
156 2749 40.100600 25.409000
156 202702 65.586120 23.477400
156 201568 77.994330 12.024570
156 203914 59.411860 37.938980
156 203999 46.888390 25.630410
156 201945 45.944250 42.677290
156 202329 72.939750 3.345960
156 203486 21.552080 23.022670
156 204025 13.341290 11.987960
156 203086 54.545820 19.625720
168 -1 15.622960 12.267060
168 2749 40.928230 24.809220
168 202702 66.512590 23.309690
168 201568 78.703000 12.039810
168 203914 60.231310 37.947530
168 203999 48.383330 25.512910
168 201945 46.904140 42.682140
168 202329 74.361490 3.310500
168 203486 22.349870 23.010140
168 204025 14.843050 11.798550
168 203086 55.368480 19.330400
180 -1 16.922000 12.160620
180 2749 41.809250 24.241070
180 202702 67.297040 23.060280
180 201568 79.468680 11.984490
180 203914 61.079490 37.933140
180 203999 49.830380 25.376700
180 201945 47.831350 42.718940
180 202329 75.711650 3.257780
180 203486 23.225720 23.000850
180 204025 16.353140 11.599240
180 203086 56.152940 19.070030
192 -1 18.600700 12.174120
192 2749 42.730410 23.635950
192 202702 67.977780 22.760970
192 201568 80.163830 11.940570
192 203914 61.882210 37.923440
192 203999 51.249070 25.275270
192 201945 48.743810 42.715470
192 202329 77.024370 3.192100
192 203486 24.202320 22.947860
192 204025 17.868580 11.400140
192 203086 56.926230 18.835650
204 -1 20.515610 12.305010
204 2749 43.654920 23.047830
204 202702 68.580020 22.395940
204 201568 80.837830 11.914970
204 203914 62.613750 37.901130
204 203999 52.608380 25.233730
204 201945 49.599720 42.708050
204 202329 78.290960 3.106450
204 203486 25.262790 22.846190
204 204025 19.366830 11.216020
204 203086 57.655980 18.634170
216 -1 22.633870 12.240890
216 2749 44.591220 22.448510
216 202702 69.088480 21.986900
216 201568 81.496580 11.936340
216 203914 63.291040 37.814370
216 203999 53.952060 25.206680
216 201945 50.394350 42.666140
216 202329 79.426880 3.022210
216 203486 26.409870 22.786590
216 204025 20.883060 10.994070
216 203086 58.322570 18.414050
228 -1 23.883520 12.208730
228 2749 45.563200 21.884100
228 202702 69.505830 21.513980
228 201568 82.243180 11.773410
228 203914 63.938800 37.669620
228 203999 55.239570 25.206740
228 201945 51.106900 42.574030
228 202329 80.480950 2.895200
228 203486 27.616980 22.740460
228 204025 22.425040 10.849910
228 203086 58.910330 18.171320
240 -1 24.801410 12.133210
240 2749 46.551460 21.325030
240 202702 69.847590 21.031850
240 201568 82.866190 11.717290
240 203914 64.517310 37.519760
240 203999 56.449820 25.252140
240 201945 51.812430 42.445060
240 202329 81.458050 2.827220
240 203486 28.920830 22.714910
240 204025 23.999010 10.772910
240 203086 59.461790 17.892690
252 -1 26.141000 12.045870
252 2749 47.504330 20.806770
252 202702 70.103330 20.501580
252 201568 83.469690 11.610730
252 203914 65.041270 37.358660
252 203999 57.523940 25.209420
252 201945 52.495280 42.301410
252 202329 82.373540 2.724420
252 203486 30.279530 22.729080
252 204025 25.608780 10.703610
252 203086 59.990040 17.580850
264 -1 27.672420 11.762960
264 2749 48.437090 20.289420
264 202702 70.276770 19.944360
264 201568 84.058630 11.506920
264 203914 65.539460 37.183660
264 203999 58.565630 25.163440
264 201945 53.168520 42.160360
264 202329 83.164290 2.625060
264 203486 31.663360 22.729680
264 204025 27.202740 10.597050
264 203086 60.489210 17.242580
276 -1 29.559160 11.449470
276 2749 49.351400 19.771990
276 202702 70.374240 19.412240
276 201568 84.579600 11.427350
276 203914 65.999700 37.028210
276 203999 59.543600 25.108150
276 201945 53.841620 42.013260
276 202329 83.905900 2.550010
276 203486 33.108970 22.726470
276 204025 28.773600 10.442770
276 203086 60.985120 16.981400
288 -1 31.897080 11.113990
288 2749 50.255330 19.281390
288 202702 70.392620 18.942030
288 201568 85.052670 11.447410
288 203914 66.437240 36.909430
288 203999 60.483560 25.065420
288 201945 54.517510 41.854410
288 202329 84.549380 2.472310
288 203486 34.609250 22.741670
288 204025 30.300320 10.187880
288 203086 61.539600 16.728350
300 -1 34.116040 10.431330
300 2749 51.158950 18.815030
300 202702 70.378050 18.503070
300 201568 85.462150 11.472200
300 203914 66.851810 36.786320
300 203999 61.373050 25.034280
300 201945 55.199500 41.717610
300 202329 85.117150 2.323900
300 203486 36.111040 22.831890
300 204025 31.796690 9.976810
300 203086 62.125230 16.505630
312 -1 35.488470 10.173660
312 2749 52.088070 18.382720
312 202702 70.329560 18.094510
312 201568 85.845890 11.517970
312 203914 67.260410 36.656740
312 203999 62.232930 25.057220
312 201945 55.874770 41.605290
312 202329 85.578660 2.209210
312 203486 37.667040 22.957150
312 204025 33.349390 9.793320
312 203086 62.702160 16.303660
324 -1 36.750020 9.889630
324 2749 53.008970 17.980470
324 202702 70.277690 17.718690
324 201568 86.180030 11.534120
324 203914 67.662610 36.502820
324 203999 63.080580 25.105300
324 201945 56.537740 41.458700
324 202329 85.986240 2.084690
324 203486 39.264130 23.155840
324 204025 34.883850 9.647400
324 203086 63.224530 16.151490
336 -1 37.865900 9.493900
336 2749 53.884070 17.620000
336 202702 70.242500 17.345800
336 201568 86.483540 11.520180
336 203914 68.031710 36.324400
336 203999 63.868360 25.201990
336 201945 57.192590 41.302820
336 202329 86.277460 1.921180
336 203486 40.894560 23.411100
336 204025 36.401950 9.609000
336 203086 63.747820 15.985070
348 -1 38.954660 9.114010
348 2749 54.684360 17.278940
348 202702 70.272410 16.959300
348 201568 86.743250 11.429420
348 203914 68.345850 36.096530
348 203999 64.570950 25.289110
348 201945 57.838760 41.117670
348 202329 86.497270 1.795180
348 203486 42.505630 23.647050
348 204025 37.899290 9.609600
348 203086 64.228870 15.824240
360 -1 40.104450 8.846830
360 2749 55.455980 16.940980
360 202702 70.366700 16.588600
360 201568 86.955080 11.324300
360 203914 68.625110 35.851420
360 203999 65.218400 25.374050
360 201945 58.507070 40.926850
360 202329 86.616480 1.711430
360 203486 44.168360 23.896540
360 204025 39.394710 9.546530
360 203086 64.698660 15.667600
372 -1 41.727290 8.928590
372 2749 56.213820 16.608460
372 202702 70.562830 16.287640
372 201568 87.094280 11.239160
372 203914 68.880590 35.625270
372 203999 65.862750 25.478530
372 201945 59.152130 40.717530
372 202329 86.644330 1.656660
372 203486 45.770360 24.192410
372 204025 40.800380 9.526290
372 203086 65.176060 15.559740
384 -1 43.033070 8.753820
384 2749 56.964350 16.327810
384 202702 70.810400 16.030600
384 201568 87.169880 11.200200
384 203914 69.100830 35.439360
384 203999 66.481620 25.516710
384 201945 59.804500 40.529520
384 202329 86.628240 1.624860
384 203486 47.346170 24.517100
384 204025 42.198300 9.539910
384 203086 65.733940 15.508030
396 -1 44.676220 9.139920
396 2749 57.719000 16.070180
396 202702 71.104590 15.844970
396 201568 87.183700 11.164610
396 203914 69.332890 35.281540
396 203999 67.071780 25.505880
396 201945 60.459680 40.314020
396 202329 86.623070 1.608730
396 203486 48.894420 24.875280
396 204025 43.560220 9.535050
396 203086 66.311810 15.479640
408 -1 46.384820 9.638060
408 2749 58.484620 15.817280
408 202702 71.433890 15.754500
408 201568 87.150350 11.175630
408 203914 69.596530 35.177060
408 203999 67.692050 25.473100
408 201945 61.113090 40.105090
408 202329 86.589180 1.602490
408 203486 50.476610 25.313720
408 204025 44.887360 9.526190
408 203086 66.846970 15.523230
420 -1 47.855750 10.034810
420 2749 59.248490 15.565720
420 202702 71.763280 15.703200
420 201568 87.080240 11.201690
420 203914 69.883510 35.127660
420 203999 68.317510 25.447490
420 201945 61.716380 39.868580
420 202329 86.565000 1.597130
420 203486 51.992280 25.721570
420 204025 46.191930 9.527860
420 203086 67.367040 15.612530
432 -1 49.018130 10.477270
432 2749 59.991070 15.312560
432 202702 72.097030 15.654860
432 201568 86.982540 11.231070
432 203914 70.181630 35.060100
432 203999 68.858560 25.522430
432 201945 62.283060 39.582940
432 202329 86.561740 1.595270
432 203486 53.512220 26.111500
432 204025 47.491470 9.507340
432 203086 67.901590 15.721750
444 -1 49.615160 10.730680
444 2749 60.766490 15.059760
444 202702 72.459610 15.661450
444 201568 86.867810 11.250380
444 203914 70.442030 34.983370
444 203999 69.402610 25.669030
444 201945 62.814920 39.268100
444 202329 86.584480 1.584120
444 203486 55.035080 26.504440
444 204025 48.790820 9.508150
444 203086 68.379100 15.832890
456 -1 50.425750 10.744940
456 2749 61.578340 14.821540
456 202702 72.836330 15.697010
456 201568 86.737390 11.240930
456 203914 70.659120 34.883260
456 203999 69.962330 25.850820
456 201945 63.313660 38.951390
456 202329 86.574680 1.573270
456 203486 56.531330 26.913550
456 204025 50.142940 9.487440
456 203086 68.819420 16.016910
468 -1 51.376170 10.923180
468 2749 62.411940 14.605430
468 202702 73.213240 15.724050
468 201568 86.591300 11.170010
468 203914 70.810180 34.757610
468 203999 70.501890 26.088640
468 201945 63.786470 38.625400
468 202329 86.565800 1.554290
468 203486 57.975210 27.324730
468 204025 51.553540 9.427170
468 203086 69.311980 16.141420
480 -1 52.828180 10.754290
480 2749 63.267400 14.429010
480 202702 73.602340 15.779740
480 201568 86.432750 11.059140
480 203914 70.904010 34.590940
480 203999 71.028670 26.312150
480 201945 64.244470 38.292670
480 202329 86.574720 1.552120
480 203486 59.409700 27.754610
480 204025 52.985870 9.348410
480 203086 69.811260 16.208130
492 -1 54.512810 10.335500
492 2749 64.150150 14.292730
492 202702 73.955660 15.870790
492 201568 86.270180 10.925840
492 203914 70.958460 34.441670
492 203999 71.606310 26.410400
492 201945 64.701710 37.992640
492 202329 86.567120 1.550590
492 203486 60.832220 28.180750
492 204025 54.496010 9.199080
492 203086 70.344620 16.216090
504 -1 56.818160 9.442720
504 2749 65.015930 14.140670
504 202702 74.283210 15.955990
504 201568 86.114400 10.773960
504 203914 71.001840 34.307440
504 203999 72.161730 26.486030
504 201945 65.163350 37.682060
504 202329 86.474700 1.544180
504 203486 62.184150 28.520680
504 204025 56.085860 8.959750
504 203086 70.960130 16.391170
516 -1 58.628110 8.815670
516 2749 65.923960 13.945900
516 202702 74.627620 16.042030
516 201568 85.973640 10.605540
516 203914 71.039390 34.224000
516 203999 72.734330 26.569100
516 201945 65.621410 37.372880
516 202329 86.314620 1.540090
516 203486 63.499510 28.936020
516 204025 57.739560 8.710900
516 203086 71.620620 16.527250
528 -1 60.520520 8.081640
528 2749 66.885210 13.722720
528 202702 74.973820 16.189030
528 201568 85.802030 10.534010
528 203914 71.112340 34.190140
528 203999 73.286190 26.775350
528 201945 66.056370 37.071480
528 202329 86.005260 1.543560
528 203486 64.753650 29.252610
528 204025 59.462410 8.453920
528 203086 72.268190 16.706640
540 -1 62.922520 7.310890
540 2749 67.846380 13.517090
540 202702 75.333050 16.420980
540 201568 85.705320 10.406120
540 203914 71.204860 34.204860
540 203999 73.793210 27.105140
540 201945 66.474180 36.777210
540 202329 85.513120 1.543420
540 203486 65.969500 29.578820
540 204025 61.292980 8.169760
540 203086 72.882430 17.045760
552 -1 64.564430 6.764570
552 2749 68.800250 13.296060
552 202702 75.655350 16.727060
552 201568 85.564480 10.289880
552 203914 71.295630 34.194770
552 203999 74.327370 27.360250
552 201945 66.849850 36.433880
552 202329 84.864910 1.540240
552 203486 67.130180 29.938230
552 204025 63.135870 7.851250
552 203086 73.410400 17.491890
564 -1 65.778370 6.448360
564 2749 69.792050 13.076760
564 202702 75.953520 17.084490
564 201568 85.332130 10.207540
564 203914 71.414510 34.121080
564 203999 74.838730 27.620030
564 201945 67.213330 36.097790
564 202329 84.113930 1.563280
564 203486 68.258980 30.386950
564 204025 65.047300 7.454600
564 203086 73.912880 17.755690
576 -1 67.316040 6.315110
576 2749 70.848130 12.951680
576 202702 76.282530 17.463490
576 201568 84.992000 10.190320
576 203914 71.559370 33.962530
576 203999 75.300620 27.864380
576 201945 67.553500 35.721850
576 202329 83.175140 1.605780
576 203486 69.335040 30.552510
576 204025 66.978170 7.044330
576 203086 74.371130 18.160110
588 -1 69.006390 5.720810
588 2749 71.913760 12.924870
588 202702 76.631110 17.827390
588 201568 84.575510 10.188300
588 203914 71.671350 33.789030
588 203999 75.785850 27.929540
588 201945 67.901520 35.296320
588 202329 82.121060 1.684490
588 203486 70.327060 30.650400
588 204025 68.900520 6.693620
588 203086 74.849220 18.569690
600 -1 72.057250 4.591700
600 2749 73.000250 12.920320
600 202702 77.007610 18.150080
600 201568 84.074430 10.234300
600 203914 71.766700 33.552220
600 203999 76.357430 27.865290
600 201945 68.227750 34.808650
600 202329 81.094430 1.771650
600 203486 71.226200 30.644390
600 204025 70.803120 6.311360
600 203086 75.352770 18.985720
612 -1 74.402170 3.615830
612 2749 74.133520 12.968350
612 202702 77.467610 18.414900
612 201568 83.423440 10.372300
612 203914 71.859250 33.310820
612 203999 76.913830 27.885290
612 201945 68.534580 34.314360
612 202329 80.022030 1.917570
612 203486 72.033100 30.506620
612 204025 72.697410 5.922930
612 203086 75.909510 19.410500
624 -1 76.903800 2.730470
624 2749 75.288440 13.089310
624 202702 77.946780 18.620720
624 201568 82.691170 10.548420
624 203914 71.969350 33.117540
624 203999 77.507070 27.916850
624 201945 68.784340 33.766830
624 202329 78.878510 2.043490
624 203486 72.709860 30.257330
624 204025 74.519590 5.553330
624 203086 76.464920 19.981050
636 -1 77.165950 2.608060
636 2749 76.402730 13.231320
636 202702 78.413410 18.845470
636 201568 81.933040 10.718130
636 203914 72.030320 32.947620
636 203999 78.062060 28.017640
636 201945 69.056880 33.233880
636 202329 77.804230 2.258750
636 203486 73.225210 30.083550
636 204025 76.320820 5.191640
636 203086 77.060520 20.526000
648 -1 75.863880 2.341240
648 2749 77.496770 13.351870
648 202702 78.861200 19.082450
648 201568 81.142520 10.879570
648 203914 72.099220 32.643340
648 203999 78.599380 28.107420
648 201945 69.326480 32.743240
648 202329 76.830910 2.494130
648 203486 73.665690 29.892020
648 204025 78.087000 4.736850
648 203086 77.720760 21.124170
660 -1 74.499370 2.725170
660 2749 78.534470 13.440110
660 202702 79.303200 19.417270
660 201568 80.234040 11.130490
660 203914 72.155920 32.279780
660 203999 79.038730 28.124590
660 201945 69.502590 32.176230
660 202329 75.808910 2.827850
660 203486 74.073180 29.590980
660 204025 79.797190 4.290420
660 203086 78.394940 21.719410
672 -1 73.033500 3.773390
672 2749 79.525310 13.551410
672 202702 79.757550 19.853620
672 201568 79.391290 11.308030
672 203914 72.131540 31.863500
672 203999 79.316470 28.111590
672 201945 69.735100 31.540320
672 202329 74.813670 3.270950
672 203486 74.467210 29.180570
672 204025 81.432200 3.851030
672 203086 79.039570 22.355520
684 -1 72.002220 4.820840
684 2749 80.482500 13.637140
684 202702 80.259300 20.399080
684 201568 78.601540 11.508920
684 203914 72.063850 31.307280
684 203999 79.742780 27.889790
684 201945 69.935430 30.916390
684 202329 73.867430 3.907230
684 203486 74.799340 28.615150
684 204025 82.959170 3.457750
684 203086 79.548300 23.110630
696 -1 71.324520 5.289390
696 2749 81.372050 13.688300
696 202702 80.733880 20.991640
696 201568 77.856610 11.755560
696 203914 72.058520 30.678080
696 203999 80.279630 27.545070
696 201945 70.059570 30.315830
696 202329 72.957640 4.604360
696 203486 75.076690 27.934460
696 204025 84.361610 3.014880
696 203086 80.080830 23.815780
708 -1 70.644640 5.979010
708 2749 82.194910 13.767340
708 202702 81.183920 21.660800
708 201568 77.193100 12.016520
708 203914 72.057120 30.012180
708 203999 80.497760 27.179010
708 201945 70.107970 29.683910
708 202329 72.084790 5.381070
708 203486 75.378800 27.132520
708 204025 85.649000 2.601060
708 203086 80.623230 24.686020
720 -1 70.195490 6.506920
720 2749 82.954550 13.870530
720 202702 81.523470 22.311360
720 201568 76.562400 12.288510
720 203914 71.995790 29.347990
720 203999 80.404510 26.734930
720 201945 70.045990 29.082550
720 202329 71.295420 6.197680
720 203486 75.540340 26.254520
720 204025 86.779520 2.237090
720 203086 81.058330 25.581410
732 -1 69.881510 7.421090
732 2749 83.625210 13.923870
732 202702 81.751690 22.916350
732 201568 75.951780 12.694500
732 203914 71.875540 28.726870
732 203999 80.242730 26.194460
732 201945 69.716110 28.525240
732 202329 70.577760 7.080440
732 203486 75.594880 25.368870
732 204025 87.786540 1.940990
732 203086 81.391170 26.536610
744 -1 69.496940 8.170790
744 2749 84.175710 13.924900
744 202702 81.964380 23.637530
744 201568 75.379430 13.172280
744 203914 71.625800 28.265020
744 203999 79.768850 25.665470
744 201945 69.162840 28.016820
744 202329 69.887800 7.860540
744 203486 75.605930 24.468030
744 204025 88.690750 1.687450
744 203086 81.682360 27.332480
756 -1 68.789640 9.517620
756 2749 84.632730 13.905790
756 202702 82.222500 24.474160
756 201568 74.839180 13.706870
756 203914 71.181260 27.884090
756 203999 79.091300 24.997380
756 201945 68.194820 27.467830
756 202329 69.318990 8.599240
756 203486 75.672730 23.422330
756 204025 89.435820 1.479630
756 203086 81.792460 28.233760
768 -1 67.432550 13.224460
768 2749 85.029710 13.852390
768 202702 82.438350 25.345160
768 201568 74.361190 14.271350
768 203914 70.546770 27.591660
768 203999 78.592450 24.305490
768 201945 67.057620 27.024800
768 202329 68.780320 9.373670
768 203486 75.712110 22.469310
768 204025 90.017100 1.297310
768 203086 81.590470 29.095720
780 -1 65.667450 17.859940
780 2749 85.396910 13.816560
780 202702 82.639670 26.222420
780 201568 73.991110 14.858820
780 203914 69.783610 27.379220
780 203999 78.348340 23.615190
780 201945 65.782590 26.658080
780 202329 68.309730 10.069290
780 203486 75.921450 21.565210
780 204025 90.502990 1.103830
780 203086 81.193650 29.978210
792 -1 64.032070 22.649140
792 2749 85.722640 13.802680
792 202702 82.778030 27.116730
792 201568 73.732560 15.362610
792 203914 69.005960 27.281190
792 203999 78.204610 22.967140
792 201945 64.460580 26.348540
792 202329 67.874850 10.578440
792 203486 76.241880 20.565610
792 204025 90.879720 0.890230
792 203086 80.595620 30.867810
804 -1 62.475950 25.019370
804 2749 86.025350 13.833970
804 202702 82.816030 27.986060
804 201568 73.576120 15.785230
804 203914 68.215490 27.230880
804 203999 78.095900 22.373960
804 201945 63.204390 26.098610
804 202329 67.535260 11.001040
804 203486 76.668970 19.561120
804 204025 91.148700 0.698810
804 203086 79.788510 31.696030
816 -1 61.112250 25.461900
816 2749 86.322580 13.858500
816 202702 82.598540 28.773540
816 201568 73.488260 16.166120
816 203914 67.437180 27.240670
816 203999 78.070140 21.819850
816 201945 62.218420 26.050780
816 202329 67.170010 11.274990
816 203486 77.250280 18.691730
816 204025 91.367450 0.539220
816 203086 78.784170 32.444050
828 -1 59.655810 25.561890
828 2749 86.615760 13.872600
828 202702 82.164120 29.505090
828 201568 73.411860 16.522760
828 203914 66.729340 27.350960
828 203999 78.110500 21.235030
828 201945 61.274010 26.115570
828 202329 66.824560 11.351740
828 203486 77.978370 17.807600
828 204025 91.565160 0.416350
828 203086 77.639930 33.051270
840 -1 59.042580 25.540770
840 2749 86.886870 13.872410
840 202702 81.575470 30.243190
840 201568 73.356560 16.832750
840 203914 66.141810 27.536140
840 203999 78.211830 20.686260
840 201945 60.546800 26.356040
840 202329 66.481410 11.323010
840 203486 78.753360 16.965950
840 204025 91.696640 0.363800
840 203086 76.395120 33.550340
852 -1 58.989260 25.673680
852 2749 87.129160 13.896800
852 202702 80.879760 30.973750
852 201568 73.320600 17.076670
852 203914 65.652140 27.713020
852 203999 78.433630 20.217970
852 201945 60.044640 26.778960
852 202329 66.201970 11.214880
852 203486 79.582490 16.276830
852 204025 91.761960 0.385940
852 203086 75.089630 33.909040
864 -1 59.140040 26.024800
864 2749 87.321820 13.947230
864 202702 80.016130 31.602540
864 201568 73.244530 17.276450
864 203914 65.309490 27.901190
864 203999 78.754730 19.741750
864 201945 59.736940 27.363650
864 202329 65.994600 11.048830
864 203486 80.533230 15.626270
864 204025 91.768600 0.438930
864 203086 73.810610 34.262660
876 -1 59.514740 26.898800
876 2749 87.414590 14.062030
876 202702 79.065290 32.183980
876 201568 73.171380 17.494000
876 203914 65.121380 28.123090
876 203999 79.157520 19.432600
876 201945 59.594560 28.139310
876 202329 65.862480 10.838810
876 203486 81.539210 15.116660
876 204025 91.722480 0.512180
876 203086 72.543930 34.504280
888 -1 59.530210 28.932950
888 2749 87.415800 14.237690
888 202702 78.084810 32.714890
888 201568 73.123720 17.728100
888 203914 65.115820 28.453230
888 203999 79.688060 19.211900
888 201945 59.600540 29.055230
888 202329 65.788970 10.606940
888 203486 82.497450 14.624070
888 204025 91.620140 0.605610
888 203086 71.334040 34.724920
900 -1 59.594440 31.210570
900 2749 87.377090 14.443890
900 202702 77.089810 33.155630
900 201568 73.062150 17.946730
900 203914 65.160520 28.855290
900 203999 80.283630 19.087900
900 201945 59.783900 30.099590
900 202329 65.735870 10.393650
900 203486 83.490180 14.284340
900 204025 91.494000 0.691990
900 203086 70.252800 34.890010
912 -1 60.259050 32.753260
912 2749 87.280180 14.634180
912 202702 76.119040 33.569060
912 201568 72.969420 18.354820
912 203914 65.297280 29.353340
912 203999 80.881590 19.041410
912 201945 60.141840 31.265570
912 202329 65.690000 10.213920
912 203486 84.441160 14.007180
912 204025 91.375870 0.760190
912 203086 69.317560 34.976290
924 -1 61.157930 33.913390
924 2749 87.201180 14.805470
924 202702 75.165640 33.962870
924 201568 72.862240 18.796180
924 203914 65.596620 29.913430
924 203999 81.522110 19.202930
924 201945 60.664540 32.522390
924 202329 65.623740 10.105840
924 203486 85.361480 13.814910
924 204025 91.319840 0.827860
924 203086 68.522630 34.944840
936 -1 61.633500 35.595300
936 2749 87.177930 14.902860
936 202702 74.340480 34.373160
936 201568 72.730920 19.237690
936 203914 66.073300 30.482450
936 203999 82.168310 19.402790
936 201945 61.350600 33.744450
936 202329 65.529090 10.086670
936 203486 86.083950 13.647710
936 204025 91.294720 0.896380
936 203086 67.941580 34.826710
948 -1 61.727760 36.672400
948 2749 87.111570 14.994620
948 202702 73.708710 34.918530
948 201568 72.629850 19.754670
948 203914 66.668890 30.997560
948 203999 82.790930 19.676580
948 201945 62.266760 34.966000
948 202329 65.423180 10.143150
948 203486 86.817050 13.550670
948 204025 91.287710 0.955670
948 203086 67.562940 34.606390
960 -1 62.905680 37.682520
960 2749 87.068550 15.007260
960 202702 73.280370 35.576780
960 201568 72.553080 20.357600
960 203914 67.482630 31.620760
960 203999 83.384560 20.019580
960 201945 63.323570 36.173310
960 202329 65.330340 10.235190
960 203486 87.477370 13.362700
960 204025 91.291590 1.016120
960 203086 67.376690 34.268660
972 -1 64.785970 38.858350
972 2749 87.022010 14.967770
972 202702 72.995010 36.288720
972 201568 72.519090 20.826160
972 203914 68.462200 32.239240
972 203999 83.968340 20.400750
972 201945 64.479350 37.319090
972 202329 65.244090 10.339230
972 203486 88.116560 13.216890
972 204025 91.257680 1.082170
972 203086 67.160960 33.970250
984 -1 66.913950 39.881280
984 2749 86.935690 14.921110
984 202702 72.904080 37.121910
984 201568 72.523760 21.277170
984 203914 69.491430 32.965860
984 203999 84.491910 20.796100
984 201945 65.733690 38.452110
984 202329 65.178490 10.434950
984 203486 88.722820 13.145720
984 204025 91.144730 1.131820
984 203086 67.088060 33.718780
996 -1 68.445260 41.711010
996 2749 86.776590 14.911540
996 202702 72.962570 38.007940
996 201568 72.528790 21.636660
996 203914 70.536040 33.840630
996 203999 84.993660 21.226250
996 201945 67.014380 39.680520
996 202329 65.149970 10.487710
996 203486 89.362890 13.088960
996 204025 90.947260 1.190320
996 203086 67.075390 33.430070
1008 -1 69.120350 42.902640
1008 2749 86.624390 14.842790
1008 202702 73.140290 38.806980
1008 201568 72.473450 21.847070
1008 203914 71.498060 34.768180
1008 203999 85.485130 21.657960
1008 201945 68.170440 40.880080
1008 202329 65.174750 10.466050
1008 203486 89.912300 13.109660
1008 204025 90.707770 1.254780
1008 203086 67.020060 33.134850
1020 -1 69.840410 43.736430
1020 2749 86.421950 14.838800
1020 202702 73.355440 39.533190
1020 201568 72.437960 22.012330
1020 203914 72.315400 35.589490
1020 203999 85.990430 22.088220
1020 201945 69.188280 42.062390
1020 202329 65.240610 10.368740
1020 203486 90.368130 13.254560
1020 204025 90.434250 1.331000
1020 203086 66.904450 32.989570
1032 -1 70.457630 44.669130
1032 2749 86.265050 14.917270
1032 202702 73.577430 40.117220
1032 201568 72.429660 22.183380
1032 203914 73.022750 36.451030
1032 203999 86.461340 22.460210
1032 201945 70.086660 43.162850
1032 202329 65.337700 10.207950
1032 203486 90.782730 13.476530
1032 204025 90.149850 1.424880
1032 203086 66.910470 32.818580
1044 -1 71.117860 45.426090
1044 2749 86.118340 15.033540
1044 202702 73.762510 40.441190
1044 201568 72.444480 22.348300
1044 203914 73.628340 37.189690
1044 203999 86.975010 22.725430
1044 201945 70.810850 44.077160
1044 202329 65.449100 10.005890
1044 203486 91.103930 13.770380
1044 204025 89.843700 1.531130
1044 203086 66.790840 32.633090
1056 -1 71.792100 46.146490
1056 2749 86.005680 15.170670
1056 202702 73.820750 40.522300
1056 201568 72.475870 22.515800
1056 203914 74.187830 37.818090
1056 203999 87.474540 22.821050
1056 201945 71.476860 44.678570
1056 202329 65.556750 9.803000
1056 203486 91.374890 14.144330
1056 204025 89.549120 1.620340
1056 203086 66.521870 32.523300
1068 -1 73.065680 46.542700
1068 2749 85.923870 15.336760
1068 202702 73.687830 40.408170
1068 201568 72.497560 22.665030
1068 203914 74.800080 38.363300
1068 203999 87.947840 22.773580
1068 201945 72.283850 45.049420
1068 202329 65.626330 9.641190
1068 203486 91.618870 14.548380
1068 204025 89.226660 1.697380
1068 203086 66.213280 32.407940
1080 -1 74.843500 46.403690
1080 2749 85.843300 15.491910
1080 202702 73.397590 39.932530
1080 201568 72.467840 22.787630
1080 203914 75.561490 38.881620
1080 203999 88.304550 22.812560
1080 201945 73.261020 45.204700
1080 202329 65.673550 9.521680
1080 203486 91.864850 14.946270
1080 204025 88.885910 1.754490
1080 203086 65.837530 32.259660
1092 -1 76.013490 46.805690
1092 2749 85.727120 15.609800
1092 202702 72.959810 39.294040
1092 201568 72.442830 22.879180
1092 203914 76.402450 39.287000
1092 203999 88.673400 22.615170
1092 201945 74.393060 45.239520
1092 202329 65.728110 9.434170
1092 203486 92.048400 15.327080
1092 204025 88.517270 1.770340
1092 203086 65.403600 32.073690
1104 -1 76.942430 46.733090
1104 2749 85.602450 15.672410
1104 202702 72.443910 38.448990
1104 201568 72.426080 22.935200
1104 203914 77.357500 39.566560
1104 203999 88.990670 22.355470
1104 201945 75.640580 45.117240
1104 202329 65.820550 9.324120
1104 203486 92.183130 15.698420
1104 204025 88.150840 1.755110
1104 203086 64.939810 31.805390
1116 -1 78.180280 46.032320
1116 2749 85.482640 15.704950
1116 202702 71.956010 37.430780
1116 201568 72.416420 22.930330
1116 203914 78.344630 39.748610
1116 203999 89.301010 22.138600
1116 201945 76.867220 44.885340
1116 202329 65.966390 9.148400
1116 203486 92.284310 16.008230
1116 204025 87.812720 1.730270
1116 203086 64.518460 31.521110
1128 -1 78.676660 44.955820
1128 2749 85.396060 15.739770
1128 202702 71.534940 36.280350
1128 201568 72.510740 22.864880
1128 203914 79.277850 39.900980
1128 203999 89.586350 21.961620
1128 201945 77.880910 44.661410
1128 202329 66.165190 8.896680
1128 203486 92.316890 16.281490
1128 204025 87.522540 1.694320
1128 203086 64.136190 31.282170
1140 -1 79.745640 43.572910
1140 2749 85.353800 15.770620
1140 202702 71.158230 35.238290
1140 201568 72.717490 22.696320
1140 203914 80.130170 40.007710
1140 203999 89.930200 21.582450
1140 201945 78.632700 44.364950
1140 202329 66.365250 8.602390
1140 203486 92.270740 16.508040
1140 204025 87.291950 1.648310
1140 203086 63.818620 31.041770
1152 -1 79.229980 44.063240
1152 2749 85.350900 15.810570
1152 202702 70.884440 34.208920
1152 201568 72.905340 22.398520
1152 203914 80.849900 40.000960
1152 203999 90.234000 21.332870
1152 201945 79.078770 44.069830
1152 202329 66.552260 8.298980
1152 203486 92.184950 16.656430
1152 204025 87.125430 1.611890
1152 203086 63.568540 30.882560
1164 -1 80.189800 43.148850
1164 2749 85.383800 15.878120
1164 202702 70.694380 33.352330
1164 201568 73.163390 22.061710
1164 203914 81.348910 40.029960
1164 203999 90.537370 21.058100
1164 201945 79.246380 43.871350
1164 202329 66.709020 8.042170
1164 203486 92.095270 16.754990
1164 204025 87.030290 1.594370
1164 203086 63.428750 30.842930
1176 -1 79.307810 42.831790
1176 2749 85.419460 15.924100
1176 202702 70.505300 32.637830
1176 201568 73.481000 21.693190
1176 203914 81.676230 40.128580
1176 203999 90.783350 20.773980
1176 201945 79.179420 43.709880
1176 202329 66.833400 7.859240
1176 203486 91.964010 16.818800
1176 204025 86.990830 1.592700
1176 203086 63.383950 30.877990
1188 -1 78.407890 42.696920
1188 2749 85.418620 15.898410
1188 202702 70.256910 32.015650
1188 201568 73.729760 21.254420
1188 203914 81.874170 40.248050
1188 203999 90.997390 20.494540
1188 201945 79.024290 43.560670
1188 202329 66.944730 7.716450
1188 203486 91.741100 16.883620
1188 204025 86.969250 1.603170
1188 203086 63.443630 31.053170
1200 -1 74.999160 40.891000
1200 2749 85.366930 15.798240
1200 202702 70.009240 31.577580
1200 201568 73.874820 20.793690
1200 203914 81.876160 40.294090
1200 203999 91.115190 20.297040
1200 201945 78.858520 43.514100
1200 202329 67.063270 7.598490
1200 203486 91.497660 16.882340
1200 204025 86.944100 1.627700
1200 203086 63.611220 31.415830
1212 -1 70.982110 38.662600
1212 2749 85.285720 15.635150
1212 202702 69.828240 31.403100
1212 201568 73.966090 20.347760
1212 203914 81.780430 40.347160
1212 203999 91.134290 20.178520
1212 201945 78.741700 43.514190
1212 202329 67.179290 7.466900
1212 203486 91.163100 17.046320
1212 204025 86.918630 1.648480
1212 203086 63.829380 31.888260
1224 -1 67.181910 36.382930
1224 2749 85.175170 15.417650
1224 202702 69.601660 31.400920
1224 201568 73.934160 19.890270
1224 203914 81.660980 40.401180
1224 203999 90.982150 20.191530
1224 201945 78.618570 43.543430
1224 202329 67.291900 7.309970
1224 203486 90.887890 17.028640
1224 204025 86.898540 1.676600
1224 203086 64.086540 32.552850
1236 -1 64.713610 35.497630
1236 2749 85.055130 15.207450
1236 202702 69.404030 31.647780
1236 201568 73.818770 19.479830
1236 203914 81.494170 40.391210
1236 203999 90.746040 20.270850
1236 201945 78.432070 43.693750
1236 202329 67.357530 7.147950
1236 203486 90.607970 16.936740
1236 204025 86.861300 1.691830
1236 203086 64.346870 33.331600
1248 -1 64.209770 35.649990
1248 2749 84.949410 15.062790
1248 202702 69.285130 32.136970
1248 201568 73.626840 19.208060
1248 203914 81.272840 40.361610
1248 203999 90.438990 20.351700
1248 201945 78.062830 43.915360
1248 202329 67.354740 7.016500
1248 203486 90.444900 16.815660
1248 204025 86.837280 1.708110
1248 203086 64.629630 34.089180
1260 -1 64.117940 35.531680
1260 2749 84.885070 15.005700
1260 202702 69.213900 32.720640
1260 201568 73.367220 19.013700
1260 203914 80.936780 40.393550
1260 203999 90.257700 20.264700
1260 201945 77.456470 44.104470
1260 202329 67.280020 6.922720
1260 203486 90.326380 16.695100
1260 204025 86.833800 1.720450
1260 203086 64.876720 34.749720
1272 -1 64.392230 36.005620
1272 2749 84.853980 15.021530
1272 202702 69.140250 33.312230
1272 201568 73.130760 18.890060
1272 203914 80.481830 40.448970
1272 203999 90.108000 20.063220
1272 201945 76.573290 44.244380
1272 202329 67.124240 6.895440
1272 203486 90.334790 16.395470
1272 204025 86.846770 1.733730
1272 203086 65.125740 35.244880
1284 -1 65.317250 37.343330
1284 2749 84.847770 15.102210
1284 202702 69.171610 33.888280
1284 201568 72.854940 18.810600
1284 203914 79.823550 40.483220
1284 203999 89.934900 19.872880
1284 201945 75.490410 44.337360
1284 202329 66.897480 6.919750
1284 203486 90.301100 16.234950
1284 204025 86.856910 1.732900
1284 203086 65.289660 35.444710
1296 -1 65.698060 37.020040
1296 2749 84.857020 15.195440
1296 202702 69.148610 34.304920
1296 201568 72.565940 18.746020
1296 203914 78.930590 40.528630
1296 203999 89.708930 19.688810
1296 201945 74.338090 44.322910
1296 202329 66.659470 6.973320
1296 203486 90.317110 16.085210
1296 204025 86.882360 1.736920
1296 203086 65.425510 35.389860
1308 -1 65.048480 36.259260
1308 2749 84.868270 15.238560
1308 202702 69.053800 34.520940
1308 201568 72.343710 18.604640
1308 203914 77.889640 40.562420
1308 203999 89.423060 19.560950
1308 201945 73.200540 44.176500
1308 202329 66.427140 7.054950
1308 203486 90.354880 15.892120
1308 204025 86.898250 1.735400
1308 203086 65.612130 35.020230
1320 -1 66.319080 34.411890
1320 2749 84.846960 15.157740
1320 202702 68.922670 34.576150
1320 201568 72.167080 18.419990
1320 203914 76.818720 40.510510
1320 203999 88.991990 19.569640
1320 201945 72.109290 43.988310
1320 202329 66.202520 7.159630
1320 203486 90.402880 15.718080
1320 204025 86.904000 1.731690
1320 203086 65.923350 34.583840
1332 -1 69.501480 29.364300
1332 2749 84.807980 14.881020
1332 202702 68.765440 34.428370
1332 201568 71.939130 18.234780
1332 203914 75.677860 40.431930
1332 203999 88.496330 19.678690
1332 201945 71.099090 43.813330
1332 202329 65.960420 7.275910
1332 203486 90.464770 15.532310
1332 204025 86.876490 1.739970
1332 203086 65.913740 34.422230
1344 -1 72.638000 24.466520
1344 2749 84.777370 14.441840
1344 202702 68.537510 34.163390
1344 201568 71.747320 18.004310
1344 203914 74.527150 40.363890
1344 203999 88.076640 19.708100
1344 201945 70.168920 43.695980
1344 202329 65.697390 7.406360
1344 203486 90.509690 15.385410
1344 204025 86.770830 1.768090
1344 203086 65.765590 34.216710
1356 -1 75.564060 19.423390
1356 2749 84.744380 13.882860
1356 202702 68.366960 33.841310
1356 201568 71.557540 17.693990
1356 203914 73.538060 40.272380
1356 203999 87.756660 19.659560
1356 201945 69.335220 43.675510
1356 202329 65.417490 7.536550
1356 203486 90.517030 15.287470
1356 204025 86.493510 1.901990
1356 203086 65.517150 34.124760
1368 -1 78.503200 14.582430
1368 2749 84.735950 13.227480
1368 202702 68.351070 33.476340
1368 201568 71.451210 17.378470
1368 203914 72.730820 40.112880
1368 203999 87.546100 19.493950
1368 201945 68.582960 43.734050
1368 202329 65.142550 7.638800
1368 203486 90.474880 15.197660
1368 204025 86.108490 2.020050
1368 203086 65.091240 34.335130
1380 -1 81.319330 9.762690
1380 2749 84.712210 12.578240
1380 202702 68.510680 33.015540
1380 201568 71.437460 17.048870
1380 203914 72.142290 39.960230
1380 203999 87.441330 19.243350
1380 201945 67.944430 43.908590
1380 202329 64.902450 7.704160
1380 203486 90.394210 15.124430
1380 204025 85.598670 2.248600
1380 203086 64.457630 34.477280
1392 -1 84.132250 4.899470
1392 2749 84.519830 12.108480
1392 202702 68.730190 32.605830
1392 201568 71.505000 16.680540
1392 203914 71.837820 39.783000
1392 203999 87.405100 18.887130
1392 201945 67.466630 44.239500
1392 202329 64.721790 7.749410
1392 203486 90.191740 15.094010
1392 204025 84.992030 2.495500
1392 203086 64.026010 34.338280
1404 -1 84.293820 3.921250
1404 2749 84.179620 11.748320
1404 202702 69.065120 32.177350
1404 201568 71.555480 16.340350
1404 203914 71.843740 39.583480
1404 203999 87.429200 18.460420
1404 201945 67.145730 44.608270
1404 202329 64.604350 7.802070
1404 203486 89.910750 15.070520
1404 204025 84.322070 2.824940
1404 203086 63.729760 34.284730
1416 -1 83.667330 3.903730
1416 2749 83.752160 11.443450
1416 202702 69.487680 31.757600
1416 201568 71.655430 16.041710
1416 203914 72.022480 39.390620
1416 203999 87.456300 18.070830
1416 201945 66.970800 44.888740
1416 202329 64.521110 7.900650
1416 203486 89.567180 15.109000
1416 204025 83.702150 3.200470
1416 203086 63.535680 34.192250
1428 -1 83.390130 4.025870
1428 2749 83.216340 11.226110
1428 202702 69.950910 31.358460
1428 201568 71.566700 15.804190
1428 203914 72.318510 39.263430
1428 203999 87.443920 17.695980
1428 201945 66.966970 45.166490
1428 202329 64.446350 8.103240
1428 203486 89.122390 15.085790
1428 204025 83.155780 3.618190
1428 203086 63.316630 33.978310
1440 -1 83.195890 4.232100
1440 2749 82.701330 11.091360
1440 202702 70.401320 31.017560
1440 201568 71.414990 15.629380
1440 203914 72.705650 39.143850
1440 203999 87.474680 17.343720
1440 201945 67.136820 45.471870
1440 202329 64.346490 8.443860
1440 203486 88.542270 15.129370
1440 204025 82.747750 3.912630
1440 203086 63.058790 33.805970
1452 -1 83.074170 4.450350
1452 2749 82.379610 10.934580
1452 202702 70.900950 30.684280
1452 201568 71.204460 15.507780
1452 203914 73.144210 39.035160
1452 203999 87.456110 17.095720
1452 201945 67.466170 45.679280
1452 202329 64.218430 8.909020
1452 203486 87.981570 15.143140
1452 204025 82.506880 4.164210
1452 203086 62.848320 33.655650
1464 -1 83.014520 4.608530
1464 2749 82.217440 10.801140
1464 202702 71.378140 30.388560
1464 201568 71.101770 15.427480
1464 203914 73.610020 38.872590
1464 203999 87.343210 16.931040
1464 201945 67.972760 45.842970
1464 202329 64.052480 9.440240
1464 203486 87.445800 15.083870
1464 204025 82.433760 4.327640
1464 203086 62.642340 33.486490
1476 -1 83.059450 4.594270
1476 2749 82.139050 10.720080
1476 202702 71.849610 30.113500
1476 201568 71.059910 15.414800
1476 203914 74.108050 38.680200
1476 203999 87.195210 16.745010
1476 201945 68.623230 46.068940
1476 202329 63.870740 10.019560
1476 203486 86.898860 14.915460
1476 204025 82.515880 4.311820
1476 203086 62.452160 33.305540
1488 -1 83.207070 4.344310
1488 2749 82.125430 10.652780
1488 202702 72.293350 29.874480
1488 201568 71.103630 15.483570
1488 203914 74.611420 38.441930
1488 203999 87.154050 16.634530
1488 201945 69.447150 46.263600
1488 202329 63.694050 10.629200
1488 203486 86.391590 14.777650
1488 204025 82.682610 4.184410
1488 203086 62.369450 33.113100
1500 -1 83.284710 4.027980
1500 2749 82.096210 10.555520
1500 202702 72.698240 29.643140
1500 201568 71.151210 15.619240
1500 203914 75.128740 38.196730
1500 203999 87.004780 16.617700
1500 201945 70.343410 46.462820
1500 202329 63.532220 11.262680
1500 203486 85.959810 14.506540
1500 204025 82.874960 3.982300
1500 203086 62.381720 32.873880
1512 -1 83.448270 3.707590
1512 2749 82.032670 10.404850
1512 202702 73.068380 29.386180
1512 201568 71.302770 15.802440
1512 203914 75.696950 38.009780
1512 203999 86.837360 16.539040
1512 201945 71.263280 46.649010
1512 202329 63.386160 11.932200
1512 203486 85.460480 14.182750
1512 204025 83.053320 3.759850
1512 203086 62.448430 32.624670
1524 -1 83.727640 3.366730
1524 2749 81.975430 10.217370
1524 202702 73.421180 29.120640
1524 201568 71.475340 16.080740
1524 203914 76.315900 37.905430
1524 203999 86.718650 16.468130
1524 201945 72.239840 46.817280
1524 202329 63.258930 12.651840
1524 203486 84.867400 13.868570
1524 204025 83.250330 3.515740
1524 203086 62.558390 32.379820
1536 -1 83.731960 3.237970
1536 2749 81.972960 10.002080
1536 202702 73.745450 28.892630
1536 201568 71.571830 16.432160
1536 203914 76.993650 37.798370
1536 203999 86.640430 16.370120
1536 201945 73.255520 46.914640
1536 202329 63.142670 13.419160
1536 203486 84.222180 13.521590
1536 204025 83.404560 3.306260
1536 203086 62.627730 32.113040
1548 -1 83.905080 4.036730
1548 2749 82.019630 9.738060
1548 202702 74.034320 28.687200
1548 201568 71.637220 16.789810
1548 203914 77.727270 37.711720
1548 203999 86.463280 16.153650
1548 201945 74.233990 47.007090
1548 202329 63.066080 14.240060
1548 203486 83.448140 13.140330
1548 204025 83.480990 3.093530
1548 203086 62.676240 31.841900
1560 -1 83.879150 3.887950
1560 2749 82.241620 9.456150
1560 202702 74.265390 28.521740
1560 201568 71.747250 17.180750
1560 203914 78.505390 37.575470
1560 203999 86.243130 15.845530
1560 201945 75.223930 47.044470
1560 202329 63.089590 15.146560
1560 203486 82.627760 12.788960
1560 204025 83.517260 2.907730
1560 203086 62.709750 31.590630
1572 -1 83.644530 3.152120
1572 2749 82.517320 9.185620
1572 202702 74.431900 28.366960
1572 201568 71.898620 17.629480
1572 203914 79.319570 37.401700
1572 203999 86.063380 15.571140
1572 201945 76.196620 47.117270
1572 202329 63.211010 16.107600
1572 203486 81.799400 12.461990
1572 204025 83.530540 2.736590
1572 203086 62.785500 31.424660
1584 -1 83.919180 3.729960
1584 2749 82.757020 8.873410
1584 202702 74.525660 28.204170
1584 201568 72.069940 18.081980
1584 203914 80.136910 37.195290
1584 203999 85.820160 15.256680
1584 201945 77.115110 47.222470
1584 202329 63.454740 17.104330
1584 203486 81.012450 12.084670
1584 204025 83.501830 2.611590
1584 203086 62.857850 31.290370
1596 -1 84.381790 5.632120
1596 2749 83.004010 8.570920
1596 202702 74.567600 28.003650
1596 201568 72.340450 18.538260
1596 203914 80.939280 37.039540
1596 203999 85.504360 15.034370
1596 201945 77.970560 47.375200
1596 202329 63.844530 18.143410
1596 203486 80.287300 11.686770
1596 204025 83.525670 2.503870
1596 203086 62.996180 31.314040
1608 -1 84.901480 7.703500
1608 2749 83.281620 8.228140
1608 202702 74.567770 27.838340
1608 201568 72.776130 19.001550
1608 203914 81.736450 36.899590
1608 203999 85.184580 14.970950
1608 201945 78.768750 47.501840
1608 202329 64.335700 19.204830
1608 203486 79.738670 11.398500
1608 204025 83.664750 2.465590
1608 203086 63.188510 31.438600
1620 -1 85.636900 9.758410
1620 2749 83.478470 7.846350
1620 202702 74.554140 27.760650
1620 201568 73.331830 19.422220
1620 203914 82.550470 36.802850
1620 203999 84.917470 15.022120
1620 201945 79.503660 47.541460
1620 202329 64.875890 20.207320
1620 203486 79.330180 11.163430
1620 204025 83.861320 2.424070
1620 203086 63.387910 31.587900
1632 -1 85.933080 11.783570
1632 2749 83.658870 7.448070
1632 202702 74.590290 27.801710
1632 201568 73.956900 19.833630
1632 203914 83.328450 36.656790
1632 203999 84.677350 15.136470
1632 201945 80.161980 47.467160
1632 202329 65.507980 21.090780
1632 203486 79.085670 11.007850
1632 204025 84.066250 2.317000
1632 203086 63.487770 31.655410
1644 -1 86.397220 13.791060
1644 2749 83.884870 7.106670
1644 202702 74.713170 27.900650
1644 201568 74.701240 20.280660
1644 203914 84.097520 36.450230
1644 203999 84.506110 15.371520
1644 201945 80.717300 47.247150
1644 202329 66.254220 21.856710
1644 203486 78.959340 10.995470
1644 204025 84.296900 2.111510
1644 203086 63.538830 31.693950
1656 -1 86.853340 15.845600
1656 2749 84.156000 6.789760
1656 202702 74.913080 28.072140
1656 201568 75.547420 20.769860
1656 203914 84.835430 36.159270
1656 203999 84.408300 15.649370
1656 201945 81.200530 46.908260
1656 202329 67.079600 22.462540
1656 203486 78.922640 11.234190
1656 204025 84.504000 1.838550
1656 203086 63.482760 31.584180
1668 -1 87.441240 17.886970
1668 2749 84.478150 6.594290
1668 202702 75.218490 28.275380
1668 201568 76.510470 21.306200
1668 203914 85.499660 35.620020
1668 203999 84.326890 15.974250
1668 201945 81.600150 46.521670
1668 202329 68.018250 22.915330
1668 203486 78.962690 11.601700
1668 204025 84.641430 1.563030
1668 203086 63.314980 31.388600
1680 -1 87.867590 19.756100
1680 2749 84.844350 6.535520
1680 202702 75.656240 28.445740
1680 201568 77.563620 21.899800
1680 203914 86.039760 35.139440
1680 203999 84.248130 16.356560
1680 201945 81.891580 46.066860
1680 202329 69.098300 23.199980
1680 203486 79.088340 12.012350
1680 204025 84.725020 1.346200
1680 203086 63.071810 31.178620
1692 -1 88.346120 21.924210
1692 2749 85.308590 6.602550
1692 202702 76.156610 28.555470
1692 201568 78.671240 22.445190
1692 203914 86.460850 34.613780
1692 203999 84.225140 16.799680
1692 201945 82.111660 45.555000
1692 202329 70.308230 23.426100
1692 203486 79.283830 12.557430
1692 204025 84.788990 1.212680
1692 203086 62.789960 30.994610
1704 -1 88.880590 23.704130
1704 2749 85.840020 6.767050
1704 202702 76.691550 28.644740
1704 201568 79.798910 22.970580
1704 203914 86.754530 34.063210
1704 203999 84.246200 17.296870
1704 201945 82.270450 45.017900
1704 202329 71.560710 23.564250
1704 203486 79.621960 13.103310
1704 204025 84.814420 1.169220
1704 203086 62.469020 30.868790
1716 -1 88.872970 24.970340
1716 2749 86.357690 6.977570
1716 202702 77.257190 28.704780
1716 201568 80.952900 23.493940
1716 203914 86.985540 33.490640
1716 203999 84.242180 17.758930
1716 201945 82.349350 44.486530
1716 202329 72.836320 23.672170
1716 203486 80.031210 13.633210
1716 204025 84.783200 1.216420
1716 203086 62.101650 30.788200
1728 -1 88.139540 24.646000
1728 2749 86.848110 7.216360
1728 202702 77.817000 28.683470
1728 201568 82.087550 24.014860
1728 203914 87.174270 33.069310
1728 203999 84.296850 18.193040
1728 201945 82.315120 43.918840
1728 202329 74.119860 23.711250
1728 203486 80.491610 14.045920
1728 204025 84.704900 1.361410
1728 203086 61.697100 30.744130
1740 -1 87.636770 24.225220
1740 2749 87.312800 7.442440
1740 202702 78.355700 28.603330
1740 201568 83.186190 24.552260
1740 203914 87.323590 32.551190
1740 203999 84.343790 18.584550
1740 201945 82.198550 43.361820
1740 202329 75.377000 23.705120
1740 203486 80.891460 14.533950
1740 204025 84.636230 1.569970
1740 203086 61.276390 30.745930
1752 -1 87.241480 23.920880
1752 2749 87.746200 7.671830
1752 202702 78.919660 28.451570
1752 201568 84.229150 25.036500
1752 203914 87.319590 32.056790
1752 203999 84.331360 18.943990
1752 201945 81.942780 42.810420
1752 202329 76.538120 23.651360
1752 203486 81.238390 14.969550
1752 204025 84.538900 1.928410
1752 203086 60.823370 30.708400
1764 -1 86.966320 23.488120
1764 2749 88.130800 7.900790
1764 202702 79.431570 28.290680
1764 201568 85.178070 25.392050
1764 203914 87.155740 31.711640
1764 203999 84.291240 19.197510
1764 201945 81.511200 42.253130
1764 202329 77.619590 23.581530
1764 203486 81.371220 15.491570
1764 204025 84.426050 2.389010
1764 203086 60.324230 30.628750
1776 -1 86.968450 23.360480
1776 2749 88.477890 8.153360
1776 202702 79.832980 28.168570
1776 201568 86.082560 25.598350
1776 203914 86.890920 31.488010
1776 203999 84.280190 19.394220
1776 201945 80.935670 41.700100
1776 202329 78.562860 23.472620
1776 203486 81.274590 15.937650
1776 204025 84.330440 2.991860
1776 203086 59.816950 30.540140
1788 -1 87.424500 23.497590
1788 2749 88.801940 8.431970
1788 202702 80.075600 28.112940
1788 201568 86.998920 25.700020
1788 203914 86.503800 31.390870
1788 203999 84.245620 19.500020
1788 201945 80.233040 41.169360
1788 202329 79.286040 23.367160
1788 203486 80.976420 16.415270
1788 204025 84.285930 3.688110
1788 203086 59.280090 30.461330
1800 -1 88.163450 23.754470
1800 2749 89.073770 8.728180
1800 202702 80.090370 28.038390
1800 201568 87.906660 25.777530
1800 203914 85.897390 31.448370
1800 203999 84.245210 19.505510
1800 201945 79.376340 40.618910
1800 202329 79.764800 23.311580
1800 203486 80.509230 16.876280
1800 204025 84.285260 4.453260
1800 203086 58.688370 30.347430
1812 -1 89.326890 24.168650
1812 2749 89.286530 9.000350
1812 202702 79.915740 27.989190
1812 201568 88.762250 25.946870
1812 203914 85.184960 31.691850
1812 203999 84.249630 19.456030
1812 201945 78.416810 40.072600
1812 202329 80.023150 23.278980
1812 203486 79.865060 17.315500
1812 204025 84.381090 5.232000
1812 203086 58.077830 30.243630
1824 -1 90.394240 25.280400
1824 2749 89.462840 9.259140
1824 202702 79.526520 28.004280
1824 201568 89.601620 26.137100
1824 203914 84.379860 31.970800
1824 203999 84.204290 19.397280
1824 201945 77.356170 39.556520
1824 202329 80.050160 23.311990
1824 203486 79.037080 17.701480
1824 204025 84.544310 6.016050
1824 203086 57.449480 30.135030
1836 -1 91.191530 26.258690
1836 2749 89.658260 9.601270
1836 202702 78.992540 28.052280
1836 201568 90.406060 26.401110
1836 203914 83.377400 32.291570
1836 203999 84.088250 19.376330
1836 201945 76.192250 39.053200
1836 202329 79.888220 23.434100
1836 203486 78.110390 18.052570
1836 204025 84.758090 6.767980
1836 203086 56.753110 30.040570
1848 -1 91.801300 26.349260
1848 2749 89.835610 10.056170
1848 202702 78.329140 28.092030
1848 201568 91.052860 26.665400
1848 203914 82.195120 32.691260
1848 203999 83.883880 19.383290
1848 201945 74.955220 38.582720
1848 202329 79.580780 23.571110
1848 203486 77.056270 18.404680
1848 204025 85.002260 7.548010
1848 203086 55.954330 29.919070
1860 -1 92.264330 26.295510
1860 2749 90.012800 10.652840
1860 202702 77.548120 28.179050
1860 201568 91.517240 26.827590
1860 203914 80.930900 33.156750
1860 203999 83.631240 19.407960
1860 201945 73.635990 38.176510
1860 202329 79.187750 23.746660
1860 203486 75.876420 18.686320
1860 204025 85.224480 8.435710
1860 203086 55.106630 29.771820
1872 -1 92.685890 26.411830
1872 2749 90.153070 11.406150
1872 202702 76.614450 28.284630
1872 201568 91.911310 26.910480
1872 203914 79.578890 33.687370
1872 203999 83.338380 19.413460
1872 201945 72.260220 37.800650
1872 202329 78.677900 23.932520
1872 203486 74.546540 18.924290
1872 204025 85.404420 9.352480
1872 203086 54.165430 29.575680
1884 -1 92.908820 26.354040
1884 2749 90.289060 12.282120
1884 202702 75.594140 28.351940
1884 201568 92.187330 26.905100
1884 203914 78.125440 34.290170
1884 203999 83.012590 19.422060
1884 201945 70.848160 37.457780
1884 202329 78.018000 24.100650
1884 203486 73.211350 19.129890
1884 204025 85.555450 10.343280
1884 203086 53.140480 29.360840