0 -1 35.233200 40.604690
0 101179 24.805920 8.057650
0 202720 29.132410 11.663670
0 202339 25.677850 38.734090
0 203458 9.404330 29.171040
0 203933 40.506510 45.943650
0 200765 51.561290 12.128210
0 200752 40.437600 32.905780
0 201158 53.470950 26.825500
0 201956 45.102790 28.297700
0 1626161 52.065350 30.313460
12 -1 39.866800 41.896640
12 101179 26.421950 8.123630
12 202720 30.785860 11.745530
12 202339 27.056340 39.382720
12 203458 10.937570 28.981240
12 203933 42.981870 45.856440
12 200765 53.079700 12.540240
12 200752 42.402320 33.739040
12 201158 54.283680 27.896110
12 201956 46.475210 27.621500
12 1626161 53.957820 29.918050
24 -1 44.594790 43.120540
24 101179 28.035510 8.117530
24 202720 32.516950 11.913150
24 202339 28.478590 39.964150
24 203458 12.543880 28.768260
24 203933 45.567390 45.675160
24 200765 54.604680 12.987440
24 200752 44.404760 34.485170
24 201158 55.124750 29.122610
24 201956 47.913550 27.061100
24 1626161 55.893610 29.625780
36 -1 48.755760 44.070250
36 101179 29.667270 8.117870
36 202720 34.242890 11.959790
36 202339 29.881150 40.460280
36 203458 14.175680 28.555590
36 203933 48.169130 45.393060
36 200765 56.134970 13.425670
36 200752 46.486730 35.200560
36 201158 56.067320 30.367770
36 201956 49.397560 26.597390
36 1626161 57.772120 29.413140
48 -1 51.243410 43.379530
48 101179 31.356140 8.095690
48 202720 35.990680 11.955260
48 202339 31.413740 40.886340
48 203458 15.849560 28.332880
48 203933 50.796230 45.091910
48 200765 57.650110 13.791830
48 200752 48.611610 35.914860
48 201158 57.104370 31.574240
48 201956 50.939510 26.235110
48 1626161 59.873300 29.441910
60 -1 54.555210 43.059980
60 101179 33.032920 8.098260
60 202720 37.780730 11.992630
60 202339 32.962380 41.234230
60 203458 17.563620 28.142520
60 203933 53.472770 44.667050
60 200765 59.131870 14.186960
60 200752 50.806120 36.549430
60 201158 57.965140 32.520210
60 201956 52.494340 25.922970
60 1626161 62.141230 29.505830
72 -1 58.419990 43.127850
72 101179 34.731960 8.165840
72 202720 39.615520 12.027670
72 202339 34.494270 41.505790
72 203458 19.314810 27.956340
72 203933 56.149290 44.157890
72 200765 60.611290 14.582910
72 200752 53.053590 37.020970
72 201158 59.590640 33.237240
72 201956 54.060570 25.689580
72 1626161 63.914280 29.741320
84 -1 60.558380 43.234830
84 101179 36.453220 8.299190
84 202720 41.479280 11.989210
84 202339 36.043760 41.682960
84 203458 21.055140 27.727480
84 203933 58.742500 43.574830
84 200765 62.095950 14.949000
84 200752 55.300220 37.431260
84 201158 61.460330 33.703950
84 201956 55.599340 25.503740
84 1626161 65.703610 29.877480
96 -1 62.613490 43.242590
96 101179 38.149270 8.567690
96 202720 43.378020 12.038360
96 202339 37.596850 41.828080
96 203458 22.752220 27.447780
96 203933 61.324720 42.945160
96 200765 63.568990 15.316120
96 200752 57.563980 37.772910
96 201158 63.294060 34.067200
96 201956 57.122580 25.368840
96 1626161 67.636080 29.995260
108 -1 64.897920 42.767870
108 101179 39.842480 8.967330
108 202720 45.328680 12.050270
108 202339 39.148510 41.928090
108 203458 24.433570 27.221760
108 203933 63.871130 42.178010
108 200765 65.021900 15.691610
108 200752 59.799260 37.854650
108 201158 65.006720 34.417560
108 201956 58.667010 25.327950
108 1626161 69.475950 30.218480
120 -1 67.228800 42.331500
120 101179 41.533470 9.464100
120 202720 47.267120 12.030370
120 202339 40.724030 42.014620
120 203458 26.066650 26.994290
120 203933 66.343180 41.457730
120 200765 66.468000 16.006320
120 200752 62.052290 37.956160
120 201158 66.805060 34.756970
120 201956 60.118250 25.321030
120 1626161 71.249560 30.568230
132 -1 69.595020 41.641500
132 101179 43.165760 10.029930
132 202720 49.241530 12.049470
132 202339 42.281520 42.081310
132 203458 27.604470 26.759390
132 203933 68.689160 40.677440
132 200765 67.893840 16.267930
132 200752 64.194550 37.899830
132 201158 68.648300 34.861050
132 201956 61.494770 25.337150
132 1626161 73.265520 30.690700
144 -1 72.167810 40.809450
144 101179 44.793990 10.664500
144 202720 51.210820 12.040850
144 202339 43.864100 42.098480
144 203458 29.070130 26.596720
144 203933 70.967930 39.976820
144 200765 69.310170 16.515280
144 200752 66.257040 37.640530
144 201158 70.400450 34.945690
144 201956 62.919680 25.382530
144 1626161 75.147890 30.870190
156 -1 74.930430 40.319440
156 101179 46.422290 11.318320
156 202720 53.200220 12.021460
156 202339 45.439740 42.101780
156 203458 30.450040 26.483160
156 203933 73.105990 39.551860
156 200765 70.715910 16.736630
156 200752 68.262600 37.025700
156 201158 72.262140 34.928980
156 201956 64.297250 25.391940
156 1626161 76.891290 31.087490
168 -1 76.740790 40.245350
168 101179 47.973720 12.091490
168 202720 55.142990 12.001340
168 202339 46.999670 42.127120
168 203458 31.697120 26.263810
168 203933 75.117600 39.399020
168 200765 72.085310 16.977710
168 200752 70.092990 36.533420
168 201158 74.335870 34.649720
168 201956 65.570020 25.342180
168 1626161 78.561540 31.301510
180 -1 78.200450 40.358460
180 101179 49.441520 12.968280
180 202720 57.107350 11.928420
180 202339 48.550160 42.144190
180 203458 32.928120 26.070560
180 203933 77.023420 39.353530
180 200765 73.370490 17.191980
180 200752 71.689470 35.946340
180 201158 76.193650 34.451100
180 201956 66.835060 25.313280
180 1626161 80.091370 31.482750
192 -1 79.720920 40.411120
192 101179 50.848300 13.863890
192 202720 59.015080 11.789130
192 202339 50.130430 42.139760
192 203458 34.180360 25.980120
192 203933 78.796390 39.554760
192 200765 74.599820 17.365690
192 200752 73.214610 35.465830
192 201158 77.684090 34.457070
192 201956 68.069370 25.240380
192 1626161 81.393930 31.671870
204 -1 81.523810 40.268900
204 101179 52.105670 14.806320
204 202720 60.864830 11.652980
204 202339 51.657870 42.192710
204 203458 35.412550 25.850420
204 203933 80.399650 39.911920
204 200765 75.767290 17.492900
204 200752 74.603290 35.156730
204 201158 79.047250 34.460730
204 201956 69.127150 25.129450
204 1626161 82.553500 31.866380
216 -1 83.260500 40.297870
216 101179 53.206910 15.865490
216 202720 62.680600 11.446840
216 202339 53.164520 42.248440
216 203458 36.704580 25.716230
216 203933 81.855040 40.295560
216 200765 76.850140 17.595360
216 200752 75.802000 35.103080
216 201158 80.229420 34.548540
216 201956 70.055640 25.024090
216 1626161 83.592880 32.006850
228 -1 84.803320 40.949310
228 101179 54.209970 16.928630
228 202720 64.502280 11.156730
228 202339 54.655790 42.306230
228 203458 38.022840 25.649780
228 203933 83.125100 40.793160
228 200765 77.851450 17.681310
228 200752 76.843850 35.057610
228 201158 81.117980 34.913440
228 201956 70.832230 24.885660
228 1626161 84.509160 32.054650
240 -1 85.830240 41.833120
240 101179 55.049940 18.023240
240 202720 66.286860 10.917370
240 202339 56.134460 42.393080
240 203458 39.368750 25.589600
240 203933 84.126590 41.383170
240 200765 78.782190 17.796480
240 200752 77.609590 34.973180
240 201158 82.000400 35.382090
240 201956 71.409160 24.709020
240 1626161 85.264650 32.053810
252 -1 86.446230 42.366580
252 101179 55.710390 19.136460
252 202720 68.073070 10.658450
252 202339 57.577360 42.481480
252 203458 40.742740 25.471570
252 203933 84.888020 42.020720
252 200765 79.652240 17.934430
252 200752 78.054390 34.970630
252 201158 82.804190 35.986970
252 201956 71.819590 24.511240
252 1626161 85.809200 32.031960
264 -1 86.703510 42.649400
264 101179 56.217350 20.252970
264 202720 69.868540 10.358370
264 202339 58.937100 42.586410
264 203458 42.126280 25.403970
264 203933 85.449970 42.673830
264 200765 80.425430 18.046980
264 200752 78.247380 34.971630
264 201158 83.568590 36.639940
264 201956 72.113300 24.305700
264 1626161 86.235590 31.958820
276 -1 86.598110 42.825850
276 101179 56.634550 21.237530
276 202720 71.624350 10.074290
276 202339 60.215100 42.701460
276 203458 43.516380 25.381370
276 203933 85.800160 43.307200
276 200765 81.104410 18.127200
276 200752 78.154850 35.071900
276 201158 84.197880 37.323920
276 201956 72.325910 23.995790
276 1626161 86.488600 31.841560
288 -1 86.170980 42.896220
288 101179 56.954630 22.103820
288 202720 73.290800 9.878400
288 202339 61.472050 42.815620
288 203458 44.950090 25.383100
288 203933 85.939520 43.855870
288 200765 81.688830 18.183520
288 200752 77.893930 35.244990
288 201158 84.659020 37.960890
288 201956 72.674460 23.472920
288 1626161 86.601970 31.692940
300 -1 85.462180 43.537420
300 101179 57.267430 22.883470
300 202720 74.929830 9.673570
300 202339 62.645840 42.940620
300 203458 46.301440 25.317860
300 203933 86.013840 44.415540
300 200765 82.169750 18.223600
300 200752 77.577890 35.507320
300 201158 84.949620 38.565990
300 201956 72.991500 22.978930
300 1626161 86.591040 31.478790
312 -1 84.019220 44.112410
312 101179 57.575750 23.626650
312 202720 76.535990 9.496830
312 202339 63.717790 43.152280
312 203458 47.622610 25.232540
312 203933 86.007540 44.979120
312 200765 82.504110 18.256810
312 200752 77.217730 35.807390
312 201158 85.145080 39.092860
312 201956 73.432430 22.368010
312 1626161 86.485290 31.215530
324 -1 80.420360 43.973920
324 101179 57.887450 24.304120
324 202720 78.072050 9.430200
324 202339 64.696550 43.350790
324 203458 49.014270 25.086690
324 203933 85.939580 45.540020
324 200765 82.731030 18.326930
324 200752 76.805750 36.142650
324 201158 85.190480 39.613780
324 201956 73.969710 21.669880
324 1626161 86.277600 30.904090
336 -1 76.679030 43.749610
336 101179 58.172180 24.924640
336 202720 79.541690 9.469940
336 202339 65.518100 43.498920
336 203458 50.412660 24.878170
336 203933 85.875100 46.090840
336 200765 82.801570 18.451660
336 200752 76.407520 36.520460
336 201158 85.246830 40.056130
336 201956 74.656590 20.965790
336 1626161 86.019220 30.587990
348 -1 73.106610 43.655430
348 101179 58.433400 25.447450
348 202720 80.923740 9.613380
348 202339 66.155980 43.617180
348 203458 51.765120 24.593720
348 203933 85.858080 46.520060
348 200765 82.693640 18.635680
348 200752 76.012660 36.901730
348 201158 85.369830 40.419160
348 201956 75.351620 20.390770
348 1626161 85.703370 30.254070
360 -1 69.449440 43.547770
360 101179 58.630460 25.800560
360 202720 82.218610 9.843910
360 202339 66.671800 43.664420
360 203458 53.174290 24.297410
360 203933 85.808670 46.834010
360 200765 82.447010 18.865500
360 200752 75.638160 37.236240
360 201158 85.535310 40.697600
360 201956 76.216550 19.720060
360 1626161 85.336420 29.921470
372 -1 67.891140 43.438560
372 101179 58.748610 26.047150
372 202720 83.373100 10.205500
372 202339 67.121630 43.615740
372 203458 54.585740 23.879660
372 203933 85.753010 47.054030
372 200765 82.019280 19.205360
372 200752 75.268730 37.478240
372 201158 85.699030 40.942710
372 201956 77.136790 19.050400
372 1626161 84.916410 29.578300
384 -1 68.270980 43.375610
384 101179 58.840080 26.238230
384 202720 84.417510 10.606670
384 202339 67.496170 43.529890
384 203458 55.900950 23.387610
384 203933 85.663340 47.241490
384 200765 81.426060 19.682190
384 200752 74.911900 37.612580
384 201158 85.809610 41.188490
384 201956 78.133610 18.468760
384 1626161 84.463350 29.235220
396 -1 68.823600 43.116610
396 101179 58.945640 26.423080
396 202720 85.321170 11.048250
396 202339 67.832830 43.465530
396 203458 57.194450 22.811780
396 203933 85.521100 47.404970
396 200765 80.706990 20.216030
396 200752 74.579260 37.634010
396 201158 85.849120 41.425060
396 201956 79.161390 18.018960
396 1626161 83.965590 28.900510
408 -1 68.897620 43.255530
408 101179 59.036790 26.581830
408 202720 86.081970 11.454610
408 202339 68.093300 43.376370
408 203458 58.524730 22.170020
408 203933 85.351800 47.630720
408 200765 79.865280 20.801840
408 200752 74.288620 37.610150
408 201158 85.823720 41.633020
408 201956 80.079780 17.786390
408 1626161 83.406120 28.554220
420 -1 68.672400 43.030400
420 101179 59.147810 26.745750
420 202720 86.657750 11.843070
420 202339 68.273460 43.351470
420 203458 59.815580 21.452470
420 203933 85.170630 47.908920
420 200765 78.894860 21.438230
420 200752 74.040730 37.570940
420 201158 85.750600 41.845930
420 201956 80.967650 17.673270
420 1626161 82.825960 28.185730
432 -1 68.268240 42.480210
432 101179 59.305370 26.852200
432 202720 87.060260 12.191140
432 202339 68.368890 43.316890
432 203458 61.056980 20.729450
432 203933 85.038610 48.193410
432 200765 77.888030 22.049110
432 200752 73.855700 37.549610
432 201158 85.675960 42.050520
432 201956 81.765380 17.737820
432 1626161 82.229720 27.803810
444 -1 67.291690 40.049290
444 101179 59.485190 26.844890
444 202720 87.324430 12.486920
444 202339 68.434890 43.338420
444 203458 62.324030 19.994810
444 203933 84.980720 48.440090
444 200765 76.793300 22.716930
444 200752 73.744800 37.549390
444 201158 85.652300 42.255280
444 201956 82.489160 17.872080
444 1626161 81.623010 27.384800
456 -1 65.669820 36.363460
456 101179 59.624540 26.672270
456 202720 87.484080 12.719460
456 202339 68.543740 43.419190
456 203458 63.546710 19.240490
456 203933 84.960960 48.653590
456 200765 75.621380 23.264690
456 200752 73.685000 37.553300
456 201158 85.657170 42.461750
456 201956 83.121260 18.029050
456 1626161 81.023880 26.927920
468 -1 64.092760 32.775710
468 101179 59.756010 26.409320
468 202720 87.584060 12.908080
468 202339 68.702550 43.569680
468 203458 64.684810 18.484360
468 203933 85.002520 48.818460
468 200765 74.474770 23.743060
468 200752 73.631530 37.541020
468 201158 85.698870 42.658580
468 201956 83.783280 18.100840
468 1626161 80.496370 26.276440
480 -1 62.553300 29.309520
480 101179 59.941080 26.101400
480 202720 87.632400 13.098500
480 202339 68.911580 43.687700
480 203458 65.775800 17.775260
480 203933 85.107790 48.917310
480 200765 73.327330 24.146550
480 200752 73.589210 37.507950
480 201158 85.775950 42.814910
480 201956 84.406840 18.147380
480 1626161 79.955280 25.665760
492 -1 61.548460 26.517300
492 101179 60.156690 25.700240
492 202720 87.633400 13.257410
492 202339 69.103710 43.858510
492 203458 66.869740 17.092760
492 203933 85.245210 48.983500
492 200765 72.156930 24.498710
492 200752 73.563640 37.477540
492 201158 85.864340 42.917180
492 201956 85.006840 18.124840
492 1626161 79.431920 25.123490
504 -1 61.441420 25.639830
504 101179 60.344400 25.251370
504 202720 87.514910 13.298870
504 202339 69.294020 44.000090
504 203458 67.887440 16.460630
504 203933 85.401020 49.029120
504 200765 71.060500 24.654500
504 200752 73.545320 37.479040
504 201158 85.944490 42.903450
504 201956 85.563370 18.105400
504 1626161 79.055600 24.490400
516 -1 61.346620 25.035890
516 101179 60.562480 24.873140
516 202720 87.350310 13.173940
516 202339 69.403680 44.077550
516 203458 68.873270 15.881210
516 203933 85.598850 49.038880
516 200765 70.151770 24.792630
516 200752 73.562960 37.536420
516 201158 86.033100 42.789390
516 201956 86.058770 18.035000
516 1626161 78.693020 23.867470
528 -1 61.146080 24.382890
528 101179 60.795470 24.573550
528 202720 87.112180 12.883790
528 202339 69.396940 44.136490
528 203458 69.799270 15.352430
528 203933 85.787690 49.026720
528 200765 69.391630 24.825150
528 200752 73.614290 37.643710
528 201158 86.131230 42.609950
528 201956 86.454720 17.928950
528 1626161 78.283690 23.413800
540 -1 61.348880 23.863780
540 101179 60.987280 24.329720
540 202720 86.819400 12.390660
540 202339 69.280400 44.217550
540 203458 70.617000 14.882790
540 203933 85.966610 48.994830
540 200765 68.833550 24.748420
540 200752 73.676690 37.728660
540 201158 86.206330 42.390300
540 201956 86.750380 17.787660
540 1626161 78.015000 22.809930
552 -1 61.487110 23.704290
552 101179 61.136230 24.265800
552 202720 86.491820 11.718630
552 202339 69.165970 44.268050
552 203458 71.217860 14.518010
552 203933 86.127880 48.958860
552 200765 68.482870 24.608270
552 200752 73.702020 37.778870
552 201158 86.269510 42.133530
552 201956 86.913650 17.664970
552 1626161 77.838310 22.085940
564 -1 61.691300 24.297350
564 101179 61.279580 24.320300
564 202720 86.167640 10.881170
564 202339 69.085190 44.305400
564 203458 71.628430 14.258440
564 203933 86.259200 48.919220
564 200765 68.278790 24.462410
564 200752 73.677570 37.761810
564 201158 86.300580 41.866110
564 201956 86.961250 17.449920
564 1626161 77.587360 21.421080
576 -1 61.787070 24.663480
576 101179 61.384560 24.429080
576 202720 85.788230 10.001460
576 202339 69.056350 44.325380
576 203458 71.841010 14.079000
576 203933 86.352200 48.893480
576 200765 68.160780 24.352890
576 200752 73.576220 37.696020
576 201158 86.317830 41.595850
576 201956 86.896240 17.144590
576 1626161 77.383050 20.712810
588 -1 61.785440 24.788010
588 101179 61.454360 24.537130
588 202720 85.408260 9.103320
588 202339 69.093960 44.329030
588 203458 71.826080 14.018460
588 203933 86.386030 48.872580
588 200765 68.083070 24.317190
588 200752 73.407130 37.617840
588 201158 86.283260 41.305780
588 201956 86.751950 16.756560
588 1626161 77.266120 19.980770
600 -1 61.842660 24.737230
600 101179 61.482750 24.631090
600 202720 84.989750 8.215680
600 202339 69.172840 44.312320
600 203458 71.593150 14.121000
600 203933 86.371500 48.862710
600 200765 68.022000 24.352650
600 200752 73.172450 37.588160
600 201158 86.214600 40.993550
600 201956 86.560540 16.309630
600 1626161 77.138880 19.339510
612 -1 61.811990 24.716940
612 101179 61.472900 24.628030
612 202720 84.514860 7.325740
612 202339 69.231020 44.304330
612 203458 71.302620 14.312800
612 203933 86.312740 48.865200
612 200765 67.978220 24.396890
612 200752 72.910290 37.618310
612 201158 86.127100 40.631560
612 201956 86.334960 15.793750
612 1626161 77.020650 18.766680
624 -1 61.774350 24.536940
624 101179 61.454910 24.551790
624 202720 84.056700 6.550390
624 202339 69.258750 44.325620
624 203458 70.960220 14.559150
624 203933 86.240730 48.868040
624 200765 67.936290 24.424000
624 200752 72.648850 37.688010
624 201158 86.045710 40.238610
624 201956 86.096100 15.236600
624 1626161 76.907820 18.246120
636 -1 61.691890 24.547070
636 101179 61.399830 24.472720
636 202720 83.589250 5.796720
636 202339 69.263060 44.381030
636 203458 70.576450 14.899290
636 203933 86.150360 48.870520
636 200765 67.886100 24.434070
636 200752 72.397230 37.767540
636 201158 85.948330 39.808840
636 201956 85.817400 14.647270
636 1626161 76.795980 17.786600
648 -1 61.544430 24.535500
648 101179 61.342800 24.391000
648 202720 83.083730 5.078660
648 202339 69.288980 44.432470
648 203458 70.299870 15.247990
648 203933 86.071520 48.871150
648 200765 67.836590 24.417680
648 200752 72.188200 37.797220
648 201158 85.879310 39.344730
648 201956 85.488610 14.060740
648 1626161 76.695220 17.410180
660 -1 61.627780 24.668250
660 101179 61.293200 24.341980
660 202720 82.617710 4.370640
660 202339 69.335310 44.495250
660 203458 70.214530 15.478020
660 203933 85.972270 48.874310
660 200765 67.789610 24.409280
660 200752 72.014370 37.794030
660 201158 85.843650 38.849510
660 201956 85.095580 13.463450
660 1626161 76.591770 17.222140
672 -1 61.670300 24.608330
672 101179 61.260850 24.336620
672 202720 82.218380 3.763700
672 202339 69.370250 44.591750
672 203458 70.252320 15.532320
672 203933 85.897610 48.867150
672 200765 67.738690 24.412390
672 200752 71.963550 37.653380
672 201158 85.809510 38.354940
672 201956 84.659270 12.903830
672 1626161 76.495090 17.124940
684 -1 61.659240 24.733240
684 101179 61.213350 24.378120
684 202720 81.742860 3.316560
684 202339 69.389380 44.691280
684 203458 70.455360 15.455200
684 203933 85.823120 48.859130
684 200765 67.690540 24.435840
684 200752 71.846570 37.600650
684 201158 85.764390 37.854760
684 201956 84.200730 12.311400
684 1626161 76.430070 17.101310
696 -1 61.660050 24.766850
696 101179 61.195540 24.394630
696 202720 81.160870 3.072500
696 202339 69.411560 44.786190
696 203458 70.804920 15.190110
696 203933 85.762460 48.856350
696 200765 67.651000 24.466090
696 200752 71.768360 37.549280
696 201158 85.699020 37.365580
696 201956 83.646160 11.707590
696 1626161 76.418720 17.138000
708 -1 61.617110 24.799120
708 101179 61.172610 24.413500
708 202720 80.530250 3.056830
708 202339 69.411880 44.872160
708 203458 71.264910 14.764060
708 203933 85.715130 48.844510
708 200765 67.621110 24.503590
708 200752 71.718370 37.531510
708 201158 85.602910 36.889130
708 201956 82.945330 11.055320
708 1626161 76.444200 17.200860
720 -1 61.574350 24.838690
720 101179 61.146690 24.408320
720 202720 79.742300 3.339670
720 202339 69.397610 44.892950
720 203458 71.783110 14.222080
720 203933 85.704280 48.824600
720 200765 67.604110 24.518210
720 200752 71.648750 37.575290
720 201158 85.475630 36.427460
720 201956 82.097680 10.405260
720 1626161 76.515080 17.173270
732 -1 61.552840 24.785330
732 101179 61.123070 24.391120
732 202720 78.902370 3.763920
732 202339 69.402760 44.848600
732 203458 72.342950 13.713010
732 203933 85.708870 48.784380
732 200765 67.604940 24.517230
732 200752 71.546270 37.717830
732 201158 85.369800 36.001620
732 201956 81.057560 9.801980
732 1626161 76.630470 17.135390
744 -1 61.547140 24.708520
744 101179 61.100480 24.451710
744 202720 78.023930 4.330370
744 202339 69.357770 44.823780
744 203458 72.905310 13.191170
744 203933 85.748320 48.718260
744 200765 67.626070 24.495420
744 200752 71.548650 37.806600
744 201158 85.284680 35.601250
744 201956 79.819330 9.240700
744 1626161 76.789080 17.002450
756 -1 61.558730 24.661630
756 101179 61.073980 24.572410
756 202720 77.172410 4.996100
756 202339 69.272560 44.787490
756 203458 73.408810 12.643380
756 203933 85.815630 48.619990
756 200765 67.651600 24.472670
756 200752 71.524930 37.941100
756 201158 85.234050 35.251150
756 201956 78.525100 8.851330
756 1626161 76.943500 16.940900
768 -1 61.428000 24.841770
768 101179 61.061550 24.733960
768 202720 76.184430 5.688270
768 202339 69.168010 44.753890
768 203458 73.776210 12.067910
768 203933 85.912400 48.512020
768 200765 67.680210 24.462430
768 200752 71.450440 38.115380
768 201158 85.213490 34.998000
768 201956 77.334280 8.615940
768 1626161 77.130480 16.952170
780 -1 61.437550 25.110280
780 101179 61.071330 24.886530
780 202720 75.177540 6.400380
780 202339 69.059600 44.750750
780 203458 74.033720 11.501100
780 203933 86.020480 48.379010
780 200765 67.716490 24.465630
780 200752 71.414230 38.236450
780 201158 85.206270 34.866010
780 201956 76.245410 8.486590
780 1626161 77.328460 17.016970
792 -1 61.450300 25.349280
792 101179 61.082640 25.001130
792 202720 74.083260 7.259460
792 202339 68.932780 44.759040
792 203458 74.150880 10.984950
792 203933 86.120900 48.253660
792 200765 67.750690 24.477510
792 200752 71.269720 38.348430
792 201158 85.183640 34.834560
792 201956 75.253100 8.430370
792 1626161 77.552410 17.078230
804 -1 61.456670 25.452550
804 101179 61.125020 25.013360
804 202720 73.033940 8.122090
804 202339 68.840670 44.742320
804 203458 74.155500 10.548040
804 203933 86.198270 48.148570
804 200765 67.785960 24.494350
804 200752 71.059330 38.460100
804 201158 85.163620 34.890800
804 201956 74.424640 8.513690
804 1626161 77.749270 17.242010
816 -1 61.489710 25.355410
816 101179 61.222200 24.939030
816 202720 72.007530 8.995020
816 202339 68.767550 44.750740
816 203458 74.179890 10.236040
816 203933 86.246230 48.066100
816 200765 67.826900 24.495590
816 200752 70.827100 38.585870
816 201158 85.146870 34.983260
816 201956 73.716520 8.710420
816 1626161 77.947960 17.388320
828 -1 61.733190 25.016320
828 101179 61.270950 24.771350
828 202720 71.132790 10.005610
828 202339 68.725110 44.763380
828 203458 74.261380 10.046020
828 203933 86.249890 47.997970
828 200765 67.852380 24.397950
828 200752 70.640940 38.657140
828 201158 85.130020 35.071340
828 201956 73.010260 9.048230
828 1626161 78.142410 17.368660
840 -1 62.346460 24.675850
840 101179 61.274690 24.567730
840 202720 70.408580 11.069780
840 202339 68.710350 44.763050
840 203458 74.424740 10.034290
840 203933 86.222630 47.965160
840 200765 67.886410 24.276900
840 200752 70.513050 38.724560
840 201158 85.128230 35.103590
840 201956 72.464460 9.564170
840 1626161 78.307860 17.496910
852 -1 62.129280 24.254180
852 101179 61.281040 24.367270
852 202720 69.878070 12.186570
852 202339 68.712990 44.782780
852 203458 74.680200 10.128380
852 203933 86.188010 47.950330
852 200765 67.926830 24.067210
852 200752 70.503630 38.834850
852 201158 85.139300 35.085560
852 201956 72.206340 10.164290
852 1626161 78.452240 17.707390
864 -1 62.242200 23.962300
864 101179 61.259770 24.213730
864 202720 69.556470 13.467620
864 202339 68.728070 44.835870
864 203458 75.056750 10.209310
864 203933 86.147290 47.943540
864 200765 67.966570 23.720720
864 200752 70.628790 38.919270
864 201158 85.147370 35.034760
864 201956 71.978850 11.000630
864 1626161 78.624300 17.961410
876 -1 62.062610 23.825160
876 101179 61.207470 24.112320
876 202720 69.501330 14.829880
876 202339 68.784070 44.892070
876 203458 75.463100 10.338910
876 203933 86.106650 47.938430
876 200765 68.011520 23.428090
876 200752 70.818150 38.939130
876 201158 85.157940 34.979110
876 201956 71.923360 11.962300
876 1626161 78.812220 18.219450
888 -1 62.051950 23.729810
888 101179 61.211330 24.049090
888 202720 69.742540 16.157760
888 202339 68.851990 44.967530
888 203458 75.895200 10.547880
888 203933 86.074070 47.940100
888 200765 68.058080 23.283030
888 200752 71.004190 38.958180
888 201158 85.167070 34.914130
888 201956 72.082630 13.073190
888 1626161 78.995030 18.642910
900 -1 61.918190 23.448830
900 101179 61.209340 24.038960
900 202720 70.352690 17.441480
900 202339 68.930140 45.070080
900 203458 76.381660 10.696060
900 203933 86.053540 47.937180
900 200765 68.099880 23.193280
900 200752 71.122860 38.974250
900 201158 85.167800 34.864810
900 201956 72.309790 14.246120
900 1626161 79.203760 18.929690
912 -1 61.685280 23.100310
912 101179 61.200150 24.112570
912 202720 71.221450 18.725140
912 202339 69.003490 45.187500
912 203458 76.919960 10.774220
912 203933 86.035920 47.933070
912 200765 68.141970 23.203000
912 200752 71.186300 38.949810
912 201158 85.166130 34.825610
912 201956 72.555890 15.492980
912 1626161 79.352200 19.294910
924 -1 61.501540 23.105230
924 101179 61.189170 24.142720
924 202720 72.295510 19.859780
924 202339 69.081430 45.262940
924 203458 77.461120 10.838400
924 203933 86.029480 47.930400
924 200765 68.182040 23.346670
924 200752 71.179170 38.900440
924 201158 85.167790 34.809420
924 201956 72.972410 16.699340
924 1626161 79.514240 19.503660
936 -1 61.274130 23.165090
936 101179 61.145620 24.116870
936 202720 73.530270 20.895450
936 202339 69.104110 45.321110
936 203458 77.954940 10.843610
936 203933 86.030520 47.929780
936 200765 68.215120 23.442600
936 200752 71.181370 38.853950
936 201158 85.166320 34.787710
936 201956 73.464580 17.841270
936 1626161 79.719840 19.396310
948 -1 61.272140 23.153960
948 101179 61.156400 24.098300
948 202720 74.868700 21.849280
948 202339 69.045930 45.363900
948 203458 78.419890 10.846000
948 203933 86.031300 47.928750
948 200765 68.258120 23.480470
948 200752 71.227590 38.828510
948 201158 85.170110 34.776650
948 201956 74.105260 18.839170
948 1626161 79.909350 19.192910
960 -1 61.276300 23.065180
960 101179 61.226050 24.103040
960 202720 76.266280 22.757300
960 202339 68.917780 45.404940
960 203458 78.811180 10.971640
960 203933 86.031350 47.934290
960 200765 68.291420 23.479080
960 200752 71.302520 38.825560
960 201158 85.180550 34.766340
960 201956 74.851660 19.711360
960 1626161 80.029180 18.944440
972 -1 61.421840 22.971130
972 101179 61.292920 24.081450
972 202720 77.693300 23.490300
972 202339 68.759260 45.419850
972 203458 78.994710 11.220190
972 203933 86.030720 47.943650
972 200765 68.316050 23.468690
972 200752 71.380070 38.821430
972 201158 85.187690 34.762580
972 201956 75.638380 20.472260
972 1626161 80.236190 18.328280
984 -1 61.479700 23.174050
984 101179 61.377870 24.081470
984 202720 79.133820 24.156670
984 202339 68.581260 45.423460
984 203458 78.952640 11.599230
984 203933 86.023360 47.944620
984 200765 68.334040 23.468520
984 200752 71.442180 38.802950
984 201158 85.191940 34.761520
984 201956 76.432190 21.149720
984 1626161 80.368020 17.770940
996 -1 61.631120 23.352500
996 101179 61.496950 24.090650
996 202720 80.544100 24.750010
996 202339 68.423620 45.420270
996 203458 78.688120 12.116790
996 203933 86.021230 47.946670
996 200765 68.347590 23.488100
996 200752 71.474000 38.782470
996 201158 85.196000 34.771880
996 201956 77.249790 21.769460
996 1626161 80.295600 17.447970
1008 -1 61.756120 23.487670
1008 101179 61.590530 24.073730
1008 202720 81.941370 25.297540
1008 202339 68.326890 45.420230
1008 203458 78.222920 12.698150
1008 203933 86.025620 47.946700
1008 200765 68.361440 23.509410
1008 200752 71.472780 38.761900
1008 201158 85.195350 34.772890
1008 201956 77.999280 22.344050
1008 1626161 80.105140 17.128030
1020 -1 61.928110 23.573330
1020 101179 61.762000 23.996380
1020 202720 83.237270 25.758890
1020 202339 68.284480 45.463680
1020 203458 77.545690 13.261410
1020 203933 86.030540 47.944840
1020 200765 68.374020 23.531230
1020 200752 71.469150 38.735530
1020 201158 85.195170 34.768950
1020 201956 78.745210 22.861470
1020 1626161 79.829030 16.780780
1032 -1 62.220470 23.603270
1032 101179 61.931000 23.876210
1032 202720 84.469330 26.241820
1032 202339 68.283180 45.551330
1032 203458 76.834010 13.793270
1032 203933 86.034370 47.937140
1032 200765 68.388310 23.554470
1032 200752 71.485520 38.718410
1032 201158 85.197300 34.735210
1032 201956 79.524530 23.337750
1032 1626161 79.360510 16.693930
1044 -1 63.330240 23.327400
1044 101179 62.088900 23.789600
1044 202720 85.612180 26.749400
1044 202339 68.296560 45.676520
1044 203458 76.045570 14.336470
1044 203933 86.039110 47.939490
1044 200765 68.400550 23.598530
1044 200752 71.535780 38.732270
1044 201158 85.202800 34.682310
1044 201956 80.331820 23.715540
1044 1626161 78.785440 16.644870
1056 -1 62.920380 23.423860
1056 101179 62.270810 23.725050
1056 202720 86.638160 27.354450
1056 202339 68.326770 45.817460
1056 203458 75.335470 14.818370
1056 203933 86.039230 47.937270
1056 200765 68.432560 23.794270
1056 200752 71.612650 38.753950
1056 201158 85.205500 34.653630
1056 201956 81.101130 23.993930
1056 1626161 78.238140 16.695610
1068 -1 62.775390 23.686530
1068 101179 62.466480 23.695610
1068 202720 87.507660 28.038730
1068 202339 68.363700 45.954860
1068 203458 74.677360 15.196510
1068 203933 86.034360 47.942530
1068 200765 68.554620 24.120950
1068 200752 71.727570 38.790690
1068 201158 85.213620 34.611320
1068 201956 81.818920 24.194800
1068 1626161 77.712150 16.810670
1080 -1 63.258040 23.818470
1080 101179 62.623710 23.670340
1080 202720 88.230170 28.787090
1080 202339 68.381280 46.041360
1080 203458 74.024390 15.548580
1080 203933 86.021080 47.943590
1080 200765 68.717980 24.411020
1080 200752 71.886860 38.811420
1080 201158 85.211040 34.575200
1080 201956 82.463720 24.386560
1080 1626161 77.236480 16.980500
1092 -1 65.418520 23.868610
1092 101179 62.867990 23.628030
1092 202720 88.785420 29.535990
1092 202339 68.386730 46.060860
1092 203458 73.450920 15.859550
1092 203933 85.993840 47.948920
1092 200765 68.865810 24.649630
1092 200752 72.084870 38.803230
1092 201158 85.200830 34.603260
1092 201956 83.079450 24.595870
1092 1626161 76.834090 17.139940
1104 -1 67.935270 23.962920
1104 101179 63.160510 23.511620
1104 202720 89.189030 30.283600
1104 202339 68.376660 46.016550
1104 203458 73.016720 16.080250
1104 203933 85.935740 47.949570
1104 200765 69.088860 24.909130
1104 200752 72.318300 38.762300
1104 201158 85.191290 34.683500
1104 201956 83.721740 24.854620
1104 1626161 76.552150 17.411600
1116 -1 70.482320 24.042070
1116 101179 63.429120 23.409100
1116 202720 89.501980 30.952250
1116 202339 68.324510 45.923150
1116 203458 72.649720 16.276570
1116 203933 85.845110 47.969150
1116 200765 69.425990 24.999770
1116 200752 72.569190 38.676890
1116 201158 85.177230 34.756040
1116 201956 84.366300 25.195580
1116 1626161 76.473830 17.740570
1128 -1 72.877970 24.090420
1128 101179 63.598250 23.324330
1128 202720 89.740170 31.520610
1128 202339 68.228840 45.788980
1128 203458 72.361480 16.509990
1128 203933 85.708570 47.984150
1128 200765 69.821160 24.951880
1128 200752 72.808910 38.529160
1128 201158 85.158760 34.860710
1128 201956 85.014280 25.606280
1128 1626161 76.508070 18.156660
1140 -1 75.548670 24.348460
1140 101179 63.656890 23.242300
1140 202720 89.842130 32.007290
1140 202339 68.104720 45.634950
1140 203458 72.232390 16.733130
1140 203933 85.537490 47.991390
1140 200765 70.311070 24.967260
1140 200752 73.022860 38.365220
1140 201158 85.159790 34.938720
1140 201956 85.660980 26.076970
1140 1626161 76.661830 18.656030
1152 -1 77.850260 24.420170
1152 101179 63.576540 23.175380
1152 202720 89.827520 32.413590
1152 202339 67.954530 45.464860
1152 203458 72.102260 16.967230
1152 203933 85.337220 47.973570
1152 200765 70.967790 25.039560
1152 200752 73.172570 38.233230
1152 201158 85.157300 34.933570
1152 201956 86.248680 26.640160
1152 1626161 76.959170 19.244270
1164 -1 80.267510 24.519380
1164 101179 63.352910 23.160590
1164 202720 89.716730 32.678550
1164 202339 67.793530 45.260740
1164 203458 71.964530 17.229880
1164 203933 85.132120 47.914580
1164 200765 71.681500 25.066360
1164 200752 73.225310 38.138790
1164 201158 85.131530 34.808620
1164 201956 86.760480 27.247400
1164 1626161 77.427760 19.735490
1176 -1 82.597530 24.377880
1176 101179 63.024160 23.136520
1176 202720 89.513780 32.870320
1176 202339 67.625680 45.034880
1176 203458 71.788510 17.539470
1176 203933 84.907530 47.786740
1176 200765 72.387770 25.117890
1176 200752 73.186880 38.093740
1176 201158 85.050560 34.593170
1176 201956 87.177670 27.775560
1176 1626161 77.921650 20.161140
1188 -1 85.033820 24.741790
1188 101179 62.653250 23.067950
1188 202720 89.228880 32.956540
1188 202339 67.440980 44.750110
1188 203458 71.578920 17.862470
1188 203933 84.665190 47.606130
1188 200765 73.070910 25.168130
1188 200752 73.043050 38.103680
1188 201158 84.978160 34.262090
1188 201956 87.480230 28.209980
1188 1626161 78.521440 20.610460
1200 -1 87.303510 24.804270
1200 101179 62.177990 23.027060
1200 202720 88.890120 32.969210
1200 202339 67.246290 44.403240
1200 203458 71.258970 18.184990
1200 203933 84.401600 47.391790
1200 200765 73.725390 25.191740
1200 200752 72.788290 38.171440
1200 201158 84.796050 33.854940
1200 201956 87.656010 28.529390
1200 1626161 79.194720 21.023660
1212 -1 89.040430 24.934750
1212 101179 61.587660 23.023420
1212 202720 88.527650 32.932760
1212 202339 67.008170 44.024890
1212 203458 70.841370 18.509830
1212 203933 84.113460 47.157500
1212 200765 74.353560 25.210290
1212 200752 72.481750 38.257750
1212 201158 84.504940 33.413600
1212 201956 87.717730 28.674920
1212 1626161 79.928810 21.351260
1224 -1 88.120480 25.013400
1224 101179 60.944430 23.046420
1224 202720 88.168550 32.879860
1224 202339 66.723570 43.619760
1224 203458 70.367890 18.820590
1224 203933 83.790610 46.904560
1224 200765 74.983810 25.168640
1224 200752 72.139150 38.338630
1224 201158 84.184540 32.959850
1224 201956 87.682850 28.657220
1224 1626161 80.621580 21.737050
1236 -1 88.079440 24.926300
1236 101179 60.237150 23.010800
1236 202720 87.790780 32.783930
1236 202339 66.408310 43.141060
1236 203458 69.829270 19.094450
1236 203933 83.441200 46.659850
1236 200765 75.579080 25.042900
1236 200752 71.744150 38.450570
1236 201158 83.832000 32.481460
1236 201956 87.616250 28.535730
1236 1626161 81.326210 22.079230
1248 -1 88.110970 24.652510
1248 101179 59.384910 22.997020
1248 202720 87.368900 32.687510
1248 202339 66.039430 42.676760
1248 203458 69.199790 19.390000
1248 203933 83.052810 46.435920
1248 200765 76.144930 24.833970
1248 200752 71.320620 38.535930
1248 201158 83.317500 32.023530
1248 201956 87.644760 28.350030
1248 1626161 81.998730 22.294940
1260 -1 88.181640 24.590580
1260 101179 58.457560 22.972270
1260 202720 86.883320 32.535980
1260 202339 65.621370 42.252610
1260 203458 68.491430 19.653930
1260 203933 82.605700 46.220530
1260 200765 76.685850 24.525540
1260 200752 70.868630 38.582630
1260 201158 82.767680 31.624770
1260 201956 87.728890 28.158290
1260 1626161 82.657860 22.368670