0 -1 8.492190 25.365930
0 2733 13.154900 32.976710
0 201574 0.040100 23.471750
0 202691 11.171260 17.797790
0 203546 32.613070 40.485680
0 203949 7.526160 24.509870
0 200765 45.948320 24.961070
0 200752 22.161350 27.194030
0 201158 33.671440 9.434140
0 202341 2.128370 8.434680
0 203552 29.275750 40.167690
12 -1 10.120080 27.440140
12 2733 13.677640 33.755250
12 201574 1.024800 23.654380
12 202691 12.148340 17.662610
12 203546 34.906600 40.543960
12 203949 8.406940 24.842080
12 200765 47.134560 25.451130
12 200752 23.017410 27.330670
12 201158 35.191080 9.773920
12 202341 3.249850 8.445720
12 203552 31.558180 39.582500
24 -1 12.291460 30.094230
24 2733 14.417770 34.371850
24 201574 2.237520 23.814440
24 202691 13.211390 17.483820
24 203546 37.169850 40.607940
24 203949 9.354110 25.236210
24 200765 48.342600 25.951060
24 200752 23.931090 27.390430
24 201158 36.708720 10.104390
24 202341 4.431890 8.466120
24 203552 33.882690 39.084430
36 -1 14.463720 32.583000
36 2733 15.271460 34.983310
36 201574 3.435360 23.941200
36 202691 14.453380 17.266490
36 203546 39.500020 40.700550
36 203949 10.421780 25.510470
36 200765 49.550820 26.498900
36 200752 24.896310 27.485120
36 201158 38.250590 10.442330
36 202341 5.766890 8.563380
36 203552 36.270630 38.636390
48 -1 16.064720 33.832780
48 2733 16.316060 35.605940
48 201574 4.768350 23.960910
48 202691 15.823240 16.995590
48 203546 41.873850 40.803100
48 203949 11.672930 25.835760
48 200765 50.738920 27.023200
48 200752 25.954630 27.451170
48 201158 39.792510 10.803740
48 202341 7.103290 8.713030
48 203552 38.681300 38.324420
60 -1 17.436860 34.676480
60 2733 17.402930 36.225790
60 201574 6.320140 23.823530
60 202691 17.319840 16.615750
60 203546 44.226320 40.874170
60 203949 12.973070 26.121740
60 200765 51.936620 27.541260
60 200752 27.060560 27.444260
60 201158 41.330490 11.161860
60 202341 8.534160 8.890920
60 203552 41.095090 38.062380
72 -1 19.161430 35.422010
72 2733 18.610080 36.780860
72 201574 7.977910 23.708680
72 202691 18.887050 16.199400
72 203546 46.562940 40.942890
72 203949 14.403890 26.392830
72 200765 53.125920 28.039850
72 200752 28.189680 27.415660
72 201158 42.915470 11.488200
72 202341 10.115690 9.094130
72 203552 43.577570 37.911640
84 -1 20.856480 36.119120
84 2733 19.940410 37.195940
84 201574 9.644010 23.644100
84 202691 20.565460 15.734410
84 203546 48.926220 40.981000
84 203949 16.017620 26.541960
84 200765 54.308500 28.569150
84 200752 29.382240 27.409460
84 201158 44.480270 11.857550
84 202341 11.652580 9.488460
84 203552 46.035090 37.770170
96 -1 22.601430 36.650340
96 2733 21.374420 37.578720
96 201574 11.336690 23.601010
96 202691 22.223080 15.253730
96 203546 51.305110 40.991780
96 203949 17.724060 26.672080
96 200765 55.464260 29.051980
96 200752 30.646570 27.310810
96 201158 46.023840 12.254880
96 202341 13.262800 9.939810
96 203552 48.477730 37.681960
108 -1 24.235390 37.052620
108 2733 22.752510 38.061300
108 201574 13.115960 23.540400
108 202691 23.980440 14.734980
108 203546 53.643430 40.986850
108 203949 19.571100 26.726990
108 200765 56.574880 29.541200
108 200752 31.961350 27.305480
108 201158 47.591650 12.711760
108 202341 14.903390 10.417680
108 203552 50.930650 37.637170
120 -1 25.265230 37.326390
120 2733 24.225360 38.418610
120 201574 14.922310 23.487080
120 202691 25.791660 14.186070
120 203546 55.983150 40.984600
120 203949 21.498030 26.701780
120 200765 57.621350 30.031540
120 200752 33.336270 27.278790
120 201158 49.125640 13.186720
120 202341 16.608740 10.937060
120 203552 53.437280 37.666950
132 -1 26.023110 37.429930
132 2733 25.795820 38.665600
132 201574 16.812640 23.389810
132 202691 27.622700 13.628400
132 203546 58.307760 40.930280
132 203949 23.442710 26.628400
132 200765 58.601650 30.475070
132 200752 34.764260 27.290490
132 201158 50.613820 13.672510
132 202341 18.382890 11.495880
132 203552 55.808930 37.675340
144 -1 27.551980 37.651180
144 2733 27.390820 38.894100
144 201574 18.737370 23.308060
144 202691 29.496920 13.015740
144 203546 60.505560 40.886270
144 203949 25.492010 26.530520
144 200765 59.524350 30.876660
144 200752 36.263930 27.334360
144 201158 52.145320 14.148720
144 202341 20.193710 12.033690
144 203552 58.150180 37.722660
156 -1 29.454800 37.906330
156 2733 29.008040 39.123180
156 201574 20.702260 23.194910
156 202691 31.443570 12.384800
156 203546 62.569340 40.868870
156 203949 27.589910 26.355450
156 200765 60.370160 31.288780
156 200752 37.809020 27.408210
156 201158 53.674060 14.629590
156 202341 22.052860 12.587870
156 203552 60.472130 37.752820
168 -1 31.713050 38.218840
168 2733 30.641790 39.357130
168 201574 22.700210 23.010270
168 202691 33.346070 11.762920
168 203546 64.762210 40.967970
168 203949 29.714920 26.103230
168 200765 61.154150 31.694280
168 200752 39.332420 27.519620
168 201158 55.078770 15.050790
168 202341 23.981980 13.199050
168 203552 62.713310 37.766640
180 -1 33.775810 38.606650
180 2733 32.298850 39.678000
180 201574 24.717810 22.893040
180 202691 35.313150 11.155040
180 203546 66.826420 41.074520
180 203949 31.956220 25.801140
180 200765 61.849280 32.097110
180 200752 40.896340 27.604830
180 201158 56.449670 15.455660
180 202341 25.905230 13.803440
180 203552 64.785840 37.775130
192 -1 35.319190 38.670520
192 2733 33.942180 39.931530
192 201574 26.668050 22.825670
192 202691 37.284650 10.526290
192 203546 68.849660 41.261030
192 203949 34.273060 25.495530
192 200765 62.492000 32.492440
192 200752 42.507140 27.681900
192 201158 57.822440 15.840570
192 202341 27.881930 14.400250
192 203552 66.882780 37.835380
204 -1 36.290380 38.922170
204 2733 35.636810 40.150850
204 201574 28.649570 22.726660
204 202691 39.253850 9.921990
204 203546 70.933370 41.478020
204 203949 36.646290 25.223040
204 200765 63.113740 32.819940
204 200752 44.149700 27.739440
204 201158 59.150920 16.177700
204 202341 29.889690 15.021750
204 203552 68.918450 37.872340
216 -1 37.526820 39.141640
216 2733 37.416740 40.364420
216 201574 30.690940 22.610880
216 202691 41.170540 9.368780
216 203546 72.967530 41.774120
216 203949 39.072420 25.005420
216 200765 63.711940 33.103950
216 200752 45.796100 27.773360
216 201158 60.498260 16.490500
216 202341 31.893530 15.642120
216 203552 70.836050 37.944710
228 -1 39.529360 39.374860
228 2733 39.221200 40.545830
228 201574 32.645490 22.574530
228 202691 43.103390 8.817550
228 203546 74.898410 42.129480
228 203949 41.522050 24.818570
228 200765 64.301140 33.367240
228 200752 47.402400 27.764490
228 201158 62.001340 16.787780
228 202341 33.913800 16.231410
228 203552 72.647660 38.023810
240 -1 42.058040 39.418360
240 2733 41.052630 40.650560
240 201574 34.551520 22.456810
240 202691 45.041760 8.275480
240 203546 76.825060 42.457170
240 203949 43.993400 24.721180
240 200765 64.835040 33.619120
240 200752 49.038940 27.761040
240 201158 63.393330 17.042250
240 202341 35.927480 16.847600
240 203552 74.392040 38.143330
252 -1 44.128570 39.414060
252 2733 42.933020 40.786150
252 201574 36.494400 22.337570
252 202691 46.990320 7.824050
252 203546 78.609970 42.756640
252 203949 46.532070 24.613600
252 200765 65.299830 33.880330
252 200752 50.681850 27.736110
252 201158 64.767370 17.253810
252 202341 37.938490 17.402800
252 203552 76.003720 38.312940
264 -1 45.665780 39.442140
264 2733 44.773420 40.846080
264 201574 38.464260 22.270540
264 202691 48.906390 7.441710
264 203546 80.290110 43.054450
264 203949 49.228670 24.500150
264 200765 65.695530 34.167850
264 200752 52.293850 27.674580
264 201158 66.116170 17.489690
264 202341 39.951760 17.911810
264 203552 77.521670 38.507740
276 -1 46.771370 39.562630
276 2733 46.619630 40.764600
276 201574 40.330210 22.235280
276 202691 50.828460 7.070110
276 203546 81.935370 43.298040
276 203949 51.991260 24.401020
276 200765 66.069610 34.410450
276 200752 53.957420 27.596790
276 201158 67.380590 17.720340
276 202341 41.952100 18.365120
276 203552 78.912760 38.713930
288 -1 48.245810 39.413840
288 2733 48.520670 40.515740
288 201574 42.193080 22.195420
288 202691 52.719870 6.811270
288 203546 83.217040 43.359850
288 203949 54.751830 24.388700
288 200765 66.406060 34.601090
288 200752 55.682610 27.499070
288 201158 68.519880 18.012840
288 202341 43.942240 18.804220
288 203552 80.176970 38.912130
300 -1 50.457620 39.259520
300 2733 50.326520 40.210060
300 201574 44.082220 22.223840
300 202691 54.478820 6.687920
300 203546 84.524730 43.651990
300 203949 57.471990 24.331990
300 200765 66.776190 34.715340
300 200752 57.355140 27.306020
300 201158 69.754560 18.352050
300 202341 45.902810 19.180370
300 203552 81.349530 39.111550
312 -1 53.032440 38.830630
312 2733 52.065880 39.777620
312 201574 45.891190 22.298490
312 202691 56.180280 6.619590
312 203546 85.706950 44.015880
312 203949 60.200680 24.360700
312 200765 67.146230 34.739690
312 200752 59.049830 27.109660
312 201158 70.954710 18.753010
312 202341 47.747640 19.583440
312 203552 82.394420 39.254900
324 -1 56.261870 37.498200
324 2733 53.716220 39.256710
324 201574 47.638390 22.303920
324 202691 57.850840 6.621380
324 203546 86.663330 44.445210
324 203949 62.759120 24.489030
324 200765 67.510610 34.680190
324 200752 60.799590 26.915460
324 201158 72.090380 19.082970
324 202341 49.565880 19.930730
324 203552 83.316540 39.454450
336 -1 60.166660 35.521770
336 2733 55.121130 38.663010
336 201574 49.400150 22.406140
336 202691 59.494080 6.704300
336 203546 87.436950 44.955340
336 203949 65.222580 24.544020
336 200765 67.812020 34.628840
336 200752 62.515700 26.735270
336 201158 73.142490 19.300400
336 202341 51.326950 20.285720
336 203552 84.161310 39.647750
348 -1 63.986340 33.517970
348 2733 56.323100 37.993550
348 201574 51.186330 22.565740
348 202691 61.101150 6.836470
348 203546 88.163620 45.525650
348 203949 67.755690 24.762020
348 200765 68.104690 34.536100
348 200752 64.299560 26.591260
348 201158 74.184200 19.461180
348 202341 53.021630 20.621190
348 203552 84.888100 39.831140
360 -1 67.666740 31.645530
360 2733 57.400500 37.166550
360 201574 52.950320 22.681880
360 202691 62.584490 6.858920
360 203546 88.552500 45.919370
360 203949 70.355330 24.953580
360 200765 68.335740 34.370170
360 200752 66.197380 26.585030
360 201158 75.129820 19.516170
360 202341 54.629710 20.932290
360 203552 85.488840 39.947310
372 -1 71.723410 30.036000
372 2733 58.308580 36.253830
372 201574 54.638000 22.822190
372 202691 64.035700 6.940700
372 203546 88.798910 46.249000
372 203949 72.930110 25.129680
372 200765 68.566280 34.174190
372 200752 68.175170 26.642610
372 201158 76.082700 19.587420
372 202341 56.207500 21.211370
372 203552 86.013900 40.029030
384 -1 75.477160 28.259690
384 2733 59.005120 35.214270
384 201574 56.169610 23.094860
384 202691 65.493940 7.172880
384 203546 88.836540 46.477180
384 203949 75.406440 25.296590
384 200765 68.817210 33.944770
384 200752 70.159830 26.694140
384 201158 77.110850 19.723280
384 202341 57.611080 21.535040
384 203552 86.406850 40.021820
396 -1 77.952430 27.416610
396 2733 59.651410 34.109980
396 201574 57.551600 23.286610
396 202691 66.757310 7.240000
396 203546 88.708790 46.614070
396 203949 77.886030 25.592670
396 200765 69.098740 33.646330
396 200752 72.217150 26.751430
396 201158 78.238530 19.981900
396 202341 58.930640 21.836630
396 203552 86.687200 39.919590
408 -1 79.311050 26.933070
408 2733 60.077980 33.016560
408 201574 58.782160 23.439150
408 202691 67.880530 7.222700
408 203546 88.490710 46.732360
408 203949 80.176420 25.741180
408 200765 69.418380 33.352690
408 200752 74.314440 26.834290
408 201158 79.261400 20.247060
408 202341 60.112180 22.082790
408 203552 86.920430 39.749770
420 -1 81.795340 26.943600
420 2733 60.321770 31.954820
420 201574 59.924700 23.666580
420 202691 68.992520 7.274280
420 203546 88.154720 46.836370
420 203949 82.251220 25.913350
420 200765 69.775650 33.080520
420 200752 76.318650 26.751740
420 201158 80.412610 20.623470
420 202341 61.201440 22.299570
420 203552 87.105760 39.533380
432 -1 84.791460 26.876130
432 2733 60.289810 30.983410
432 201574 60.937180 23.794150
432 202691 69.927290 7.249220
432 203546 87.725710 46.893490
432 203949 84.117140 26.084120
432 200765 70.134050 32.870160
432 200752 78.422380 26.768730
432 201158 81.492910 21.014350
432 202341 62.183290 22.497270
432 203552 87.237550 39.260480
444 -1 86.349830 26.461370
444 2733 60.101020 30.165540
444 201574 61.736290 23.748310
444 202691 70.630970 7.045870
444 203546 87.277440 46.958250
444 203949 85.801060 26.159270
444 200765 70.480790 32.714780
444 200752 80.460900 26.761310
444 201158 82.513000 21.331570
444 202341 63.059500 22.567100
444 203552 87.333920 38.950190
456 -1 87.654080 26.137210
456 2733 59.733880 29.459430
456 201574 62.345840 23.682010
456 202691 71.229330 6.866910
456 203546 86.757020 46.974260
456 203949 87.363000 26.084080
456 200765 70.871260 32.602130
456 200752 82.290610 26.733210
456 201158 83.461550 21.627510
456 202341 63.769050 22.541820
456 203552 87.386640 38.654440
468 -1 88.401410 25.743980
468 2733 59.293240 28.861590
468 201574 62.754550 23.587660
468 202691 71.672460 6.656500
468 203546 86.133690 46.995450
468 203949 88.822450 26.007000
468 200765 71.258220 32.502000
468 200752 83.935010 26.662150
468 201158 84.449020 21.863070
468 202341 64.373830 22.469430
468 203552 87.325900 38.381010
480 -1 88.791700 25.220230
480 2733 58.803600 28.366320
480 201574 62.928210 23.447050
480 202691 71.959810 6.471420
480 203546 85.458530 46.932760
480 203949 90.193220 25.905870
480 200765 71.672090 32.439540
480 200752 85.498080 26.667950
480 201158 85.366510 22.147660
480 202341 64.880790 22.315710
480 203552 87.190450 38.165540
492 -1 89.430910 24.174520
492 2733 58.338280 27.923910
492 201574 62.981610 23.340340
492 202691 72.136210 6.345760
492 203546 84.713380 46.865610
492 203949 91.445430 25.901420
492 200765 72.108650 32.357330
492 200752 86.739610 26.509470
492 201158 86.125330 22.397390
492 202341 65.285770 22.036400
492 203552 86.963600 38.020190
504 -1 89.642100 23.842500
504 2733 57.913200 27.536600
504 201574 62.995020 23.300740
504 202691 72.208070 6.233420
504 203546 83.893620 46.781070
504 203949 92.654120 25.849010
504 200765 72.560650 32.290660
504 200752 87.838680 26.402170
504 201158 86.785270 22.629940
504 202341 65.622500 21.762800
504 203552 86.637040 37.984470
516 -1 88.463160 23.746990
516 2733 57.503740 27.164750
516 201574 62.967470 23.270330
516 202691 72.198240 6.258990
516 203546 83.005230 46.705300
516 203949 93.673190 25.907880
516 200765 73.006330 32.198910
516 200752 88.910940 26.237800
516 201158 87.359270 22.918660
516 202341 65.809710 21.425930
516 203552 86.219770 38.044340