0 -1 22.411600 15.901420 BALL
0 200765 18.417740 21.788410 PLAYER
0 201158 13.953660 14.119410 PLAYER
0 203112 8.808130 25.952460 PLAYER
0 201956 17.984190 35.363530 PLAYER
0 1626161 9.880630 20.502070 PLAYER
0 2561 7.407300 29.905410 PLAYER
0 2446 31.011590 9.969670 PLAYER
0 1626246 13.897740 19.066090 PLAYER
0 203492 34.067190 25.315590 PLAYER
0 203937 16.933970 19.209240 PLAYER
12 -1 25.557050 13.617840 BALL
12 200765 19.232310 21.137050 PLAYER
12 201158 13.832850 14.241170 PLAYER
12 203112 8.589340 25.744590 PLAYER
12 201956 18.889260 35.029720 PLAYER
12 1626161 10.160820 20.246770 PLAYER
12 2561 7.252310 30.230830 PLAYER
12 2446 31.519850 9.594830 PLAYER
12 1626246 14.306260 18.690770 PLAYER
12 203492 34.408940 25.667140 PLAYER
12 203937 17.377900 18.304560 PLAYER
24 -1 28.605670 11.397200 BALL
24 200765 20.155940 20.642900 PLAYER
24 201158 13.578800 14.212180 PLAYER
24 203112 8.406480 25.560570 PLAYER
24 201956 19.625920 34.334650 PLAYER
24 1626161 10.428050 19.993510 PLAYER
24 2561 7.095020 30.575700 PLAYER
24 2446 31.910130 9.228310 PLAYER
24 1626246 14.548310 18.159770 PLAYER
24 203492 34.700600 26.067510 PLAYER
24 203937 17.807930 17.512350 PLAYER
36 -1 30.665290 10.069070 BALL
36 200765 21.212060 20.318440 PLAYER
36 201158 13.309700 14.121300 PLAYER
36 203112 8.258570 25.421930 PLAYER
36 201956 20.305510 33.550500 PLAYER
36 1626161 10.675450 19.797460 PLAYER
36 2561 6.962610 30.985180 PLAYER
36 2446 32.203050 8.871790 PLAYER
36 1626246 14.631660 17.672570 PLAYER
36 203492 34.904310 26.492440 PLAYER
36 203937 18.129070 16.858220 PLAYER
48 -1 31.526270 10.161140 BALL
48 200765 22.399230 20.354890 PLAYER
48 201158 13.026000 14.095520 PLAYER
48 203112 8.212050 25.554670 PLAYER
48 201956 20.970970 32.813070 PLAYER
48 1626161 10.883060 19.625420 PLAYER
48 2561 6.863690 31.455560 PLAYER
48 2446 32.399810 8.640200 PLAYER
48 1626246 14.582860 17.250300 PLAYER
48 203492 35.037140 26.900880 PLAYER
48 203937 18.451490 15.986960 PLAYER
60 -1 32.281730 9.455350 BALL
60 200765 23.635990 20.600970 PLAYER
60 201158 12.769910 13.919350 PLAYER
60 203112 8.216810 25.853000 PLAYER
60 201956 21.546980 31.888970 PLAYER
60 1626161 11.090360 19.474740 PLAYER
60 2561 6.773010 31.938530 PLAYER
60 2446 32.535860 8.473400 PLAYER
60 1626246 14.312450 17.061090 PLAYER
60 203492 35.142460 27.258300 PLAYER
60 203937 18.736830 15.189340 PLAYER
72 -1 32.898500 12.503390 BALL
72 200765 24.818610 20.983440 PLAYER
72 201158 12.461690 13.560580 PLAYER
72 203112 8.242240 26.248100 PLAYER
72 201956 22.086870 31.004390 PLAYER
72 1626161 11.274630 19.368810 PLAYER
72 2561 6.642600 32.400100 PLAYER
72 2446 32.650540 8.423200 PLAYER
72 1626246 14.094050 17.159200 PLAYER
72 203492 35.262490 27.569910 PLAYER
72 203937 18.946070 14.333300 PLAYER
84 -1 33.859910 16.852120 BALL
84 200765 25.874840 21.490360 PLAYER
84 201158 12.043430 13.253610 PLAYER
84 203112 8.273120 26.597100 PLAYER
84 201956 22.665000 30.202100 PLAYER
84 1626161 11.473820 19.318070 PLAYER
84 2561 6.463500 32.854180 PLAYER
84 2446 32.754940 8.415890 PLAYER
84 1626246 13.835680 17.286720 PLAYER
84 203492 35.422490 27.755550 PLAYER
84 203937 18.982580 13.524180 PLAYER
96 -1 34.766800 20.868220 BALL
96 200765 26.842050 22.301670 PLAYER
96 201158 11.750530 12.985040 PLAYER
96 203112 8.315970 26.788570 PLAYER
96 201956 23.215050 29.460950 PLAYER
96 1626161 11.649290 19.298940 PLAYER
96 2561 6.238270 33.238370 PLAYER
96 2446 32.795360 8.393190 PLAYER
96 1626246 13.528060 17.473800 PLAYER
96 203492 35.658360 27.837520 PLAYER
96 203937 18.843600 12.908030 PLAYER
108 -1 35.545680 25.172000 BALL
108 200765 27.634650 23.174410 PLAYER
108 201158 11.576330 12.807100 PLAYER
108 203112 8.372010 27.085640 PLAYER
108 201956 23.606060 28.548740 PLAYER
108 1626161 11.783600 19.264060 PLAYER
108 2561 6.004180 33.587640 PLAYER
108 2446 32.789080 8.411240 PLAYER
108 1626246 13.238250 17.565860 PLAYER
108 203492 35.871440 28.178300 PLAYER
108 203937 18.509470 12.207100 PLAYER
120 -1 36.118950 27.801030 BALL
120 200765 28.160020 23.918360 PLAYER
120 201158 11.526640 12.790860 PLAYER
120 203112 8.413890 27.482170 PLAYER
120 201956 23.779620 27.440860 PLAYER
120 1626161 11.820070 19.197350 PLAYER
120 2561 5.763250 33.889800 PLAYER
120 2446 32.737740 8.455590 PLAYER
120 1626246 13.076090 17.349030 PLAYER
120 203492 36.039490 28.542910 PLAYER
120 203937 18.023000 11.385510 PLAYER
132 -1 36.328790 28.514530 BALL
132 200765 28.496610 24.696600 PLAYER
132 201158 11.518390 12.953140 PLAYER
132 203112 8.411860 27.891030 PLAYER
132 201956 23.807750 26.262430 PLAYER
132 1626161 11.788890 19.110810 PLAYER
132 2561 5.550620 34.154930 PLAYER
132 2446 32.619230 8.407410 PLAYER
132 1626246 12.787480 16.925710 PLAYER
132 203492 36.130140 28.953300 PLAYER
132 203937 17.423530 10.850400 PLAYER
144 -1 36.348930 27.715780 BALL
144 200765 28.691430 25.456950 PLAYER
144 201158 11.677190 13.026920 PLAYER
144 203112 8.385380 28.386180 PLAYER
144 201956 23.703460 25.135650 PLAYER
144 1626161 11.635830 19.047340 PLAYER
144 2561 5.300860 34.272270 PLAYER
144 2446 32.428380 8.243450 PLAYER
144 1626246 12.521680 16.627090 PLAYER
144 203492 36.174250 29.374630 PLAYER
144 203937 16.643310 10.054860 PLAYER
156 -1 36.356780 28.299960 BALL
156 200765 28.740570 26.045210 PLAYER
156 201158 11.953810 13.091790 PLAYER
156 203112 8.341200 29.040700 PLAYER
156 201956 23.650060 24.240620 PLAYER
156 1626161 11.417110 19.080870 PLAYER
156 2561 5.164450 34.454270 PLAYER
156 2446 32.115060 7.940820 PLAYER
156 1626246 12.331510 16.399970 PLAYER
156 203492 36.148030 29.813020 PLAYER
156 203937 15.891680 9.013570 PLAYER
168 -1 36.360590 28.504890 BALL
168 200765 28.664770 26.475080 PLAYER
168 201158 12.287990 13.290340 PLAYER
168 203112 8.252520 29.543040 PLAYER
168 201956 23.664210 23.721800 PLAYER
168 1626161 11.163200 19.136900 PLAYER
168 2561 5.127640 34.606950 PLAYER
168 2446 31.691950 7.382180 PLAYER
168 1626246 12.180560 16.401440 PLAYER
168 203492 36.131850 29.950140 PLAYER
168 203937 15.293070 7.969740 PLAYER
180 -1 36.580020 28.184680 BALL
180 200765 28.543500 26.989340 PLAYER
180 201158 12.648500 13.407590 PLAYER
180 203112 8.140540 29.878210 PLAYER
180 201956 23.680530 23.296580 PLAYER
180 1626161 10.948960 19.350890 PLAYER
180 2561 5.131440 34.655210 PLAYER
180 2446 31.165840 6.865550 PLAYER
180 1626246 12.055900 16.512530 PLAYER
180 203492 36.128390 30.035860 PLAYER
180 203937 14.701960 7.011950 PLAYER
192 -1 36.513180 28.560180 BALL
192 200765 28.378070 27.361950 PLAYER
192 201158 13.093480 13.568820 PLAYER
192 203112 8.041330 30.279550 PLAYER
192 201956 23.701560 22.859580 PLAYER
192 1626161 10.698480 19.515980 PLAYER
192 2561 5.217780 34.811910 PLAYER
192 2446 30.541180 6.324470 PLAYER
192 1626246 12.074000 16.679440 PLAYER
192 203492 36.145130 30.046390 PLAYER
192 203937 14.115600 5.908570 PLAYER
204 -1 36.588570 28.517700 BALL
204 200765 28.162290 27.642550 PLAYER
204 201158 13.610350 13.810890 PLAYER
204 203112 7.967820 30.724740 PLAYER
204 201956 23.763920 22.476400 PLAYER
204 1626161 10.483910 19.681530 PLAYER
204 2561 5.553960 35.301620 PLAYER
204 2446 29.869740 5.953540 PLAYER
204 1626246 12.175720 16.897480 PLAYER
204 203492 36.157710 30.042790 PLAYER
204 203937 13.666440 5.090490 PLAYER
216 -1 36.664160 28.387110 BALL
216 200765 27.906950 28.157740 PLAYER
216 201158 13.810910 14.001000 PLAYER
216 203112 7.985800 31.308930 PLAYER
216 201956 23.649580 21.698100 PLAYER
216 1626161 10.318830 19.804390 PLAYER
216 2561 5.962000 35.712410 PLAYER
216 2446 29.253660 5.808350 PLAYER
216 1626246 12.504040 17.306860 PLAYER
216 203492 36.159930 30.034390 PLAYER
216 203937 13.180530 4.394750 PLAYER
228 -1 36.317630 29.073250 BALL
228 200765 27.642740 28.603120 PLAYER
228 201158 13.969350 14.033020 PLAYER
228 203112 8.091800 31.911040 PLAYER
228 201956 23.464130 20.741600 PLAYER
228 1626161 10.243150 19.989470 PLAYER
228 2561 6.506400 36.022450 PLAYER
228 2446 28.712590 5.974590 PLAYER
228 1626246 12.927740 17.619980 PLAYER
228 203492 36.148850 30.029280 PLAYER
228 203937 12.551480 3.919870 PLAYER
240 -1 36.629740 29.640000 BALL
240 200765 27.404800 28.767710 PLAYER
240 201158 14.044460 14.001630 PLAYER
240 203112 8.309580 32.526420 PLAYER
240 201956 23.242090 19.612350 PLAYER
240 1626161 10.223980 20.155090 PLAYER
240 2561 7.163140 36.152940 PLAYER
240 2446 28.187800 6.074760 PLAYER
240 1626246 13.507330 18.002640 PLAYER
240 203492 36.130050 30.035690 PLAYER
240 203937 11.957910 3.575480 PLAYER
252 -1 36.281750 29.108810 BALL
252 200765 27.218060 28.881740 PLAYER
252 201158 14.016350 13.989010 PLAYER
252 203112 8.584880 32.917210 PLAYER
252 201956 23.016920 18.581330 PLAYER
252 1626161 10.378410 20.504700 PLAYER
252 2561 7.932630 36.135060 PLAYER
252 2446 27.616860 6.130890 PLAYER
252 1626246 14.130080 18.424510 PLAYER
252 203492 36.102440 30.052880 PLAYER
252 203937 11.414050 3.177580 PLAYER
264 -1 36.202450 29.247010 BALL
264 200765 27.075290 29.041380 PLAYER
264 201158 13.800160 13.841630 PLAYER
264 203112 8.943880 33.167710 PLAYER
264 201956 22.797560 17.648450 PLAYER
264 1626161 10.683350 20.890400 PLAYER
264 2561 8.760910 35.828120 PLAYER
264 2446 27.034180 6.093370 PLAYER
264 1626246 14.983620 19.019670 PLAYER
264 203492 36.065790 30.063300 PLAYER
264 203937 10.935880 2.719220 PLAYER
276 -1 36.291410 28.926600 BALL
276 200765 26.955650 28.839270 PLAYER
276 201158 13.639230 13.649700 PLAYER
276 203112 9.370250 33.224910 PLAYER
276 201956 22.599250 16.866500 PLAYER
276 1626161 11.141340 21.059880 PLAYER
276 2561 9.684360 35.499470 PLAYER
276 2446 26.465370 6.088090 PLAYER
276 1626246 15.773160 19.369460 PLAYER
276 203492 36.022640 30.060190 PLAYER
276 203937 10.476170 2.311790 PLAYER
288 -1 36.035470 29.394260 BALL
288 200765 26.859000 28.477790 PLAYER
288 201158 13.358170 13.549630 PLAYER
288 203112 9.862840 33.297240 PLAYER
288 201956 22.371600 16.166960 PLAYER
288 1626161 11.731710 20.977300 PLAYER
288 2561 10.621230 35.132950 PLAYER
288 2446 25.855330 5.864790 PLAYER
288 1626246 16.651220 19.663140 PLAYER
288 203492 35.964950 30.066520 PLAYER
288 203937 10.061570 1.894320 PLAYER
300 -1 35.927550 29.806580 BALL
300 200765 26.795910 28.312310 PLAYER
300 201158 13.023430 13.507330 PLAYER
300 203112 10.438090 33.136200 PLAYER
300 201956 22.145550 15.668390 PLAYER
300 1626161 12.522900 20.767510 PLAYER
300 2561 11.534560 34.844930 PLAYER
300 2446 25.221280 5.660850 PLAYER
300 1626246 17.643170 20.004540 PLAYER
300 203492 35.886370 30.072510 PLAYER
300 203937 9.623130 1.899280 PLAYER
312 -1 35.764420 29.799310 BALL
312 200765 26.764780 28.251860 PLAYER
312 201158 12.626970 13.410150 PLAYER
312 203112 11.182440 33.064030 PLAYER
312 201956 21.923700 15.294110 PLAYER
312 1626161 13.426330 20.543190 PLAYER
312 2561 12.534080 34.686950 PLAYER
312 2446 24.682810 5.539400 PLAYER
312 1626246 18.753970 20.087160 PLAYER
312 203492 35.793750 30.064520 PLAYER
312 203937 9.151610 2.141410 PLAYER
324 -1 35.595760 29.801470 BALL
324 200765 26.757700 28.138300 PLAYER
324 201158 12.231460 13.347250 PLAYER
324 203112 12.040810 32.992600 PLAYER
324 201956 21.653430 14.920110 PLAYER
324 1626161 14.434220 20.223130 PLAYER
324 2561 13.540400 34.640720 PLAYER
324 2446 24.283350 5.343230 PLAYER
324 1626246 19.822760 19.900220 PLAYER
324 203492 35.671680 30.050320 PLAYER
324 203937 8.646110 2.350610 PLAYER
336 -1 35.504240 29.888820 BALL
336 200765 26.771660 28.043010 PLAYER
336 201158 11.851510 13.375030 PLAYER
336 203112 12.912820 32.913810 PLAYER
336 201956 21.339500 14.653010 PLAYER
336 1626161 15.586220 20.235650 PLAYER
336 2561 14.440550 34.495790 PLAYER
336 2446 23.866300 5.031580 PLAYER
336 1626246 20.880220 19.796270 PLAYER
336 203492 35.514420 29.999450 PLAYER
336 203937 8.153570 2.492100 PLAYER
348 -1 35.471390 29.742970 BALL
348 200765 26.810140 27.922350 PLAYER
348 201158 11.461080 13.259860 PLAYER
348 203112 13.749260 32.744930 PLAYER
348 201956 21.009920 14.419480 PLAYER
348 1626161 16.796400 20.605440 PLAYER
348 2561 15.183060 34.405250 PLAYER
348 2446 23.490680 4.836270 PLAYER
348 1626246 21.895680 19.933370 PLAYER
348 203492 35.313720 29.863300 PLAYER
348 203937 7.643120 2.674790 PLAYER
360 -1 35.272100 29.442560 BALL
360 200765 26.864010 27.584510 PLAYER
360 201158 11.090790 13.150320 PLAYER
360 203112 14.503860 32.695560 PLAYER
360 201956 20.679290 14.372040 PLAYER
360 1626161 18.019360 21.122700 PLAYER
360 2561 15.906340 34.609270 PLAYER
360 2446 23.219520 4.571170 PLAYER
360 1626246 22.811700 20.041810 PLAYER
360 203492 35.104350 29.609170 PLAYER
360 203937 7.188910 2.512720 PLAYER
372 -1 34.952660 28.723310 BALL
372 200765 26.938710 27.104580 PLAYER
372 201158 10.738500 13.067320 PLAYER
372 203112 15.151860 32.628380 PLAYER
372 201956 20.346280 14.499520 PLAYER
372 1626161 19.251320 21.520850 PLAYER
372 2561 16.466380 34.810610 PLAYER
372 2446 22.972030 4.268140 PLAYER
372 1626246 23.647700 20.534380 PLAYER
372 203492 34.871780 29.246860 PLAYER
372 203937 6.813870 2.282970 PLAYER
384 -1 34.327360 27.434050 BALL
384 200765 26.992600 26.612260 PLAYER
384 201158 10.395840 13.102510 PLAYER
384 203112 15.743060 32.637320 PLAYER
384 201956 20.060860 14.977450 PLAYER
384 1626161 20.459600 21.836320 PLAYER
384 2561 16.871730 35.078180 PLAYER
384 2446 22.635030 3.996240 PLAYER
384 1626246 24.325590 21.161690 PLAYER
384 203492 34.597740 28.731380 PLAYER
384 203937 6.514000 2.201370 PLAYER
396 -1 34.499720 26.453420 BALL
396 200765 27.157850 26.037750 PLAYER
396 201158 10.043720 13.156160 PLAYER
396 203112 16.235770 32.689090 PLAYER
396 201956 19.825670 15.451660 PLAYER
396 1626161 21.597200 22.175060 PLAYER
396 2561 17.149480 35.539530 PLAYER
396 2446 22.295420 3.754790 PLAYER
396 1626246 24.987540 21.801160 PLAYER
396 203492 34.299380 28.240980 PLAYER
396 203937 6.280890 2.289870 PLAYER
408 -1 34.877610 25.814900 BALL
408 200765 27.394270 25.521220 PLAYER
408 201158 9.703350 13.221880 PLAYER
408 203112 16.592700 32.679260 PLAYER
408 201956 19.640580 15.979710 PLAYER
408 1626161 22.672040 22.519520 PLAYER
408 2561 17.376790 36.137500 PLAYER
408 2446 21.928300 3.492540 PLAYER
408 1626246 25.580320 22.244150 PLAYER
408 203492 34.001940 28.017230 PLAYER
408 203937 6.096360 2.441410 PLAYER
420 -1 33.089690 26.099490 BALL
420 200765 27.650120 25.302570 PLAYER
420 201158 9.379880 13.313960 PLAYER
420 203112 16.907580 32.846070 PLAYER
420 201956 19.507590 16.456860 PLAYER
420 1626161 23.564060 22.758780 PLAYER
420 2561 17.501510 36.675950 PLAYER
420 2446 21.503090 3.323830 PLAYER
420 1626246 26.121710 22.648370 PLAYER
420 203492 33.632550 28.121300 PLAYER
420 203937 5.945730 2.568980 PLAYER
432 -1 32.047770 28.372830 BALL
432 200765 27.993610 25.208420 PLAYER
432 201158 9.088220 13.435110 PLAYER
432 203112 17.044540 32.885920 PLAYER
432 201956 19.382360 16.751840 PLAYER
432 1626161 24.235900 23.064950 PLAYER
432 2561 17.535030 37.292400 PLAYER
432 2446 21.102880 3.362520 PLAYER
432 1626246 26.531600 22.940570 PLAYER
432 203492 33.102170 28.536970 PLAYER
432 203937 5.754220 2.692220 PLAYER
444 -1 31.978720 30.206120 BALL
444 200765 28.244630 25.423560 PLAYER
444 201158 8.845250 13.598050 PLAYER
444 203112 17.051000 32.899870 PLAYER
444 201956 19.262320 16.802290 PLAYER
444 1626161 24.542430 23.135900 PLAYER
444 2561 17.557040 37.953370 PLAYER
444 2446 20.755140 3.404170 PLAYER
444 1626246 26.733080 23.118370 PLAYER
444 203492 32.473670 29.198020 PLAYER
444 203937 5.527130 2.767130 PLAYER
456 -1 31.976070 31.417370 BALL
456 200765 28.481760 26.120130 PLAYER
456 201158 8.644100 13.836970 PLAYER
456 203112 16.990930 32.874070 PLAYER
456 201956 19.128880 16.792370 PLAYER
456 1626161 24.500230 23.158970 PLAYER
456 2561 17.507480 38.675140 PLAYER
456 2446 20.493210 3.296790 PLAYER
456 1626246 26.625440 23.151670 PLAYER
456 203492 31.753390 30.146470 PLAYER
456 203937 5.269390 2.837490 PLAYER
468 -1 31.502370 32.573300 BALL
468 200765 28.515870 26.959030 PLAYER
468 201158 8.452100 14.171310 PLAYER
468 203112 16.957550 32.957410 PLAYER
468 201956 19.010040 16.795270 PLAYER
468 1626161 24.208950 23.225370 PLAYER
468 2561 17.420390 39.472650 PLAYER
468 2446 20.249860 3.120940 PLAYER
468 1626246 26.389800 23.222390 PLAYER
468 203492 30.834820 31.110760 PLAYER
468 203937 5.003360 2.823800 PLAYER
480 -1 30.845230 33.327190 BALL
480 200765 28.319810 27.711820 PLAYER
480 201158 8.259170 14.556960 PLAYER
480 203112 16.886260 33.015750 PLAYER
480 201956 18.865860 16.754120 PLAYER
480 1626161 23.607510 23.123360 PLAYER
480 2561 17.247490 40.344860 PLAYER
480 2446 20.117360 2.968420 PLAYER
480 1626246 26.082560 23.494470 PLAYER
480 203492 29.662230 31.863340 PLAYER
480 203937 4.771160 2.773550 PLAYER
492 -1 28.661890 33.664580 BALL
492 200765 27.842040 28.598610 PLAYER
492 201158 8.063800 14.949510 PLAYER
492 203112 16.927500 33.258820 PLAYER
492 201956 18.718360 16.740880 PLAYER
492 1626161 22.858020 23.043350 PLAYER
492 2561 16.955980 41.174400 PLAYER
492 2446 20.147880 2.827990 PLAYER
492 1626246 25.618820 23.847660 PLAYER
492 203492 28.372780 32.381410 PLAYER
492 203937 4.622670 2.678010 PLAYER
504 -1 26.008400 33.866670 BALL
504 200765 27.216810 29.528580 PLAYER
504 201158 7.876110 15.319860 PLAYER
504 203112 16.992220 33.459640 PLAYER
504 201956 18.524820 16.725680 PLAYER
504 1626161 22.134650 23.455840 PLAYER
504 2561 16.430790 41.845820 PLAYER
504 2446 20.178280 2.729010 PLAYER
504 1626246 25.010540 24.187890 PLAYER
504 203492 26.927290 32.857130 PLAYER
504 203937 4.551020 2.588900 PLAYER
516 -1 24.741090 34.523090 BALL
516 200765 26.308340 30.321420 PLAYER
516 201158 7.694280 15.699440 PLAYER
516 203112 17.060520 33.537040 PLAYER
516 201956 18.295190 16.807030 PLAYER
516 1626161 21.182240 23.595190 PLAYER
516 2561 15.760440 42.273130 PLAYER
516 2446 20.206100 2.766130 PLAYER
516 1626246 24.334180 24.702720 PLAYER
516 203492 25.329400 33.137630 PLAYER
516 203937 4.555030 2.460220 PLAYER
528 -1 23.323410 34.104930 BALL
528 200765 25.315980 31.179330 PLAYER
528 201158 7.514010 16.068680 PLAYER
528 203112 17.092910 33.584800 PLAYER
528 201956 18.024480 16.893420 PLAYER
528 1626161 20.085220 23.535620 PLAYER
528 2561 15.028320 42.482780 PLAYER
528 2446 20.335380 2.968520 PLAYER
528 1626246 23.552400 24.989260 PLAYER
528 203492 23.879160 32.965280 PLAYER
528 203937 4.642430 2.340430 PLAYER
540 -1 21.285910 34.939570 BALL
540 200765 24.278690 32.184340 PLAYER
540 201158 7.363090 16.470410 PLAYER
540 203112 17.026450 33.754550 PLAYER
540 201956 17.703200 16.967000 PLAYER
540 1626161 18.958400 23.771960 PLAYER
540 2561 14.177530 42.578110 PLAYER
540 2446 20.537940 3.160990 PLAYER
540 1626246 22.301800 24.848930 PLAYER
540 203492 22.419430 32.839940 PLAYER
540 203937 4.806830 2.212840 PLAYER
552 -1 18.995240 37.351890 BALL
552 200765 23.154810 33.274560 PLAYER
552 201158 7.195030 16.866740 PLAYER
552 203112 16.813400 33.906090 PLAYER
552 201956 17.362230 17.053030 PLAYER
552 1626161 17.720880 24.067070 PLAYER
552 2561 13.269640 42.631330 PLAYER
552 2446 20.744100 3.301910 PLAYER
552 1626246 21.019030 24.549760 PLAYER
552 203492 20.995780 32.853110 PLAYER
552 203937 4.986070 2.113120 PLAYER
564 -1 16.648740 39.602440 BALL
564 200765 22.041960 34.174450 PLAYER
564 201158 7.038350 17.215190 PLAYER
564 203112 16.402590 34.121070 PLAYER
564 201956 17.023060 17.181940 PLAYER
564 1626161 16.357570 24.163630 PLAYER
564 2561 12.401440 42.648270 PLAYER
564 2446 21.053320 3.553900 PLAYER
564 1626246 19.834710 24.405730 PLAYER
564 203492 19.775960 32.808820 PLAYER
564 203937 5.169790 2.002520 PLAYER
576 -1 14.325270 41.707970 BALL
576 200765 20.887030 34.905750 PLAYER
576 201158 6.917780 17.446180 PLAYER
576 203112 15.896230 34.523640 PLAYER
576 201956 16.715370 17.333490 PLAYER
576 1626161 15.198590 24.423000 PLAYER
576 2561 11.639120 42.752750 PLAYER
576 2446 21.411780 3.858730 PLAYER
576 1626246 18.631120 24.018670 PLAYER
576 203492 18.657290 32.566460 PLAYER
576 203937 5.336870 1.870860 PLAYER
588 -1 12.241370 43.249550 BALL
588 200765 19.699050 35.567820 PLAYER
588 201158 6.842230 17.548100 PLAYER
588 203112 15.268370 35.021360 PLAYER
588 201956 16.461390 17.513760 PLAYER
588 1626161 14.137640 24.682790 PLAYER
588 2561 10.899730 43.056080 PLAYER
588 2446 21.744630 4.191100 PLAYER
588 1626246 17.255120 23.743740 PLAYER
588 203492 17.415370 32.507260 PLAYER
588 203937 5.423840 1.810210 PLAYER
600 -1 10.829270 43.365610 BALL
600 200765 18.557350 36.144950 PLAYER
600 201158 6.766120 17.493900 PLAYER
600 203112 14.497850 35.440760 PLAYER
600 201956 16.263460 17.789310 PLAYER
600 1626161 13.197550 24.866140 PLAYER
600 2561 10.311250 43.371230 PLAYER
600 2446 22.100150 4.607950 PLAYER
600 1626246 16.021030 23.556870 PLAYER
600 203492 16.289720 32.376400 PLAYER
600 203937 5.424160 1.790370 PLAYER
612 -1 9.503530 43.098040 BALL
612 200765 17.513420 36.551310 PLAYER
612 201158 6.732870 17.392100 PLAYER
612 203112 13.615080 35.856680 PLAYER
612 201956 16.082460 18.123240 PLAYER
612 1626161 12.405770 25.048530 PLAYER
612 2561 9.880150 43.606260 PLAYER
612 2446 22.402370 5.022340 PLAYER
612 1626246 14.827210 23.515030 PLAYER
612 203492 15.193650 31.895680 PLAYER
612 203937 5.401300 1.862790 PLAYER
624 -1 8.815260 43.097980 BALL
624 200765 16.535810 36.812900 PLAYER
624 201158 6.701270 17.305250 PLAYER
624 203112 12.753060 36.400450 PLAYER
624 201956 15.915070 18.412080 PLAYER
624 1626161 11.733660 25.243090 PLAYER
624 2561 9.577000 43.883630 PLAYER
624 2446 22.684180 5.437920 PLAYER
624 1626246 13.589690 23.330620 PLAYER
624 203492 14.091300 31.258950 PLAYER
624 203937 5.491530 1.862790 PLAYER
636 -1 8.974240 43.919250 BALL
636 200765 15.608420 36.965400 PLAYER
636 201158 6.633410 17.214410 PLAYER
636 203112 11.852400 37.115260 PLAYER
636 201956 15.784680 18.728100 PLAYER
636 1626161 11.202940 25.440820 PLAYER
636 2561 9.404360 44.172100 PLAYER
636 2446 22.993500 5.939540 PLAYER
636 1626246 12.445160 23.099940 PLAYER
636 203492 13.073610 30.608560 PLAYER
636 203937 5.645720 2.112740 PLAYER
648 -1 9.234960 44.233350 BALL
648 200765 14.785030 37.011750 PLAYER
648 201158 6.540690 17.161220 PLAYER
648 203112 10.967150 37.901840 PLAYER
648 201956 15.600390 19.072050 PLAYER
648 1626161 10.836550 25.581290 PLAYER
648 2561 9.298480 44.343670 PLAYER
648 2446 23.351950 6.449200 PLAYER
648 1626246 11.509520 22.833480 PLAYER
648 203492 12.244410 29.836240 PLAYER
648 203937 5.981310 2.303340 PLAYER
660 -1 9.136220 43.858010 BALL
660 200765 14.034670 36.932470 PLAYER
660 201158 6.467900 17.154580 PLAYER
660 203112 10.160020 38.619940 PLAYER
660 201956 15.408370 19.491930 PLAYER
660 1626161 10.599540 25.610420 PLAYER
660 2561 9.287970 44.598460 PLAYER
660 2446 23.679040 6.931480 PLAYER
660 1626246 10.916010 22.809290 PLAYER
660 203492 11.594590 29.135000 PLAYER
660 203937 6.525600 2.446870 PLAYER
672 -1 8.710290 42.067170 BALL
672 200765 13.338280 36.747990 PLAYER
672 201158 6.412440 17.152060 PLAYER
672 203112 9.524180 39.428270 PLAYER
672 201956 15.183140 19.852530 PLAYER
672 1626161 10.435580 25.419390 PLAYER
672 2561 9.270720 44.766220 PLAYER
672 2446 24.050030 7.431730 PLAYER
672 1626246 10.415310 22.667370 PLAYER
672 203492 11.192960 28.919770 PLAYER
672 203937 7.241350 2.430470 PLAYER
684 -1 8.266780 39.841470 BALL
684 200765 12.721120 36.523480 PLAYER
684 201158 6.364980 16.986930 PLAYER
684 203112 8.990570 40.161020 PLAYER
684 201956 14.799220 20.073920 PLAYER
684 1626161 10.353310 25.251700 PLAYER
684 2561 9.284730 44.738660 PLAYER
684 2446 24.457880 7.937450 PLAYER
684 1626246 10.077670 22.524220 PLAYER
684 203492 11.057470 29.154130 PLAYER
684 203937 8.020790 2.504200 PLAYER
696 -1 7.862830 37.945940 BALL
696 200765 12.182570 36.323930 PLAYER
696 201158 6.313980 16.874270 PLAYER
696 203112 8.644040 40.675200 PLAYER
696 201956 14.283960 20.274230 PLAYER
696 1626161 10.262690 25.141490 PLAYER
696 2561 9.341080 44.935160 PLAYER
696 2446 25.011720 8.454720 PLAYER
696 1626246 9.847500 22.561020 PLAYER
696 203492 11.107420 29.681540 PLAYER
696 203937 8.919980 2.408940 PLAYER
708 -1 7.594240 35.850030 BALL
708 200765 11.653610 36.048950 PLAYER
708 201158 6.261530 16.787080 PLAYER
708 203112 8.390130 40.828330 PLAYER
708 201956 13.637000 20.448750 PLAYER
708 1626161 10.096890 25.000590 PLAYER
708 2561 9.491830 45.006930 PLAYER
708 2446 25.734140 9.033350 PLAYER
708 1626246 9.629140 22.681460 PLAYER
708 203492 11.185850 30.347780 PLAYER
708 203937 9.857070 2.382640 PLAYER
720 -1 7.186770 33.782450 BALL
720 200765 11.160920 35.724920 PLAYER
720 201158 6.154980 16.714450 PLAYER
720 203112 8.328840 41.060840 PLAYER
720 201956 12.831800 20.608730 PLAYER
720 1626161 9.899780 24.887460 PLAYER
720 2561 9.742740 44.721140 PLAYER
720 2446 26.502260 9.654970 PLAYER
720 1626246 9.255780 22.628370 PLAYER
720 203492 11.383090 31.022380 PLAYER
720 203937 10.786930 2.432270 PLAYER
732 -1 6.853040 31.851250 BALL
732 200765 10.647210 35.290740 PLAYER
732 201158 6.041380 16.817200 PLAYER
732 203112 8.423440 41.341120 PLAYER
732 201956 11.922130 20.627880 PLAYER
732 1626161 9.665970 24.880640 PLAYER
732 2561 10.196450 44.461560 PLAYER
732 2446 27.237030 10.182010 PLAYER
732 1626246 8.838250 22.658490 PLAYER
732 203492 11.767020 31.662500 PLAYER
732 203937 11.782200 2.548110 PLAYER
744 -1 6.311480 29.679800 BALL
744 200765 10.169400 34.861860 PLAYER
744 201158 5.969130 17.153930 PLAYER
744 203112 8.656070 41.340750 PLAYER
744 201956 11.078070 20.742030 PLAYER
744 1626161 9.414120 25.063790 PLAYER
744 2561 10.840030 44.459800 PLAYER
744 2446 27.997690 10.704070 PLAYER
744 1626246 8.496270 22.743530 PLAYER
744 203492 12.174980 32.155240 PLAYER
744 203937 12.828770 2.804860 PLAYER
756 -1 5.982770 27.785380 BALL
756 200765 9.708890 34.274660 PLAYER
756 201158 5.933240 17.552230 PLAYER
756 203112 8.966160 41.250280 PLAYER
756 201956 10.253860 20.778140 PLAYER
756 1626161 9.083060 25.092050 PLAYER
756 2561 11.599770 44.311520 PLAYER
756 2446 28.746680 11.170810 PLAYER
756 1626246 8.167860 22.988820 PLAYER
756 203492 12.801130 32.646370 PLAYER
756 203937 13.937940 3.011790 PLAYER
768 -1 5.570860 25.806780 BALL
768 200765 9.326810 33.793950 PLAYER
768 201158 5.920410 18.024290 PLAYER
768 203112 9.473420 41.453120 PLAYER
768 201956 9.525000 20.768390 PLAYER
768 1626161 8.688680 25.226530 PLAYER
768 2561 12.434740 44.235220 PLAYER
768 2446 29.468600 11.638600 PLAYER
768 1626246 7.974920 23.073700 PLAYER
768 203492 13.632980 33.038820 PLAYER
768 203937 15.120050 3.117450 PLAYER
780 -1 5.375740 25.235550 BALL
780 200765 8.974990 33.321890 PLAYER
780 201158 6.000100 18.468150 PLAYER
780 203112 10.100250 41.611690 PLAYER
780 201956 8.966900 20.736530 PLAYER
780 1626161 8.200780 25.527010 PLAYER
780 2561 13.416380 44.297410 PLAYER
780 2446 30.225780 12.051610 PLAYER
780 1626246 7.865330 23.280160 PLAYER
780 203492 14.556710 33.201490 PLAYER
780 203937 16.373500 3.194060 PLAYER
792 -1 5.425820 24.939000 BALL
792 200765 8.672350 32.812690 PLAYER
792 201158 6.134260 18.773810 PLAYER
792 203112 10.702040 41.449960 PLAYER
792 201956 8.588030 20.817120 PLAYER
792 1626161 7.694150 25.807790 PLAYER
792 2561 14.521600 44.392310 PLAYER
792 2446 31.123750 12.528940 PLAYER
792 1626246 7.908760 23.566330 PLAYER
792 203492 15.492830 33.323510 PLAYER
792 203937 17.677850 3.654320 PLAYER