0 -1 78.821680 10.479830
0 201589 36.772170 25.879370
0 201568 51.765270 20.699250
0 203115 41.606350 23.931430
0 203914 44.777360 26.114810
0 1626144 33.207590 23.397830
0 2564 89.942470 23.701640
0 200746 53.843490 28.972340
0 201988 80.195100 11.642270
0 202695 64.522470 34.236330
0 203937 41.556960 4.308540
12 -1 78.116870 10.170580
12 201589 36.092360 26.042950
12 201568 50.424530 20.710620
12 203115 40.692160 24.981110
12 203914 44.309410 25.555090
12 1626144 32.317330 23.079690
12 2564 88.930470 23.895230
12 200746 53.106150 29.121820
12 201988 78.902480 11.503250
12 202695 63.086590 35.126050
12 203937 40.236570 4.072890
24 -1 77.077330 9.854660
24 201589 35.469540 26.226350
24 201568 49.116510 20.713760
24 203115 39.814680 26.005750
24 203914 43.840490 25.049990
24 1626144 31.433690 22.613180
24 2564 87.788440 24.001620
24 200746 52.345080 29.247440
24 201988 77.479660 11.333120
24 202695 61.641310 36.003280
24 203937 38.927660 3.858340
36 -1 75.458830 9.910010
36 201589 34.890270 26.265860
36 201568 47.906470 20.763930
36 203115 38.904380 26.996610
36 203914 43.453150 24.591310
36 1626144 30.572050 21.996500
36 2564 86.614590 24.139300
36 200746 51.558770 29.348420
36 201988 75.983190 11.151520
36 202695 60.187520 36.870110
36 203937 37.605410 3.644140
48 -1 73.366760 9.868890
48 201589 34.261080 26.316630
48 201568 46.709240 20.859870
48 203115 37.957770 28.008340
48 203914 43.023450 24.095250
48 1626144 29.708610 21.247430
48 2564 85.391200 24.276320
48 200746 50.802690 29.456100
48 201988 74.443820 10.971700
48 202695 58.736700 37.717620
48 203937 36.324610 3.464480
60 -1 71.376860 9.394990
60 201589 33.642200 26.376390
60 201568 45.540170 20.969920
60 203115 37.023170 28.983690
60 203914 42.562490 23.570840
60 1626144 28.914400 20.421170
60 2564 84.113150 24.307450
60 200746 50.040320 29.564900
60 201988 72.841010 10.752050
60 202695 57.246230 38.495100
60 203937 35.084990 3.345460
72 -1 69.869510 9.074660
72 201589 33.054120 26.462690
72 201568 44.416450 21.038980
72 203115 36.112230 29.896770
72 203914 42.007460 23.058890
72 1626144 28.147920 19.574250
72 2564 82.754490 24.421530
72 200746 49.273190 29.664970
72 201988 71.209240 10.593080
72 202695 55.737020 39.216990
72 203937 33.872790 3.286260
84 -1 68.728200 8.762840
84 201589 32.401460 26.483640
84 201568 43.357290 21.113520
84 203115 35.168070 30.756600
84 203914 41.360320 22.572520
84 1626144 27.386670 18.703380
84 2564 81.392990 24.579660
84 200746 48.488080 29.775190
84 201988 69.559560 10.342090
84 202695 54.222570 39.909200
84 203937 32.702050 3.265980
96 -1 67.381510 8.452380
96 201589 31.724100 26.556860
96 201568 42.301100 21.191420
96 203115 34.219310 31.545080
96 203914 40.680800 22.087560
96 1626144 26.616370 17.834750
96 2564 80.020280 24.705550
96 200746 47.646760 29.905070
96 201988 67.876240 10.111780
96 202695 52.675980 40.555240
96 203937 31.573760 3.217400
108 -1 65.536170 8.457180
108 201589 31.040820 26.625070
108 201568 41.398850 21.316530
108 203115 33.137980 32.172010
108 203914 39.891530 21.586660
108 1626144 25.898820 17.000680
108 2564 78.614090 24.791190
108 200746 46.746860 30.031430
108 201988 66.250800 9.910710
108 202695 51.115110 41.138060
108 203937 30.485460 3.134750
120 -1 64.043950 8.230820
120 201589 30.304770 26.707020
120 201568 40.584390 21.482830
120 203115 32.138620 32.863670
120 203914 39.095300 21.060690
120 1626144 25.186130 16.175420
120 2564 77.186190 24.910690
120 200746 45.762230 30.116420
120 201988 64.612680 9.726060
120 202695 49.587020 41.670240
120 203937 29.438230 3.038800
132 -1 61.796980 7.820580
132 201589 29.585850 26.626110
132 201568 39.865110 21.772770
132 203115 31.213320 33.483860
132 203914 38.330410 20.500080
132 1626144 24.498570 15.328430
132 2564 75.758650 25.018940
132 200746 44.665310 30.182050
132 201988 62.991820 9.461540
132 202695 48.052250 42.142220
132 203937 28.441980 2.910620
144 -1 59.823710 7.937050
144 201589 28.914960 26.602930
144 201568 39.181280 22.088750
144 203115 30.330570 34.031570
144 203914 37.554490 19.873770
144 1626144 23.809240 14.532770
144 2564 74.298510 25.146910
144 200746 43.453390 30.200830
144 201988 61.375540 9.282690
144 202695 46.496290 42.500900
144 203937 27.487270 2.778470
156 -1 58.788760 7.779490
156 201589 28.220400 26.618920
156 201568 38.574650 22.361870
156 203115 29.472390 34.578910
156 203914 36.747710 19.179480
156 1626144 23.109380 13.793050
156 2564 72.798990 25.284930
156 200746 42.193750 30.156030
156 201988 59.755400 9.072890
156 202695 44.984220 42.842130
156 203937 26.552710 2.695970
168 -1 57.263090 7.528620
168 201589 27.570730 26.605780
168 201568 37.928680 22.615700
168 203115 28.718280 35.138830
168 203914 36.007700 18.485780
168 1626144 22.398330 13.070290
168 2564 71.278540 25.430190
168 200746 40.865610 30.039960
168 201988 58.123230 8.851810
168 202695 43.494170 43.149390
168 203937 25.658400 2.627620
180 -1 55.877020 7.631260
180 201589 26.984220 26.512050
180 201568 37.276720 22.873900
180 203115 27.877440 35.529070
180 203914 35.284410 17.778110
180 1626144 21.741900 12.397690
180 2564 69.749500 25.510680
180 200746 39.483510 29.911430
180 201988 56.565110 8.692090
180 202695 41.982340 43.434020
180 203937 24.763100 2.530260
192 -1 53.968050 7.643190
192 201589 26.391620 26.499150
192 201568 36.609960 23.082820
192 203115 26.982010 35.861540
192 203914 34.604670 17.088130
192 1626144 21.135070 11.769430
192 2564 68.194050 25.538170
192 200746 38.101190 29.695390
192 201988 55.033200 8.590410
192 202695 40.504630 43.693220
192 203937 23.885550 2.426980
204 -1 51.987230 7.241860
204 201589 25.804680 26.447490
204 201568 35.983620 23.264320
204 203115 26.096930 36.106010
204 203914 33.977130 16.419360
204 1626144 20.559910 11.147260
204 2564 66.624290 25.602280
204 200746 36.700600 29.376410
204 201988 53.551780 8.515840
204 202695 39.058040 43.930840
204 203937 23.024970 2.333850
216 -1 50.474480 7.016530
216 201589 25.248840 26.362600
216 201568 35.394900 23.424710
216 203115 25.254340 36.217890
216 203914 33.334540 15.833700
216 1626144 20.004000 10.579280
216 2564 65.078210 25.694140
216 200746 35.324440 28.968540
216 201988 52.060960 8.405240
216 202695 37.631770 44.044630
216 203937 22.206400 2.258800
228 -1 49.492620 7.116530
228 201589 24.714580 26.220490
228 201568 34.842670 23.479690
228 203115 24.466700 36.246620
228 203914 32.660800 15.300080
228 1626144 19.427870 10.072130
228 2564 63.506270 25.827710
228 200746 33.991590 28.504880
228 201988 50.566140 8.286090
228 202695 36.246610 44.144840
228 203937 21.411910 2.201230
240 -1 48.247870 6.997410
240 201589 24.184490 26.041910
240 201568 34.303860 23.532440
240 203115 23.705250 36.231110
240 203914 31.957380 14.850330
240 1626144 18.812760 9.615060
240 2564 61.923250 26.015190
240 200746 32.700660 27.968580
240 201988 49.085890 8.187110
240 202695 34.940110 44.217980
240 203937 20.661260 2.174260
252 -1 46.849790 7.065300
252 201589 23.673350 25.843400
252 201568 33.769650 23.570930
252 203115 22.936660 36.177250
252 203914 31.242870 14.454300
252 1626144 18.184150 9.250480
252 2564 60.335920 26.234920
252 200746 31.399000 27.383840
252 201988 47.675660 8.162990
252 202695 33.638630 44.246970
252 203937 19.894060 2.155460
264 -1 45.185630 7.285030
264 201589 23.158210 25.582900
264 201568 33.218140 23.598300
264 203115 22.193920 36.221570
264 203914 30.544530 14.121260
264 1626144 17.560100 8.925140
264 2564 58.763310 26.355340
264 200746 30.155320 26.815520
264 201988 46.305470 8.161810
264 202695 32.366910 44.257530
264 203937 19.120850 2.174750
276 -1 43.452390 7.391660
276 201589 22.638370 25.325450
276 201568 32.659000 23.683120
276 203115 21.434460 36.278510
276 203914 29.831580 13.848480
276 1626144 16.943130 8.581490
276 2564 57.181870 26.443980
276 200746 28.927120 26.216410
276 201988 45.002870 8.268890
276 202695 31.134830 44.272350
276 203937 18.374880 2.183950
288 -1 41.888490 7.469390
288 201589 22.122140 25.075990
288 201568 32.117510 23.856560
288 203115 20.713070 36.365270
288 203914 29.141010 13.647140
288 1626144 16.365140 8.260520
288 2564 55.593420 26.524400
288 200746 27.700810 25.565420
288 201988 43.726990 8.355120
288 202695 29.917280 44.185560
288 203937 17.619910 2.222070
300 -1 40.867800 7.512300
300 201589 21.613970 24.825980
300 201568 31.662300 24.021880
300 203115 20.017800 36.451220
300 203914 28.483060 13.495940
300 1626144 15.804790 7.996060
300 2564 54.051280 26.642750
300 200746 26.482670 24.874960
300 201988 42.482150 8.441940
300 202695 28.668880 44.077650
300 203937 16.874330 2.267580
312 -1 39.998060 7.510620
312 201589 21.090930 24.540180
312 201568 31.256890 24.218290
312 203115 19.380430 36.552680
312 203914 27.853340 13.375610
312 1626144 15.254600 7.743990
312 2564 52.504670 26.789780
312 200746 25.340100 24.158050
312 201988 41.303420 8.549420
312 202695 27.476810 43.944230
312 203937 16.199770 2.312840
324 -1 38.971630 8.208740
324 201589 20.592560 24.220290
324 201568 30.861840 24.408720
324 203115 18.749150 36.551840
324 203914 27.265640 13.283720
324 1626144 14.707570 7.508800
324 2564 50.963580 27.000080
324 200746 24.221040 23.539510
324 201988 40.207010 8.761040
324 202695 26.334430 43.688920
324 203937 15.569380 2.363160
336 -1 38.495790 9.248350
336 201589 20.086140 23.860880
336 201568 30.465040 24.512640
336 203115 18.179370 36.559130
336 203914 26.750320 13.222470
336 1626144 14.183730 7.311770
336 2564 49.407780 27.209980
336 200746 23.115110 22.834630
336 201988 39.246140 9.111110
336 202695 25.154150 43.454850
336 203937 14.958380 2.391320
348 -1 38.217190 9.967470
348 201589 19.550540 23.481140
348 201568 30.084390 24.608960
348 203115 17.670750 36.534770
348 203914 26.309180 13.203100
348 1626144 13.672400 7.142360
348 2564 47.904290 27.382900
348 200746 22.006840 22.247010
348 201988 38.389330 9.546460
348 202695 24.016610 43.181070
348 203937 14.378160 2.358160
360 -1 38.190410 11.980530
360 201589 18.949200 23.060470
360 201568 29.705350 24.680360
360 203115 17.242350 36.504590
360 203914 25.929140 13.238200
360 1626144 13.176310 6.954680
360 2564 46.399670 27.488230
360 200746 20.942380 21.760150
360 201988 37.573270 10.062810
360 202695 22.969590 42.804890
360 203937 13.837310 2.311730
372 -1 38.637220 15.775940
372 201589 18.306170 22.673060
372 201568 29.354150 24.770290
372 203115 16.854130 36.506960
372 203914 25.595960 13.380510
372 1626144 12.712120 6.764870
372 2564 44.949640 27.591000
372 200746 19.885710 21.422730
372 201988 36.738270 10.554750
372 202695 21.953760 42.318580
372 203937 13.318440 2.221270
384 -1 39.075180 19.518400
384 201589 17.609310 22.360770
384 201568 29.061560 24.956840
384 203115 16.566730 36.555700
384 203914 25.303400 13.613480
384 1626144 12.316530 6.621140
384 2564 43.548200 27.718500
384 200746 18.886900 20.984540
384 201988 35.872890 10.997760
384 202695 20.991980 41.852240
384 203937 12.857980 2.115100
396 -1 39.563940 23.144300
396 201589 16.911490 22.144670
396 201568 28.805200 25.275890
396 203115 16.384860 36.604610
396 203914 25.040540 13.918580
396 1626144 11.963470 6.522650
396 2564 42.209070 27.886900
396 200746 17.935210 20.577900
396 201988 34.935940 11.324900
396 202695 20.162120 41.242860
396 203937 12.484170 2.063490
408 -1 40.061770 26.752910
408 201589 16.207510 21.963430
408 201568 28.551040 25.634600
408 203115 16.327740 36.680050
408 203914 24.763720 14.243240
408 1626144 11.650950 6.439390
408 2564 40.967840 28.077090
408 200746 16.981320 19.978320
408 201988 33.952870 11.651300
408 202695 19.420550 40.483090
408 203937 12.223850 2.060570
420 -1 38.826460 27.845730
420 201589 15.553070 21.946950
420 201568 28.289110 26.012720
420 203115 16.390370 36.713940
420 203914 24.473310 14.561700
420 1626144 11.391600 6.417010
420 2564 39.818450 28.294060
420 200746 16.023310 19.400250
420 201988 32.936870 11.928290
420 202695 18.744320 39.689970
420 203937 12.095980 2.067620
432 -1 37.771320 28.049030
432 201589 14.913150 21.988560
432 201568 28.045160 26.397120
432 203115 16.648180 36.603600
432 203914 24.125550 14.843730
432 1626144 11.192180 6.414280
432 2564 38.739350 28.499060
432 200746 15.113270 18.741040
432 201988 31.856090 12.176290
432 202695 18.181880 38.891700
432 203937 12.089270 2.153170
444 -1 37.295540 28.693640
444 201589 14.334330 22.111470
444 201568 27.802100 26.784860
444 203115 16.902430 36.297450
444 203914 23.716550 15.109830
444 1626144 11.054690 6.474030
444 2564 37.723790 28.657060
444 200746 14.109580 18.186330
444 201988 30.760900 12.372970
444 202695 17.586020 38.112260
444 203937 12.209470 2.297360
456 -1 35.822930 28.727880
456 201589 13.595620 22.122880
456 201568 27.541380 27.173720
456 203115 17.123800 35.893060
456 203914 23.249050 15.344490
456 1626144 11.012380 6.557490
456 2564 36.808450 28.766970
456 200746 13.200400 17.674350
456 201988 29.638990 12.525410
456 202695 17.060600 37.361720
456 203937 12.470110 2.505840
468 -1 35.001720 28.888640
468 201589 12.948630 22.282940
468 201568 27.247830 27.566420
468 203115 17.271350 35.359860
468 203914 22.746180 15.606140
468 1626144 11.086480 6.673910
468 2564 35.951900 28.891260
468 200746 12.343000 17.389070
468 201988 28.495710 12.639100
468 202695 16.648900 36.789920
468 203937 12.862730 2.740160
480 -1 34.318340 29.253550
480 201589 12.293560 22.434160
480 201568 26.914850 27.930320
480 203115 17.322490 34.817540
480 203914 22.203820 15.925770
480 1626144 11.312290 6.850970
480 2564 35.259520 28.952260
480 200746 11.548270 17.098660
480 201988 27.374890 12.692870
480 202695 16.341280 36.294470
480 203937 13.388310 3.056380
492 -1 33.203260 29.282310
492 201589 11.660230 22.589830
492 201568 26.542100 28.208990
492 203115 17.213440 34.346400
492 203914 21.644830 16.252480
492 1626144 11.705210 7.118650
492 2564 34.721920 28.960070
492 200746 10.734460 16.936670
492 201988 26.276490 12.776540
492 202695 16.092800 35.890430
492 203937 14.023810 3.452450
504 -1 33.219010 29.375760
504 201589 11.001190 22.732660
504 201568 26.149790 28.343920
504 203115 17.127440 33.972860
504 203914 21.026070 16.542200
504 1626144 12.235840 7.397390
504 2564 34.336680 28.966470
504 200746 10.015070 16.852600
504 201988 25.200310 12.841830
504 202695 16.026340 35.521900
504 203937 14.727210 3.873570
516 -1 33.732860 29.001460
516 201589 10.537880 23.029900
516 201568 25.778290 28.319390
516 203115 17.076550 33.655200
516 203914 20.332200 16.791340
516 1626144 12.916820 7.702530
516 2564 34.068190 28.987880
516 200746 9.260670 16.971930
516 201988 24.157410 12.829920
516 202695 16.019550 35.261320
516 203937 15.469000 4.314220
528 -1 33.985500 28.761730
528 201589 10.044180 23.235700
528 201568 25.454850 28.188070
528 203115 17.064280 33.450380
528 203914 19.587480 16.957110
528 1626144 13.729340 8.038060
528 2564 33.906120 28.976540
528 200746 8.565920 17.166520
528 201988 23.151720 12.795900
528 202695 16.024290 35.065130
528 203937 16.246140 4.773590
540 -1 33.682530 28.945150
540 201589 9.634670 23.425030
540 201568 25.178800 28.058920
540 203115 17.121340 33.307400
540 203914 18.812570 17.078700
540 1626144 14.591760 8.389120
540 2564 33.741010 28.985350
540 200746 7.964240 17.430130
540 201988 22.178510 12.738540
540 202695 16.054960 34.928440
540 203937 17.108860 5.293270
552 -1 32.878220 29.222540
552 201589 9.287570 23.641160
552 201568 24.945820 27.999370
552 203115 17.238900 33.221580
552 203914 18.033430 17.151220
552 1626144 15.481720 8.746990
552 2564 33.555510 29.043720
552 200746 7.440050 17.739640
552 201988 21.260510 12.647510
552 202695 16.123860 34.881340
552 203937 18.049950 5.839350
564 -1 30.788540 30.236170
564 201589 9.023270 23.908850
564 201568 24.751410 28.025900
564 203115 17.333640 33.222170
564 203914 17.286250 17.202620
564 1626144 16.473800 9.136280
564 2564 33.347930 29.080730
564 200746 6.934810 18.044490
564 201988 20.248050 12.516530
564 202695 16.210450 34.945580
564 203937 19.002240 6.415020
576 -1 28.600700 31.348510
576 201589 8.819360 24.200140
576 201568 24.578110 28.113070
576 203115 17.377820 33.332320
576 203914 16.583580 17.232920
576 1626144 17.458510 9.540460
576 2564 33.128500 28.968460
576 200746 6.617220 18.243890
576 201988 19.262010 12.540490
576 202695 16.305880 35.071920
576 203937 20.062570 6.943540
588 -1 26.254390 32.679620
588 201589 8.651530 24.484500
588 201568 24.385050 28.200820
588 203115 17.357070 33.521410
588 203914 15.918490 17.239460
588 1626144 18.401740 9.986110
588 2564 32.905310 28.611020
588 200746 6.404620 18.403430
588 201988 18.262800 12.669640
588 202695 16.377210 35.253180
588 203937 21.124690 7.523080
600 -1 23.899690 33.739610
600 201589 8.481070 24.724770
600 201568 24.166830 28.184840
600 203115 17.225840 33.727060
600 203914 15.286820 17.164100
600 1626144 19.330770 10.426670
600 2564 32.594150 28.301540
600 200746 6.249190 18.495170
600 201988 17.252970 12.921950
600 202695 16.383750 35.487630
600 203937 22.118180 8.109340
612 -1 21.698920 34.846820
612 201589 8.306310 24.868500
612 201568 23.901300 28.027120
612 203115 16.979170 33.952060
612 203914 14.656780 17.050890
612 1626144 20.190070 10.884050
612 2564 32.240950 27.835070
612 200746 6.207770 18.440020
612 201988 16.217080 13.214390
612 202695 16.308540 35.728950
612 203937 23.014730 8.680760
624 -1 19.432990 35.880230
624 201589 8.120500 24.849580
624 201568 23.555950 27.780350
624 203115 16.617130 34.213960
624 203914 13.998230 16.923350
624 1626144 20.911210 11.355060
624 2564 31.851750 27.263140
624 200746 6.310970 18.242530
624 201988 15.303770 13.673180
624 202695 16.235170 35.968490
624 203937 23.895330 9.156600
636 -1 17.299480 36.998680
636 201589 7.886650 24.712170
636 201568 23.128910 27.509410
636 203115 16.240210 34.459590
636 203914 13.334160 16.857630
636 1626144 21.579290 11.861250
636 2564 31.365220 26.704510
636 200746 6.345510 18.027500
636 201988 14.339460 14.077690
636 202695 16.073150 36.186860
636 203937 24.692740 9.699460
648 -1 16.066180 37.882600
648 201589 7.617800 24.500360
648 201568 22.637720 27.210450
648 203115 15.835960 34.653910
648 203914 12.704260 16.875760
648 1626144 22.182810 12.396440
648 2564 30.730960 26.238670
648 200746 6.346760 17.765420
648 201988 13.380630 14.333090
648 202695 15.938110 36.351820
648 203937 25.451250 10.189890
660 -1 16.034500 38.961450
660 201589 7.348800 24.254320
660 201568 22.044590 26.830410
660 203115 15.456930 34.896230
660 203914 12.101820 16.982210
660 1626144 22.737070 12.953950
660 2564 30.022860 25.608030
660 200746 6.338500 17.466840
660 201988 12.414810 14.358480
660 202695 15.898290 36.427810
660 203937 26.116340 10.594950
672 -1 16.245380 39.269060
672 201589 7.099860 24.026780
672 201568 21.382610 26.515110
672 203115 15.131640 35.046680
672 203914 11.515530 17.138200
672 1626144 23.273320 13.480640
672 2564 29.223120 24.998130
672 200746 6.246910 17.234910
672 201988 11.530280 14.294350
672 202695 15.926000 36.375460
672 203937 26.672360 10.916910
684 -1 16.524250 39.193310
684 201589 6.862930 23.848160
684 201568 20.738480 26.260040
684 203115 14.860350 35.066080
684 203914 10.964340 17.321850
684 1626144 23.752970 13.993670
684 2564 28.296990 24.437020
684 200746 6.108100 16.970750
684 201988 10.715370 14.085230
684 202695 15.860360 36.187430
684 203937 27.039280 11.087620
696 -1 16.742410 38.252490
696 201589 6.674450 23.688470
696 201568 20.120810 26.044940
696 203115 14.574380 35.011790
696 203914 10.487310 17.538720
696 1626144 24.138450 14.459660
696 2564 27.267760 23.897840
696 200746 5.921770 16.731540
696 201988 10.002050 13.729880
696 202695 15.696920 35.989360
696 203937 27.261160 11.126410
708 -1 16.155370 37.996600
708 201589 6.521590 23.505710
708 201568 19.515120 25.875210
708 203115 14.361310 34.910810
708 203914 10.060420 17.710650
708 1626144 24.418290 14.877300
708 2564 26.193900 23.410490
708 200746 5.756700 16.411710
708 201988 9.412790 13.326630
708 202695 15.528900 36.089060
708 203937 27.386870 11.132810
720 -1 15.613040 37.747260
720 201589 6.361980 23.256320
720 201568 18.924330 25.701630
720 203115 14.165630 34.711680
720 203914 9.668080 17.773990
720 1626144 24.572810 15.271870
720 2564 25.080380 23.043160
720 200746 5.553780 16.058620
720 201988 9.034930 12.948030
720 202695 15.256300 36.257500
720 203937 27.424920 11.206600
732 -1 15.497290 37.679520
732 201589 6.186460 22.950390
732 201568 18.303860 25.612820
732 203115 13.932960 34.580430
732 203914 9.350250 17.752170
732 1626144 24.603540 15.684720
732 2564 23.914240 22.681090
732 200746 5.421660 15.593770
732 201988 8.744670 12.465530
732 202695 14.946000 36.519770
732 203937 27.397600 11.295450
744 -1 15.330850 37.552200
744 201589 6.008030 22.624280
744 201568 17.626500 25.470400
744 203115 13.705370 34.558670
744 203914 9.133160 17.618660
744 1626144 24.536900 16.067620
744 2564 22.740330 22.314630
744 200746 5.329060 15.125930
744 201988 8.557040 11.874390
744 202695 14.636340 36.795910
744 203937 27.368180 11.423040
756 -1 15.264490 37.634430
756 201589 5.831600 22.317920
756 201568 16.875210 25.215990
756 203115 13.516250 34.630310
756 203914 8.997570 17.338350
756 1626144 24.391160 16.433850
756 2564 21.599150 21.979650
756 200746 5.279330 14.640640
756 201988 8.532780 11.269000
756 202695 14.535430 37.074390
756 203937 27.256050 11.453250
768 -1 15.141450 37.805190
768 201589 5.682270 22.060720
768 201568 16.063690 24.865110
768 203115 13.303510 34.708570
768 203914 8.930930 16.990650
768 1626144 24.174430 16.746090
768 2564 20.442120 21.789380
768 200746 5.262190 14.211970
768 201988 8.638290 10.632890
768 202695 14.412080 36.888460
768 203937 27.134080 11.498370
780 -1 15.291670 37.934280
780 201589 5.565220 21.853870
780 201568 15.288380 24.742920
780 203115 13.126310 34.697490
780 203914 8.953360 16.639810
780 1626144 23.903790 16.987240
780 2564 19.239580 21.495080
780 200746 5.272210 13.839820
780 201988 8.734350 9.960090
780 202695 14.382900 36.624930
780 203937 27.048080 11.500530
792 -1 15.119650 37.305710
792 201589 5.481160 21.657120
792 201568 14.572560 24.578690
792 203115 13.087930 34.637080
792 203914 9.061510 16.299230
792 1626144 23.607310 17.171610
792 2564 18.027120 21.318530
792 200746 5.317860 13.534070
792 201988 8.877180 9.284740
792 202695 14.289170 36.308950
792 203937 27.042700 11.527700
804 -1 15.034590 36.734070
804 201589 5.450020 21.460000
804 201568 13.856570 24.379530
804 203115 13.163750 34.514980
804 203914 9.224130 15.978780
804 1626144 23.300170 17.331660
804 2564 16.802960 21.207170
804 200746 5.429480 13.294560
804 201988 9.044970 8.644310
804 202695 14.264960 36.035760
804 203937 27.120190 11.790170
816 -1 15.729740 36.735350
816 201589 5.481140 21.258180
816 201568 13.159980 24.249150
816 203115 13.282020 34.333760
816 203914 9.409310 15.674960
816 1626144 22.998580 17.499820
816 2564 15.536390 21.223660
816 200746 5.587450 13.100040
816 201988 9.232870 7.982560
816 202695 14.250970 35.801710
816 203937 27.266580 12.190750
828 -1 15.807240 36.809180
828 201589 5.589670 21.086610
828 201568 12.506180 24.189390
828 203115 13.447890 34.269290
828 203914 9.607130 15.377800
828 1626144 22.721110 17.734260
828 2564 14.357120 21.195270
828 200746 5.831900 12.920280
828 201988 9.473990 7.355590
828 202695 14.433910 35.921370
828 203937 27.400130 12.603050
840 -1 15.777510 36.670370
840 201589 5.750520 20.959980
840 201568 11.844850 23.983810
840 203115 13.610170 34.214890
840 203914 9.796170 15.081760
840 1626144 22.413670 18.104820
840 2564 13.312250 21.251990
840 200746 6.194220 12.736040
840 201988 9.812170 6.782420
840 202695 14.504600 36.041600
840 203937 27.494450 12.966900
852 -1 15.638090 36.911190
852 201589 6.002840 20.946710
852 201568 11.140090 23.611640
852 203115 13.659270 34.198950
852 203914 9.972570 14.830250
852 1626144 22.075310 18.576660
852 2564 12.393180 21.209130
852 200746 6.608070 12.565470
852 201988 10.246890 6.285750
852 202695 14.493800 36.009560
852 203937 27.532230 13.289950
864 -1 15.354900 37.079730
864 201589 6.341430 21.036900
864 201568 10.514230 23.413330
864 203115 13.653630 34.202930
864 203914 10.157770 14.654620
864 1626144 21.752560 19.106220
864 2564 11.596380 21.177450
864 200746 7.059440 12.411600
864 201988 10.754450 5.832980
864 202695 14.562530 36.054640
864 203937 27.523440 13.484780
876 -1 15.447910 37.164660
876 201589 6.724680 21.164800
876 201568 9.944970 23.247840
876 203115 13.622310 34.217210
876 203914 10.357070 14.564950
876 1626144 21.426740 19.703600
876 2564 11.005030 21.234340
876 200746 7.574650 12.245150
876 201988 11.326910 5.446760
876 202695 14.693240 36.130750
876 203937 27.489470 13.666580
888 -1 15.596090 37.046580
888 201589 7.065510 21.263740
888 201568 9.402330 23.111460
888 203115 13.567410 34.127990
888 203914 10.569690 14.571730
888 1626144 21.114840 20.323160
888 2564 10.423900 21.128990
888 200746 8.136660 12.087900
888 201988 11.960180 5.104160
888 202695 14.670480 36.006330
888 203937 27.457090 13.831750
900 -1 15.734430 36.898120
900 201589 7.370480 21.345340
900 201568 8.923030 23.097790
900 203115 13.529240 34.130660
900 203914 10.813030 14.650830
900 1626144 20.834210 20.916360
900 2564 9.954410 21.091170
900 200746 8.708100 11.979490
900 201988 12.634250 4.805670
900 202695 14.699570 35.850760
900 203937 27.444090 13.999430
912 -1 15.902760 36.840780
912 201589 7.530620 21.342680
912 201568 8.532790 23.257880
912 203115 13.560390 34.075410
912 203914 11.090050 14.782560
912 1626144 20.578740 21.489000
912 2564 9.574850 21.143290
912 200746 9.293650 11.879540
912 201988 13.283710 4.567740
912 202695 14.892060 35.795830
912 203937 27.468130 14.170160
924 -1 16.218240 36.609310
924 201589 7.629600 21.142440
924 201568 8.192850 23.361960
924 203115 13.603960 33.978180
924 203914 11.376660 14.921040
924 1626144 20.329950 22.060010
924 2564 9.310170 21.389980
924 200746 9.861460 11.658280
924 201988 13.920980 4.402080
924 202695 15.006500 35.609120
924 203937 27.535890 14.340850
936 -1 16.502150 36.349650
936 201589 7.679570 20.831140
936 201568 7.790780 23.520610
936 203115 13.637200 33.770340
936 203914 11.689410 15.050230
936 1626144 20.103160 22.621190
936 2564 9.125950 21.332940
936 200746 10.424290 11.511370
936 201988 14.523530 4.297200
936 202695 14.959110 35.239270
936 203937 27.617050 14.494440
948 -1 16.442430 36.248870
948 201589 7.709330 20.463740
948 201568 7.449000 23.687750
948 203115 13.631280 33.509430
948 203914 12.004850 15.156380
948 1626144 19.907870 23.153510
948 2564 9.091870 21.297350
948 200746 10.996430 11.458170
948 201988 14.945760 4.193590
948 202695 14.895620 34.842350
948 203937 27.697210 14.616500
960 -1 15.959460 35.979080
960 201589 7.722490 20.043570
960 201568 7.187920 23.832900
960 203115 13.503320 33.163410
960 203914 12.298590 15.262630
960 1626144 19.742820 23.655050
960 2564 9.063270 21.277730
960 200746 11.608760 11.371250
960 201988 15.132650 4.077720
960 202695 14.826890 34.418150
960 203937 27.762290 14.699900
972 -1 15.752200 35.479260
972 201589 7.811090 19.571970
972 201568 7.023650 23.999120
972 203115 13.249180 32.732790
972 203914 12.565860 15.293790
972 1626144 19.582600 24.170290
972 2564 9.037380 21.154500
972 200746 12.265060 11.311500
972 201988 15.130410 3.945750
972 202695 14.501500 33.831450
972 203937 27.791800 14.743980
984 -1 15.585840 34.505780
984 201589 7.915050 19.154460
984 201568 6.875580 24.229750
984 203115 12.949870 32.231400
984 203914 12.768890 15.272980
984 1626144 19.264310 24.751290
984 2564 8.987200 20.728590
984 200746 12.808190 11.550620
984 201988 14.912040 3.774800
984 202695 13.955710 33.085800
984 203937 27.780680 14.753410
996 -1 15.231770 33.648880
996 201589 8.033050 18.751140
996 201568 6.873720 24.257560
996 203115 12.642350 31.799610
996 203914 12.905010 15.225310
996 1626144 18.841320 25.373830
996 2564 8.905010 20.389710
996 200746 13.340780 11.869180
996 201988 14.413600 3.543420
996 202695 13.431280 32.418870
996 203937 27.742370 14.744700
1008 -1 14.415510 32.972410
1008 201589 8.164920 18.319310
1008 201568 6.929660 24.206220
1008 203115 12.229260 31.352210
1008 203914 12.979400 15.267920
1008 1626144 18.269850 26.018070
1008 2564 8.802380 20.072920
1008 200746 13.927350 12.215980
1008 201988 13.795970 3.280520
1008 202695 12.940290 31.843780
1008 203937 27.693080 14.737930
1020 -1 13.428440 32.756840
1020 201589 8.214540 17.910320
1020 201568 6.977690 24.112370
1020 203115 11.849550 30.959850
1020 203914 12.941350 15.246560
1020 1626144 17.533550 26.662050
1020 2564 8.664270 19.597840
1020 200746 14.425290 12.639500
1020 201988 13.111450 3.014470
1020 202695 12.415760 31.324980
1020 203937 27.653800 14.752950
1032 -1 12.579680 32.428570
1032 201589 8.099070 17.579700
1032 201568 7.002990 24.014670
1032 203115 11.507190 30.668950
1032 203914 12.762890 15.211270
1032 1626144 16.624940 27.262130
1032 2564 8.624000 19.204550
1032 200746 14.781180 13.253330
1032 201988 12.364540 2.760630
1032 202695 12.116780 31.100370
1032 203937 27.653790 14.800570
1044 -1 11.827560 32.216280
1044 201589 7.795230 17.311860
1044 201568 7.079560 23.887860
1044 203115 11.162260 30.492140
1044 203914 12.485950 15.139100
1044 1626144 15.770890 27.790080
1044 2564 8.635010 18.838150
1044 200746 15.276200 13.717910
1044 201988 11.595990 2.512800
1044 202695 11.983960 30.998630
1044 203937 27.707520 14.925410
1056 -1 11.521720 32.156660
1056 201589 7.357150 17.103810
1056 201568 7.221150 23.971450
1056 203115 10.850740 30.313550
1056 203914 12.080640 15.020770
1056 1626144 15.003680 28.198790
1056 2564 8.640230 18.479740
1056 200746 15.792790 14.079200
1056 201988 10.841360 2.304470
1056 202695 11.781220 31.150220
1056 203937 27.834500 15.160440
1068 -1 11.420710 32.143320
1068 201589 6.841270 16.995110
1068 201568 7.464140 24.113450
1068 203115 10.731950 30.222130
1068 203914 11.554900 14.730110
1068 1626144 14.348750 28.552170
1068 2564 8.655930 18.210350
1068 200746 16.147710 14.458620
1068 201988 10.068170 2.185210
1068 202695 11.394400 31.377790
1068 203937 28.026320 15.484270
1080 -1 11.274270 32.449890
1080 201589 6.422430 16.960350
1080 201568 7.684360 24.334080
1080 203115 10.668590 30.298320
1080 203914 10.980040 14.399080
1080 1626144 13.858120 28.848350
1080 2564 8.714810 18.038850
1080 200746 16.461500 14.910650
1080 201988 9.311210 2.100120
1080 202695 10.995190 31.732970
1080 203937 28.248750 15.827320
1092 -1 11.257400 32.978920
1092 201589 6.166640 16.996630
1092 201568 7.834230 24.620160
1092 203115 10.572430 30.486840
1092 203914 10.420770 14.056850
1092 1626144 13.578100 29.048120
1092 2564 8.657650 17.925820
1092 200746 16.859580 15.410400
1092 201988 8.581510 1.982960
1092 202695 10.535730 32.275370
1092 203937 28.471040 16.159200
1104 -1 10.095310 33.633430
1104 201589 6.013090 17.142960
1104 201568 8.124120 24.718050
1104 203115 10.360660 30.785460
1104 203914 9.878910 13.735960
1104 1626144 13.454750 29.116800
1104 2564 8.532410 17.939170
1104 200746 17.115050 16.059350
1104 201988 7.881310 1.786500
1104 202695 10.271100 33.014320
1104 203937 28.658310 16.425930
1116 -1 9.094780 34.174780
1116 201589 5.994340 17.430950
1116 201568 8.323520 24.771880
1116 203115 10.173360 31.218690
1116 203914 9.441490 13.399580
1116 1626144 13.387470 29.106030
1116 2564 8.395320 18.095960
1116 200746 17.157220 16.720150
1116 201988 7.223380 1.628650
1116 202695 10.105440 33.614990
1116 203937 28.787210 16.584640
1128 -1 9.749060 34.494450
1128 201589 6.060620 17.794790
1128 201568 8.312800 24.877070
1128 203115 9.951150 31.776690
1128 203914 9.002050 13.085800
1128 1626144 13.400190 29.074820
1128 2564 8.240100 18.180650
1128 200746 17.106970 17.322550
1128 201988 6.665370 1.399780
1128 202695 10.028960 34.269780
1128 203937 28.870510 16.663410
1140 -1 10.052270 35.200350
1140 201589 6.118670 18.181770
1140 201568 8.365390 24.989430
1140 203115 9.765820 32.376620
1140 203914 8.596500 12.853540
1140 1626144 13.404240 29.075910
1140 2564 8.098080 18.344500
1140 200746 17.002640 17.872280
1140 201988 6.193700 1.173060
1140 202695 9.990760 34.958640
1140 203937 28.949540 16.734960
1152 -1 9.873230 35.751540
1152 201589 5.974730 18.555770
1152 201568 8.456970 24.984700
1152 203115 9.638280 32.933500
1152 203914 8.195570 12.711700
1152 1626144 13.279590 29.036390
1152 2564 8.071600 18.555080
1152 200746 16.763410 18.285160
1152 201988 5.819940 1.042070
1152 202695 10.069020 35.518540
1152 203937 29.054310 16.827420
1164 -1 9.666560 35.911510
1164 201589 5.889140 18.921720
1164 201568 8.310860 25.135080
1164 203115 9.665960 33.392470
1164 203914 7.806760 12.658510
1164 1626144 13.059310 29.058620
1164 2564 8.170420 18.720110
1164 200746 16.435480 18.789480
1164 201988 5.566120 0.970740
1164 202695 10.002430 36.133730
1164 203937 29.233410 16.972380
1176 -1 9.160200 34.560970
1176 201589 5.935780 19.223750
1176 201568 8.207940 25.269810
1176 203115 9.627920 33.828410
1176 203914 7.354040 12.735110
1176 1626144 12.759960 29.246210
1176 2564 8.293330 18.983410
1176 200746 16.039900 19.421590
1176 201988 5.434290 0.938340
1176 202695 9.938850 36.869840
1176 203937 29.513620 17.156690
1188 -1 8.598390 33.283910
1188 201589 6.050660 19.588110
1188 201568 8.172000 25.359720
1188 203115 9.384300 34.374440
1188 203914 6.974390 12.935230
1188 1626144 12.322380 29.444180
1188 2564 8.429470 19.407390
1188 200746 15.579680 20.250220
1188 201988 5.376490 1.034180
1188 202695 9.861710 37.658940
1188 203937 29.899480 17.355460
1200 -1 7.977180 31.687010
1200 201589 6.078620 19.894200
1200 201568 8.081670 25.397770
1200 203115 9.168330 34.704320
1200 203914 6.651910 13.205710
1200 1626144 11.838180 29.661770
1200 2564 8.563850 19.814500
1200 200746 14.989180 21.140830
1200 201988 5.395020 1.212820
1200 202695 9.827500 38.468860
1200 203937 30.358530 17.530460
1212 -1 7.358070 30.359850
1212 201589 6.288220 20.190430
1212 201568 8.021090 25.440030
1212 203115 9.007280 34.914860
1212 203914 6.390960 13.536950
1212 1626144 11.411810 30.065150
1212 2564 8.591010 19.960540
1212 200746 14.263940 22.024390
1212 201988 5.503740 1.410690
1212 202695 9.856700 39.355650
1212 203937 30.881330 17.672600
1224 -1 6.793920 28.992530
1224 201589 6.493530 20.473030
1224 201568 8.009820 25.422110
1224 203115 8.726720 35.163270
1224 203914 6.199750 13.900140
1224 1626144 10.897620 30.461410
1224 2564 8.567200 20.142670
1224 200746 13.444370 22.785680
1224 201988 5.689420 1.703010
1224 202695 9.918910 40.294500
1224 203937 31.459370 17.764700
1236 -1 6.245460 27.476540
1236 201589 6.574310 20.744030
1236 201568 7.979890 25.397280
1236 203115 8.457540 35.393080
1236 203914 6.060710 14.271280
1236 1626144 10.340340 30.742500
1236 2564 8.555650 20.241320
1236 200746 12.625710 23.525260
1236 201988 5.958600 2.017100
1236 202695 10.024250 41.208580
1236 203937 32.076920 17.860280
1248 -1 5.740250 26.149760
1248 201589 6.500730 20.855680
1248 201568 7.965680 25.400410
1248 203115 8.396960 35.361690
1248 203914 5.951270 14.619270
1248 1626144 9.806250 31.001540
1248 2564 8.558580 20.301070
1248 200746 11.773720 24.147360
1248 201988 6.278340 2.364590
1248 202695 10.208550 42.042960
1248 203937 32.716370 17.959110
1260 -1 5.168800 24.648840
1260 201589 6.479960 20.977090
1260 201568 7.921530 25.433990
1260 203115 8.316560 35.417120
1260 203914 5.848940 14.940680
1260 1626144 9.314570 31.235610
1260 2564 8.559230 20.334300
1260 200746 10.977460 24.671030
1260 201988 6.614810 2.752500
1260 202695 10.570400 42.812470
1260 203937 33.376360 18.077720
1272 -1 5.110880 24.245040
1272 201589 6.409730 21.075160
1272 201568 7.864640 25.477160
1272 203115 8.232970 35.460460
1272 203914 5.798750 15.185810
1272 1626144 8.868380 31.440000
1272 2564 8.623960 20.545700
1272 200746 10.259930 25.107890
1272 201988 6.986860 3.193860
1272 202695 10.977710 43.531110
1272 203937 34.092670 18.236180
1284 -1 5.017200 24.195170
1284 201589 6.380690 21.070820
1284 201568 7.723920 25.459070
1284 203115 8.317850 35.515930
1284 203914 5.837320 15.345410
1284 1626144 8.353260 31.798500
1284 2564 8.695250 20.780960
1284 200746 9.679130 25.478790
1284 201988 7.369400 3.714240
1284 202695 11.426340 44.251260
1284 203937 34.839480 18.451670
1296 -1 4.764570 24.063350
1296 201589 6.310820 21.025990
1296 201568 7.456650 25.402370
1296 203115 8.678490 35.540530
1296 203914 5.990940 15.393330
1296 1626144 7.917590 32.229560
1296 2564 8.871710 21.025900
1296 200746 9.201630 25.909190
1296 201988 7.761910 4.272230
1296 202695 12.007250 44.870390
1296 203937 35.582240 18.683030
1308 -1 4.250660 24.400310
1308 201589 6.315510 21.107450
1308 201568 7.011650 25.196540
1308 203115 9.178290 35.631890
1308 203914 6.254170 15.328470
1308 1626144 7.565330 32.704910
1308 2564 9.230280 21.268650
1308 200746 8.845290 26.303590
1308 201988 8.196260 4.855500
1308 202695 12.773260 45.389350
1308 203937 36.355540 18.933320
1320 -1 3.772850 24.801240
1320 201589 6.382450 21.228800
1320 201568 6.426870 25.007540
1320 203115 9.797730 35.741620
1320 203914 6.671040 15.167060
1320 1626144 7.263040 33.180000
1320 2564 9.671330 21.414320
1320 200746 8.598780 26.704850
1320 201988 8.711510 5.477860
1320 202695 13.592540 45.953220
1320 203937 37.180480 19.188110
1332 -1 3.587710 25.673540
1332 201589 6.734520 21.436520
1332 201568 5.722890 25.068980
1332 203115 10.614150 36.015920
1332 203914 7.232780 14.913660
1332 1626144 7.005060 33.652160
1332 2564 10.233780 21.638920
1332 200746 8.543680 27.112960
1332 201988 9.277340 6.121790
1332 202695 14.598170 46.492370
1332 203937 38.045910 19.434180
1344 -1 3.419350 26.455320
1344 201589 7.106140 21.630830
1344 201568 4.969770 25.303720
1344 203115 11.633750 36.292940
1344 203914 7.887550 14.575000
1344 1626144 6.856270 34.148620
1344 2564 10.921690 21.766300
1344 200746 8.761190 27.521820
1344 201988 9.937180 6.778300
1344 202695 15.800830 46.925230
1344 203937 38.939860 19.659090
1356 -1 3.028660 27.193910
1356 201589 7.526630 21.787030
1356 201568 4.191450 25.664630
1356 203115 12.677840 36.595220
1356 203914 8.616620 14.177790
1356 1626144 6.727670 34.686510
1356 2564 11.655890 21.781500
1356 200746 8.996730 27.895430
1356 201988 10.704330 7.496350
1356 202695 17.125500 47.300210
1356 203937 39.900230 19.885660
1368 -1 2.672630 27.577730
1368 201589 8.006370 21.858950
1368 201568 3.484850 26.226350
1368 203115 13.857170 36.962220
1368 203914 9.409620 13.734560
1368 1626144 6.584760 35.283350
1368 2564 12.409100 21.806140
1368 200746 9.403730 28.201670
1368 201988 11.564970 8.231320
1368 202695 18.548970 47.609740
1368 203937 40.873920 20.099070
1380 -1 2.052840 27.733350
1380 201589 8.563740 21.898970
1380 201568 2.815910 26.797260
1380 203115 15.181370 37.357870
1380 203914 10.255970 13.220240
1380 1626144 6.446310 35.952210
1380 2564 13.276350 21.924390
1380 200746 10.010820 28.562810
1380 201988 12.494280 8.979900
1380 202695 20.046710 47.825680
1380 203937 41.838680 20.367880
1392 -1 1.463030 27.363050
1392 201589 9.117660 21.776040
1392 201568 2.171370 27.106490
1392 203115 16.585500 37.769480
1392 203914 11.124550 12.677620
1392 1626144 6.315500 36.667700
1392 2564 14.202880 21.971410
1392 200746 10.630590 28.869600
1392 201988 13.539240 9.732650
1392 202695 21.588640 47.940550
1392 203937 42.783210 20.647860