0 -1 8.639980 32.532780
0 201564 37.703500 24.794470
0 202328 35.297030 19.335130
0 203114 46.069260 27.487120
0 203948 36.073910 24.567190
0 203953 32.390190 33.053520
0 1495 16.701670 31.082580
0 200746 17.605160 21.490270
0 201988 9.318190 33.556410
0 202695 19.556700 19.406340
0 203613 4.926320 27.746070
12 -1 8.901850 33.003700
12 201564 38.607320 25.405430
12 202328 36.691250 19.397450
12 203114 47.137080 27.410300
12 203948 36.945330 24.616050
12 203953 34.084670 32.891280
12 1495 17.307350 31.212390
12 200746 18.750840 21.277010
12 201988 9.298410 34.114150
12 202695 21.310050 19.272720
12 203613 5.866660 27.764340
24 -1 9.728630 33.888460
24 201564 39.491640 26.021080
24 202328 38.093760 19.508780
24 203114 48.215090 27.399530
24 203948 37.885480 24.667350
24 203953 35.795590 32.691330
24 1495 18.011550 31.312630
24 200746 19.911290 21.091670
24 201988 9.409840 34.660190
24 202695 23.107090 19.230080
24 203613 7.001450 27.604010
36 -1 10.459770 35.377940
36 201564 40.372980 26.683460
36 202328 39.479940 19.598100
36 203114 49.327840 27.410430
36 203948 38.868250 24.680220
36 203953 37.511850 32.455160
36 1495 18.714340 31.112600
36 200746 21.135330 20.923340
36 201988 9.587470 35.135630
36 202695 24.934120 19.160480
36 203613 8.268420 27.420150
48 -1 10.714210 36.332580
48 201564 41.232530 27.303700
48 202328 40.867640 19.707690
48 203114 50.421600 27.379540
48 203948 39.849380 24.669270
48 203953 39.192450 32.154620
48 1495 19.441510 30.857920
48 200746 22.352650 20.818580
48 201988 9.877500 35.546390
48 202695 26.863650 19.026640
48 203613 9.528350 27.194890
60 -1 11.235720 36.681670
60 201564 42.083310 28.019520
60 202328 42.229570 19.831420
60 203114 51.469280 27.313920
60 203948 40.857690 24.609210
60 203953 40.872150 31.761170
60 1495 20.221080 30.502750
60 200746 23.557920 20.676560
60 201988 10.260810 35.845100
60 202695 28.763530 19.025670
60 203613 10.937580 26.831040
72 -1 11.758260 37.143000
72 201564 42.920740 28.641530
72 202328 43.571290 19.994680
72 203114 52.480700 27.269990
72 203948 41.836340 24.428830
72 203953 42.582620 31.450540
72 1495 21.017200 30.207270
72 200746 24.775730 20.532710
72 201988 10.664010 36.015030
72 202695 30.602530 19.103330
72 203613 12.386260 26.378430
84 -1 12.115280 37.466870
84 201564 43.722680 29.086260
84 202328 44.917770 20.188960
84 203114 53.476280 27.212000
84 203948 42.889590 24.217690
84 203953 44.290460 31.134310
84 1495 21.862140 29.927320
84 200746 26.055150 20.400110
84 201988 11.118550 36.113070
84 202695 32.491470 19.171510
84 203613 13.865440 25.869790
96 -1 12.371690 37.737520
96 201564 44.507290 29.364790
96 202328 46.251200 20.470490
96 203114 54.469760 27.151080
96 203948 43.940320 24.030160
96 203953 45.889280 30.790770
96 1495 22.755570 29.619910
96 200746 27.380450 20.318470
96 201988 11.715360 36.261580
96 202695 34.375700 19.269450
96 203613 15.433630 25.285780
108 -1 13.102990 38.010000
108 201564 45.328670 29.590290
108 202328 47.565990 20.738850
108 203114 55.473910 27.092360
108 203948 45.024040 23.829870
108 203953 47.462170 30.453700
108 1495 23.714780 29.295330
108 200746 28.781620 20.222650
108 201988 12.405190 36.416260
108 202695 36.239790 19.370410
108 203613 16.988790 24.735330
120 -1 13.608310 37.812010
120 201564 46.104040 29.686810
120 202328 48.878760 21.028360
120 203114 56.503950 27.038170
120 203948 46.110810 23.566700
120 203953 48.958610 30.144840
120 1495 24.701140 28.944020
120 200746 30.278920 20.195580
120 201988 13.117380 36.472890
120 202695 38.071120 19.539620
120 203613 18.515080 24.146420
132 -1 14.378210 37.658880
132 201564 46.792610 29.854170
132 202328 50.114010 21.310320
132 203114 57.554240 26.954720
132 203948 47.209800 23.336820
132 203953 50.334160 29.690690
132 1495 25.741660 28.589340
132 200746 31.851950 20.280700
132 201988 13.863700 36.544910
132 202695 39.886390 19.746540
132 203613 20.087480 23.468990
144 -1 15.551120 37.634160
144 201564 47.490120 30.168140
144 202328 51.293750 21.601270
144 203114 58.595150 26.777750
144 203948 48.288500 23.099180
144 203953 51.641530 29.154160
144 1495 26.788110 28.314110
144 200746 33.457650 20.437820
144 201988 14.660290 36.583640
144 202695 41.644150 19.977950
144 203613 21.681410 22.774780
156 -1 16.614560 37.762840
156 201564 48.148670 30.535660
156 202328 52.434310 21.968210
156 203114 59.580320 26.523680
156 203948 49.361070 22.859480
156 203953 52.978600 28.677310
156 1495 27.939790 27.960900
156 200746 35.072690 20.727140
156 201988 15.496540 36.481580
156 202695 43.397980 20.281960
156 203613 23.265590 22.067580
168 -1 17.506070 38.070820
168 201564 48.708100 30.847550
168 202328 53.548400 22.345280
168 203114 60.505160 26.253170
168 203948 50.354020 22.658070
168 203953 54.293120 28.253280
168 1495 29.116890 27.598370
168 200746 36.713560 21.205980
168 201988 16.382520 36.419130
168 202695 45.107430 20.605450
168 203613 24.885720 21.291760
180 -1 17.972320 38.370720
180 201564 49.246350 31.121420
180 202328 54.620790 22.732400
180 203114 61.439760 25.984310
180 203948 51.338570 22.460290
180 203953 55.566940 27.970760
180 1495 30.341290 27.271030
180 200746 38.370940 21.781140
180 201988 17.371850 36.550790
180 202695 46.769740 20.978500
180 203613 26.540010 20.503560
192 -1 18.817220 38.409960
192 201564 49.845040 31.301120
192 202328 55.695430 23.137330
192 203114 62.349940 25.704540
192 203948 52.314480 22.299520
192 203953 56.819020 27.849460
192 1495 31.577040 26.960510
192 200746 40.025600 22.485350
192 201988 18.453490 36.661320
192 202695 48.421430 21.460330
192 203613 28.225660 19.736070
204 -1 20.064020 38.432180
204 201564 50.492170 31.415810
204 202328 56.703940 23.557320
204 203114 63.260300 25.405230
204 203948 53.275050 22.156240
204 203953 58.026750 27.835880
204 1495 32.855790 26.566820
204 200746 41.700470 23.321260
204 201988 19.590200 36.745190
204 202695 49.979180 21.959270
204 203613 29.913780 18.934160
216 -1 21.622340 38.267870
216 201564 51.112250 31.523790
216 202328 57.615930 23.904440
216 203114 64.193340 25.073760
216 203948 54.266880 22.061990
216 203953 59.141740 27.983050
216 1495 34.107440 26.270500
216 200746 43.369600 24.189500
216 201988 20.807640 36.888440
216 202695 51.445670 22.442690
216 203613 31.549550 18.143080
228 -1 23.559500 38.140050
228 201564 51.702980 31.667670
228 202328 58.480510 24.241310
228 203114 65.086240 24.720810
228 203948 55.197410 22.074270
228 203953 60.220430 28.344890
228 1495 35.353080 26.026580
228 200746 45.041640 25.107110
228 201988 22.095040 37.007580
228 202695 52.832030 23.009390
228 203613 33.178090 17.359530
240 -1 25.648020 37.631580
240 201564 52.278220 31.822660
240 202328 59.332110 24.539830
240 203114 65.872760 24.310410
240 203948 56.017100 22.265590
240 203953 61.251250 28.729240
240 1495 36.605260 25.799270
240 200746 46.680120 26.131240
240 201988 23.441800 37.094860
240 202695 54.210210 23.573770
240 203613 34.836850 16.576710
252 -1 27.073340 37.267060
252 201564 52.864960 31.994660
252 202328 60.137230 24.766770
252 203114 66.577880 23.786690
252 203948 56.883090 22.462060
252 203953 62.228200 29.161180
252 1495 37.876900 25.560590
252 200746 48.352540 27.112950
252 201988 24.907170 37.168740
252 202695 55.506530 24.007630
252 203613 36.462500 15.770780
264 -1 28.143830 37.061670
264 201564 53.418610 32.128970
264 202328 60.959250 24.932220
264 203114 67.216570 23.205530
264 203948 57.799050 22.468790
264 203953 63.157850 29.715220
264 1495 39.161960 25.350270
264 200746 50.012600 28.096690
264 201988 26.457710 37.265700
264 202695 56.787370 24.463220
264 203613 38.085520 14.956470
276 -1 29.348030 36.606780
276 201564 54.022870 32.237590
276 202328 61.808520 25.015850
276 203114 67.758100 22.620370
276 203948 58.783760 22.473760
276 203953 64.138260 30.293190
276 1495 40.403370 25.179110
276 200746 51.663230 29.046940
276 201988 27.991320 37.483080
276 202695 58.071080 25.065200
276 203613 39.742850 14.132750
288 -1 30.699500 36.243630
288 201564 54.847530 32.172120
288 202328 62.634840 25.084390
288 203114 68.272510 22.009450
288 203948 59.851340 22.401750
288 203953 65.085940 30.849690
288 1495 41.691910 25.001560
288 200746 53.360330 29.973250
288 201988 29.610330 37.649070
288 202695 59.315080 25.502460
288 203613 41.343140 13.365010
300 -1 32.233600 36.598210
300 201564 55.583280 32.256570
300 202328 63.396550 25.102790
300 203114 68.805540 21.364780
300 203948 61.054520 22.278700
300 203953 66.038890 31.468390
300 1495 42.943140 24.850290
300 200746 55.015600 30.879670
300 201988 31.209440 37.843460
300 202695 60.537710 25.828400
300 203613 42.900860 12.640500
312 -1 33.854070 36.932340
312 201564 56.124580 32.372390
312 202328 64.079900 25.106080
312 203114 69.379350 20.784120
312 203948 62.202270 22.194540
312 203953 66.999110 32.117750
312 1495 44.159530 24.750480
312 200746 56.666170 31.785000
312 201988 32.754470 38.099190
312 202695 61.818610 26.175260
312 203613 44.487370 11.992180
324 -1 35.904300 37.574760
324 201564 56.677760 32.562110
324 202328 64.760720 25.068670
324 203114 69.986010 20.243370
324 203948 63.279760 22.245870
324 203953 67.974760 32.781720
324 1495 45.415780 24.682530
324 200746 58.360580 32.614150
324 201988 34.318330 38.367940
324 202695 63.275060 26.485310
324 203613 46.085240 11.413520
336 -1 38.127690 38.464720
336 201564 57.150770 32.826360
336 202328 65.421650 25.092760
336 203114 70.611890 19.755330
336 203948 64.178530 22.234920
336 203953 68.906780 33.433720
336 1495 46.644080 24.593620
336 200746 60.100590 33.453270
336 201988 35.931890 38.541570
336 202695 64.612300 26.804240
336 203613 47.655720 10.886680
348 -1 39.401390 39.178590
348 201564 57.461540 33.269140
348 202328 66.074310 25.116110
348 203114 71.222100 19.273560
348 203948 65.202720 22.362870
348 203953 69.887850 34.067180
348 1495 47.848850 24.493570
348 200746 61.831520 34.389170
348 201988 37.551490 38.868630
348 202695 65.999510 27.278160
348 203613 49.272740 10.418310
360 -1 40.347940 39.922220
360 201564 57.870700 33.571460
360 202328 66.679380 25.145080
360 203114 71.810320 18.825540
360 203948 66.302780 22.558130
360 203953 70.851850 34.644910
360 1495 49.044910 24.386620
360 200746 63.595020 35.226940
360 201988 39.209650 39.168240
360 202695 67.425100 27.828310
360 203613 50.844800 10.034090
372 -1 41.892980 40.049350
372 201564 58.449980 33.817560
372 202328 67.309040 25.217570
372 203114 72.368330 18.373620
372 203948 67.489780 22.799340
372 203953 71.871430 35.186860
372 1495 50.200780 24.283370
372 200746 65.296240 36.081980
372 201988 40.902510 39.443710
372 202695 68.807510 28.180520
372 203613 52.357520 9.723360
384 -1 43.121640 40.709560
384 201564 59.067150 34.036100
384 202328 67.838450 25.243320
384 203114 72.904730 17.964320
384 203948 68.692770 23.157170
384 203953 72.918990 35.751290
384 1495 51.295470 24.172080
384 200746 66.942220 36.993890
384 201988 42.612760 39.738380
384 202695 70.015180 28.511700
384 203613 53.850030 9.493400
396 -1 44.536480 40.842950
396 201564 59.709790 34.179970
396 202328 68.300600 25.174040
396 203114 73.427120 17.575100
396 203948 70.005230 23.580790
396 203953 73.939070 36.219550
396 1495 52.393270 24.097190
396 200746 68.538130 37.944760
396 201988 44.302170 39.980760
396 202695 71.375200 28.755970
396 203613 55.330600 9.357730
408 -1 46.396190 41.005390
408 201564 60.283760 34.298860
408 202328 68.700580 25.090460
408 203114 73.935460 17.299640
408 203948 71.243290 23.937080
408 203953 74.895660 36.767850
408 1495 53.430360 24.066000
408 200746 70.033470 38.741810
408 201988 45.937250 40.112970
408 202695 72.700100 28.886780
408 203613 56.763200 9.249830
420 -1 48.312990 41.512640
420 201564 60.869180 34.467950
420 202328 69.110470 24.947300
420 203114 74.375700 17.034190
420 203948 72.397760 24.238250
420 203953 75.911980 37.243810
420 1495 54.437180 23.990950
420 200746 71.499480 39.568680
420 201988 47.561790 40.233780
420 202695 73.963920 28.998370
420 203613 58.186510 9.183220
432 -1 50.656310 41.505800
432 201564 61.501360 34.749810
432 202328 69.498690 24.773000
432 203114 74.796130 16.836640
432 203948 73.547420 24.580390
432 203953 76.891780 37.540350
432 1495 55.426230 23.896330
432 200746 72.945000 40.354100
432 201988 49.180850 40.406470
432 202695 75.226450 29.364270
432 203613 59.592370 9.149700
444 -1 51.783460 41.905890
444 201564 62.128540 35.088320
444 202328 69.889430 24.732650
444 203114 75.176460 16.712220
444 203948 74.703910 24.946000
444 203953 77.820340 37.887600
444 1495 56.361110 23.807060
444 200746 74.361640 41.167690
444 201988 50.727160 40.569410
444 202695 76.493820 29.737990
444 203613 60.892390 9.205660
456 -1 52.819260 42.066020
456 201564 62.803370 35.498810
456 202328 70.267800 24.747500
456 203114 75.498120 16.644880
456 203948 75.773970 25.352730
456 203953 78.753230 38.230250
456 1495 57.200770 23.770160
456 200746 75.726010 41.958510
456 201988 52.206850 40.716160
456 202695 77.629000 29.926990
456 203613 62.080300 9.309780
468 -1 54.373890 40.855440
468 201564 63.527830 35.960200
468 202328 70.595100 24.807780
468 203114 75.751790 16.498900
468 203948 76.801920 25.778100
468 203953 79.786060 38.510430
468 1495 57.950780 23.760360
468 200746 77.063770 42.733860
468 201988 53.595300 40.813380
468 202695 78.808060 30.193510
468 203613 63.187030 9.486060
480 -1 55.686370 40.904510
480 201564 64.251360 36.401740
480 202328 70.854870 24.921800
480 203114 75.958010 16.397600
480 203948 77.852520 26.437040
480 203953 80.747570 38.786350
480 1495 58.608660 23.811700
480 200746 78.359350 43.426480
480 201988 54.875510 40.757340
480 202695 79.933780 30.542460
480 203613 64.219100 9.677390
492 -1 57.519510 40.285560
492 201564 64.951150 36.712710
492 202328 71.024090 25.002100
492 203114 76.107140 16.268700
492 203948 78.747400 26.952100
492 203953 81.665990 39.226860
492 1495 59.183500 23.873420
492 200746 79.596870 44.026730
492 201988 55.967090 40.554180
492 202695 80.946640 30.907240
492 203613 65.139580 9.873040
504 -1 58.790740 35.558540
504 201564 65.702100 36.949050
504 202328 71.124370 24.990530
504 203114 76.164580 16.090350
504 203948 79.563700 27.567450
504 203953 82.546310 39.574420
504 1495 59.717910 23.921900
504 200746 80.806250 44.506150
504 201988 56.953140 40.298750
504 202695 81.852930 31.347000
504 203613 65.999840 10.009030
516 -1 59.778940 29.832490
516 201564 66.448070 37.084580
516 202328 71.119570 24.950330
516 203114 76.124960 15.875690
516 203948 80.331290 28.228920
516 203953 83.414260 39.955340
516 1495 60.266270 23.841310
516 200746 81.954110 44.798410
516 201988 57.873570 40.131640
516 202695 82.733130 31.794850
516 203613 66.692100 10.136090
528 -1 60.529410 26.021350
528 201564 67.185580 37.088500
528 202328 71.029840 24.877090
528 203114 75.986230 15.676050
528 203948 80.965150 28.871490
528 203953 84.209600 40.274130
528 1495 60.811140 23.695810
528 200746 83.068320 45.022110
528 201988 58.724090 40.061410
528 202695 83.489280 32.311570
528 203613 67.219910 10.266170
540 -1 60.718210 25.793780
540 201564 67.881380 36.958450
540 202328 70.871850 24.837870
540 203114 75.731770 15.505220
540 203948 81.500810 29.287390
540 203953 84.989120 40.629790
540 1495 61.328960 23.509990
540 200746 84.151430 45.109600
540 201988 59.510010 40.134450
540 202695 84.121940 32.748170
540 203613 67.526690 10.422380
552 -1 61.487950 25.462950
552 201564 68.553980 36.805730
552 202328 70.647620 24.721400
552 203114 75.374770 15.378120
552 203948 82.068980 29.817080
552 203953 85.765030 41.059640
552 1495 61.829950 23.349480
552 200746 85.195190 45.069780
552 201988 60.290550 40.272890
552 202695 84.668060 33.024270
552 203613 67.631270 10.604220
564 -1 62.019730 25.147590
564 201564 69.150460 36.629120
564 202328 70.412860 24.572630
564 203114 74.952520 15.245220
564 203948 82.606940 30.230040
564 203953 86.613690 41.494630
564 1495 62.305020 23.209560
564 200746 86.182800 44.883960
564 201988 61.038180 40.454870
564 202695 85.178950 33.226370
564 203613 67.400970 10.795930
576 -1 62.843620 24.935010
576 201564 69.703650 36.440940
576 202328 70.261110 24.404980
576 203114 74.486990 15.110010
576 203948 83.158780 30.581530
576 203953 87.481960 41.892510
576 1495 62.707870 23.100640
576 200746 87.008010 44.554490
576 201988 61.764780 40.517730
576 202695 85.638910 33.586540
576 203613 66.998530 10.945230
588 -1 63.569160 24.230360
588 201564 70.255490 36.318640
588 202328 70.163580 24.182280
588 203114 73.977590 15.028810
588 203948 83.749790 30.946600
588 203953 88.292550 42.169820
588 1495 63.075580 22.986580
588 200746 87.729580 44.192840
588 201988 62.458140 40.557020
588 202695 86.074730 33.831930
588 203613 66.405650 11.043260
600 -1 63.797520 23.266110
600 201564 70.784770 36.250360
600 202328 70.133300 23.906870
600 203114 73.434670 15.001850
600 203948 84.300890 31.299570
600 203953 89.081060 42.307840
600 1495 63.412170 22.856860
600 200746 88.319770 43.776080
600 201988 63.109490 40.578610
600 202695 86.510260 34.116660
600 203613 65.669140 11.078360
612 -1 63.511350 22.138510
612 201564 71.249410 36.185890
612 202328 70.209500 23.681790
612 203114 72.856250 14.998140
612 203948 84.783250 31.613100
612 203953 89.828090 42.291590
612 1495 63.713320 22.691430
612 200746 88.892590 43.606610
612 201988 63.738180 40.637770
612 202695 86.963350 34.446910
612 203613 64.824740 11.035370
624 -1 63.553340 20.218380
624 201564 71.639120 36.071770
624 202328 70.350860 23.416490
624 203114 72.275040 15.148690
624 203948 85.187630 31.880570
624 203953 90.471400 42.075840
624 1495 63.945790 22.450500
624 200746 89.324940 43.400310
624 201988 64.351030 40.716130
624 202695 87.348550 34.833790
624 203613 64.064950 10.901860
636 -1 63.263790 17.073680
636 201564 71.978710 35.917840
636 202328 70.515310 23.139010
636 203114 71.744430 15.245040
636 203948 85.486850 32.091580
636 203953 90.996430 41.714850
636 1495 64.235510 22.338240
636 200746 89.631200 43.199070
636 201988 64.929220 40.886360
636 202695 87.691710 35.189810
636 203613 63.389390 10.669290
648 -1 62.912330 14.077460
648 201564 72.256180 35.712850
648 202328 70.759900 22.808700
648 203114 71.303390 15.310060
648 203948 85.710750 32.270300
648 203953 91.320250 41.554640
648 1495 64.599180 22.401490
648 200746 89.590240 42.735620
648 201988 65.482300 41.067330
648 202695 88.039960 35.485710
648 203613 62.878590 10.379070
660 -1 62.285640 11.305690
660 201564 72.497610 35.475020
660 202328 71.052480 22.579200
660 203114 71.011900 15.249240
660 203948 85.845310 32.332110
660 203953 91.452650 41.279500
660 1495 65.052860 22.620470
660 200746 89.415930 42.298210
660 201988 66.011090 41.250830
660 202695 88.380600 35.671130
660 203613 62.491550 10.044320
672 -1 62.516660 10.581530
672 201564 72.721220 35.236060
672 202328 71.415720 22.412980
672 203114 70.856960 15.074760
672 203948 85.903340 32.292060
672 203953 91.407490 40.998030
672 1495 65.526860 22.834190
672 200746 89.119080 41.565980
672 201988 66.508420 41.391200
672 202695 88.660610 35.747960
672 203613 62.250170 9.730460
684 -1 62.157410 10.665070
684 201564 72.944180 35.048410
684 202328 71.823080 22.384220
684 203114 70.805800 14.696450
684 203948 85.889870 32.103870
684 203953 91.131640 40.697340
684 1495 66.166460 23.380180
684 200746 89.104380 40.900290
684 201988 66.995890 41.516030
684 202695 88.800050 35.683990
684 203613 62.150090 9.438380
696 -1 62.130710 10.370260
696 201564 73.164350 34.939640
696 202328 72.244770 22.333740
696 203114 70.806730 14.364910
696 203948 85.820440 31.773610
696 203953 90.644140 40.444610
696 1495 66.764740 23.894820
696 200746 88.978910 40.322660
696 201988 67.468020 41.617840
696 202695 88.638620 35.533390
696 203613 62.176170 9.181500
708 -1 62.598150 10.200980
708 201564 73.364690 34.819100
708 202328 72.652170 22.456350
708 203114 70.801720 14.037410
708 203948 85.714140 31.419370
708 203953 90.059670 39.929510
708 1495 67.368310 24.349360
708 200746 88.898030 39.965440
708 201988 67.939350 41.727260
708 202695 87.887300 35.167410
708 203613 62.235990 8.959080
720 -1 63.110290 9.312970
720 201564 73.536160 34.688190
720 202328 72.988500 22.380300
720 203114 70.745390 13.778370
720 203948 85.553700 31.063110
720 203953 89.337300 39.476220
720 1495 67.936630 24.759230
720 200746 88.796770 39.518630
720 201988 68.413170 41.848830
720 202695 86.922710 34.515910
720 203613 62.372740 8.785460
732 -1 63.240770 9.178530
732 201564 73.682950 34.528140
732 202328 73.334280 22.320760
732 203114 70.634000 13.613110
732 203948 85.385090 30.769480
732 203953 88.326000 38.887490
732 1495 68.555830 25.203660
732 200746 88.598260 39.118420
732 201988 68.893940 42.012230
732 202695 85.802270 33.730570
732 203613 62.558600 8.607050
744 -1 63.575910 8.606200
744 201564 73.797860 34.254040
744 202328 73.754720 22.243890
744 203114 70.486160 13.542060
744 203948 85.195840 30.548850
744 203953 87.242790 38.142300
744 1495 69.077810 25.488560
744 200746 88.078260 38.686320
744 201988 69.348980 42.184270
744 202695 84.630730 32.699250
744 203613 62.777740 8.416270
756 -1 63.850610 8.152640
756 201564 73.879190 33.937570
756 202328 74.212070 22.225580
756 203114 70.330490 13.510520
756 203948 85.011850 30.376460
756 203953 86.019080 37.160480
756 1495 69.681570 25.831330
756 200746 87.731950 38.229830
756 201988 69.772460 42.351590
756 202695 83.531470 31.341210
756 203613 63.027640 8.245940
768 -1 64.029640 7.522950
768 201564 73.961460 33.654020
768 202328 74.745410 22.137790
768 203114 70.241660 13.496120
768 203948 84.823830 30.092200
768 203953 84.711560 36.017720
768 1495 70.292480 26.258210
768 200746 87.573870 37.819870
768 201988 70.147380 42.483160
768 202695 82.996460 30.078670
768 203613 63.309350 8.065810
780 -1 64.592990 7.306150
780 201564 74.071240 33.432680
780 202328 75.328960 22.047950
780 203114 70.258960 13.470410
780 203948 84.653440 29.768780
780 203953 83.581830 34.910080
780 1495 70.943150 26.618780
780 200746 87.484930 37.635680
780 201988 70.491950 42.589230
780 202695 82.530640 28.757530
780 203613 63.652310 7.895930
792 -1 65.226350 7.435400
792 201564 74.202940 33.322010
792 202328 75.898450 21.916150
792 203114 70.458980 13.383130
792 203948 84.502710 29.417640
792 203953 82.709820 33.710240
792 1495 71.644560 26.979030
792 200746 87.445300 37.577890
792 201988 70.799930 42.657100
792 202695 82.159110 27.372490
792 203613 64.111840 7.780360
804 -1 65.506090 6.366170
804 201564 74.356370 33.343240
804 202328 76.437730 21.719240
804 203114 70.846070 13.207430
804 203948 84.401720 29.020240
804 203953 81.961720 32.366600
804 1495 72.438820 27.344580
804 200746 87.401230 37.609090
804 201988 71.075610 42.684050
804 202695 81.929450 25.894230
804 203613 64.664960 7.757890
816 -1 65.859160 8.158570
816 201564 74.537750 33.429510
816 202328 76.928170 21.589120
816 203114 71.374030 13.005820
816 203948 84.278980 28.668630
816 203953 81.552990 30.916800
816 1495 73.246290 27.778830
816 200746 87.379160 37.847890
816 201988 71.318510 42.705390
816 202695 81.891140 24.513520
816 203613 65.295180 7.757280
828 -1 66.217660 7.086760
828 201564 74.705870 33.538170
828 202328 77.315500 21.596820
828 203114 71.954340 12.734450
828 203948 84.161040 28.347830
828 203953 81.423100 29.427050
828 1495 74.029790 28.090000
828 200746 87.337400 38.120950
828 201988 71.525450 42.696580
828 202695 81.759970 22.926590
828 203613 66.030230 7.807700
840 -1 66.576170 6.014960
840 201564 74.837550 33.629490
840 202328 77.689180 21.732320
840 203114 72.636970 12.435630
840 203948 84.121810 28.114340
840 203953 81.345750 27.727550
840 1495 74.815900 28.446140
840 200746 87.300570 38.366310
840 201988 71.676800 42.652550
840 202695 81.725360 21.373330
840 203613 66.847040 7.795960
852 -1 67.230530 5.297460
852 201564 74.921890 33.672230
852 202328 78.060800 21.953860
852 203114 73.372900 12.152680
852 203948 84.186840 27.929060
852 203953 81.486880 26.020040
852 1495 75.638260 28.851990
852 200746 87.280670 38.581220
852 201988 71.751290 42.585330
852 202695 81.710760 19.737570
852 203613 67.677550 7.689190
864 -1 68.476600 5.288570
864 201564 74.976100 33.697040
864 202328 78.370320 22.239790
864 203114 74.079050 11.925080
864 203948 84.330850 27.878600
864 203953 81.815160 24.404320
864 1495 76.452230 29.200240
864 200746 87.281540 38.726280
864 201988 71.732890 42.492030
864 202695 81.684780 18.175780
864 203613 68.438250 7.503630
876 -1 69.404380 5.300460
876 201564 75.031040 33.718700
876 202328 78.716300 22.458730
876 203114 74.719750 11.711560
876 203948 84.594220 27.877810
876 203953 82.186230 22.861610
876 1495 77.277340 29.316600
876 200746 87.292850 38.663130
876 201988 71.618020 42.339830
876 202695 81.701700 16.594710
876 203613 69.140140 7.345780
888 -1 70.265630 5.582530
888 201564 75.098470 33.768350
888 202328 79.088380 22.524390
888 203114 75.349860 11.582900
888 203948 84.925640 27.997490
888 203953 82.598070 21.349970
888 1495 78.118250 29.292290
888 200746 87.287040 38.553040
888 201988 71.398910 42.146500
888 202695 81.708060 15.197980
888 203613 69.722060 7.208420
900 -1 71.773400 6.771520
900 201564 75.179060 33.840160
900 202328 79.540670 22.507510
900 203114 75.956820 11.423950
900 203948 85.300780 28.235810
900 203953 82.998960 19.920540
900 1495 78.958200 29.133890
900 200746 87.241810 38.434400
900 201988 71.097590 41.917760
900 202695 81.687920 13.837430
900 203613 70.164640 7.135650
912 -1 72.348270 7.191320
912 201564 75.269590 33.900310
912 202328 80.034410 22.444170
912 203114 76.586270 11.214320
912 203948 85.702790 28.560530
912 203953 83.296330 18.518990
912 1495 79.858260 28.825680
912 200746 87.099520 38.294660
912 201988 70.755250 41.638270
912 202695 81.747340 12.772330
912 203613 70.369520 7.148640
924 -1 72.413960 6.927040
924 201564 75.347990 33.920290
924 202328 80.540530 22.307330
924 203114 77.050690 11.139800
924 203948 86.041040 28.976050
924 203953 83.480460 17.189450
924 1495 80.776110 28.487490
924 200746 86.813750 38.219080
924 201988 70.399000 41.298440
924 202695 81.867400 11.966250
924 203613 70.573270 7.193680
936 -1 72.561150 6.110530
936 201564 75.374470 33.831490
936 202328 81.060090 22.183260
936 203114 77.566980 11.031890
936 203948 86.288080 29.486500
936 203953 83.575140 16.004550
936 1495 81.679670 28.373300
936 200746 86.430760 38.370650
936 201988 70.041010 40.886380
936 202695 81.888520 11.328530
936 203613 70.675720 7.276000
948 -1 72.465510 6.245800
948 201564 75.372570 33.620590
948 202328 81.581650 22.070980
948 203114 78.115820 10.935820
948 203948 86.472110 30.063910
948 203953 83.595310 14.991490
948 1495 82.671680 28.523970
948 200746 85.976620 38.545250
948 201988 69.696100 40.403670
948 202695 81.887890 10.773590
948 203613 70.718160 7.358040
960 -1 72.152360 6.752490
960 201564 75.331820 33.310120
960 202328 82.089460 21.988040
960 203114 78.506970 10.934850
960 203948 86.429190 30.695340
960 203953 83.629190 14.170800
960 1495 83.653510 28.903030
960 200746 85.459080 38.776270
960 201988 69.330510 39.838580
960 202695 82.009130 10.389670
960 203613 70.722400 7.460540
972 -1 71.871400 7.084730
972 201564 75.236730 32.907680
972 202328 82.557090 21.784490
972 203114 78.675780 11.040880
972 203948 86.276750 31.364510
972 203953 83.674370 13.515750
972 1495 84.433980 29.488550
972 200746 84.920580 39.007420
972 201988 68.883210 39.128700
972 202695 82.113290 9.926990
972 203613 70.783540 7.588550
984 -1 72.102290 7.409980
984 201564 75.097410 32.440890
984 202328 83.004060 21.534750
984 203114 78.860190 11.073530
984 203948 86.156850 32.011050
984 203953 83.699010 13.063240
984 1495 85.061710 30.175860
984 200746 84.374910 39.189730
984 201988 68.331360 38.241460
984 202695 82.166630 9.611500
984 203613 70.692890 7.811990
996 -1 71.528100 8.330680
996 201564 74.842530 31.967730
996 202328 83.396140 21.212170
996 203114 78.875110 11.239390
996 203948 85.886740 32.566960
996 203953 83.688710 12.758200
996 1495 85.659420 30.818050
996 200746 83.791910 39.235750
996 201988 67.720170 37.217030
996 202695 82.276600 9.412270
996 203613 70.527480 8.006550
1008 -1 70.502700 9.745080
1008 201564 74.395600 31.464880
1008 202328 83.755260 20.792900
1008 203114 78.734520 11.501380
1008 203948 85.500240 32.958210
1008 203953 83.658940 12.542780
1008 1495 86.104040 31.499530
1008 200746 83.238250 39.097550
1008 201988 67.032650 36.054710
1008 202695 82.442460 9.239040
1008 203613 70.338170 8.289730
1020 -1 69.300520 11.713190
1020 201564 73.793430 30.981570
1020 202328 84.039700 20.339480
1020 203114 78.561570 11.828930
1020 203948 85.103750 33.316220
1020 203953 83.587910 12.324710
1020 1495 86.493290 32.158390
1020 200746 82.692850 38.891870
1020 201988 66.232740 34.730540
1020 202695 82.489140 9.285630
1020 203613 70.194220 8.483690
1032 -1 67.858490 15.050500
1032 201564 73.058660 30.620610
1032 202328 84.266800 19.931710
1032 203114 78.345730 12.182440
1032 203948 84.595070 33.564510
1032 203953 83.476510 12.160110
1032 1495 86.856370 32.733580
1032 200746 82.133950 38.655660
1032 201988 65.422520 33.329720
1032 202695 82.460310 9.367170
1032 203613 70.077930 8.585850
1044 -1 66.305840 18.967640
1044 201564 72.267140 30.286030
1044 202328 84.506300 19.877740
1044 203114 78.071140 12.528350
1044 203948 83.886170 33.728770
1044 203953 83.368520 12.091520
1044 1495 87.178470 33.242170
1044 200746 81.519270 38.399800
1044 201988 64.605940 31.922280
1044 202695 82.399340 9.548620
1044 203613 70.047230 8.614820
1056 -1 64.598240 22.632090
1056 201564 71.427550 29.793970
1056 202328 84.704630 19.906890
1056 203114 77.779950 12.925670
1056 203948 83.234900 33.966020
1056 203953 83.284270 12.117220
1056 1495 87.257920 33.804860
1056 200746 80.869260 38.083470
1056 201988 63.776380 30.448600
1056 202695 82.296020 9.844540
1056 203613 70.062610 8.594060
1068 -1 63.102010 26.440480
1068 201564 70.637080 29.287120
1068 202328 84.885440 20.147080
1068 203114 77.484940 13.311050
1068 203948 82.497580 34.286420
1068 203953 83.223010 12.271160
1068 1495 87.332410 34.368090
1068 200746 80.184760 37.765490
1068 201988 62.955380 28.957710
1068 202695 82.158520 10.167440
1068 203613 70.214060 8.617900
1080 -1 61.727920 26.405410
1080 201564 69.917160 28.668640
1080 202328 85.037990 20.586650
1080 203114 77.212700 13.688390
1080 203948 81.719130 34.499040
1080 203953 83.153800 12.614500
1080 1495 87.343400 34.856970
1080 200746 79.510320 37.433750
1080 201988 62.269440 27.474860
1080 202695 82.046900 10.455040
1080 203613 70.421900 8.928460
1092 -1 61.201510 24.920820
1092 201564 69.267060 27.832650
1092 202328 85.160500 21.258750
1092 203114 76.946840 14.122730
1092 203948 80.865730 34.640510
1092 203953 83.076190 13.009580
1092 1495 87.344680 35.395420
1092 200746 78.790610 37.071050
1092 201988 61.700270 26.093400
1092 202695 81.932500 10.832050
1092 203613 70.713430 9.525880
1104 -1 61.256020 23.721020
1104 201564 68.622710 27.018070
1104 202328 85.214260 21.859120
1104 203114 76.753150 14.714470
1104 203948 80.028690 34.704920
1104 203953 82.992630 13.439440
1104 1495 87.363450 35.753880
1104 200746 78.075250 36.722070
1104 201988 61.257900 24.779850
1104 202695 81.822410 11.074750
1104 203613 71.032750 10.384230
1116 -1 61.071310 22.527670
1116 201564 68.018930 26.168630
1116 202328 85.275280 22.625090
1116 203114 76.637770 15.348380
1116 203948 79.186630 34.666370
1116 203953 82.854740 13.838550
1116 1495 87.538550 36.160630
1116 200746 77.438060 36.360990
1116 201988 60.936750 23.634760
1116 202695 81.714620 11.380130
1116 203613 71.439530 11.525520
1128 -1 60.933200 21.284030
1128 201564 67.465570 25.259850
1128 202328 85.321340 23.466110
1128 203114 76.657670 15.991000
1128 203948 78.424510 34.449190
1128 203953 82.583620 14.184590
1128 1495 87.712060 36.418160
1128 200746 76.832040 36.050730
1128 201988 60.764260 22.661720
1128 202695 81.570540 11.790400
1128 203613 71.844390 12.776110
1140 -1 60.960100 21.120620
1140 201564 67.014280 24.412370
1140 202328 85.345510 24.387480
1140 203114 76.756690 16.719670
1140 203948 77.768710 34.164640
1140 203953 82.161320 14.422300
1140 1495 87.940420 36.653780
1140 200746 76.228220 35.691040
1140 201988 60.697530 21.835040
1140 202695 81.346450 12.284320
1140 203613 72.240660 14.040500
1152 -1 61.004500 20.961250
1152 201564 66.696930 23.662960
1152 202328 85.347530 25.305910
1152 203114 76.936300 17.551150
1152 203948 77.236910 33.969390
1152 203953 81.714530 14.652930
1152 1495 88.155420 36.833370
1152 200746 75.698110 35.352240
1152 201988 60.695210 21.027260
1152 202695 81.100430 12.733580
1152 203613 72.653340 15.350060
1164 -1 61.372090 19.627310
1164 201564 66.500330 22.876810
1164 202328 85.360800 26.221900
1164 203114 77.170180 18.415050
1164 203948 76.765760 33.810830
1164 203953 81.201020 14.850760
1164 1495 88.339610 37.159170
1164 200746 75.299110 35.033190
1164 201988 60.746330 20.352760
1164 202695 80.832530 13.431780
1164 203613 73.146320 16.945840
1176 -1 61.747680 18.730530
1176 201564 66.446530 22.318550
1176 202328 85.358630 27.139120
1176 203114 77.455320 19.243260
1176 203948 76.364120 33.635070
1176 203953 80.616520 15.041560
1176 1495 88.425500 37.247090
1176 200746 74.932740 34.741920
1176 201988 60.837670 19.823540
1176 202695 80.520880 13.974060
1176 203613 73.676090 18.586880
1188 -1 61.199670 18.064970
1188 201564 66.483330 21.889910
1188 202328 85.370530 28.012530
1188 203114 77.753360 20.105780
1188 203948 76.054020 33.515020
1188 203953 80.057770 15.254900
1188 1495 88.452850 37.322550
1188 200746 74.588640 34.488710
1188 201988 60.926260 19.431900
1188 202695 80.226220 14.427220
1188 203613 74.200040 20.328960
1200 -1 61.805320 19.056150
1200 201564 66.520290 21.527720
1200 202328 85.422720 28.832710
1200 203114 78.096870 20.970400
1200 203948 75.826060 33.335540
1200 203953 79.577830 15.412560
1200 1495 88.441650 37.399100
1200 200746 74.298490 34.261160
1200 201988 60.998820 19.265290
1200 202695 79.845980 14.796940
1200 203613 74.751860 22.130870
1212 -1 62.006890 19.213640
1212 201564 66.558630 21.275480
1212 202328 85.503950 29.592840
1212 203114 78.441980 21.785290
1212 203948 75.614010 32.946630
1212 203953 78.960930 15.564310
1212 1495 88.412360 37.462000
1212 200746 74.084470 34.039520
1212 201988 61.037990 19.361560
1212 202695 79.495210 15.147760
1212 203613 75.292820 24.019230
1224 -1 62.027770 19.255860
1224 201564 66.594980 21.148070
1224 202328 85.589920 30.304630
1224 203114 78.828810 22.583360
1224 203948 75.478490 32.550650
1224 203953 78.379070 15.651810
1224 1495 88.361740 37.619870
1224 200746 73.845950 33.720140
1224 201988 61.040490 19.610250
1224 202695 79.172810 15.121850
1224 203613 75.822500 25.626140
1236 -1 61.610280 20.884020
1236 201564 66.630730 21.140750
1236 202328 85.718960 30.931950
1236 203114 79.251970 23.483860
1236 203948 75.349840 32.060510
1236 203953 77.879790 15.724650
1236 1495 88.361130 37.781950
1236 200746 73.496310 33.396880
1236 201988 61.032390 19.897610
1236 202695 78.873610 15.086780
1236 203613 76.333590 27.373970
1248 -1 60.723380 20.869110
1248 201564 66.694500 21.243990
1248 202328 85.869140 31.476010
1248 203114 79.667700 24.423030
1248 203948 75.211310 31.595170
1248 203953 77.515250 15.771350
1248 1495 88.317700 37.901180
1248 200746 73.066810 32.978160
1248 201988 61.058350 20.138730
1248 202695 78.565030 15.137250
1248 203613 76.778740 29.066970
1260 -1 61.442480 21.067930
1260 201564 66.816840 21.411860
1260 202328 86.060300 31.931860
1260 203114 80.043770 25.376770
1260 203948 75.012490 31.161200
1260 203953 77.275690 15.884770
1260 1495 88.262750 37.990530
1260 200746 72.579160 32.560730
1260 201988 61.102450 20.257760
1260 202695 78.435310 15.070810
1260 203613 77.144030 30.782480
1272 -1 62.251310 20.730790
1272 201564 66.938900 21.602070
1272 202328 86.289940 32.216630
1272 203114 80.428450 26.366210
1272 203948 74.780830 30.853700
1272 203953 77.218250 15.886490
1272 1495 88.214980 37.872960
1272 200746 72.006580 32.090960
1272 201988 61.178760 20.249540
1272 202695 78.322150 14.945920
1272 203613 77.393600 32.474620
1284 -1 62.204550 19.850570
1284 201564 67.065240 21.797320
1284 202328 86.493390 32.357140
1284 203114 80.711130 27.389230
1284 203948 74.487840 30.526940
1284 203953 77.213860 15.819170
1284 1495 88.207310 37.571000
1284 200746 71.649700 31.646570
1284 201988 61.300750 20.126670
1284 202695 78.223230 14.699660
1284 203613 77.508520 34.234470
1296 -1 62.315220 19.585640
1296 201564 67.208460 21.949280
1296 202328 86.647560 32.339690
1296 203114 80.871460 28.284910
1296 203948 74.162330 30.237910
1296 203953 77.326670 15.658870
1296 1495 88.286750 37.297980
1296 200746 71.398890 31.219570
1296 201988 61.440100 19.914070
1296 202695 78.144240 14.604310
1296 203613 77.497140 35.828600
1308 -1 62.365480 19.469390
1308 201564 67.350350 22.043670
1308 202328 86.779440 32.139810
1308 203114 80.888660 29.123930
1308 203948 73.826360 29.878550
1308 203953 77.363920 15.280840
1308 1495 88.405250 37.044330
1308 200746 71.214760 30.884970
1308 201988 61.554830 19.701900
1308 202695 78.080050 14.301630
1308 203613 77.398710 37.337220
1320 -1 62.243370 19.090110
1320 201564 67.474640 22.088130
1320 202328 86.930060 31.732890
1320 203114 80.787100 29.891260
1320 203948 73.501900 29.625040
1320 203953 77.332920 14.662930
1320 1495 88.535300 36.776490
1320 200746 70.968060 30.540090
1320 201988 61.588820 19.635220
1320 202695 77.851230 13.897840
1320 203613 77.171280 38.704600
1332 -1 64.803530 16.305470
1332 201564 67.614120 22.057500
1332 202328 87.025050 31.284330
1332 203114 80.582780 30.608330
1332 203948 73.204640 29.387370
1332 203953 77.205060 13.959870
1332 1495 88.636410 36.690470
1332 200746 70.657420 30.212150
1332 201988 61.578620 19.704350
1332 202695 77.543730 13.458140
1332 203613 76.870490 39.908060
1344 -1 67.550640 13.290530
1344 201564 67.772400 21.965730
1344 202328 87.123180 30.688840
1344 203114 80.362680 31.152860
1344 203948 72.959850 29.141600
1344 203953 76.987370 13.153580
1344 1495 88.720520 36.602520
1344 200746 70.165810 29.956130
1344 201988 61.533170 19.950440
1344 202695 77.160830 13.011360
1344 203613 76.509280 40.969850
1356 -1 70.249670 10.008310
1356 201564 67.948140 21.856800
1356 202328 87.232680 29.957950
1356 203114 80.144390 31.652010
1356 203948 72.773680 28.833960
1356 203953 76.709460 12.341830
1356 1495 88.717890 36.427950
1356 200746 69.714690 29.754230
1356 201988 61.434880 20.407810
1356 202695 76.810560 12.291220
1356 203613 76.088970 41.879000
1368 -1 72.571500 7.782530
1368 201564 68.124480 21.771770
1368 202328 87.331350 29.129420
1368 203114 79.991390 32.059330
1368 203948 72.761830 28.530940
1368 203953 76.510390 11.561640
1368 1495 88.668730 36.225760
1368 200746 69.431200 29.771310
1368 201988 61.291800 20.927960
1368 202695 76.510390 11.561640
1368 203613 75.666770 42.696210
1380 -1 73.620350 7.333640
1380 201564 68.279270 21.764860
1380 202328 87.356380 28.249370
1380 203114 79.913470 32.390190
1380 203948 72.861410 28.120370
1380 203953 76.359350 10.873590
1380 1495 88.635390 35.984570
1380 200746 69.336540 29.865740
1380 201988 61.213510 21.495850
1380 202695 76.080190 10.842670
1380 203613 75.333670 43.520680
1392 -1 72.932360 6.289020
1392 201564 68.424830 21.862660
1392 202328 87.385680 27.288790
1392 203114 79.951660 32.563160
1392 203948 73.055770 27.613010
1392 203953 76.260840 10.243920
1392 1495 88.674260 35.683000
1392 200746 69.545680 29.996420
1392 201988 61.169130 22.061960
1392 202695 75.725620 9.959520
1392 203613 75.050270 44.204510
1404 -1 72.615150 6.516960
1404 201564 68.564280 22.026790
1404 202328 87.396090 26.199880
1404 203114 80.181220 32.660030
1404 203948 73.388350 27.098480
1404 203953 76.303780 9.741400
1404 1495 88.793590 35.318020
1404 200746 69.710920 30.185170
1404 201988 61.145350 22.648710
1404 202695 75.412500 9.216650
1404 203613 74.880120 44.790090
1416 -1 72.297930 6.744890
1416 201564 68.707110 22.218690
1416 202328 87.348550 25.080740
1416 203114 80.590210 32.591480
1416 203948 73.810920 26.608750
1416 203953 76.312960 9.307940
1416 1495 88.929420 34.954370
1416 200746 69.810480 30.369340
1416 201988 61.161800 23.243900
1416 202695 74.963350 8.556120
1416 203613 74.860910 45.324350
1428 -1 71.980720 6.972830
1428 201564 68.871860 22.442850
1428 202328 87.241360 24.045390
1428 203114 81.142260 32.426640
1428 203948 74.258770 26.144600
1428 203953 76.231360 9.128110
1428 1495 89.143550 34.525560
1428 200746 69.792710 30.399910
1428 201988 61.257850 23.984930
1428 202695 74.435650 8.076600
1428 203613 74.957320 45.930090
1440 -1 71.663500 7.200760
1440 201564 69.064230 22.705080
1440 202328 87.115960 23.009140
1440 203114 81.848470 32.138340
1440 203948 74.898980 25.759950
1440 203953 76.045910 9.211750
1440 1495 89.347170 34.018000
1440 200746 69.865750 30.525140
1440 201988 61.412170 24.767680
1440 202695 74.152270 7.825040
1440 203613 75.164660 46.496380
1452 -1 71.346290 7.428700
1452 201564 69.268320 22.966900
1452 202328 86.918650 21.962300
1452 203114 82.656270 31.777030
1452 203948 75.669240 25.485320
1452 203953 75.843480 9.517630
1452 1495 89.524710 33.440500
1452 200746 69.919440 30.813430
1452 201988 61.635000 25.600720
1452 202695 73.781770 7.909650
1452 203613 75.421220 46.955630
1464 -1 71.297190 7.581290
1464 201564 69.483390 23.263610
1464 202328 86.744900 20.999820
1464 203114 83.455370 31.238950
1464 203948 76.477660 25.260060
1464 203953 75.519930 10.011290
1464 1495 89.661730 32.839050
1464 200746 70.104620 31.118550
1464 201988 61.961290 26.418340
1464 202695 73.485060 8.082770
1464 203613 75.719000 47.321710
1476 -1 71.382140 7.696220
1476 201564 69.707590 23.549710
1476 202328 86.591020 20.153590
1476 203114 84.194190 30.719830
1476 203948 77.384640 25.144660
1476 203953 75.174490 10.693570
1476 1495 89.807790 32.134350
1476 200746 70.440660 31.427320
1476 201988 62.308080 27.190640
1476 202695 73.454050 8.522370
1476 203613 76.028170 47.630250
1488 -1 71.606660 7.889070
1488 201564 69.970970 23.846520
1488 202328 86.380760 19.272740
1488 203114 84.947440 30.222360
1488 203948 78.330930 25.087770
1488 203953 74.924630 11.402810
1488 1495 89.909290 31.392370
1488 200746 70.798590 31.660320
1488 201988 62.651180 27.935050
1488 202695 73.522150 9.012390
1488 203613 76.510680 47.799580
1500 -1 72.110300 8.237780
1500 201564 70.257180 24.132250
1500 202328 86.104310 18.478570
1500 203114 85.705600 29.759490
1500 203948 79.138890 25.030930
1500 203953 74.793140 12.039730
1500 1495 90.065750 30.693100
1500 200746 71.046080 31.714450
1500 201988 62.963260 28.570860
1500 202695 73.697040 9.355880
1500 203613 77.085000 47.825500
1512 -1 72.613940 8.586480
1512 201564 70.516380 24.411320
1512 202328 85.843400 17.706750
1512 203114 86.348040 29.408350
1512 203948 79.789460 24.990980
1512 203953 74.892170 12.592960
1512 1495 90.209740 29.971600
1512 200746 71.330000 31.720890
1512 201988 63.170250 29.105720
1512 202695 74.087790 9.649940
1512 203613 77.816460 47.929240
1524 -1 72.714930 11.170880
1524 201564 70.716590 24.686910
1524 202328 85.432410 17.013540
1524 203114 86.872220 29.221420
1524 203948 80.304760 24.992990
1524 203953 75.082320 13.052720
1524 1495 90.289130 29.115640
1524 200746 71.508010 31.501470
1524 201988 63.254100 29.483530
1524 202695 74.516890 9.840500
1524 203613 78.528050 48.014420
1536 -1 73.979100 12.015700
1536 201564 70.880030 24.983390
1536 202328 84.876240 16.329710
1536 203114 87.293420 29.127960
1536 203948 80.710490 24.998200
1536 203953 75.417950 13.351870
1536 1495 90.361060 28.446130
1536 200746 71.559200 31.167940
1536 201988 63.302410 29.713900
1536 202695 74.729750 9.564070
1536 203613 79.265640 48.125010
1548 -1 74.313560 11.873090
1548 201564 70.991960 25.220730
1548 202328 84.350800 15.639580
1548 203114 87.601030 29.027120
1548 203948 80.973430 25.030780
1548 203953 75.731830 13.496720
1548 1495 90.417310 27.730380
1548 200746 71.643720 30.912120
1548 201988 63.297650 29.716620
1548 202695 74.883490 9.143770
1548 203613 79.816920 48.151350
1560 -1 74.433190 13.118180
1560 201564 71.051750 25.364180
1560 202328 83.771230 14.932570
1560 203114 87.795520 28.940550
1560 203948 81.169150 25.059020
1560 203953 76.093200 13.528780
1560 1495 90.503830 27.218530
1560 200746 71.730440 30.699890
1560 201988 63.209240 29.488620
1560 202695 74.901220 8.777370
1560 203613 80.191090 48.180060
1572 -1 75.121060 13.186300
1572 201564 71.083130 25.474000
1572 202328 83.159020 14.300330
1572 203114 87.919210 28.800920
1572 203948 81.446470 25.007850
1572 203953 76.181390 13.510590
1572 1495 90.612290 26.802430
1572 200746 71.674340 30.366540
1572 201988 63.031550 29.049110
1572 202695 74.786630 8.455920
1572 203613 80.321980 48.176970
1584 -1 74.543200 13.201930
1584 201564 71.093830 25.512710
1584 202328 82.557570 13.753100
1584 203114 87.993010 28.646520
1584 203948 81.801850 24.909040
1584 203953 76.193200 13.423250
1584 1495 90.724080 26.536970
1584 200746 71.640290 30.156850
1584 201988 62.726640 28.449910
1584 202695 74.619020 8.194490
1584 203613 80.345700 48.150080
1596 -1 74.002890 11.911330
1596 201564 71.029940 25.487270
1596 202328 82.043930 13.294420
1596 203114 88.021690 28.514670
1596 203948 82.222940 24.806950
1596 203953 76.008480 13.284740
1596 1495 90.809810 25.957230
1596 200746 71.612950 29.976140
1596 201988 62.328050 27.697870
1596 202695 74.513390 8.201120
1596 203613 80.266120 48.078840
1608 -1 74.176970 11.483430
1608 201564 70.819790 25.435340
1608 202328 81.577080 12.720070
1608 203114 87.938110 28.530250
1608 203948 82.701170 24.647630
1608 203953 75.723840 13.149920
1608 1495 90.857780 25.287870
1608 200746 71.495370 29.752950
1608 201988 61.837840 26.838270
1608 202695 74.360860 8.280980
1608 203613 80.162150 48.050070
1620 -1 74.124780 11.112940
1620 201564 70.499930 25.353720
1620 202328 81.199410 12.325180
1620 203114 87.717090 28.740620
1620 203948 83.294160 24.400560
1620 203953 75.325010 12.991450
1620 1495 90.757820 24.314520
1620 200746 71.342770 29.540910
1620 201988 61.262690 25.954690
1620 202695 74.138210 8.369080
1620 203613 80.006000 47.994270
1632 -1 73.172150 10.731570
1632 201564 70.057260 25.109550
1632 202328 80.862140 12.069390
1632 203114 87.403840 29.081820
1632 203948 83.915960 24.088880
1632 203953 74.963460 12.792300
1632 1495 90.645780 23.264900
1632 200746 71.205880 29.393800
1632 201988 60.688710 25.047420
1632 202695 74.058150 8.445610
1632 203613 79.860110 47.953750
1644 -1 70.146140 9.601400
1644 201564 69.555380 24.749680
1644 202328 80.597200 11.918160
1644 203114 86.980330 29.549600
1644 203948 84.570790 23.672750
1644 203953 74.615140 12.611100
1644 1495 90.532060 22.204250
1644 200746 71.130580 29.299140
1644 201988 60.210910 24.154700
1644 202695 73.982340 8.455800
1644 203613 79.624620 47.922100
1656 -1 67.139090 13.533100
1656 201564 69.000720 24.311800
1656 202328 80.376140 11.932220
1656 203114 86.439490 30.066020
1656 203948 85.282140 23.140790
1656 203953 74.340040 12.498730
1656 1495 90.386650 21.348380
1656 200746 71.226760 29.357060
1656 201988 59.868040 23.350680
1656 202695 73.845520 8.460140
1656 203613 79.321730 47.885450
1668 -1 64.127170 17.497870
1668 201564 68.444380 23.801380
1668 202328 80.210360 12.490940
1668 203114 85.821490 30.573980
1668 203948 85.947510 22.487890
1668 203953 74.175850 12.358660
1668 1495 90.303710 20.562720
1668 200746 71.405630 29.537970
1668 201988 59.504200 22.800680
1668 202695 73.876990 8.348530
1668 203613 78.935630 47.839230
1680 -1 60.986330 21.356440
1680 201564 67.880360 23.319520
1680 202328 80.098300 13.076050
1680 203114 85.084130 31.053080
1680 203948 86.514160 21.777540
1680 203953 74.147510 12.301010
1680 1495 90.237650 19.866390
1680 200746 71.596680 29.767870
1680 201988 59.199750 22.580990
1680 202695 74.022110 8.183520
1680 203613 78.556320 47.756540
1692 -1 59.989630 22.280220
1692 201564 67.407110 23.045150
1692 202328 80.012030 13.725440
1692 203114 84.249610 31.609690
1692 203948 87.051780 21.087520
1692 203953 74.248260 12.321760
1692 1495 90.163380 19.142630
1692 200746 71.763350 30.034660
1692 201988 59.014610 22.719690
1692 202695 74.041390 7.962650
1692 203613 78.207700 47.639700
1704 -1 59.037230 23.033500
1704 201564 67.050170 22.942920
1704 202328 80.001640 14.419060
1704 203114 83.325250 32.160430
1704 203948 87.508730 20.457050
1704 203953 74.462610 12.402930
1704 1495 90.116340 18.414550
1704 200746 71.890570 30.380810
1704 201988 58.852580 23.082260
1704 202695 74.072760 7.754600
1704 203613 77.959050 47.559570
1716 -1 59.588010 24.979150
1716 201564 66.828610 22.988610
1716 202328 80.130250 15.168160
1716 203114 82.362390 32.724130
1716 203948 87.844640 19.934520
1716 203953 74.773050 12.561940
1716 1495 90.022600 17.491410
1716 200746 71.903570 30.695350
1716 201988 58.634840 23.530800
1716 202695 74.224480 7.448310
1716 203613 77.688390 47.501380
1728 -1 62.646800 29.379190
1728 201564 66.724740 23.180180
1728 202328 80.330830 15.807770
1728 203114 81.443230 33.417900
1728 203948 88.197320 19.617330
1728 203953 75.146490 12.906830
1728 1495 89.946750 16.720750
1728 200746 71.924370 30.950960
1728 201988 58.567000 23.883630
1728 202695 74.316370 7.186800
1728 203613 77.460220 47.400650
1740 -1 65.656060 33.728010
1740 201564 66.724300 23.451700
1740 202328 80.624570 16.574850
1740 203114 80.622680 34.178050
1740 203948 88.599820 19.417900
1740 203953 75.510570 13.365180
1740 1495 89.883520 15.981360
1740 200746 71.994440 31.103590
1740 201988 58.611720 24.067610
1740 202695 74.443150 6.950540
1740 203613 77.185810 47.352440
1752 -1 68.597460 38.019290
1752 201564 66.803980 23.723910
1752 202328 81.060390 17.432850
1752 203114 79.952630 34.955170
1752 203948 88.880120 19.339490
1752 203953 75.911450 13.866030
1752 1495 89.731880 15.284780
1752 200746 72.130260 31.049690
1752 201988 58.727210 24.051140
1752 202695 74.566510 6.729140
1752 203613 76.875980 47.328780
1764 -1 71.403260 42.012780
1764 201564 66.927960 24.013030
1764 202328 81.531270 18.324320
1764 203114 79.481420 35.848110
1764 203948 89.048000 19.504510
1764 203953 76.326070 14.399190
1764 1495 89.574280 14.768910
1764 200746 72.305590 30.924100
1764 201988 58.923920 23.906970
1764 202695 74.629930 6.499640
1764 203613 76.533700 47.272350
1776 -1 74.008560 45.961620
1776 201564 67.077800 24.300040
1776 202328 81.981360 19.351560
1776 203114 79.124740 36.797100
1776 203948 89.147880 19.815980
1776 203953 76.770900 14.940050
1776 1495 89.514160 14.550190
1776 200746 72.559090 30.823200
1776 201988 59.181550 23.736270
1776 202695 74.622920 6.249920
1776 203613 76.318200 47.208250
1788 -1 74.731840 46.532780
1788 201564 67.247600 24.566040
1788 202328 82.388090 20.447760
1788 203114 78.769370 37.627420
1788 203948 89.171450 20.079370
1788 203953 77.232640 15.443020
1788 1495 89.387880 14.365400
1788 200746 72.808090 30.741060
1788 201988 59.466650 23.502920
1788 202695 74.551700 6.008010
1788 203613 76.062970 47.088580
1800 -1 75.174970 46.531550
1800 201564 67.445130 24.765160
1800 202328 82.730560 21.574790
1800 203114 78.455800 38.366260
1800 203948 89.055870 20.324710
1800 203953 77.745870 15.953180
1800 1495 89.257300 14.324390
1800 200746 73.031530 30.631630
1800 201988 59.762820 23.211380
1800 202695 74.419510 5.748170
1800 203613 75.880390 46.902580
1812 -1 75.646820 46.147550
1812 201564 67.623310 24.900100
1812 202328 82.979780 22.644650
1812 203114 78.139920 38.978210
1812 203948 88.904490 20.471730
1812 203953 78.248380 16.475500
1812 1495 89.191550 14.511650
1812 200746 73.209430 30.581500
1812 201988 60.057220 22.851900
1812 202695 74.301580 5.481710
1812 203613 75.761990 46.742680
1824 -1 75.724820 45.416970
1824 201564 67.738120 24.943370
1824 202328 83.107300 23.723790
1824 203114 77.822630 39.453870
1824 203948 88.777570 20.342980
1824 203953 78.754090 16.986560
1824 1495 89.074030 14.779460
1824 200746 73.354930 30.446060
1824 201988 60.370280 22.433660
1824 202695 74.250720 5.249570
1824 203613 75.818820 46.584050
1836 -1 75.903030 45.511280
1836 201564 67.803570 24.903590
1836 202328 83.063290 24.645970
1836 203114 77.658760 39.733470
1836 203948 88.642470 20.123560
1836 203953 79.235140 17.487570
1836 1495 88.826100 15.079180
1836 200746 73.411920 30.222450
1836 201988 60.720520 21.971390
1836 202695 74.253480 5.054940
1836 203613 76.033550 46.332270
1848 -1 76.081250 45.605590
1848 201564 67.853680 24.773220
1848 202328 82.871010 25.482680
1848 203114 77.698910 39.820740
1848 203948 88.489760 19.941240
1848 203953 79.708240 17.976070
1848 1495 88.562740 15.397540
1848 200746 73.423070 29.913080
1848 201988 61.108040 21.516920
1848 202695 74.344140 4.868680
1848 203613 76.470010 46.067590
1860 -1 78.703410 46.000110
1860 201564 67.898310 24.606480
1860 202328 82.667660 26.260370
1860 203114 77.932890 39.721760
1860 203948 88.370890 19.809040
1860 203953 80.106720 18.391910
1860 1495 88.253150 15.749170
1860 200746 73.408540 29.689150
1860 201988 61.539460 21.105230
1860 202695 74.535730 4.703870
1860 203613 77.145780 45.758650
1872 -1 79.969400 45.426070
1872 201564 67.947350 24.444100
1872 202328 82.389780 26.999690
1872 203114 78.371550 39.514790
1872 203948 88.302870 19.722940
1872 203953 80.455400 18.756980
1872 1495 87.934860 16.144540
1872 200746 73.346170 29.577670
1872 201988 61.995030 20.743910
1872 202695 74.741990 4.567620
1872 203613 78.051830 45.273950
1884 -1 81.292610 44.985720
1884 201564 68.030890 24.344140
1884 202328 82.126030 27.675620
1884 203114 79.022670 39.181560
1884 203948 88.253570 19.708300
1884 203953 80.758610 19.083360
1884 1495 87.703820 16.484150
1884 200746 73.275470 29.645880
1884 201988 62.449320 20.445520
1884 202695 74.998930 4.438610
1884 203613 79.046870 44.705800
1896 -1 81.993070 44.369010
1896 201564 68.204520 24.212640
1896 202328 81.928960 28.246320
1896 203114 79.839350 38.878060
1896 203948 88.176140 19.677600
1896 203953 81.025810 19.368710
1896 1495 87.571390 16.811200
1896 200746 73.167580 29.758550
1896 201988 62.875580 20.145180
1896 202695 75.325260 4.322690
1896 203613 79.949430 44.257320
1908 -1 82.112340 43.191120
1908 201564 68.488950 24.020590
1908 202328 81.847140 28.795150
1908 203114 80.651520 38.695030
1908 203948 88.052590 19.642050
1908 203953 81.275060 19.682580
1908 1495 87.534910 17.189550
1908 200746 73.080310 30.059070
1908 201988 63.262900 19.793650
1908 202695 75.657300 4.232370
1908 203613 80.756250 43.933880
1920 -1 81.874450 42.873070
1920 201564 68.876720 23.898950
1920 202328 81.781110 29.280320
1920 203114 81.341870 38.544070
1920 203948 87.946000 19.611900
1920 203953 81.490070 20.020420
1920 1495 87.545780 17.506100
1920 200746 73.039080 30.315520
1920 201988 63.604010 19.402730
1920 202695 75.935240 4.159910
1920 203613 81.366610 43.730100
1932 -1 81.631920 43.550020
1932 201564 69.347650 23.777580
1932 202328 81.813250 29.823760
1932 203114 82.038300 38.560010
1932 203948 87.883560 19.600880
1932 203953 81.660180 20.376810
1932 1495 87.540130 17.715160
1932 200746 73.020650 30.647250
1932 201988 63.869660 19.013740
1932 202695 76.215140 4.099290
1932 203613 81.769840 43.693100
1944 -1 81.793290 43.206160
1944 201564 69.870840 23.639870
1944 202328 81.909950 30.293230
1944 203114 82.631280 38.773620
1944 203948 87.814000 19.644260
1944 203953 81.757230 20.730280
1944 1495 87.523030 17.891300
1944 200746 72.953460 30.788520
1944 201988 64.071040 18.659360
1944 202695 76.428590 4.079370
1944 203613 81.985570 43.769770
1956 -1 82.172680 42.270680
1956 201564 70.403720 23.606150
1956 202328 82.037930 30.643340
1956 203114 83.053060 39.127250
1956 203948 87.818060 19.684200
1956 203953 81.840980 21.091570
1956 1495 87.515120 18.095190
1956 200746 72.891580 30.936550
1956 201988 64.226360 18.388410
1956 202695 76.547450 4.119500
1956 203613 82.133250 43.857330
1968 -1 82.713760 40.887670
1968 201564 70.945400 23.697350
1968 202328 82.128610 30.855120
1968 203114 83.437050 39.476020
1968 203948 87.973490 19.742770
1968 203953 81.888780 21.381000
1968 1495 87.480780 18.276580
1968 200746 72.787660 31.094190
1968 201988 64.312530 18.251650
1968 202695 76.553950 4.222100
1968 203613 82.179930 43.880850
1980 -1 83.360190 39.201260
1980 201564 71.494920 23.743870
1980 202328 82.185420 30.790920
1980 203114 83.841830 39.871720
1980 203948 88.171580 19.818810
1980 203953 81.951910 21.659020
1980 1495 87.476960 18.480160
1980 200746 72.583760 31.370690
1980 201988 64.324430 18.225680
1980 202695 76.512730 4.379400
1980 203613 82.126220 43.911830
1992 -1 84.055660 37.355540
1992 201564 72.042900 23.759940
1992 202328 82.209360 30.563420
1992 203114 84.157760 40.259540
1992 203948 88.304010 19.941590
1992 203953 82.103510 21.961650
1992 1495 87.509040 18.664180
1992 200746 72.297290 31.560470
1992 201988 64.278490 18.296190
1992 202695 76.424540 4.603880
1992 203613 81.983490 44.072730
2004 -1 84.725570 35.249990
2004 201564 72.600940 23.720550
2004 202328 82.296510 30.327820
2004 203114 84.508830 40.644480
2004 203948 88.450280 20.061070
2004 203953 82.365680 22.314250
2004 1495 87.519270 18.901510
2004 200746 71.938740 31.841130
2004 201988 64.182850 18.456650
2004 202695 76.304340 4.854470
2004 203613 81.745750 44.396850
2016 -1 85.463310 33.363210
2016 201564 73.156470 23.605240
2016 202328 82.427940 30.119370
2016 203114 84.913640 40.927840
2016 203948 88.536380 20.215570
2016 203953 82.676220 22.705230
2016 1495 87.528130 19.139080
2016 200746 71.495310 32.079760
2016 201988 64.028720 18.651140
2016 202695 76.157690 5.116520
2016 203613 81.407590 44.816100
2028 -1 86.102080 31.406100
2028 201564 73.661510 23.448300
2028 202328 82.634610 29.912900
2028 203114 85.347490 41.228430
2028 203948 88.533010 20.457280
2028 203953 83.016000 23.130690
2028 1495 87.525350 19.390140
2028 200746 70.978070 32.169810
2028 201988 63.854910 18.868840
2028 202695 76.041730 5.392380
2028 203613 81.002000 45.375880
2040 -1 86.730450 29.723530
2040 201564 74.099710 23.253420
2040 202328 82.919280 29.927960
2040 203114 85.822830 41.573090
2040 203948 88.485940 20.800760
2040 203953 83.394780 23.589110
2040 1495 87.512570 19.655380
2040 200746 70.406420 32.234110
2040 201988 63.640730 19.056610
2040 202695 75.918720 5.699080
2040 203613 80.475270 46.019380
2052 -1 87.360510 27.833410
2052 201564 74.517940 23.019270
2052 202328 83.263130 29.886970
2052 203114 86.335680 41.879060
2052 203948 88.493570 21.152070
2052 203953 83.781740 24.082920
2052 1495 87.482120 19.900420
2052 200746 69.841900 32.392100
2052 201988 63.388790 19.191110
2052 202695 75.780630 6.040000
2052 203613 79.824850 46.559640
2064 -1 88.110430 25.898840
2064 201564 74.912340 22.742940
2064 202328 83.577090 29.889420
2064 203114 86.771820 42.075850
2064 203948 88.523700 21.498730
2064 203953 84.168710 24.584700
2064 1495 87.372300 20.012400
2064 200746 69.321610 32.661310
2064 201988 63.105120 19.243570
2064 202695 75.619240 6.404400
2064 203613 79.096020 47.099470
2076 -1 88.652460 24.798200
2076 201564 75.266410 22.475310
2076 202328 83.896730 29.905850
2076 203114 87.141280 42.334440
2076 203948 88.579340 21.773980
2076 203953 84.600750 25.101490
2076 1495 87.198400 20.163330
2076 200746 68.637540 32.866520
2076 201988 62.809520 19.273220
2076 202695 75.432020 6.784150
2076 203613 78.296230 47.564900
2088 -1 89.291010 24.560310
2088 201564 75.579570 22.177690
2088 202328 84.182280 29.917370
2088 203114 87.449550 42.629590
2088 203948 88.645980 21.932860
2088 203953 85.065990 25.615380
2088 1495 86.972060 20.292840
2088 200746 67.948740 33.098810
2088 201988 62.489340 19.297760
2088 202695 75.206100 7.196400
2088 203613 77.450690 47.967440
2100 -1 90.041020 24.432020
2100 201564 75.853750 21.843470
2100 202328 84.393010 29.856160
2100 203114 87.687790 42.927620
2100 203948 88.695960 21.968800
2100 203953 85.588250 26.073370
2100 1495 86.668850 20.411670
2100 200746 67.192220 33.273950
2100 201988 62.167800 19.356540
2100 202695 74.931600 7.633560
2100 203613 76.486670 48.218240
2112 -1 90.856130 24.176690
2112 201564 76.048060 21.458480
2112 202328 84.507960 29.823320
2112 203114 87.813980 43.352910
2112 203948 88.762330 22.005480
2112 203953 86.174620 26.495210
2112 1495 86.245130 20.517070
2112 200746 66.327280 33.313310
2112 201988 61.837780 19.466000
2112 202695 74.608480 8.064590
2112 203613 75.434620 48.365830
2124 -1 91.607220 23.854150
2124 201564 76.131120 21.025420
2124 202328 84.582540 29.707790
2124 203114 87.838420 43.772060
2124 203948 88.882340 22.139400
2124 203953 86.865990 26.880780
2124 1495 85.792390 20.689220
2124 200746 65.379620 33.212610
2124 201988 61.513080 19.650380
2124 202695 74.231980 8.489570
2124 203613 74.278850 48.283070
2136 -1 92.144970 23.862050
2136 201564 76.132870 20.519630
2136 202328 84.523600 29.544630
2136 203114 87.773720 44.143930
2136 203948 89.115210 22.346160
2136 203953 87.589230 27.175600
2136 1495 85.258030 20.721910
2136 200746 64.545690 33.185360
2136 201988 61.182730 19.864520
2136 202695 73.791390 8.930650
2136 203613 72.995960 48.108330
2148 -1 92.477020 24.068280
2148 201564 76.063570 19.946010
2148 202328 84.356500 29.396870
2148 203114 87.584310 44.535810
2148 203948 89.474170 22.590810
2148 203953 88.507410 27.477220
2148 1495 84.615260 20.656770
2148 200746 63.622610 33.152860
2148 201988 60.829060 20.054060
2148 202695 73.247460 9.377650
2148 203613 71.637690 47.787240
2160 -1 92.753560 24.321660
2160 201564 75.925250 19.330210
2160 202328 84.086210 29.266230
2160 203114 87.351390 44.912180
2160 203948 89.994540 22.865660
2160 203953 89.415580 27.690030
2160 1495 83.835980 20.543830
2160 200746 62.684330 33.155130
2160 201988 60.465550 20.192920
2160 202695 72.652750 9.846180
2160 203613 70.344170 47.393700
2172 -1 92.942790 24.629840
2172 201564 75.732420 18.731220
2172 202328 83.696130 29.120800
2172 203114 87.015670 45.118270
2172 203948 90.640960 23.150260
2172 203953 90.303410 27.926620
2172 1495 82.996120 20.464780
2172 200746 61.732200 33.229430
2172 201988 60.080030 20.263290
2172 202695 72.006950 10.376950
2172 203613 69.018410 46.992440
2184 -1 93.012930 25.000410
2184 201564 75.467820 18.139180
2184 202328 83.137550 29.039340
2184 203114 86.533660 45.479740
2184 203948 91.253930 23.346790
2184 203953 91.147800 28.125030
2184 1495 81.996590 20.440080
2184 200746 60.741950 33.331640
2184 201988 59.667630 20.259850
2184 202695 71.259070 10.912850
2184 203613 67.670010 46.613430
2196 -1 92.387590 24.291840
2196 201564 75.077710 17.556250
2196 202328 82.487480 28.959790
2196 203114 85.894320 45.747120
2196 203948 91.889370 23.490570
2196 203953 91.838810 28.231300
2196 1495 80.888090 20.484750
2196 200746 59.720520 33.387080
2196 201988 59.225500 20.217400
2196 202695 70.381660 11.357310
2196 203613 66.293340 46.155850