0 -1 87.983750 3.263380
0 203476 86.665740 25.504410
0 203940 82.683740 22.083150
0 203498 83.895540 11.922220
0 203897 69.262150 39.613090
0 1626145 75.978160 15.862770
0 1938 63.879210 41.616400
0 2561 80.063440 23.234380
0 2564 61.000010 23.490230
0 201988 66.681010 9.904200
0 203937 88.089280 2.982890
12 -1 88.216480 3.021630
12 203476 86.685020 25.690940
12 203940 82.760820 22.413840
12 203498 84.259550 11.246160
12 203897 69.696980 39.352660
12 1626145 75.896010 15.335310
12 1938 64.169250 41.693250
12 2561 79.716730 23.568760
12 2564 61.020830 23.728690
12 201988 66.471720 9.817860
12 203937 88.028220 2.996540
24 -1 87.929760 3.384260
24 203476 86.701140 25.900460
24 203940 82.795040 22.805370
24 203498 84.803530 10.518950
24 203897 70.180590 39.071010
24 1626145 75.806880 14.894780
24 1938 64.575460 41.805590
24 2561 79.225300 23.792220
24 2564 61.009190 23.946860
24 201988 66.207480 9.784730
24 203937 87.871230 2.980520
36 -1 87.420450 3.510360
36 203476 86.703360 26.121790
36 203940 83.006510 23.081230
36 203498 85.417500 9.847840
36 203897 70.654390 38.792770
36 1626145 75.621670 14.495880
36 1938 65.150930 42.032590
36 2561 78.644920 23.912900
36 2564 60.996490 24.174910
36 201988 65.896820 9.773110
36 203937 87.586580 3.128320
48 -1 86.638530 3.618890
48 203476 86.653530 26.332160
48 203940 83.203440 23.364980
48 203498 85.942380 9.208510
48 203897 71.128730 38.502780
48 1626145 75.343920 14.123800
48 1938 65.791740 42.220970
48 2561 78.110580 24.066560
48 2564 60.988910 24.366150
48 201988 65.531380 9.760250
48 203937 87.204440 3.273900
60 -1 84.805470 4.065920
60 203476 86.516680 26.520120
60 203940 83.446090 23.521250
60 203498 86.343300 8.700440
60 203897 71.588910 38.209970
60 1626145 74.981590 13.731090
60 1938 66.439590 42.413880
60 2561 77.511970 24.134680
60 2564 61.002000 24.587800
60 201988 65.112810 9.693240
60 203937 86.778520 3.435490
72 -1 80.160970 5.158570
72 203476 86.230960 26.755230
72 203940 83.632250 23.589690
72 203498 86.638050 8.369770
72 203897 72.043240 37.919790
72 1626145 74.502230 13.418060
72 1938 67.073940 42.591240
72 2561 76.860860 24.125720
72 2564 61.079270 24.848270
72 201988 64.655450 9.584690
72 203937 86.442660 3.734260
84 -1 75.514020 6.046620
84 203476 85.767440 26.987470
84 203940 83.734090 23.591440
84 203498 86.825100 8.224880
84 203897 72.473420 37.626680
84 1626145 73.862600 13.125190
84 1938 67.645590 42.756650
84 2561 76.312470 24.128060
84 2564 61.233460 25.226980
84 201988 64.123760 9.458040
84 203937 86.229980 3.944590
96 -1 70.809620 7.486170
96 203476 85.113750 27.224270
96 203940 83.480610 23.707080
96 203498 86.916500 8.210570
96 203897 72.884900 37.295500
96 1626145 73.118700 12.919230
96 1938 68.129670 42.911650
96 2561 75.791790 24.164800
96 2564 61.346040 25.648360
96 201988 63.542740 9.359500
96 203937 86.191950 4.126540
108 -1 66.189280 8.566580
108 203476 84.446240 27.414920
108 203940 83.052160 23.756780
108 203498 86.962420 8.288900
108 203897 73.262040 36.958890
108 1626145 72.360850 12.861090
108 1938 68.648340 43.146110
108 2561 75.186000 24.088260
108 2564 61.440470 26.108060
108 201988 62.938430 9.297450
108 203937 86.293750 4.358590
120 -1 63.248120 9.363480
120 203476 83.710200 27.624240
120 203940 82.479130 23.845420
120 203498 86.956680 8.421580
120 203897 73.662370 36.664490
120 1626145 71.588320 12.986090
120 1938 69.266970 43.418960
120 2561 74.578750 23.960790
120 2564 61.564460 26.512740
120 201988 62.266730 9.239920
120 203937 86.467240 4.499990
132 -1 62.338470 9.525100
132 203476 82.906900 27.859260
132 203940 81.865050 23.835140
132 203498 86.930100 8.621360
132 203897 74.109300 36.435580
132 1626145 70.831730 13.097160
132 1938 69.895370 43.760630
132 2561 73.970670 23.777230
132 2564 61.575810 27.010330
132 201988 61.506060 9.229680
132 203937 86.624380 4.425620
144 -1 61.240710 10.002660
144 203476 82.049900 28.054590
144 203940 81.121480 23.675100
144 203498 86.882710 8.843980
144 203897 74.600430 36.294380
144 1626145 70.117130 13.285760
144 1938 70.530800 44.130190
144 2561 73.369810 23.533320
144 2564 61.493080 27.529760
144 201988 60.761740 9.266620
144 203937 86.731840 4.291800
156 -1 60.317500 10.364200
156 203476 81.187060 28.148900
156 203940 80.237650 23.404700
156 203498 86.832900 9.047120
156 203897 75.123510 36.264290
156 1626145 69.429310 13.433430
156 1938 71.198380 44.521940
156 2561 72.774240 23.171810
156 2564 61.414280 28.171530
156 201988 60.039900 9.317540
156 203937 86.816890 4.034590
168 -1 59.674910 9.898730
168 203476 80.164350 28.325210
168 203940 79.326520 23.212270
168 203498 86.786370 9.209690
168 203897 75.678660 36.337930
168 1626145 68.755610 13.469820
168 1938 71.867900 44.894870
168 2561 72.236460 22.723060
168 2564 61.386850 28.795380
168 201988 59.337320 9.421590
168 203937 86.952670 3.783110
180 -1 59.233020 10.103140
180 203476 79.102720 28.489060
180 203940 78.396360 23.066690
180 203498 86.785880 9.291760
180 203897 76.222250 36.498200
180 1626145 68.111360 13.404140
180 1938 72.499370 45.249600
180 2561 71.797650 22.219100
180 2564 61.285230 29.548380
180 201988 58.776020 9.619580
180 203937 87.097180 3.494000
192 -1 58.861660 9.811640
192 203476 78.041710 28.580790
192 203940 77.261520 22.777090
192 203498 86.807570 9.304440
192 203897 76.724860 36.731160
192 1626145 67.480700 13.374800
192 1938 73.182400 45.585910
192 2561 71.413890 21.689050
192 2564 61.268920 30.321800
192 201988 58.371770 9.886360
192 203937 87.310340 3.343930
204 -1 58.680590 10.272500
204 203476 77.077680 28.695920
204 203940 76.133160 22.507850
204 203498 86.828720 9.307510
204 203897 77.199570 37.026050
204 1626145 66.859570 13.390260
204 1938 73.925390 45.899160
204 2561 70.995730 21.186850
204 2564 61.308600 31.102620
204 201988 58.096600 10.207070
204 203937 87.576800 3.218730
216 -1 58.695460 11.154470
216 203476 76.196570 28.893700
216 203940 75.063730 22.223820
216 203498 86.839100 9.356370
216 203897 77.665420 37.350640
216 1626145 66.242330 13.573630
216 1938 74.647670 46.171920
216 2561 70.588430 20.699010
216 2564 61.428460 31.825360
216 201988 57.942430 10.610360
216 203937 87.827680 3.072420
228 -1 56.678140 10.216280
228 203476 75.430740 29.060870
228 203940 73.949270 21.879990
228 203498 86.834060 9.501770
228 203897 78.116060 37.652710
228 1626145 65.666410 13.864470
228 1938 75.339910 46.412650
228 2561 70.040280 20.302730
228 2564 61.624980 32.624500
228 201988 57.874740 11.027060
228 203937 88.026910 2.868190
240 -1 57.158530 12.243030
240 203476 74.786720 29.237180
240 203940 72.801570 21.508420
240 203498 86.806110 9.708650
240 203897 78.577210 37.913990
240 1626145 65.106530 14.229880
240 1938 76.022240 46.662710
240 2561 69.456480 20.002560
240 2564 61.868080 33.457040
240 201988 57.843570 11.467250
240 203937 88.209120 2.722190
252 -1 57.029280 13.170860
252 203476 74.325280 29.430840
252 203940 71.766340 21.276790
252 203498 86.757490 9.938210
252 203897 79.031980 38.132710
252 1626145 64.584570 14.579890
252 1938 76.662960 46.875500
252 2561 68.834880 19.719930
252 2564 62.105410 34.274230
252 201988 58.050560 11.958000
252 203937 88.337420 2.484600
264 -1 57.243280 13.516500
264 203476 73.972670 29.635560
264 203940 70.714410 21.115720
264 203498 86.645940 10.178260
264 203897 79.485330 38.330910
264 1626145 64.093550 14.868230
264 1938 77.346390 47.064010
264 2561 68.361880 19.370730
264 2564 62.382130 35.139430
264 201988 58.868110 12.685870
264 203937 88.434590 2.272160
276 -1 57.586210 13.796490
276 203476 73.761730 29.827730
276 203940 69.694040 21.061900
276 203498 86.501600 10.371190
276 203897 79.916540 38.526210
276 1626145 63.621780 15.038570
276 1938 77.954220 47.233270
276 2561 67.820340 19.072430
276 2564 62.685550 35.998760
276 201988 59.798060 13.438360
276 203937 88.465880 2.034670
288 -1 57.166440 14.400330
288 203476 73.710360 29.991800
288 203940 68.722630 21.057900
288 203498 86.336890 10.475610
288 203897 80.365360 38.731890
288 1626145 63.133210 15.230140
288 1938 78.594110 47.351510
288 2561 67.361100 18.747820
288 2564 62.942220 36.896800
288 201988 60.653280 14.212610
288 203937 88.455910 1.822500
300 -1 57.541690 15.400780
300 203476 73.776880 30.144540
300 203940 67.780420 21.084070
300 203498 86.154710 10.546130
300 203897 80.778410 38.940490
300 1626145 62.721630 15.409250
300 1938 79.206110 47.443720
300 2561 66.925730 18.432390
300 2564 63.211530 37.797420
300 201988 61.503860 14.913490
300 203937 88.421960 1.607970
312 -1 59.259210 14.869360
312 203476 73.908460 30.274020
312 203940 66.920270 21.111330
312 203498 85.965460 10.634880
312 203897 81.170820 39.125920
312 1626145 62.480320 15.434530
312 1938 79.826250 47.539650
312 2561 66.510510 18.197730
312 2564 63.561550 38.691380
312 201988 62.234890 15.333580
312 203937 88.373980 1.393970
324 -1 59.699470 13.790060
324 203476 74.113520 30.358190
324 203940 66.260720 21.083690
324 203498 85.819950 10.749230
324 203897 81.551600 39.254810
324 1626145 62.443640 15.386810
324 1938 80.348340 47.628690
324 2561 66.013360 18.007990
324 2564 63.972360 39.459220
324 201988 62.443640 15.386810
324 203937 88.325930 1.262700
336 -1 60.697420 12.915380
336 203476 74.409040 30.422690
336 203940 65.847280 20.952090
336 203498 85.710950 10.904070
336 203897 81.947850 39.322410
336 1626145 62.475060 14.972750
336 1938 80.892650 47.709690
336 2561 65.593210 17.827340
336 2564 64.438880 40.087680
336 201988 62.475060 14.972750
336 203937 88.316100 1.197020
348 -1 61.365260 11.085190
348 203476 74.653400 30.462580
348 203940 65.697370 20.717580
348 203498 85.639030 11.097530
348 203897 82.337110 39.330840
348 1626145 62.702880 14.244040
348 1938 81.362090 47.834920
348 2561 65.252680 17.570770
348 2564 64.837040 40.659900
348 201988 62.702880 14.244040
348 203937 88.344910 1.163540
360 -1 62.575150 10.619980
360 203476 74.897980 30.499730
360 203940 65.836670 20.370890
360 203498 85.582390 11.287760
360 203897 82.745030 39.264290
360 1626145 63.226100 13.653450
360 1938 81.823700 47.943190
360 2561 65.041030 17.239980
360 2564 65.197400 41.150120
360 201988 63.290900 13.479990
360 203937 88.402280 1.197280
372 -1 64.821390 10.261790
372 203476 75.254990 30.471520
372 203940 66.304630 19.857890
372 203498 85.542190 11.538780
372 203897 83.169130 39.118360
372 1626145 63.774460 13.237770
372 1938 82.266080 48.026840
372 2561 64.845400 17.061710
372 2564 65.475770 41.570150
372 201988 64.325940 12.797400
372 203937 88.499620 1.259580
384 -1 66.774560 10.892710
384 203476 75.845550 30.270670
384 203940 67.004870 19.219390
384 203498 85.521620 11.859770
384 203897 83.546230 38.890240
384 1626145 64.454670 12.812730
384 1938 82.679080 48.118900
384 2561 64.709950 17.085390
384 2564 65.709550 41.929760
384 201988 65.666360 12.234860
384 203937 88.587770 1.263770
396 -1 69.797040 11.210640
396 203476 76.500880 29.949030
396 203940 67.811640 18.575830
396 203498 85.471460 12.233840
396 203897 83.876040 38.587650
396 1626145 65.722080 12.554950
396 1938 83.088650 48.183300
396 2561 64.665130 17.219340
396 2564 65.900710 42.268210
396 201988 67.440990 12.117870
396 203937 88.692350 1.342980
408 -1 71.124860 11.353670
408 203476 77.250210 29.449730
408 203940 68.783540 18.051070
408 203498 85.396780 12.784420
408 203897 84.170690 38.220460
408 1626145 67.010670 12.479570
408 1938 83.482550 48.225580
408 2561 64.674490 17.481360
408 2564 66.096370 42.468750
408 201988 69.450590 12.359070
408 203937 88.745820 1.347990
420 -1 72.772290 11.990300
420 203476 78.165800 28.838070
420 203940 69.907780 17.685460
420 203498 85.296280 13.628220
420 203897 84.428920 37.823520
420 1626145 68.272750 12.240640
420 1938 83.851760 48.275670
420 2561 64.648520 17.831550
420 2564 66.268110 42.526300
420 201988 71.416920 12.857000
420 203937 88.783080 1.351680
432 -1 74.558000 13.240690
432 203476 79.255810 28.118900
432 203940 71.158110 17.556160
432 203498 85.159970 14.538380
432 203897 84.650970 37.424460
432 1626145 69.787700 11.863270
432 1938 84.219700 48.319320
432 2561 64.743220 18.100880
432 2564 66.463770 42.389510
432 201988 73.221850 13.726750
432 203937 88.748510 1.288820
444 -1 76.779960 14.550950
444 203476 80.130090 27.427470
444 203940 72.435660 17.646970
444 203498 84.963890 15.530220
444 203897 84.880440 37.032220
444 1626145 71.526720 11.372270
444 1938 84.581620 48.352810
444 2561 64.902430 18.275700
444 2564 66.624820 42.163460
444 201988 75.037270 14.785110
444 203937 88.733260 1.313560
456 -1 78.055680 15.314040
456 203476 80.968350 26.679280
456 203940 73.826040 17.899370
456 203498 84.768760 16.712290
456 203897 85.109710 36.678580
456 1626145 73.059880 10.997370
456 1938 84.891090 48.384430
456 2561 65.122510 18.471760
456 2564 66.706800 41.913950
456 201988 76.659520 16.081570
456 203937 88.745090 1.388660
468 -1 79.660630 17.693750
468 203476 81.802210 26.124060
468 203940 75.219160 18.204180
468 203498 84.634520 17.906380
468 203897 85.296100 36.385190
468 1626145 74.906440 10.501200
468 1938 85.119690 48.405830
468 2561 65.381150 18.753500
468 2564 66.800200 41.731250
468 201988 78.190560 17.667200
468 203937 88.786540 1.505520
480 -1 79.753140 20.826600
480 203476 82.444720 25.681480
480 203940 76.489770 18.640070
480 203498 84.595450 18.920190
480 203897 85.412770 36.144470
480 1626145 76.800720 9.950270
480 1938 85.267360 48.419120
480 2561 65.669520 19.102030
480 2564 66.947250 41.599220
480 201988 79.582560 19.159810
480 203937 88.851390 1.619020
492 -1 78.118090 24.862040
492 203476 82.851460 25.343380
492 203940 77.589470 19.179490
492 203498 84.637200 19.864940
492 203897 85.438260 35.955940
492 1626145 78.638550 9.414900
492 1938 85.326230 48.427870
492 2561 65.975160 19.412800
492 2564 67.121350 41.572350
492 201988 80.758340 20.542380
492 203937 88.951570 1.794820
504 -1 76.611850 28.709250
504 203476 83.372250 25.122350
504 203940 78.632620 19.724820
504 203498 84.782330 20.666840
504 203897 85.288850 35.887630
504 1626145 80.314920 8.942640
504 1938 85.333950 48.432700
504 2561 66.298030 19.719860
504 2564 67.363500 41.606030
504 201988 81.566910 22.009250
504 203937 88.990110 1.899500
516 -1 75.149140 32.478280
516 203476 83.799400 25.152510
516 203940 79.529890 20.240230
516 203498 84.954120 21.237000
516 203897 84.922830 35.927670
516 1626145 81.891190 8.485350
516 1938 85.341320 48.424970
516 2561 66.621410 19.906300
516 2564 67.724060 41.705540
516 201988 82.573050 23.255540
516 203937 88.961670 1.955990
528 -1 73.958340 36.181900
528 203476 84.296460 25.212250
528 203940 80.272530 20.717380
528 203498 84.990070 21.640810
528 203897 84.323550 36.089800
528 1626145 83.257610 8.178920
528 1938 85.377670 48.400220
528 2561 66.983150 19.990950
528 2564 68.209140 41.838460
528 201988 83.189390 24.171400
528 203937 88.824750 2.003980
540 -1 73.403820 38.255540
540 203476 84.864150 25.299340
540 203940 80.895300 21.050010
540 203498 85.110610 21.957730
540 203897 83.495760 36.371740
540 1626145 84.510810 7.923680
540 1938 85.434060 48.357670
540 2561 67.356110 20.043710
540 2564 68.753840 41.999930
540 201988 83.784350 25.075820
540 203937 88.621770 2.073430
552 -1 72.790830 40.349300
552 203476 85.409940 25.519570
552 203940 81.289140 21.276660
552 203498 85.314000 22.167140
552 203897 82.498800 36.795790
552 1626145 85.591300 7.749300
552 1938 85.576730 48.299080
552 2561 67.730320 20.104950
552 2564 69.292580 42.163780
552 201988 84.287000 25.841910
552 203937 88.375970 2.153010
564 -1 71.956480 41.350860
564 203476 85.786520 25.917780
564 203940 81.465010 21.421260
564 203498 85.450810 22.299600
564 203897 81.454000 37.388030
564 1626145 86.488330 7.675450
564 1938 85.689680 48.216780
564 2561 68.065390 20.191810
564 2564 69.787240 42.333480
564 201988 84.775990 26.240760
564 203937 88.090380 2.203570
576 -1 71.503880 41.348270
576 203476 86.196750 26.379120
576 203940 81.469470 21.571410
576 203498 85.708600 22.338100
576 203897 80.396630 38.159700
576 1626145 87.179270 7.698640
576 1938 85.860140 48.139770
576 2561 68.357250 20.314930
576 2564 70.241260 42.425150
576 201988 84.883510 26.510520
576 203937 87.778730 2.232700
588 -1 71.887780 41.090800
588 203476 86.468080 27.008530
588 203940 81.288330 21.689330
588 203498 86.122940 22.229300
588 203897 79.383940 39.106300
588 1626145 87.652880 7.773860
588 1938 86.038770 48.090760
588 2561 68.603480 20.448360
588 2564 70.570150 42.491280
588 201988 85.130490 26.761800
588 203937 87.491740 2.247140
600 -1 71.959400 41.423700
600 203476 86.681900 27.749460
600 203940 80.962280 21.744600
600 203498 86.442900 21.942550
600 203897 78.453830 40.235550
600 1626145 87.912350 7.900440
600 1938 86.229680 48.023220
600 2561 68.825390 20.540300
600 2564 70.833970 42.526980
600 201988 85.216760 26.977220
600 203937 87.170790 2.248090
612 -1 71.673110 41.185550
612 203476 86.829230 28.554230
612 203940 80.729820 21.828230
612 203498 86.718100 21.583930
612 203897 77.542100 41.549740
612 1626145 88.018110 8.033670
612 1938 86.369350 47.968250
612 2561 69.024240 20.559100
612 2564 70.986150 42.508370
612 201988 85.208320 27.162480
612 203937 86.803490 2.246360
624 -1 71.509010 41.280610
624 203476 86.955200 29.403790
624 203940 80.580740 22.036650
624 203498 87.078920 21.174070
624 203897 76.668440 42.908660
624 1626145 87.986100 8.205000
624 1938 86.540120 47.947600
624 2561 69.228040 20.463200
624 2564 71.068320 42.450350
624 201988 85.112770 27.446850
624 203937 86.293750 1.960290
636 -1 74.275280 41.894490
636 203476 86.974690 30.321050
636 203940 80.398980 22.212670
636 203498 87.371530 20.740220
636 203897 75.817140 44.315400
636 1626145 87.926910 8.370880
636 1938 86.651370 47.944070
636 2561 69.412890 20.309120
636 2564 71.061540 42.386530
636 201988 84.922640 27.751760
636 203937 85.842970 1.600010
648 -1 77.577380 42.868690
648 203476 86.973520 31.287380
648 203940 80.192170 22.378250
648 203498 87.656300 20.311360
648 203897 74.976210 45.569060
648 1626145 87.853510 8.548740
648 1938 86.773550 47.939190
648 2561 69.571440 20.122490
648 2564 70.978390 42.224300
648 201988 84.647640 27.969010
648 203937 85.436330 1.266380
660 -1 80.896570 44.113470
660 203476 86.887420 32.377820
660 203940 80.019320 22.546830
660 203498 87.908300 19.980680
660 203897 74.195950 46.652620
660 1626145 87.809460 8.772920
660 1938 86.972290 47.954960
660 2561 69.705630 19.935360
660 2564 70.799880 42.008670
660 201988 84.311620 28.102880
660 203937 85.106260 0.924790
672 -1 84.100800 45.166920
672 203476 86.772570 33.614010
672 203940 79.744590 22.616920
672 203498 88.092130 19.684440
672 203897 73.592350 47.431910
672 1626145 87.783910 9.076550
672 1938 87.154460 47.963780
672 2561 69.807220 19.785840
672 2564 70.586990 41.800560
672 201988 83.993700 28.205930
672 203937 84.870870 0.694250
684 -1 87.051000 46.019360
684 203476 86.647510 34.944020
684 203940 79.385970 22.547970
684 203498 88.218070 19.437140
684 203897 73.170090 47.863810
684 1626145 87.785970 9.452060
684 1938 87.378260 47.915130
684 2561 69.860820 19.727440
684 2564 70.291690 41.591580
684 201988 83.707380 28.286120
684 203937 84.983140 0.999710
696 -1 88.017760 46.071610
696 203476 86.675920 36.273130
696 203940 79.073440 22.447350
696 203498 88.306260 19.270560
696 203897 72.922510 47.880480
696 1626145 87.773400 9.886020
696 1938 87.622790 47.875880
696 2561 69.878550 19.732050
696 2564 69.891290 41.347080
696 201988 83.511540 28.445520
696 203937 85.116330 1.312450
708 -1 88.302970 46.588480
708 203476 86.748640 37.663570
708 203940 78.847960 22.361760
708 203498 88.364620 19.257130
708 203897 72.877410 47.598380
708 1626145 87.734510 10.342860
708 1938 87.810150 47.842700
708 2561 69.845510 19.797770
708 2564 69.456020 41.040260
708 201988 83.441500 28.665300
708 203937 85.316450 1.622970
720 -1 88.236290 47.439280
720 203476 86.876840 38.877380
720 203940 78.711650 22.318560
720 203498 88.431900 19.348770
720 203897 72.971730 47.002720
720 1626145 87.656390 10.795120
720 1938 87.914580 47.800040
720 2561 69.778220 19.900930
720 2564 68.976160 40.652440
720 201988 83.462350 28.922510
720 203937 85.548400 1.931950
732 -1 88.307930 47.619160
732 203476 87.019710 39.900180
732 203940 78.706260 22.334280
732 203498 88.476150 19.555580
732 203897 73.115860 46.219210
732 1626145 87.541280 11.229350
732 1938 88.020280 47.765110
732 2561 69.707440 19.998630
732 2564 68.488290 40.187410
732 201988 83.486640 29.228310
732 203937 85.752880 2.128980
744 -1 88.335370 46.658860
744 203476 87.190900 40.769480
744 203940 78.833860 22.407970
744 203498 88.486650 19.831270
744 203897 73.247580 45.359420
744 1626145 87.415750 11.624690
744 1938 88.130180 47.773120
744 2561 69.653110 20.061330
744 2564 68.004370 39.663310
744 201988 83.559130 29.554330
744 203937 85.790900 2.117140
756 -1 88.520800 44.504200
756 203476 87.281160 41.531860
756 203940 79.057320 22.540930
756 203498 88.457510 20.136740
756 203897 73.373240 44.406490
756 1626145 87.284500 12.016850
756 1938 88.259680 47.754180
756 2561 69.625580 20.073970
756 2564 67.515510 39.103770
756 201988 83.638020 29.856640
756 203937 85.699860 2.157830
768 -1 88.525580 42.244520
768 203476 87.355370 42.084410
768 203940 79.326290 22.677110
768 203498 88.382000 20.387320
768 203897 73.537390 43.472690
768 1626145 87.192960 12.413960
768 1938 88.458360 47.764090
768 2561 69.624950 20.036210
768 2564 66.986180 38.575040
768 201988 83.708680 30.150640
768 203937 85.337650 2.075240
780 -1 88.520200 39.946550
780 203476 87.455350 42.696300
780 203940 79.613600 22.798430
780 203498 88.271300 20.562580
780 203897 73.708160 42.620040
780 1626145 87.142290 12.788810
780 1938 88.677010 47.810190
780 2561 69.647610 19.954400
780 2564 66.425190 38.068450
780 201988 83.804620 30.408430
780 203937 84.857870 2.148500
792 -1 88.517930 37.647500
792 203476 87.594440 43.378290
792 203940 79.899110 22.902780
792 203498 88.160100 20.674020
792 203897 73.753030 41.860060
792 1626145 87.129260 13.148730
792 1938 88.966860 47.930680
792 2561 69.650940 19.851180
792 2564 65.816360 37.536970
792 201988 83.938660 30.648130
792 203937 84.272810 2.321010
804 -1 88.478430 35.386200
804 203476 87.706420 43.998960
804 203940 80.149960 22.992890
804 203498 88.067890 20.735080
804 203897 73.686620 41.202720
804 1626145 87.120130 13.501580
804 1938 89.141230 48.125830
804 2561 69.591500 19.785180
804 2564 65.170450 37.109080
804 201988 84.088310 30.862160
804 203937 83.350020 2.365490
816 -1 88.495810 33.186770
816 203476 87.803930 44.602420
816 203940 80.389470 23.048020
816 203498 88.001300 20.753710
816 203897 73.547380 40.717040
816 1626145 87.122580 13.799890
816 1938 89.181070 48.379070
816 2561 69.474840 19.785700
816 2564 64.449210 36.603120
816 201988 84.271000 31.046400
816 203937 82.347400 2.479650
828 -1 88.518800 30.925810
828 203476 87.875580 45.151250
828 203940 80.645490 23.096480
828 203498 87.953760 20.782640
828 203897 73.238920 40.360020
828 1626145 87.093990 14.049980
828 1938 89.035160 48.627270
828 2561 69.276400 19.803240
828 2564 63.715950 36.066430
828 201988 84.485630 31.248320
828 203937 81.341850 2.782080
840 -1 88.465050 28.707850
840 203476 87.866800 45.592900
840 203940 81.026180 23.180850
840 203498 87.924100 20.848290
840 203897 72.755920 40.131930
840 1626145 87.039070 14.265530
840 1938 88.673020 48.907160
840 2561 68.969530 19.820310
840 2564 62.949760 35.522750
840 201988 84.686190 31.480180
840 203937 80.135970 3.017360
852 -1 88.418090 26.567060
852 203476 87.702920 46.012050
852 203940 81.481070 23.397820
852 203498 87.894670 20.931570
852 203897 72.216800 40.006160
852 1626145 86.979850 14.436910
852 1938 88.080990 49.162850
852 2561 68.621860 19.880420
852 2564 62.119810 35.045360
852 201988 84.856930 31.705360
852 203937 78.787010 3.170720
864 -1 88.505440 24.605690
864 203476 87.557470 46.373030
864 203940 82.062620 23.636240
864 203498 87.840490 21.012260
864 203897 71.611490 39.939730
864 1626145 86.943410 14.558050
864 1938 87.387620 49.308350
864 2561 68.222050 19.873750
864 2564 61.205510 34.497460
864 201988 84.960750 31.932540
864 203937 77.545500 3.489260
876 -1 88.641950 23.871910
876 203476 87.241070 46.685700
876 203940 82.685440 23.949900
876 203498 87.773970 21.082650
876 203897 70.855620 39.953710
876 1626145 86.940750 14.617050
876 1938 86.525140 49.424880
876 2561 67.761790 19.782300
876 2564 60.296920 34.086190
876 201988 84.965580 32.120310
876 203937 76.191330 3.826240
888 -1 88.700520 23.584980
888 203476 86.822870 46.943850
888 203940 83.378910 24.381230
888 203498 87.665020 21.123010
888 203897 70.004570 40.018810
888 1626145 87.003170 14.585210
888 1938 85.514100 49.506450
888 2561 67.232330 19.661770
888 2564 59.293670 33.778420
888 201988 84.828110 32.220630
888 203937 74.754730 4.215920
900 -1 88.878500 23.208730
900 203476 86.398290 47.107490
900 203940 84.041010 24.886320
900 203498 87.450030 21.080100
900 203897 69.100480 40.107340
900 1626145 87.132410 14.498920
900 1938 84.413740 49.518920
900 2561 66.648600 19.563830
900 2564 58.273320 33.550500
900 201988 84.530550 32.224560
900 203937 73.306730 4.578450
912 -1 89.083040 22.830400
912 203476 85.971440 47.065500
912 203940 84.730300 25.309930
912 203498 87.166160 20.975260
912 203897 68.118210 40.201170
912 1626145 87.323200 14.331360
912 1938 83.164430 49.413350
912 2561 65.967220 19.454990
912 2564 57.200190 33.297000
912 201988 84.104180 32.125920
912 203937 71.758610 4.889120
924 -1 89.153880 22.511210
924 203476 85.429800 46.997930
924 203940 85.366040 25.725500
924 203498 86.815540 20.817690
924 203897 67.035280 40.312220
924 1626145 87.534430 14.112950
924 1938 81.807210 49.278120
924 2561 65.243260 19.420520
924 2564 56.126280 33.068450
924 201988 83.571620 31.933240
924 203937 70.192280 5.282730
936 -1 89.282290 22.263400
936 203476 84.939770 46.872860
936 203940 86.080070 26.159990
936 203498 86.385710 20.594870
936 203897 65.897730 40.438600
936 1626145 87.738640 13.837380
936 1938 80.297750 49.037180
936 2561 64.470080 19.421910
936 2564 55.024130 32.842400
936 201988 82.959440 31.695740
936 203937 68.586330 5.787810
948 -1 89.383770 22.523690
948 203476 84.399210 46.734890
948 203940 86.777160 26.364990
948 203498 85.842430 20.274120
948 203897 64.668680 40.617230
948 1626145 87.917910 13.507910
948 1938 78.775630 48.710780
948 2561 63.611630 19.435770
948 2564 53.908830 32.596880
948 201988 82.266280 31.422400
948 203937 66.892540 6.341600
960 -1 89.528370 22.870420
960 203476 83.725960 46.635340
960 203940 87.567410 26.493460
960 203498 85.227130 19.914250
960 203897 63.376110 40.805460
960 1626145 88.050370 13.088110
960 1938 77.130290 48.317440
960 2561 62.736270 19.445790
960 2564 52.748920 32.362620
960 201988 81.489000 31.112230
960 203937 65.225560 6.875620
972 -1 89.611780 23.227170
972 203476 83.006480 46.596860
972 203940 88.416410 26.482840
972 203498 84.484080 19.455650
972 203897 62.021480 41.003700
972 1626145 88.088190 12.636500
972 1938 75.399090 47.918390
972 2561 61.829680 19.473820
972 2564 51.619540 32.203010
972 201988 80.634290 30.788870
972 203937 63.625390 7.468270
984 -1 89.717200 23.485880
984 203476 82.245430 46.571130
984 203940 89.348330 26.469050
984 203498 83.648630 18.941660
984 203897 60.585180 41.289040
984 1626145 88.082900 12.134630
984 1938 73.537620 47.520880
984 2561 60.871010 19.482640
984 2564 50.493270 32.042950
984 201988 79.711120 30.422470
984 203937 61.954340 8.027930
996 -1 90.411730 24.047180
996 203476 81.444840 46.556600
996 203940 90.227470 26.325130
996 203498 82.691550 18.421960
996 203897 59.186640 41.555450
996 1626145 88.038510 11.606810
996 1938 71.796560 47.129990
996 2561 59.883830 19.479880
996 2564 49.369580 31.894080
996 201988 78.733880 29.980480
996 203937 60.318940 8.509360
1008 -1 91.564940 24.658690
1008 203476 80.481650 46.577040
1008 203940 91.145510 26.242880
1008 203498 81.624970 17.921250
1008 203897 57.747460 41.833880
1008 1626145 87.891610 11.071200
1008 1938 69.824630 46.737820
1008 2561 58.915620 19.467590
1008 2564 48.231670 31.817320
1008 201988 77.670670 29.463070
1008 203937 58.753710 8.941570
1020 -1 92.309040 24.651690
1020 203476 79.570630 46.557180
1020 203940 91.969250 26.062410
1020 203498 80.472770 17.398190
1020 203897 56.239730 42.139630
1020 1626145 87.611880 10.538150
1020 1938 67.853260 46.291340
1020 2561 57.908090 19.483910
1020 2564 47.067640 31.759620
1020 201988 76.587240 28.894490
1020 203937 57.134270 9.428770
1032 -1 92.987320 24.620690
1032 203476 78.596570 46.495480
1032 203940 92.728110 25.864200
1032 203498 79.274250 16.872620
1032 203897 54.751930 42.448700
1032 1626145 87.229550 10.015350
1032 1938 65.784180 45.893260
1032 2561 56.881460 19.546420
1032 2564 45.959290 31.637740
1032 201988 75.479250 28.269190
1032 203937 55.507690 9.992720
1044 -1 93.578500 24.547680
1044 203476 77.509370 46.423300
1044 203940 93.393030 25.574660
1044 203498 78.000450 16.349150
1044 203897 53.332680 42.707410
1044 1626145 86.640840 9.530730
1044 1938 63.701670 45.500860
1044 2561 55.836750 19.645680
1044 2564 44.887750 31.503980
1044 201988 74.313390 27.599130
1044 203937 53.899040 10.530280