0 -1 12.809050 17.247090
0 201937 19.103010 8.945500
0 203476 14.220140 21.593050
0 203897 45.420320 19.342290
0 203952 33.393640 37.264980
0 1626157 9.186140 19.762050
0 1938 40.484070 41.445480
0 2561 37.432250 8.804570
0 2564 36.103360 31.342390
0 201988 40.813810 14.351430
0 203937 57.220300 30.366330
12 -1 15.940050 14.844650
12 201937 20.153430 8.925060
12 203476 15.293420 21.585170
12 203897 47.428940 18.622060
12 203952 34.653170 37.893150
12 1626157 9.873500 19.445410
12 1938 42.098260 41.439810
12 2561 38.660590 9.189400
12 2564 37.245670 30.850210
12 201988 41.845240 14.536700
12 203937 58.642280 29.503290
24 -1 18.914550 12.324620
24 201937 21.224450 8.980730
24 203476 16.477040 21.612890
24 203897 49.417980 17.917110
24 203952 35.973650 38.515120
24 1626157 10.666370 19.187690
24 1938 43.666990 41.419520
24 2561 40.074990 9.716250
24 2564 38.381840 30.400310
24 201988 42.900600 14.703720
24 203937 60.015810 28.588840
36 -1 21.594120 10.909130
36 201937 22.380750 9.062650
36 203476 17.729190 21.670170
36 203897 51.336060 17.190800
36 203952 37.332360 39.093640
36 1626157 11.526570 19.010910
36 1938 45.235830 41.422760
36 2561 41.439290 10.232850
36 2564 39.478100 29.954820
36 201988 43.936830 14.864390
36 203937 61.375440 27.667820
48 -1 23.996190 10.339280
48 201937 23.700170 9.188790
48 203476 19.018490 21.723120
48 203897 53.233310 16.477340
48 203952 38.787880 39.654220
48 1626157 12.491430 18.864290
48 1938 46.833320 41.406040
48 2561 42.827970 10.756520
48 2564 40.603300 29.492400
48 201988 44.944750 15.014090
48 203937 62.727790 26.759730
60 -1 25.978700 9.797040
60 201937 25.064230 9.295700
60 203476 20.322770 21.791260
60 203897 55.072400 15.735770
60 203952 40.266930 40.149110
60 1626157 13.577650 18.726310
60 1938 48.433310 41.386810
60 2561 44.233110 11.326850
60 2564 41.737780 28.957540
60 201988 45.961860 15.178310
60 203937 64.033590 25.832470
72 -1 28.208390 9.726980
72 201937 26.537990 9.391940
72 203476 21.695340 21.855740
72 203897 56.814180 14.954500
72 203952 41.779800 40.589890
72 1626157 14.776380 18.619400
72 1938 50.050450 41.354940
72 2561 45.661740 11.911560
72 2564 42.796570 28.402010
72 201988 46.976330 15.321840
72 203937 65.305130 24.887170
84 -1 30.402470 10.096620
84 201937 28.090170 9.474700
84 203476 23.126040 21.952370
84 203897 58.474620 14.122270
84 203952 43.310540 40.996580
84 1626157 16.045070 18.538660
84 1938 51.666500 41.329390
84 2561 47.024450 12.525570
84 2564 43.849810 27.790240
84 201988 47.972900 15.465050
84 203937 66.539780 23.919630
96 -1 32.298920 10.316150
96 201937 29.581400 9.474640
96 203476 24.574300 22.057360
96 203897 60.079710 13.282670
96 203952 44.818080 41.336780
96 1626157 17.423290 18.466010
96 1938 53.243650 41.268130
96 2561 48.439040 13.098150
96 2564 44.905850 27.151600
96 201988 48.949800 15.589630
96 203937 67.725630 22.912230
108 -1 33.453490 10.738010
108 201937 31.074130 9.542070
108 203476 26.091170 22.213760
108 203897 61.602700 12.412950
108 203952 46.271700 41.611050
108 1626157 18.851480 18.420830
108 1938 54.775060 41.180510
108 2561 49.796850 13.692810
108 2564 45.910770 26.553690
108 201988 49.936800 15.694910
108 203937 68.874940 21.834990
120 -1 34.485530 11.114500
120 201937 32.740220 9.709840
120 203476 27.664040 22.411740
120 203897 63.073720 11.507150
120 203952 47.737020 41.828990
120 1626157 20.304630 18.399740
120 1938 56.299540 41.048320
120 2561 51.193800 14.264640
120 2564 46.814010 26.017770
120 201988 50.823410 15.806750
120 203937 69.992340 20.813460
132 -1 35.723960 11.364130
132 201937 34.464020 9.929730
132 203476 29.244830 22.636800
132 203897 64.438000 10.635670
132 203952 49.216830 41.978540
132 1626157 21.784410 18.422580
132 1938 57.811980 40.861750
132 2561 52.579430 14.837470
132 2564 47.771750 25.477800
132 201988 51.759750 15.967530
132 203937 71.064420 19.779880
144 -1 37.028260 11.548710
144 201937 36.230160 10.134160
144 203476 30.829800 22.838030
144 203897 65.702230 9.778230
144 203952 50.694130 42.104360
144 1626157 23.349180 18.448120
144 1938 59.291860 40.623320
144 2561 54.000510 15.488060
144 2564 48.690320 24.938930
144 201988 52.739160 16.078510
144 203937 72.044010 18.771890
156 -1 38.729280 11.796510
156 201937 38.073870 10.443720
156 203476 32.499590 23.151160
156 203897 66.811480 8.822110
156 203952 52.188970 42.213070
156 1626157 24.979400 18.534080
156 1938 60.744460 40.394940
156 2561 55.385520 16.181990
156 2564 49.473960 24.382450
156 201988 53.636670 16.192860
156 203937 72.947650 17.753860
168 -1 40.617060 11.928980
168 201937 39.898660 10.776560
168 203476 34.162040 23.375020
168 203897 67.790700 7.937080
168 203952 53.692110 42.294280
168 1626157 26.645690 18.618100
168 1938 62.140060 40.188400
168 2561 56.810260 16.827150
168 2564 50.296480 23.772780
168 201988 54.489710 16.280560
168 203937 73.768970 16.758570
180 -1 42.835770 12.008670
180 201937 41.649600 11.072030
180 203476 35.879070 23.646040
180 203897 68.710320 7.133140
180 203952 55.155160 42.338490
180 1626157 28.356650 18.734050
180 1938 63.451610 39.983750
180 2561 58.145980 17.516010
180 2564 51.164900 23.142380
180 201988 55.446570 16.277160
180 203937 74.520400 15.776540
192 -1 44.576380 12.340360
192 201937 43.394600 11.338860
192 203476 37.692300 23.900470
192 203897 69.594240 6.366250
192 203952 56.586770 42.327470
192 1626157 30.066220 18.847430
192 1938 64.659790 39.749980
192 2561 59.386780 18.226540
192 2564 51.949570 22.557740
192 201988 56.358940 16.228190
192 203937 75.200260 14.862780
204 -1 46.027140 12.685270
204 201937 45.149430 11.606860
204 203476 39.437910 24.186210
204 203897 70.454920 5.659250
204 203952 58.060440 42.258050
204 1626157 31.727340 18.955090
204 1938 65.798410 39.510950
204 2561 60.557860 18.881000
204 2564 52.761710 22.004940
204 201988 57.177820 16.227530
204 203937 75.835540 13.949020
216 -1 47.343870 13.035790
216 201937 46.907670 11.867030
216 203476 41.170590 24.367460
216 203897 71.419790 5.160130
216 203952 59.483200 42.167110
216 1626157 33.379610 19.088220
216 1938 66.907050 39.203380
216 2561 61.698310 19.599750
216 2564 53.688610 21.468810
216 201988 58.066170 16.153360
216 203937 76.413730 13.097680
228 -1 49.131570 13.022860
228 201937 48.705770 12.040450
228 203476 42.948880 24.608330
228 203897 72.302560 4.734710
228 203952 60.849820 42.256640
228 1626157 35.078200 19.258500
228 1938 68.015000 38.838800
228 2561 62.763300 20.368560
228 2564 54.542140 20.955140
228 201988 59.021790 15.973030
228 203937 76.931120 12.360120
240 -1 51.995260 12.702980
240 201937 50.547220 12.129860
240 203476 44.710320 24.773100
240 203897 72.935890 4.359750
240 203952 62.099660 42.444670
240 1626157 36.780120 19.443840
240 1938 69.108970 38.493980
240 2561 63.802550 21.091860
240 2564 55.330030 20.460530
240 201988 60.001000 15.792990
240 203937 77.384540 11.629030
252 -1 53.580830 12.479470
252 201937 52.391270 12.075550
252 203476 46.378960 24.899090
252 203897 73.237530 4.034390
252 203952 63.418020 42.606080
252 1626157 38.537450 19.702150
252 1938 70.214870 38.218350
252 2561 64.842540 21.807610
252 2564 56.134570 19.992650
252 201988 61.067420 15.495380
252 203937 77.790230 10.921030
264 -1 55.866770 10.708110
264 201937 54.235680 11.931470
264 203476 48.085310 24.919180
264 203897 73.289380 3.777690
264 203952 64.701900 42.855960
264 1626157 40.297730 20.041130
264 1938 71.277790 37.994930
264 2561 65.833370 22.548370
264 2564 56.925410 19.589030
264 201988 62.040670 15.219740
264 203937 78.164600 10.400120
276 -1 56.598690 10.504950
276 201937 56.107250 11.708460
276 203476 49.805380 24.856940
276 203897 72.953110 3.547020
276 203952 65.980770 43.169920
276 1626157 41.996580 20.386970
276 1938 72.259100 37.850700
276 2561 66.721820 23.192380
276 2564 57.713150 19.262020
276 201988 63.031810 14.979540
276 203937 78.481450 10.036520
288 -1 58.342300 9.672310
288 201937 57.909530 11.365800
288 203476 51.516930 24.744430
288 203897 72.418190 3.363410
288 203952 67.217380 43.364380
288 1626157 43.675950 20.783590
288 1938 73.197480 37.754910
288 2561 67.536920 23.757330
288 2564 58.531050 18.995150
288 201988 64.052260 14.788890
288 203937 78.699730 9.775700
300 -1 59.793160 8.693530
300 201937 59.695230 10.960410
300 203476 53.221480 24.551560
300 203897 71.714630 3.286110
300 203952 68.497820 43.542980
300 1626157 45.362660 21.252250
300 1938 74.087720 37.642500
300 2561 68.231770 24.117050
300 2564 59.384590 18.955880
300 201988 65.056350 14.580930
300 203937 78.826730 9.654710
312 -1 61.643180 7.754910
312 201937 61.481340 10.503400
312 203476 54.984890 24.357560
312 203897 70.935990 3.321580
312 203952 69.721680 43.880850
312 1626157 46.978530 21.744180
312 1938 74.946210 37.477670
312 2561 68.974040 24.564280
312 2564 60.255820 19.043060
312 201988 65.908640 14.396940
312 203937 78.852110 9.685920
324 -1 63.595760 6.525190
324 201937 63.207920 9.981380
324 203476 56.835230 24.103700
324 203897 70.027360 3.512700
324 203952 70.854210 44.186800
324 1626157 48.596750 22.304000
324 1938 75.806060 37.293940
324 2561 69.686460 24.909610
324 2564 61.091350 19.230860
324 201988 66.773330 14.028970
324 203937 78.787280 9.758940
336 -1 65.824510 5.235810
336 201937 64.881540 9.411300
336 203476 58.551440 23.746070
336 203897 69.159820 3.797370
336 203952 71.861640 44.479080
336 1626157 50.224800 22.931150
336 1938 76.710170 37.100490
336 2561 70.432700 25.163920
336 2564 61.905570 19.449460
336 201988 67.390330 13.655730
336 203937 78.686210 9.851170
348 -1 67.184050 4.796790
348 201937 66.568930 8.888090
348 203476 60.191050 23.420050
348 203897 68.192020 4.190100
348 203952 72.848870 44.748600
348 1626157 51.802140 23.602270
348 1938 77.590340 36.958770
348 2561 71.217340 25.278230
348 2564 62.704830 19.795860
348 201988 67.626250 13.375450
348 203937 78.602180 9.931300
360 -1 66.906160 5.284710
360 201937 68.152130 8.295420
360 203476 61.996030 23.336580
360 203897 67.173800 4.735410
360 203952 73.800760 44.980830
360 1626157 53.357900 24.310050
360 1938 78.445610 36.910190
360 2561 72.100070 25.419350
360 2564 63.512190 20.085140
360 201988 67.524750 13.140890
360 203937 78.545090 9.978360
372 -1 65.831120 5.736580
372 201937 69.687090 7.690240
372 203476 63.798370 23.276980
372 203897 66.119640 5.451160
372 203952 74.645520 45.167210
372 1626157 54.904640 25.055290
372 1938 79.261660 36.930580
372 2561 72.890530 25.197900
372 2564 64.328150 20.410300
372 201988 67.131840 13.032910
372 203937 78.549070 9.970080
384 -1 64.380300 6.515080
384 201937 71.172590 7.117380
384 203476 65.592780 23.313200
384 203897 65.149920 6.289740
384 203952 75.435890 45.360780
384 1626157 56.482960 25.792620
384 1938 79.999730 36.994750
384 2561 73.699670 25.072970
384 2564 65.200370 20.749470
384 201988 66.434050 13.110550
384 203937 78.594970 9.920850
396 -1 62.887460 7.815710
396 201937 72.506290 6.581430
396 203476 67.467020 23.449480
396 203897 64.120470 7.327030
396 203952 76.185810 45.585530
396 1626157 57.980020 26.594770
396 1938 80.634690 37.062890
396 2561 74.470600 24.945130
396 2564 66.015860 21.229950
396 201988 65.575160 13.304980
396 203937 78.687330 9.850220
408 -1 61.393450 8.991650
408 201937 73.788340 5.990140
408 203476 69.371650 23.563680
408 203897 63.165100 8.475200
408 203952 76.864320 45.823770
408 1626157 59.486550 27.348710
408 1938 81.189160 37.094480
408 2561 75.203390 24.852080
408 2564 66.842410 21.743530
408 201988 64.669100 13.669390
408 203937 78.818630 9.797850
420 -1 60.249950 9.746170
420 201937 75.033470 5.435390
420 203476 71.134110 23.432970
420 203897 62.265350 9.754870
420 203952 77.508000 46.086500
420 1626157 60.980720 28.102420
420 1938 81.670310 37.071030
420 2561 75.871180 24.803100
420 2564 67.692050 22.281290
420 201988 63.634280 14.174420
420 203937 79.000400 9.816470
432 -1 59.379620 10.462870
432 201937 76.127170 4.944640
432 203476 72.883970 23.298430
432 203897 61.563340 11.193340
432 203952 78.057360 46.394600
432 1626157 62.426590 28.840910
432 1938 82.038380 37.080930
432 2561 76.466980 24.846710
432 2564 68.524590 22.843190
432 201988 62.487540 14.740940
432 203937 79.226960 9.912790
444 -1 58.890820 12.008900
444 201937 77.178480 4.394720
444 203476 74.585500 23.070970
444 203897 60.807570 12.655980
444 203952 78.531840 46.719260
444 1626157 63.709700 29.510470
444 1938 82.328880 37.135340
444 2561 77.023770 24.720600
444 2564 69.301570 23.388930
444 201988 61.420240 15.197420
444 203937 79.507600 10.073670
456 -1 58.507060 13.777460
456 201937 78.186000 3.777920
456 203476 76.266530 22.864640
456 203897 60.311380 13.888110
456 203952 78.994960 46.994780
456 1626157 65.006420 30.122450
456 1938 82.528140 37.258850
456 2561 77.615210 24.519230
456 2564 70.110530 23.926380
456 201988 60.674650 15.609550
456 203937 79.833080 10.283500
468 -1 58.110690 14.590850
468 201937 79.046290 3.215510
468 203476 77.896460 22.636810
468 203897 60.025200 14.968190
468 203952 79.405740 47.248530
468 1626157 66.171820 30.711200
468 1938 82.618110 37.462710
468 2561 78.219470 24.239160
468 2564 70.851370 24.336550
468 201988 60.163180 15.900640
468 203937 80.185100 10.524250
480 -1 58.910310 14.510950
480 201937 79.733200 2.729730
480 203476 79.320930 22.317650
480 203897 59.945530 16.005040
480 203952 79.803280 47.500620
480 1626157 67.122850 31.181710
480 1938 82.622030 37.743970
480 2561 78.877830 23.956800
480 2564 71.591510 24.890030
480 201988 59.740170 16.379200
480 203937 80.538810 10.648140
492 -1 59.539410 13.811150
492 201937 80.298430 2.308080
492 203476 80.518680 21.876190
492 203897 59.995820 16.752790
492 203952 80.160890 47.711740
492 1626157 67.847250 31.530750
492 1938 82.590180 38.009050
492 2561 79.499860 23.753450
492 2564 72.266510 25.429360
492 201988 59.847300 16.766290
492 203937 80.889360 10.845350
504 -1 60.519440 12.933930
504 201937 80.719400 2.019620
504 203476 81.537670 21.462630
504 203897 60.411340 17.210160
504 203952 80.535280 47.872790
504 1626157 68.396070 31.774360
504 1938 82.524160 38.224280
504 2561 80.108340 23.500960
504 2564 72.918220 25.876630
504 201988 60.337480 17.215750
504 203937 81.211900 11.019980
516 -1 61.212140 12.139070
516 201937 81.067000 1.848980
516 203476 82.354680 20.930180
516 203897 60.880060 17.574530
516 203952 80.912400 48.063910
516 1626157 68.659990 31.861020
516 1938 82.439640 38.369970
516 2561 80.630360 23.298960
516 2564 73.553180 26.143070
516 201988 60.806200 17.580130
516 203937 81.448390 11.184260
528 -1 62.096540 11.696370
528 201937 81.328410 1.737730
528 203476 83.006070 20.312540
528 203897 61.363560 17.745910
528 203952 81.320400 48.259170
528 1626157 68.676200 31.870400
528 1938 82.364330 38.446230
528 2561 81.095260 23.211530
528 2564 74.206420 26.346330
528 201988 61.289700 17.751500
528 203937 81.593990 11.308020
540 -1 63.030590 11.326700
540 201937 81.526530 1.656690
540 203476 83.555660 19.736300
540 203897 61.936410 17.438210
540 203952 81.666300 48.402990
540 1626157 68.604290 31.848830
540 1938 82.273650 38.419460
540 2561 81.457720 23.141990
540 2564 74.768960 26.241550
540 201988 62.035450 17.398260
540 203937 81.623560 11.466980
552 -1 64.052730 10.691560
552 201937 81.682640 1.565640
552 203476 83.987490 19.191050
552 203897 62.433580 16.841400
552 203952 81.991950 48.514840
552 1626157 68.544730 31.804920
552 1938 82.172990 38.332440
552 2561 81.831910 23.046030
552 2564 75.320130 25.977540
552 201988 62.508250 16.833490
552 203937 81.519470 11.530390
564 -1 64.723030 10.529060
564 201937 81.788300 1.513630
564 203476 84.239040 18.672580
564 203897 62.936760 16.045300
564 203952 82.252370 48.633260
564 1626157 68.494110 31.770950
564 1938 82.079280 38.210590
564 2561 82.134390 22.986130
564 2564 75.786730 25.690860
564 201988 62.659790 16.217550
564 203937 81.343700 11.423920
576 -1 65.641120 10.360710
576 201937 81.895720 1.471560
576 203476 84.406630 18.200370
576 203897 63.533640 14.993760
576 203952 82.454830 48.692060
576 1626157 68.509840 31.698780
576 1938 81.960500 38.088580
576 2561 82.409630 22.882670
576 2564 76.200530 25.418290
576 201988 62.044670 15.804680
576 203937 81.173430 11.225960
588 -1 66.406320 10.010020
588 201937 82.118420 1.460640
588 203476 84.368460 17.823220
588 203897 64.179660 13.723330
588 203952 82.614430 48.717660
588 1626157 68.638310 31.592940
588 1938 81.815060 37.974040
588 2561 82.668560 22.685270
588 2564 76.564130 25.131540
588 201988 61.272880 15.537630
588 203937 81.033070 11.002680
600 -1 67.276910 9.571640
600 201937 82.422230 1.500950
600 203476 84.172060 17.504220
600 203897 64.837110 12.434540
600 203952 82.695190 48.718970
600 1626157 68.869950 31.411200
600 1938 81.674220 37.906730
600 2561 82.915570 22.440780
600 2564 76.881690 24.812500
600 201988 60.582400 15.387160
600 203937 80.935920 10.802040
612 -1 68.151680 9.275050
612 201937 82.772250 1.583040
612 203476 83.866360 17.222590
612 203897 65.599470 11.179230
612 203952 82.725110 48.710370
612 1626157 69.211960 31.120180
612 1938 81.536910 37.875560
612 2561 83.175670 22.166730
612 2564 77.164080 24.456860
612 201988 60.106040 15.293260
612 203937 80.871060 10.570570
624 -1 68.325160 7.849750
624 201937 83.143400 1.662680
624 203476 83.517740 16.941590
624 203897 66.255870 9.956790
624 203952 82.698470 48.694090
624 1626157 69.570890 30.724990
624 1938 81.420870 37.875470
624 2561 83.462990 21.917060
624 2564 77.436440 24.070570
624 201988 59.922640 15.221420
624 203937 80.801470 10.456740
636 -1 68.453950 7.035650
636 201937 83.488450 1.775280
636 203476 83.082000 16.710680
636 203897 66.749020 8.834500
636 203952 82.686840 48.675930
636 1626157 69.905070 30.264880
636 1938 81.380840 37.872350
636 2561 83.752260 21.690660
636 2564 77.662160 23.663510
636 201988 60.631790 14.925740
636 203937 80.718330 10.321560
648 -1 68.580760 5.960840
648 201937 83.719750 1.879840
648 203476 82.778500 16.394780
648 203897 67.185820 7.865210
648 203952 82.636310 48.658430
648 1626157 70.055010 29.825660
648 1938 81.424780 37.831260
648 2561 84.036770 21.496370
648 2564 77.871160 23.302500
648 201988 61.685360 14.502250
648 203937 80.635160 10.145460
660 -1 68.711150 5.190480
660 201937 83.877160 1.954660
660 203476 82.506520 16.088290
660 203897 67.481120 7.091110
660 203952 82.607840 48.669430
660 1626157 70.129850 29.365820
660 1938 81.520800 37.754490
660 2561 84.296100 21.285770
660 2564 78.094180 23.015890
660 201988 62.811650 14.062600
660 203937 80.577720 9.956600
672 -1 68.828990 4.512210
672 201937 83.992500 2.007830
672 203476 82.239190 15.941810
672 203897 67.716490 6.318240
672 203952 82.629120 48.674050
672 1626157 70.049500 28.929760
672 1938 81.659820 37.655370
672 2561 84.485840 21.004000
672 2564 78.320580 22.807680
672 201988 63.913460 13.649630
672 203937 80.576480 9.755020
684 -1 68.999550 4.013700
684 201937 84.096660 2.054880
684 203476 81.935890 15.592690
684 203897 67.822260 5.661050
684 203952 82.678350 48.682250
684 1626157 69.928740 28.474400
684 1938 81.798850 37.576240
684 2561 84.602480 20.652750
684 2564 78.529860 22.674530
684 201988 64.962340 13.137720
684 203937 80.617840 9.572480
696 -1 69.008900 3.926560
696 201937 84.247650 2.074250
696 203476 81.610660 15.400430
696 203897 67.789340 5.106480
696 203952 82.680080 48.708030
696 1626157 69.713820 27.947640
696 1938 81.910780 37.526060
696 2561 84.655050 20.287680
696 2564 78.687250 22.600680
696 201988 65.963840 12.533410
696 203937 80.697580 9.460830
708 -1 68.868020 3.409980
708 201937 84.455570 2.088860
708 203476 81.134620 15.260740
708 203897 67.657850 4.656130
708 203952 82.697980 48.733650
708 1626157 69.580620 27.325310
708 1938 81.959920 37.550350
708 2561 84.635380 19.922960
708 2564 78.745980 22.569880
708 201988 66.840810 11.903240
708 203937 80.814430 9.402290
720 -1 68.487050 3.027830
720 201937 84.714610 2.107950
720 203476 80.577390 15.090930
720 203897 67.496060 4.207060
720 203952 82.743030 48.747180
720 1626157 69.487070 26.644140
720 1938 81.948510 37.647810
720 2561 84.506900 19.559790
720 2564 78.651670 22.537820
720 201988 67.592800 11.304260
720 203937 80.993320 9.338530
732 -1 68.058770 2.777200
732 201937 84.997270 2.141960
732 203476 79.970460 14.757130
732 203897 67.247600 3.868630
732 203952 82.754040 48.771290
732 1626157 69.338900 25.972200
732 1938 81.889660 37.802620
732 2561 84.310170 19.244690
732 2564 78.461150 22.517400
732 201988 68.256970 10.794120
732 203937 81.282430 9.190490
744 -1 67.730070 2.565840
744 201937 85.196740 2.034840
744 203476 79.333210 14.527640
744 203897 66.970340 3.619570
744 203952 82.763340 48.785390
744 1626157 69.096370 25.341620
744 1938 81.828320 37.952270
744 2561 84.059380 18.976640
744 2564 78.198100 22.500100
744 201988 68.795240 10.400690
744 203937 81.626540 9.059600
756 -1 67.364030 2.634940
756 201937 85.361270 1.987270
756 203476 78.635410 14.019890
756 203897 66.677790 3.440180
756 203952 82.793530 48.790010
756 1626157 68.879600 24.800510
756 1938 81.774890 38.084730
756 2561 83.804860 18.731330
756 2564 77.906940 22.480300
756 201988 69.155850 10.142820
756 203937 81.959870 8.992070
768 -1 67.280400 3.072010
768 201937 85.429830 1.879440
768 203476 77.949030 13.535260
768 203897 66.337950 3.312720
768 203952 82.823250 48.798390
768 1626157 68.658180 24.314310
768 1938 81.762890 38.152300
768 2561 83.519940 18.488070
768 2564 77.602110 22.433490
768 201988 69.334950 9.949900
768 203937 82.288220 8.942980
780 -1 66.833210 3.756470
780 201937 85.476410 1.821450
780 203476 77.249530 13.041520
780 203897 66.015130 3.227650
780 203952 82.849520 48.810730
780 1626157 68.313960 23.913480
780 1938 81.824120 38.140100
780 2561 83.261730 18.255540
780 2564 77.318240 22.388630
780 201988 69.216010 9.813510
780 203937 82.594820 8.961130
792 -1 66.096510 4.222490
792 201937 85.513400 1.780280
792 203476 76.537200 12.571160
792 203897 65.512910 3.222980
792 203952 82.858810 48.826340
792 1626157 67.976890 23.542670
792 1938 81.948520 38.053480
792 2561 83.030270 18.007600
792 2564 77.019350 22.334430
792 201988 68.887620 9.630000
792 203937 82.829850 9.104850
804 -1 65.092090 4.454190
804 201937 85.626570 1.865770
804 203476 75.816280 12.126090
804 203897 65.018290 3.236510
804 203952 82.897300 48.831090
804 1626157 67.711570 23.213360
804 1938 82.107980 37.931050
804 2561 82.824190 17.722570
804 2564 76.712480 22.273960
804 201988 68.406930 9.404090
804 203937 83.057150 9.267140
816 -1 64.251900 4.263330
816 201937 85.738620 1.894140
816 203476 75.137180 11.800170
816 203897 64.530360 3.308550
816 203952 82.923770 48.827140
816 1626157 67.478110 22.946260
816 1938 82.286830 37.796010
816 2561 82.597690 17.408110
816 2564 76.377380 22.220130
816 201988 67.748870 9.177060
816 203937 83.325850 9.372280
828 -1 63.206890 4.250170
828 201937 85.929290 1.955240
828 203476 74.490270 11.483430
828 203897 64.134320 3.439730
828 203952 82.918460 48.812050
828 1626157 67.288440 22.725640
828 1938 82.474840 37.699240
828 2561 82.394060 17.110570
828 2564 76.013860 22.202300
828 201988 66.994960 8.940560
828 203937 83.607230 9.501440
840 -1 62.884930 4.348800
840 201937 86.141450 1.933340
840 203476 73.899130 11.207510
840 203897 63.937550 3.610890
840 203952 82.884360 48.790570
840 1626157 67.115940 22.624610
840 1938 82.644240 37.661640
840 2561 82.172250 16.861060
840 2564 75.630170 22.227020
840 201988 66.247590 8.609460
840 203937 83.880340 9.617240
852 -1 63.035020 4.807140
852 201937 86.362120 1.904280
852 203476 73.339000 10.886900
852 203897 64.214400 3.798620
852 203952 82.847990 48.765780
852 1626157 66.957370 22.633460
852 1938 82.776030 37.694270
852 2561 81.964180 16.648850
852 2564 75.254100 22.288780
852 201988 65.621890 8.295240
852 203937 84.158180 9.705350
864 -1 64.951760 4.572670
864 201937 86.602340 1.921480
864 203476 72.828580 10.593440
864 203897 64.615120 3.978580
864 203952 82.785840 48.747720
864 1626157 66.759090 22.729430
864 1938 82.889510 37.763350
864 2561 81.758890 16.517990
864 2564 74.898190 22.368460
864 201988 65.223550 7.974230
864 203937 84.449990 9.739900
876 -1 66.238670 4.406890
876 201937 86.764280 1.850420
876 203476 72.341260 10.283230
876 203897 65.332490 4.144630
876 203952 82.733530 48.724350
876 1626157 66.607850 22.978270
876 1938 83.009610 37.840770
876 2561 81.578680 16.431660
876 2564 74.586300 22.464300
876 201988 65.240960 7.658300
876 203937 84.743390 9.775340
888 -1 67.591320 4.003520
888 201937 86.904230 1.810610
888 203476 71.892050 9.886860
888 203897 66.427000 4.345170
888 203952 82.710690 48.707320
888 1626157 66.526960 23.328080
888 1938 83.145710 37.884380
888 2561 81.431490 16.329570
888 2564 74.359450 22.561410
888 201988 65.630760 7.324620
888 203937 85.041560 9.794120
900 -1 68.517110 3.544620
900 201937 87.016700 1.770290
900 203476 71.504930 9.342490
900 203897 67.475340 4.557620
900 203952 82.710510 48.673460
900 1626157 66.506250 23.693360
900 1938 83.315850 37.865950
900 2561 81.355420 16.182280
900 2564 74.255640 22.660760
900 201988 66.401990 7.081360
900 203937 85.335430 9.814080
912 -1 69.410800 3.566350
912 201937 87.137000 1.690660
912 203476 71.221420 8.737820
912 203897 68.610070 4.817430
912 203952 82.728380 48.655340
912 1626157 66.581960 24.118490
912 1938 83.545670 37.755580
912 2561 81.336610 16.147040
912 2564 74.282100 22.776940
912 201988 67.363290 6.848050
912 203937 85.600320 9.860100
924 -1 70.587580 3.020400
924 201937 87.258070 1.559110
924 203476 71.004170 8.003800
924 203897 69.987670 5.246440
924 203952 82.767510 48.652870
924 1626157 66.775430 24.627200
924 1938 83.804980 37.573700
924 2561 81.372840 16.044760
924 2564 74.419880 22.932920
924 201988 68.478560 6.646910
924 203937 85.816770 9.974700
936 -1 72.706430 4.511060
936 201937 87.433630 1.496020
936 203476 70.961540 7.274030
936 203897 71.224690 5.931910
936 203952 82.848110 48.654560
936 1626157 66.924030 24.931760
936 1938 84.051130 37.361740
936 2561 81.393510 16.019930
936 2564 74.648710 23.121870
936 201988 69.691680 6.219200
936 203937 85.992160 10.113560
948 -1 74.382910 7.747150
948 201937 87.593940 1.447420
948 203476 70.930040 6.738770
948 203897 72.226720 6.796160
948 203952 82.942960 48.656260
948 1626157 67.125320 25.434000
948 1938 84.257600 37.138110
948 2561 81.369790 16.082260
948 2564 74.962520 23.355840
948 201988 70.858630 5.854230
948 203937 86.138840 10.248470
960 -1 74.433290 9.878250
960 201937 87.722390 1.415560
960 203476 70.969670 6.398870
960 203897 73.219430 7.919890
960 203952 83.047310 48.671350
960 1626157 67.362610 25.990080
960 1938 84.410340 36.935810
960 2561 81.277830 16.175350
960 2564 75.323270 23.651060
960 201988 71.958080 5.495490
960 203937 86.276540 10.365850
972 -1 74.061790 10.977400
972 201937 87.783640 1.393010
972 203476 71.010760 6.188140
972 203897 74.009000 9.247030
972 203952 83.169010 48.664400
972 1626157 67.629750 26.518200
972 1938 84.507720 36.779030
972 2561 81.103120 16.329910
972 2564 75.712790 23.972740
972 201988 73.051240 5.140530
972 203937 86.404160 10.445910
984 -1 73.861250 12.227510
984 201937 87.792930 1.394090
984 203476 71.071240 6.234120
984 203897 74.518520 10.715930
984 203952 83.273420 48.648870
984 1626157 67.968930 27.064550
984 1938 84.580890 36.673400
984 2561 80.893950 16.630410
984 2564 76.089010 24.312930
984 201988 73.911320 4.749640
984 203937 86.521070 10.514360
996 -1 73.945470 13.170280
996 201937 87.770040 1.417920
996 203476 71.134170 6.321860
996 203897 75.046610 12.203370
996 203952 83.328500 48.638010
996 1626157 68.449820 27.789930
996 1938 84.658800 36.594340
996 2561 80.651720 16.975060
996 2564 76.501340 24.701700
996 201988 74.470250 4.647660
996 203937 86.644340 10.617640
1008 -1 74.382120 14.608440
1008 201937 87.726480 1.413810
1008 203476 71.415590 6.401140
1008 203897 75.556480 13.762450
1008 203952 83.362700 48.626380
1008 1626157 68.957990 28.325370
1008 1938 84.729080 36.543050
1008 2561 80.357330 17.372000
1008 2564 76.991510 25.138430
1008 201988 74.945580 4.650530
1008 203937 86.759850 10.803860
1020 -1 75.021170 16.339260
1020 201937 87.683230 1.406970
1020 203476 71.729320 6.560110
1020 203897 75.980180 15.298100
1020 203952 83.366460 48.610710
1020 1626157 69.578920 28.811440
1020 1938 84.788280 36.513210
1020 2561 80.209790 18.078130
1020 2564 77.505460 25.611240
1020 201988 75.270010 4.838580
1020 203937 86.862120 11.070230
1032 -1 74.914690 17.864420
1032 201937 87.652860 1.424370
1032 203476 72.221880 6.839170
1032 203897 76.247120 16.861760
1032 203952 83.319920 48.596430
1032 1626157 70.335600 29.288640
1032 1938 84.797890 36.540010
1032 2561 80.162490 18.733780
1032 2564 77.974810 26.125660
1032 201988 75.440370 5.220070
1032 203937 86.948900 11.416290
1044 -1 74.758190 18.660050
1044 201937 87.623570 1.449830
1044 203476 72.843120 7.210540
1044 203897 76.250570 18.352520
1044 203952 83.243290 48.567740
1044 1626157 71.189890 29.725650
1044 1938 84.704480 36.662970
1044 2561 80.160160 19.398570
1044 2564 78.440740 26.641610
1044 201988 75.658820 5.880540
1044 203937 87.007140 11.790960
1056 -1 74.268520 19.968430
1056 201937 87.592130 1.468270
1056 203476 73.521860 7.776290
1056 203897 76.032230 19.846030
1056 203952 83.150080 48.535820
1056 1626157 72.142530 30.130030
1056 1938 84.521950 36.902090
1056 2561 80.222100 20.134750
1056 2564 78.829750 27.155420
1056 201988 75.973650 6.690030
1056 203937 87.046620 12.179790
1068 -1 74.505640 21.644900
1068 201937 87.545300 1.486820
1068 203476 74.136150 8.542620
1068 203897 75.645320 21.248470
1068 203952 83.041650 48.508490
1068 1626157 73.171990 30.435500
1068 1938 84.330780 37.234940
1068 2561 80.584490 20.897390
1068 2564 79.085780 27.670040
1068 201988 76.273480 7.569870
1068 203937 87.078980 12.526800
1080 -1 75.016620 23.295000
1080 201937 87.482680 1.516350
1080 203476 74.895950 9.486840
1080 203897 75.186930 22.457280
1080 203952 82.941720 48.487530
1080 1626157 74.221130 30.689580
1080 1938 84.037260 37.696140
1080 2561 80.861430 21.561010
1080 2564 79.262470 28.265850
1080 201988 76.646750 8.564300
1080 203937 87.121660 12.852210
1092 -1 75.500950 24.212730
1092 201937 87.378130 1.531830
1092 203476 75.669810 10.504760
1092 203897 74.707600 23.517420
1092 203952 82.876400 48.464900
1092 1626157 75.284000 30.857400
1092 1938 83.646620 38.248320
1092 2561 80.997370 22.205220
1092 2564 79.415390 28.771080
1092 201988 77.082360 9.560940
1092 203937 87.183530 13.177050
1104 -1 74.936080 24.106440
1104 201937 87.220240 1.543910
1104 203476 76.542230 11.654740
1104 203897 74.388130 24.264880
1104 203952 82.859480 48.450300
1104 1626157 76.277400 30.976660
1104 1938 83.273070 38.795670
1104 2561 80.967100 22.845670
1104 2564 79.579200 29.264680
1104 201988 77.473420 10.552010
1104 203937 87.265770 13.491650
1116 -1 73.931660 24.094760
1116 201937 87.028780 1.579980
1116 203476 77.558330 12.908760
1116 203897 74.128080 24.708510
1116 203952 82.873780 48.438930
1116 1626157 77.169180 31.042620
1116 1938 82.928700 39.267770
1116 2561 80.787250 23.343550
1116 2564 79.854130 29.720030
1116 201988 77.884310 11.730990
1116 203937 87.337230 13.768470
1128 -1 73.508030 24.456440
1128 201937 86.825070 1.667840
1128 203476 78.665660 14.042680
1128 203897 73.875120 24.932310
1128 203952 82.883450 48.409230
1128 1626157 78.029850 31.174030
1128 1938 82.603740 39.641030
1128 2561 80.260240 23.765450
1128 2564 80.125060 30.033970
1128 201988 78.402960 12.910420
1128 203937 87.376570 14.048090
1140 -1 73.687310 24.578020
1140 201937 86.562810 1.725170
1140 203476 79.781160 15.128150
1140 203897 73.672670 25.081360
1140 203952 82.859850 48.354400
1140 1626157 78.909940 31.427260
1140 1938 82.405540 39.847850
1140 2561 79.559560 24.045810
1140 2564 80.401740 30.182000
1140 201988 79.039870 13.949130
1140 203937 87.388370 14.347720
1152 -1 74.987630 24.580290
1152 201937 86.282400 1.851150
1152 203476 80.891550 16.210990
1152 203897 73.448650 25.094460
1152 203952 82.769760 48.268000
1152 1626157 79.684760 31.743770
1152 1938 82.388710 39.871900
1152 2561 78.754440 24.283430
1152 2564 80.846820 30.422900
1152 201988 79.662830 14.998000
1152 203937 87.368170 14.669060
1164 -1 76.807130 24.632030
1164 201937 85.971320 1.990870
1164 203476 81.949140 17.196960
1164 203897 73.229940 25.183750
1164 203952 82.628470 48.128860
1164 1626157 80.460200 32.068230
1164 1938 82.541100 39.733670
1164 2561 77.934280 24.537690
1164 2564 81.276760 30.651510
1164 201988 80.405180 15.992210
1164 203937 87.343140 15.064270
1176 -1 78.531510 24.676530
1176 201937 85.625520 2.137080
1176 203476 82.829600 18.061150
1176 203897 72.861950 25.338470
1176 203952 82.423120 47.946760
1176 1626157 81.252850 32.414700
1176 1938 82.816380 39.489910
1176 2561 77.062120 24.816390
1176 2564 81.728490 30.797800
1176 201988 81.080940 16.862330
1176 203937 87.326820 15.523250
1188 -1 80.327410 24.700060
1188 201937 85.221090 2.253070
1188 203476 83.631820 18.929090
1188 203897 72.384650 25.567320
1188 203952 82.165720 47.730300
1188 1626157 81.996790 32.721860
1188 1938 83.068340 39.207550
1188 2561 76.159780 25.030670
1188 2564 82.283530 30.993690
1188 201988 81.566200 17.688450
1188 203937 87.304800 15.976990
1200 -1 82.048500 24.665720
1200 201937 84.798710 2.441260
1200 203476 84.344160 19.745650
1200 203897 71.789920 25.800090
1200 203952 81.842900 47.475260
1200 1626157 82.643110 32.846630
1200 1938 83.315980 38.894160
1200 2561 75.263580 25.169830
1200 2564 82.802950 31.180340
1200 201988 81.967480 18.549200
1200 203937 87.275080 16.442830
1212 -1 83.848690 24.769090
1212 201937 84.346160 2.590250
1212 203476 84.964230 20.568100
1212 203897 71.133640 26.013230
1212 203952 81.548950 47.166740
1212 1626157 83.224190 32.930260
1212 1938 83.526550 38.563000
1212 2561 74.445670 25.379370
1212 2564 83.217400 31.241370
1212 201988 82.420330 19.435330
1212 203937 87.259450 16.937930
1224 -1 85.533610 24.727000
1224 201937 83.883860 2.752570
1224 203476 85.490900 21.363960
1224 203897 70.308190 26.201060
1224 203952 81.219100 46.835400
1224 1626157 83.770500 32.892140
1224 1938 83.628500 38.249010
1224 2561 73.596800 25.559490
1224 2564 83.618860 31.208520
1224 201988 82.737760 20.272330
1224 203937 87.238580 17.428590
1236 -1 87.150670 24.750060
1236 201937 83.410210 2.910420
1236 203476 86.008580 22.145390
1236 203897 69.459420 26.326590
1236 203952 80.877590 46.468510
1236 1626157 84.160820 32.809390
1236 1938 83.622470 37.957650
1236 2561 72.734050 25.573770
1236 2564 83.978890 31.157640
1236 201988 82.998420 20.923890
1236 203937 87.215390 17.976510
1248 -1 89.058810 24.822040
1248 201937 82.949080 3.099470
1248 203476 86.477030 22.946960
1248 203897 68.504950 26.383420
1248 203952 80.521970 46.074220
1248 1626157 84.424750 32.724780
1248 1938 83.602650 37.673690
1248 2561 71.821150 25.546310
1248 2564 84.168110 31.087230
1248 201988 83.285830 21.513050
1248 203937 87.202310 18.633490
1260 -1 89.113580 24.821660
1260 201937 82.503740 3.282920
1260 203476 86.827560 23.627060
1260 203897 67.459380 26.416230
1260 203952 80.148660 45.652640
1260 1626157 84.538290 32.693180
1260 1938 83.548600 37.432570
1260 2561 70.941440 25.637790
1260 2564 84.315420 30.876600
1260 201988 83.510790 22.014060
1260 203937 87.198090 19.287890
1272 -1 89.177530 24.947720
1272 201937 82.065840 3.509470
1272 203476 87.101720 24.137070
1272 203897 66.261100 26.449590
1272 203952 79.674100 45.287860
1272 1626157 84.490090 32.605640
1272 1938 83.461670 37.238990
1272 2561 70.060140 25.678850
1272 2564 84.352610 30.569960
1272 201988 83.664800 22.411640
1272 203937 87.243230 19.857820
1284 -1 89.095270 24.784690
1284 201937 81.624230 3.765610
1284 203476 87.307780 24.520910
1284 203897 64.985340 26.420300
1284 203952 79.105310 44.953480
1284 1626157 84.243400 32.515140
1284 1938 83.327080 37.091340
1284 2561 69.225120 25.624940
1284 2564 84.414570 30.229340
1284 201988 83.868390 22.805800
1284 203937 87.366310 20.370380
1296 -1 89.130630 25.023730
1296 201937 81.181620 4.048790
1296 203476 87.416760 24.847230
1296 203897 63.645740 26.340540
1296 203952 78.447980 44.675420
1296 1626157 83.871730 32.401230
1296 1938 83.127920 36.987410
1296 2561 68.503500 25.705310
1296 2564 84.402100 29.927290
1296 201988 84.119980 23.235130
1296 203937 87.605620 20.763070
1308 -1 88.895330 25.105390
1308 201937 80.718570 4.349570
1308 203476 87.396600 24.950630
1308 203897 62.282090 26.199870
1308 203952 77.755100 44.434520
1308 1626157 83.360550 32.254510
1308 1938 82.876600 36.941730
1308 2561 67.864770 25.831730
1308 2564 84.555750 29.618800
1308 201988 84.401250 23.668080
1308 203937 87.959000 21.109530
1320 -1 88.525800 25.155080
1320 201937 80.217960 4.680900
1320 203476 87.295950 25.076730
1320 203897 60.788710 26.057490
1320 203952 77.016770 44.239340
1320 1626157 82.791970 32.066890
1320 1938 82.551520 36.940750
1320 2561 67.221590 25.886870
1320 2564 84.858280 29.427070
1320 201988 84.692830 24.065010
1320 203937 88.424870 21.445800
1332 -1 88.086430 25.212620
1332 201937 79.685530 5.006720
1332 203476 87.095190 25.265140
1332 203897 59.307760 25.848020
1332 203952 76.247780 44.026970
1332 1626157 82.122170 31.867200
1332 1938 82.150550 36.970640
1332 2561 66.513050 25.853730
1332 2564 85.255850 29.303860
1332 201988 84.913890 24.405260
1332 203937 88.907730 21.827470
1344 -1 87.600520 25.326530
1344 201937 79.147160 5.342580
1344 203476 86.774870 25.423230
1344 203897 57.874210 25.662600
1344 203952 75.451360 43.793730
1344 1626157 81.398450 31.764780
1344 1938 81.672100 37.029590
1344 2561 65.811140 25.810620
1344 2564 85.640920 29.207910
1344 201988 85.041920 24.651070
1344 203937 89.389560 22.306420
1356 -1 87.139920 25.395270
1356 201937 78.591800 5.724550
1356 203476 86.369150 25.579400
1356 203897 56.414030 25.474020
1356 203952 74.575360 43.523110
1356 1626157 80.534870 31.637480
1356 1938 81.139670 37.099150
1356 2561 65.073310 25.748150
1356 2564 86.070870 29.066810
1356 201988 85.077360 24.773820
1356 203937 89.845160 22.798710
1368 -1 86.657840 25.464520
1368 201937 78.059970 6.120360
1368 203476 86.008500 25.865250
1368 203897 54.886130 25.260050
1368 203952 73.606710 43.239370
1368 1626157 79.567420 31.451210
1368 1938 80.538400 37.156220
1368 2561 64.294730 25.703560
1368 2564 86.404090 28.867790
1368 201988 85.066230 24.840790
1368 203937 90.309950 23.229930
1380 -1 86.458350 25.730350
1380 201937 77.533950 6.556480
1380 203476 85.486460 26.095490
1380 203897 53.492300 24.972970
1380 203952 72.584690 42.953700
1380 1626157 78.405630 31.296690
1380 1938 79.919780 37.204290
1380 2561 63.506890 25.629610
1380 2564 86.634550 28.512510
1380 201988 85.001200 24.839700
1380 203937 90.777460 23.656000
1392 -1 86.578850 26.239620
1392 201937 77.013980 6.952430
1392 203476 84.898320 26.348660
1392 203897 52.116810 24.638670
1392 203952 71.514980 42.630550
1392 1626157 77.034840 31.249500
1392 1938 79.258910 37.274830
1392 2561 62.762720 25.613110
1392 2564 86.871280 28.134010
1392 201988 84.898530 24.809960
1392 203937 91.271090 24.058670