0 -1 60.670930 38.103900
0 2449 40.423640 18.555330
0 202335 26.439740 21.162540
0 201942 18.978940 35.149860
0 203082 33.726120 31.207250
0 202709 12.913140 9.785690
0 1938 15.511570 1.694470
0 2588 60.131750 16.965670
0 2564 36.815850 15.538120
0 201988 62.258220 38.205020
0 203613 17.001740 46.926440
12 -1 59.685190 37.205430
12 2449 39.830320 18.122760
12 202335 25.991080 21.156380
12 201942 18.282610 35.269520
12 203082 33.369360 31.293670
12 202709 12.427460 9.901310
12 1938 15.029550 1.503450
12 2588 58.517540 16.168240
12 2564 35.824330 15.439570
12 201988 61.372430 37.897330
12 203613 15.896080 47.206760
24 -1 59.340210 36.351040
24 2449 39.199800 17.746620
24 202335 25.544000 21.148540
24 201942 17.700440 35.471820
24 203082 33.069110 31.318030
24 202709 11.975980 10.090930
24 1938 14.603900 1.369010
24 2588 56.866500 15.486650
24 2564 34.899090 15.412620
24 201988 60.380490 37.676240
24 203613 14.822680 47.428500
36 -1 58.731540 35.806830
36 2449 38.538990 17.427000
36 202335 25.072460 21.116000
36 201942 17.129170 35.674810
36 203082 32.835530 31.286240
36 202709 11.577900 10.300680
36 1938 14.158050 1.278120
36 2588 55.252100 14.777140
36 2564 34.022610 15.448800
36 201988 59.386150 37.304780
36 203613 13.825500 47.671070
48 -1 57.987030 35.075230
48 2449 37.838080 17.139210
48 202335 24.599520 21.080750
48 201942 16.566550 35.881000
48 203082 32.675590 31.214480
48 202709 11.247030 10.536950
48 1938 13.738570 1.198560
48 2588 53.582040 14.200290
48 2564 33.164010 15.553230
48 201988 58.349710 36.955690
48 203613 12.854610 47.823140
60 -1 57.051370 35.094660
60 2449 37.109630 16.863270
60 202335 24.179090 21.133300
60 201942 16.025890 36.126030
60 203082 32.592780 31.113270
60 202709 10.960530 10.750850
60 1938 13.311890 1.221050
60 2588 52.001120 13.546250
60 2564 32.295250 15.736620
60 201988 57.345940 36.680860
60 203613 11.978740 47.920320
72 -1 56.063030 34.776630
72 2449 36.390930 16.600020
72 202335 23.794250 21.127890
72 201942 15.503840 36.375490
72 203082 32.527860 30.905980
72 202709 10.736510 10.879610
72 1938 12.895710 1.230070
72 2588 50.430270 12.901880
72 2564 31.475580 15.972000
72 201988 56.419570 36.365860
72 203613 11.230910 48.018070
84 -1 54.613050 34.959130
84 2449 35.594120 16.265950
84 202335 23.432860 21.040490
84 201942 15.003350 36.592050
84 203082 32.531780 30.696480
84 202709 10.569870 10.894750
84 1938 12.477770 1.213420
84 2588 48.893190 12.259530
84 2564 30.729700 16.192820
84 201988 55.498480 36.027160
84 203613 10.535650 48.069350
96 -1 53.635080 34.173320
96 2449 34.675720 15.875330
96 202335 23.151040 21.026290
96 201942 14.522270 36.756000
96 203082 32.671210 30.709560
96 202709 10.446300 10.800490
96 1938 12.068650 1.177220
96 2588 47.408830 11.651390
96 2564 30.036930 16.390670
96 201988 54.545380 35.844640
96 203613 9.873530 48.069280
108 -1 53.067950 33.981680
108 2449 33.754400 15.465790
108 202335 22.938370 21.030100
108 201942 14.043780 36.861710
108 203082 32.744230 30.543560
108 202709 10.335160 10.643430
108 1938 11.662380 1.138660
108 2588 45.937840 11.026690
108 2564 29.344870 16.570530
108 201988 53.629560 35.574280
108 203613 9.255780 48.041680
120 -1 52.543500 33.500730
120 2449 32.897930 15.191190
120 202335 22.762720 20.984360
120 201942 13.556350 36.881150
120 203082 32.824180 30.414670
120 202709 10.256020 10.497710
120 1938 11.258230 1.102880
120 2588 44.505870 10.432020
120 2564 28.683680 16.762590
120 201988 52.705960 35.249270
120 203613 8.685020 48.040610
132 -1 51.598230 33.368020
132 2449 32.038330 14.973680
132 202335 22.652610 21.086420
132 201942 13.066650 36.874440
132 203082 32.902740 30.359750
132 202709 10.184720 10.402350
132 1938 10.884340 1.080390
132 2588 43.072650 9.821810
132 2564 28.055590 17.034920
132 201988 51.835780 34.963170
132 203613 8.152210 48.056820
144 -1 50.596310 32.951470
144 2449 31.197160 14.669520
144 202335 22.585680 21.345240
144 201942 12.588550 36.860150
144 203082 32.929170 30.355250
144 202709 10.105220 10.399110
144 1938 10.559470 1.068370
144 2588 41.653800 9.245040
144 2564 27.426160 17.368450
144 201988 50.992540 34.660850
144 203613 7.631770 48.092700
156 -1 49.396910 33.166600
156 2449 30.372730 14.358250
156 202335 22.516660 21.624740
156 201942 12.113390 36.865480
156 203082 32.812410 30.158850
156 202709 10.002860 10.529890
156 1938 10.276550 1.079450
156 2588 40.279050 8.689210
156 2564 26.806030 17.717790
156 201988 50.161450 34.394890
156 203613 7.188670 48.129750
168 -1 48.751890 32.505430
168 2449 29.489830 14.011570
168 202335 22.408260 21.893620
168 201942 11.664490 36.932790
168 203082 32.721900 30.180900
168 202709 9.881060 10.751170
168 1938 10.025170 1.135130
168 2588 38.935350 8.127280
168 2564 26.204440 18.118020
168 201988 49.411690 34.133860
168 203613 6.792160 48.140830
180 -1 48.394160 32.196220
180 2449 28.661550 13.733810
180 202335 22.261360 22.109730
180 201942 11.243350 37.045100
180 203082 32.577460 30.192160
180 202709 9.723830 11.014780
180 1938 9.810700 1.217660
180 2588 37.613390 7.586540
180 2564 25.674710 18.553190
180 201988 48.685940 33.801280
180 203613 6.453690 48.139760
192 -1 47.818030 32.189300
192 2449 27.746620 13.436960
192 202335 22.037460 22.252370
192 201942 10.855430 37.146130
192 203082 32.443530 30.227290
192 202709 9.551670 11.255400
192 1938 9.612230 1.331040
192 2588 36.373970 7.103840
192 2564 25.154930 18.920880
192 201988 47.933800 33.402960
192 203613 6.216140 48.162340
204 -1 47.286200 31.673450
204 2449 26.792070 13.301900
204 202335 21.757690 22.328610
204 201942 10.476300 37.216560
204 203082 32.299230 30.206490
204 202709 9.386010 11.436950
204 1938 9.402410 1.459570
204 2588 35.211420 6.677940
204 2564 24.592070 19.160290
204 201988 47.240350 33.063690
204 203613 6.139060 48.169480
216 -1 46.348240 31.605150
216 2449 25.933140 13.196970
216 202335 21.443410 22.367800
216 201942 10.111280 37.226530
216 203082 32.157800 30.149480
216 202709 9.240470 11.526110
216 1938 9.201320 1.615720
216 2588 34.075340 6.266890
216 2564 24.027320 19.415000
216 201988 46.615430 32.676160
216 203613 6.195160 48.179500
228 -1 45.583090 30.854160
228 2449 25.117170 13.227580
228 202335 21.135480 22.402560
228 201942 9.746080 37.174430
228 203082 31.971740 29.980220
228 202709 9.123310 11.546830
228 1938 9.047150 1.707230
228 2588 33.028450 5.913350
228 2564 23.484740 19.675630
228 201988 45.997020 32.340620
228 203613 6.383360 48.204330
240 -1 45.803740 32.073040
240 2449 24.234270 13.134220
240 202335 20.826140 22.450560
240 201942 9.398850 37.073650
240 203082 31.881620 29.853680
240 202709 9.046130 11.539030
240 1938 8.942960 1.754730
240 2588 32.068390 5.640010
240 2564 22.835600 19.812210
240 201988 45.450820 32.034740
240 203613 6.663870 48.228350
252 -1 45.159980 31.824250
252 2449 23.434660 13.003550
252 202335 20.550120 22.508010
252 201942 9.080750 36.959200
252 203082 31.727630 29.681590
252 202709 8.986520 11.518190
252 1938 8.901940 1.755520
252 2588 31.151690 5.400070
252 2564 22.226170 19.967860
252 201988 45.018040 31.668180
252 203613 6.960020 48.226040
264 -1 45.055930 29.859960
264 2449 22.651120 12.805820
264 202335 20.309180 22.618450
264 201942 8.808900 36.881490
264 203082 31.577310 29.507100
264 202709 8.942060 11.455900
264 1938 8.953730 1.743470
264 2588 30.304240 5.210550
264 2564 21.688180 20.221240
264 201988 44.602480 31.203560
264 203613 7.231600 48.224350
276 -1 44.663900 29.683930
276 2449 21.880240 12.593730
276 202335 20.077860 22.621780
276 201942 8.592690 36.862050
276 203082 31.407500 29.274480
276 202709 8.900560 11.327750
276 1938 9.072530 1.698950
276 2588 29.555500 5.113280
276 2564 21.170410 20.456600
276 201988 44.205230 30.800990
276 203613 7.448440 48.225990
288 -1 44.045330 29.009680
288 2449 21.169510 12.302580
288 202335 19.916450 22.757790
288 201942 8.439750 36.886160
288 203082 31.333270 29.081760
288 202709 8.898460 11.114340
288 1938 9.215580 1.672020
288 2588 28.831200 5.094430
288 2564 20.686210 20.673380
288 201988 43.784410 30.442170
288 203613 7.585370 48.229580
300 -1 43.233350 28.869810
300 2449 20.434720 11.933590
300 202335 19.754440 22.912270
300 201942 8.339630 36.956570
300 203082 31.238780 28.853150
300 202709 8.933450 10.775960
300 1938 9.348970 1.663160
300 2588 28.122990 5.064770
300 2564 20.289210 20.989780
300 201988 43.341120 30.104010
300 203613 7.653710 48.246790
312 -1 42.376180 29.150790
312 2449 19.754980 11.614940
312 202335 19.580580 23.098350
312 201942 8.296410 37.064500
312 203082 31.294550 28.696320
312 202709 9.000770 10.362700
312 1938 9.450590 1.664290
312 2588 27.474900 5.084590
312 2564 19.833590 21.212860
312 201988 42.793900 29.818290
312 203613 7.714550 48.246410
324 -1 42.239940 29.696730
324 2449 19.207760 11.453580
324 202335 19.362410 23.309990
324 201942 8.296670 37.184020
324 203082 31.338780 28.505800
324 202709 9.094370 9.943840
324 1938 9.496990 1.681510
324 2588 26.838380 5.112060
324 2564 19.301020 21.349360
324 201988 42.220040 29.589980
324 203613 7.784020 48.228070
336 -1 41.924050 30.386200
336 2449 18.743860 11.367550
336 202335 19.130280 23.638310
336 201942 8.338640 37.339610
336 203082 31.427450 28.355090
336 202709 9.219740 9.554050
336 1938 9.471280 1.711490
336 2588 26.232550 5.126960
336 2564 18.731200 21.440770
336 201988 41.660330 29.356420
336 203613 7.866160 48.199530
348 -1 41.338070 30.469180
348 2449 18.331110 11.397870
348 202335 18.779800 23.801110
348 201942 8.422180 37.536820
348 203082 31.528140 28.224760
348 202709 9.339000 9.215670
348 1938 9.371630 1.755060
348 2588 25.683620 5.157590
348 2564 18.335830 21.804460
348 201988 41.176320 29.072720
348 203613 7.955170 48.174220
360 -1 40.477370 29.962130
360 2449 17.960650 11.416300
360 202335 18.566420 24.058350
360 201942 8.545200 37.750060
360 203082 31.595210 28.015840
360 202709 9.432930 8.954810
360 1938 9.211970 1.828400
360 2588 25.194160 5.231380
360 2564 18.093590 22.243320
360 201988 40.792110 28.802870
360 203613 8.025930 48.127650
372 -1 39.659460 29.279100
372 2449 17.629060 11.513590
372 202335 18.448220 24.235300
372 201942 8.696090 37.924100
372 203082 31.608200 27.705750
372 202709 9.488460 8.749010
372 1938 8.989350 1.972730
372 2588 24.733170 5.321520
372 2564 17.830890 22.763590
372 201988 40.536740 28.524210
372 203613 8.069520 48.111110
384 -1 39.505490 28.134540
384 2449 17.321100 11.592000
384 202335 18.423100 24.325900
384 201942 8.872740 38.034510
384 203082 31.663720 27.387720
384 202709 9.506840 8.583990
384 1938 8.817780 2.050690
384 2588 24.298390 5.398350
384 2564 17.802880 23.329550
384 201988 40.401890 28.201590
384 203613 8.068240 48.104220
396 -1 39.894350 26.828350
396 2449 17.034820 11.669470
396 202335 18.486320 24.427850
396 201942 9.050820 38.086180
396 203082 31.702650 27.053960
396 202709 9.474250 8.488180
396 1938 8.755800 2.092690
396 2588 23.891420 5.481150
396 2564 17.890670 23.918730
396 201988 40.346040 27.822080
396 203613 8.037000 48.106520
408 -1 40.764740 27.003420
408 2449 16.787030 11.685940
408 202335 18.668100 24.557110
408 201942 9.220270 38.098140
408 203082 31.677570 26.667130
408 202709 9.409890 8.482440
408 1938 8.699910 2.204840
408 2588 23.525040 5.561300
408 2564 17.913500 24.211870
408 201988 40.347070 27.465320
408 203613 7.984970 48.091710
420 -1 40.266590 25.281200
420 2449 16.604170 11.762170
420 202335 18.809960 24.588160
420 201942 9.339470 38.067330
420 203082 31.581390 26.239250
420 202709 9.332370 8.581790
420 1938 8.683890 2.268740
420 2588 23.184280 5.630200
420 2564 17.892350 24.383740
420 201988 40.352820 27.127710
420 203613 7.959250 48.082750
432 -1 40.116000 25.031830
432 2449 16.478430 11.751340
432 202335 18.935070 24.665300
432 201942 9.363890 37.994800
432 203082 31.555720 25.996040
432 202709 9.264810 8.782540
432 1938 8.725830 2.257010
432 2588 22.865790 5.656350
432 2564 18.140130 24.528350
432 201988 40.356460 26.850310
432 203613 7.942390 48.059880
444 -1 39.800090 25.060200
444 2449 16.408950 11.671150
444 202335 19.034070 24.800380
444 201942 9.336510 37.970110
444 203082 31.619290 25.933240
444 202709 9.211630 9.030290
444 1938 8.757190 2.311540
444 2588 22.591310 5.671880
444 2564 18.225410 24.647370
444 201988 40.325830 26.643440
444 203613 7.964370 48.051160
456 -1 39.751200 25.035240
456 2449 16.384490 11.558680
456 202335 19.009720 24.992320
456 201942 9.286490 37.947510
456 203082 31.697660 25.865360
456 202709 9.182740 9.253480
456 1938 8.696010 2.371890
456 2588 22.351080 5.655100
456 2564 18.412560 24.779770
456 201988 40.241650 26.520100
456 203613 8.000300 48.011680
468 -1 40.123330 24.981520
468 2449 16.394630 11.484820
468 202335 18.970800 25.182440
468 201942 9.220360 37.909920
468 203082 31.821600 25.800030
468 202709 9.177200 9.387770
468 1938 8.635530 2.297560
468 2588 22.141170 5.605760
468 2564 18.590390 24.887930
468 201988 40.130600 26.435890
468 203613 8.050920 47.985420
480 -1 40.579930 24.932490
480 2449 16.430230 11.366650
480 202335 18.973490 25.384380
480 201942 9.176400 37.862320
480 203082 32.008220 25.785810
480 202709 9.204360 9.411570
480 1938 8.647920 2.274950
480 2588 21.998920 5.539180
480 2564 18.746050 25.105610
480 201988 40.032720 26.379180
480 203613 8.091710 47.980760
492 -1 40.726340 24.791070
492 2449 16.471240 11.307070
492 202335 19.089130 25.642500
492 201942 9.188130 37.863650
492 203082 32.140460 25.681670
492 202709 9.239410 9.348160
492 1938 8.781720 2.179030
492 2588 21.941890 5.485220
492 2564 18.766870 25.331390
492 201988 39.987740 26.290870
492 203613 8.097000 47.986590
504 -1 40.575190 24.624560
504 2449 16.513270 11.329060
504 202335 19.320960 25.914540
504 201942 9.214370 37.850440
504 203082 32.229920 25.513540
504 202709 9.270280 9.286080
504 1938 8.708350 2.121830
504 2588 21.955190 5.411570
504 2564 18.979150 25.613590
504 201988 40.036710 26.171320
504 203613 8.074270 47.986150
516 -1 40.200660 24.594870
516 2449 16.545430 11.462380
516 202335 19.707570 26.163090
516 201942 9.238820 37.836450
516 203082 32.369860 25.406910
516 202709 9.281260 9.294820
516 1938 8.809730 2.081060
516 2588 22.048680 5.332800
516 2564 19.174570 25.885420
516 201988 40.193600 26.012770
516 203613 8.069660 48.012980
528 -1 40.017500 24.475660
528 2449 16.571620 11.619880
528 202335 20.046080 26.497780
528 201942 9.248470 37.808130
528 203082 32.553350 25.297500
528 202709 9.253310 9.423250
528 1938 9.019030 2.028990
528 2588 22.204880 5.241200
528 2564 19.438150 26.063130
528 201988 40.436460 25.831520
528 203613 8.091650 48.048240
540 -1 40.282290 24.122280
540 2449 16.587680 11.899300
540 202335 20.325100 26.844810
540 201942 9.252490 37.798100
540 203082 32.778250 25.110150
540 202709 9.170520 9.665240
540 1938 9.168390 1.880880
540 2588 22.386920 5.145910
540 2564 19.833600 26.152900
540 201988 40.712220 25.636960
540 203613 8.125770 48.064020
552 -1 40.856680 24.059680
552 2449 16.607800 12.214030
552 202335 20.493270 27.136300
552 201942 9.259370 37.801330
552 203082 33.029550 24.864910
552 202709 9.063080 9.963420
552 1938 9.187100 1.895070
552 2588 22.559500 5.046100
552 2564 20.366060 26.133860
552 201988 40.994520 25.489940
552 203613 8.171720 48.076440
564 -1 41.406580 23.968830
564 2449 16.648260 12.567290
564 202335 20.773360 27.537170
564 201942 9.259630 37.798080
564 203082 33.313400 24.572230
564 202709 8.953630 10.239820
564 1938 9.398530 1.828690
564 2588 22.721400 4.962840
564 2564 20.889710 25.943340
564 201988 41.250570 25.359990
564 203613 8.205290 48.080900
576 -1 41.722970 23.800430
576 2449 16.704830 12.965310
576 202335 21.086190 27.859930
576 201942 9.270660 37.789930
576 203082 33.646200 24.264260
576 202709 8.859450 10.464270
576 1938 9.401320 1.744780
576 2588 22.848290 4.893780
576 2564 21.532540 25.741070
576 201988 41.520510 25.206820
576 203613 8.201950 48.080510
588 -1 41.838010 23.542480
588 2449 16.781120 13.303350
588 202335 21.535790 28.112360
588 201942 9.279650 37.792340
588 203082 34.006700 23.970550
588 202709 8.784870 10.666430
588 1938 9.225960 1.767430
588 2588 22.943900 4.837050
588 2564 22.255020 25.676570
588 201988 41.796860 25.026090
588 203613 8.156580 48.067810
600 -1 41.472320 23.463860
600 2449 16.858860 13.646040
600 202335 22.077380 28.205850
600 201942 9.287990 37.797980
600 203082 34.379950 23.741490
600 202709 8.748120 10.889200
600 1938 9.013560 1.903010
600 2588 23.013270 4.766120
600 2564 23.175130 25.405610
600 201988 42.078750 24.818970
600 203613 8.095630 48.050680
612 -1 41.939190 22.938440
612 2449 16.914500 14.003630
612 202335 22.833700 28.397050
612 201942 9.292330 37.798610
612 203082 34.750630 23.510770
612 202709 8.739400 11.138820
612 1938 8.839900 1.975340
612 2588 23.074170 4.696720
612 2564 24.198540 25.176070
612 201988 42.355400 24.550370
612 203613 8.041120 48.028640
624 -1 42.472710 22.557280
624 2449 16.938330 14.357560
624 202335 23.538760 28.451660
624 201942 9.309230 37.802490
624 203082 35.080160 23.235050
624 202709 8.718120 11.402060
624 1938 8.671360 2.010500
624 2588 23.145190 4.632270
624 2564 25.339640 24.999570
624 201988 42.549370 24.233440
624 203613 8.013770 48.022580
636 -1 42.794190 21.996490
636 2449 16.963410 14.650280
636 202335 24.278580 28.500910
636 201942 9.311670 37.819410
636 203082 35.345290 22.895950
636 202709 8.694410 11.663010
636 1938 8.567820 2.133790
636 2588 23.221750 4.573710
636 2564 26.517990 24.765880
636 201988 42.619160 23.840210
636 203613 8.012200 48.030660
648 -1 43.136150 21.830190
648 2449 16.993330 14.956990
648 202335 25.119920 28.498450
648 201942 9.324810 37.836200
648 203082 35.571280 22.534690
648 202709 8.678500 11.856280
648 1938 8.577280 2.224640
648 2588 23.286880 4.512260
648 2564 27.796360 24.320860
648 201988 42.489070 23.299860
648 203613 8.026060 48.037370
660 -1 42.825580 20.826360
660 2449 17.069060 15.167920
660 202335 26.039840 28.542090
660 201942 9.340840 37.848230
660 203082 35.810990 22.143050
660 202709 8.673570 11.948820
660 1938 8.739600 2.020870
660 2588 23.320890 4.455290
660 2564 28.984160 24.022560
660 201988 41.684730 22.679200
660 203613 8.048320 48.048760
672 -1 41.813670 20.396930
672 2449 17.216870 15.219550
672 202335 26.933050 28.362350
672 201942 9.352690 37.852090
672 203082 35.991980 21.636410
672 202709 8.661230 11.996150
672 1938 8.860850 1.761210
672 2588 23.300390 4.370970
672 2564 30.133280 23.726000
672 201988 40.603370 21.972050
672 203613 8.066050 48.060030
684 -1 40.718130 19.454310
684 2449 17.472460 15.249550
684 202335 27.943360 28.075750
684 201942 9.353250 37.862290
684 203082 36.090730 21.037540
684 202709 8.661590 12.050820
684 1938 9.018570 1.569760
684 2588 23.190180 4.238320
684 2564 31.210950 23.433880
684 201988 40.203080 21.149180
684 203613 8.071170 48.063840
696 -1 40.282020 18.988220
696 2449 17.779790 15.136520
696 202335 29.116270 27.823510
696 201942 9.356010 37.863410
696 203082 36.135810 20.429650
696 202709 8.654220 12.106540
696 1938 9.165610 1.296180
696 2588 23.000490 4.060610
696 2564 32.182420 23.164070
696 201988 39.965130 20.578730
696 203613 8.068470 48.062430
708 -1 39.987520 20.095690
708 2449 18.124330 14.994450
708 202335 30.254510 27.631580
708 201942 9.356350 37.866020
708 203082 36.034970 19.840980
708 202709 8.632470 12.166610
708 1938 9.179950 1.249010
708 2588 22.800630 3.896580
708 2564 33.018830 23.009870
708 201988 39.711870 20.464710
708 203613 8.054520 48.055980
720 -1 39.807640 20.665870
720 2449 18.494370 14.897030
720 202335 31.316340 27.488290
720 201942 9.354270 37.881760
720 203082 35.727660 19.279920
720 202709 8.584420 12.250660
720 1938 9.072920 1.442060
720 2588 22.633270 3.761970
720 2564 33.652010 22.847790
720 201988 39.936770 20.732770
720 203613 8.039180 48.054770
732 -1 40.363430 22.237500
732 2449 18.837060 14.982300
732 202335 32.277760 27.503590
732 201942 9.339090 37.905450
732 203082 35.178040 18.907310
732 202709 8.523080 12.391990
732 1938 8.953660 1.719830
732 2588 22.538390 3.705230
732 2564 33.976390 22.666280
732 201988 40.340140 21.422190
732 203613 8.020960 48.039940
744 -1 39.779980 23.493930
744 2449 19.059140 15.116920
744 202335 33.097690 27.682770
744 201942 9.344960 37.919510
744 203082 34.440900 18.758340
744 202709 8.455830 12.566970
744 1938 8.787020 1.991580
744 2588 22.569750 3.753100
744 2564 34.010290 22.457160
744 201988 40.059790 22.578920
744 203613 8.017600 48.030720
756 -1 39.318070 24.594990
756 2449 19.176360 15.417570
756 202335 33.670570 27.885420
756 201942 9.345820 37.935600
756 203082 33.569490 18.770470
756 202709 8.392670 12.753060
756 1938 8.642400 2.288360
756 2588 22.739770 3.910050
756 2564 33.783620 22.175160
756 201988 39.669200 23.942140
756 203613 8.024390 48.006730
768 -1 39.364370 26.345780
768 2449 19.204970 15.835510
768 202335 34.206880 28.404890
768 201942 9.343490 37.940060
768 203082 32.686870 18.948490
768 202709 8.344820 12.955950
768 1938 8.625130 2.347160
768 2588 22.988100 4.140500
768 2564 33.180930 21.981930
768 201988 39.422370 25.510830
768 203613 8.088320 47.991790
780 -1 40.195120 27.869990
780 2449 19.131250 16.317120
780 202335 34.656860 29.124150
780 201942 9.339710 37.956580
780 203082 31.493050 19.374710
780 202709 8.295880 13.190470
780 1938 8.638460 2.366060
780 2588 23.278960 4.423490
780 2564 32.382550 21.775520
780 201988 39.260570 27.192860
780 203613 8.255260 47.988640
792 -1 40.814370 29.265160
792 2449 18.955450 16.830380
792 202335 35.081360 30.080280
792 201942 9.365890 37.978970
792 203082 30.319700 19.841390
792 202709 8.251330 13.432960
792 1938 8.680660 2.335280
792 2588 23.585290 4.734870
792 2564 31.403350 21.614450
792 201988 39.024330 28.994740
792 203613 8.537870 48.020870
804 -1 40.671250 31.263700
804 2449 18.713730 17.362820
804 202335 35.349410 31.290250
804 201942 9.372040 38.015320
804 203082 29.119870 20.404210
804 202709 8.213820 13.678430
804 1938 8.701170 2.353260
804 2588 23.894830 5.092420
804 2564 30.310800 21.551120
804 201988 38.733220 30.959460
804 203613 8.881250 48.073340
816 -1 39.609720 33.895520
816 2449 18.451600 17.860440
816 202335 35.552600 32.731200
816 201942 9.391620 38.065840
816 203082 27.960570 21.426240
816 202709 8.163100 13.944990
816 1938 8.703470 2.359140
816 2588 24.193950 5.474260
816 2564 29.118830 21.649310
816 201988 38.354780 33.075800
816 203613 9.335010 48.139280
828 -1 38.978810 35.882300
828 2449 18.131890 18.312650
828 202335 35.409170 34.051940
828 201942 9.418180 38.163740
828 203082 26.716510 22.647530
828 202709 8.114590 14.193140
828 1938 8.713290 2.366840
828 2588 24.515130 5.989630
828 2564 27.825170 21.619040
828 201988 37.756380 35.080610
828 203613 9.860490 48.190240
840 -1 38.532720 37.424160
840 2449 17.772550 18.886620
840 202335 35.079710 35.469860
840 201942 9.449140 38.297990
840 203082 25.713780 23.921490
840 202709 8.089800 14.427160
840 1938 8.680510 2.381140
840 2588 24.904710 6.544460
840 2564 26.358780 21.780840
840 201988 36.996740 37.066020
840 203613 10.337850 48.217870
852 -1 37.945800 38.497090
852 2449 17.369790 19.409820
852 202335 34.481620 36.906730
852 201942 9.496030 38.457380
852 203082 24.922970 25.489180
852 202709 8.079120 14.648310
852 1938 8.767320 2.237580
852 2588 25.319900 7.138520
852 2564 24.879350 22.026020
852 201988 36.226280 38.931440
852 203613 10.724530 48.228470
864 -1 37.229870 39.687390
864 2449 16.894430 19.856010
864 202335 33.790610 38.196450
864 201942 9.600850 38.651920
864 203082 24.484810 27.301290
864 202709 8.068310 14.863380
864 1938 8.777200 2.247520
864 2588 25.735880 7.769720
864 2564 23.450930 22.195720
864 201988 35.532910 40.486010
864 203613 11.025140 48.207480
876 -1 36.865670 41.170380
876 2449 16.459460 20.403860
876 202335 33.067060 39.409780
876 201942 9.747710 39.050980
876 203082 24.271890 28.813730
876 202709 8.077750 15.056220
876 1938 8.782630 2.268030
876 2588 26.192040 8.476320
876 2564 21.956740 22.589150
876 201988 34.898150 41.705290
876 203613 11.176220 48.169190
888 -1 36.622920 41.892140
888 2449 16.063660 21.020450
888 202335 32.587300 40.471970
888 201942 9.924730 39.345070
888 203082 24.413570 30.099150
888 202709 8.108410 15.248990
888 1938 8.781050 2.291910
888 2588 26.648530 9.122750
888 2564 20.457490 23.132210
888 201988 34.472190 42.680230
888 203613 11.192540 48.134520
900 -1 36.338250 42.321340
900 2449 15.704200 21.454910
900 202335 32.297490 41.205040
900 201942 10.138760 39.581520
900 203082 24.882760 31.505400
900 202709 8.168700 15.354340
900 1938 8.806280 2.353080
900 2588 27.045620 9.785950
900 2564 18.933670 23.691340
900 201988 34.326480 43.236100
900 203613 11.167490 48.099940
912 -1 36.062690 42.627850
912 2449 15.410240 21.867360
912 202335 32.204030 41.466950
912 201942 10.361730 39.803890
912 203082 25.589410 32.669290
912 202709 8.269760 15.303540
912 1938 8.729560 2.580040
912 2588 27.434760 10.478120
912 2564 17.504750 24.303810
912 201988 34.405050 43.421060
912 203613 11.171170 48.061500
924 -1 36.065200 42.788890
924 2449 15.112000 22.158330
924 202335 32.210560 41.304860
924 201942 10.554470 40.013940
924 203082 26.454880 33.509180
924 202709 8.422310 15.132210
924 1938 8.775240 2.612200
924 2588 27.812450 11.130130
924 2564 16.008080 25.162350
924 201988 34.575520 43.381380
924 203613 11.252060 48.042980
936 -1 36.041250 41.941540
936 2449 14.990950 22.434700
936 202335 32.274970 40.884440
936 201942 10.738580 40.036870
936 203082 27.477200 33.904210
936 202709 8.626800 14.890460
936 1938 8.908300 2.625520
936 2588 28.148560 11.683600
936 2564 14.579560 25.826410
936 201988 34.817620 42.944030
936 203613 11.444090 48.048200
948 -1 36.130620 40.670640
948 2449 14.942550 22.568780
948 202335 32.237240 40.208130
948 201942 10.928870 40.117510
948 203082 28.677670 34.045610
948 202709 8.868470 14.573110
948 1938 9.056090 2.646560
948 2588 28.432880 12.108950
948 2564 13.253570 26.570070
948 201988 35.111010 42.047460
948 203613 11.711480 48.075310
960 -1 36.636650 40.046560
960 2449 15.061600 22.549200
960 202335 32.145130 39.410700
960 201942 11.110620 40.055330
960 203082 29.819500 33.726070
960 202709 9.132750 14.189770
960 1938 9.207330 2.676310
960 2588 28.647930 12.395420
960 2564 12.134590 27.312830
960 201988 35.384210 40.866410
960 203613 12.016720 48.110600
972 -1 36.889530 38.641720
972 2449 15.381940 22.351540
972 202335 31.987060 38.600340
972 201942 11.300990 39.806980
972 203082 30.881530 33.155710
972 202709 9.409400 13.813980
972 1938 9.357510 2.697890
972 2588 28.914620 12.615220
972 2564 10.915480 27.959690
972 201988 35.620290 39.366920
972 203613 12.313650 48.119210
984 -1 36.539010 36.783020
984 2449 15.932100 22.101360
984 202335 31.704360 37.767960
984 201942 11.452520 39.348690
984 203082 32.066610 32.464050
984 202709 9.713550 13.423970
984 1938 9.578550 2.689160
984 2588 29.060980 12.635030
984 2564 9.749690 28.444180
984 201988 35.796180 37.552210
984 203613 12.607490 48.068750
996 -1 36.100510 34.358500
996 2449 16.682350 21.682280
996 202335 31.275010 36.806800
996 201942 11.571590 38.782990
996 203082 33.255380 31.839900
996 202709 10.028400 13.028000
996 1938 9.618330 2.715300
996 2588 29.159810 12.545610
996 2564 8.682710 28.925850
996 201988 36.038740 35.800770
996 203613 12.871830 47.984040
1008 -1 36.795890 32.449590
1008 2449 17.592980 21.319590
1008 202335 30.641030 35.723510
1008 201942 11.716360 38.162260
1008 203082 34.278820 31.366840
1008 202709 10.281000 12.758920
1008 1938 9.654420 2.740790
1008 2588 29.194560 12.382550
1008 2564 7.723650 29.197460
1008 201988 36.419030 34.366760
1008 203613 13.123830 47.864270
1020 -1 37.441870 31.553400
1020 2449 18.513930 20.864200
1020 202335 29.830600 34.576290
1020 201942 11.851530 37.519310
1020 203082 35.227770 30.806870
1020 202709 10.416450 12.701820
1020 1938 9.669620 2.759610
1020 2588 29.300280 12.190860
1020 2564 6.766380 29.064970
1020 201988 36.840970 33.005950
1020 203613 13.438040 47.750080
1032 -1 38.053590 30.881470
1032 2449 19.444720 20.340000
1032 202335 28.808970 33.486790
1032 201942 11.947340 36.961100
1032 203082 36.063780 30.291550
1032 202709 10.463410 12.808160
1032 1938 9.716960 2.662860
1032 2588 29.200950 11.840700
1032 2564 6.015880 28.719010
1032 201988 37.336910 31.885990
1032 203613 13.826530 47.644320
1044 -1 38.618730 30.413430
1044 2449 20.463850 19.754050
1044 202335 27.618190 32.425620
1044 201942 12.108370 36.613280
1044 203082 36.569810 29.636480
1044 202709 10.431170 13.053050
1044 1938 9.725170 2.627960
1044 2588 29.188840 11.558010
1044 2564 5.435290 28.205290
1044 201988 37.944980 31.073030
1044 203613 14.232150 47.577360
1056 -1 39.124920 30.128930
1056 2449 21.241040 19.056820
1056 202335 26.430330 31.437380
1056 201942 12.356410 36.446860
1056 203082 36.763580 28.970830
1056 202709 10.330880 13.335960
1056 1938 9.910570 2.476240
1056 2588 29.235140 11.279620
1056 2564 4.948090 27.440850
1056 201988 38.449460 30.513890
1056 203613 14.651910 47.492780
1068 -1 39.559840 30.007640
1068 2449 21.914150 18.191600
1068 202335 25.240080 30.552880
1068 201942 12.553150 36.295200
1068 203082 36.826840 28.242500
1068 202709 10.261760 13.526590
1068 1938 10.157280 2.241740
1068 2588 29.415240 10.994800
1068 2564 4.576560 26.591470
1068 201988 38.790340 30.133900
1068 203613 15.159140 47.376840
1080 -1 39.661900 30.141720
1080 2449 22.535030 17.453480
1080 202335 24.184800 29.743150
1080 201942 12.775560 36.230730
1080 203082 36.942000 27.529870
1080 202709 10.298280 13.578820
1080 1938 10.407980 2.011610
1080 2588 29.716630 10.734900
1080 2564 4.358980 25.779040
1080 201988 39.074010 30.160040
1080 203613 15.742650 47.236960
1092 -1 39.513030 30.783870
1092 2449 23.081320 16.809460
1092 202335 22.977730 28.906950
1092 201942 13.179940 36.285960
1092 203082 37.063350 26.808410
1092 202709 10.399860 13.553110
1092 1938 10.558460 1.859980
1092 2588 30.128200 10.577600
1092 2564 4.157380 24.896280
1092 201988 39.211050 30.518040
1092 203613 16.302850 47.137880
1104 -1 39.196010 31.745320
1104 2449 23.558190 16.311560
1104 202335 21.810880 28.226470
1104 201942 13.694440 36.465710
1104 203082 37.109190 26.300670
1104 202709 10.436370 13.594000
1104 1938 10.652280 1.701260
1104 2588 30.707240 10.508160
1104 2564 4.033420 24.218030
1104 201988 39.270240 31.064780
1104 203613 16.937500 46.956040
1116 -1 37.375090 33.377040
1116 2449 24.004680 15.933790
1116 202335 20.597010 27.653880
1116 201942 14.212320 36.643460
1116 203082 37.057210 26.039900
1116 202709 10.418520 13.785070
1116 1938 10.521600 1.799270
1116 2588 31.276920 10.484650
1116 2564 3.922880 23.719870
1116 201988 39.382320 31.668930
1116 203613 17.600950 46.759470
1128 -1 34.221320 35.962540
1128 2449 24.420170 15.671030
1128 202335 19.445430 27.147730
1128 201942 14.804790 36.976000
1128 203082 36.825990 25.948490
1128 202709 10.317800 14.168110
1128 1938 10.405810 1.977230
1128 2588 31.781510 10.547770
1128 2564 3.841860 23.441250
1128 201988 39.539120 32.215350
1128 203613 18.170950 46.611220
1140 -1 31.117770 38.461860
1140 2449 24.776600 15.487900
1140 202335 18.186900 26.767550
1140 201942 15.399500 37.550640
1140 203082 36.441910 26.103200
1140 202709 10.124270 14.806220
1140 1938 10.348360 1.987930
1140 2588 32.098420 10.655230
1140 2564 3.747320 23.461050
1140 201988 39.700760 32.639180
1140 203613 18.553030 46.522890
1152 -1 27.979010 40.891300
1152 2449 25.062960 15.394840
1152 202335 17.222770 26.603640
1152 201942 15.743090 38.348800
1152 203082 35.987820 26.434270
1152 202709 9.798040 15.633280
1152 1938 10.350990 2.104780
1152 2588 32.339750 10.761600
1152 2564 3.684510 23.856160
1152 201988 39.896310 32.889020
1152 203613 18.840410 46.415140
1164 -1 24.945420 43.317610
1164 2449 25.244610 15.364000
1164 202335 16.355650 26.601690
1164 201942 15.992170 39.175970
1164 203082 35.462340 26.824900
1164 202709 9.484930 16.472750
1164 1938 10.318210 2.250730
1164 2588 32.332660 10.890800
1164 2564 3.543830 24.351410
1164 201988 40.019430 32.995610
1164 203613 18.954430 46.320160
1176 -1 21.945830 45.764470
1176 2449 25.302190 15.500840
1176 202335 15.647830 26.849610
1176 201942 16.234690 40.104260
1176 203082 34.878250 27.184110
1176 202709 9.192720 17.386140
1176 1938 10.444020 2.272460
1176 2588 32.083500 11.029120
1176 2564 3.397990 25.077720
1176 201988 40.030990 32.916370
1176 203613 18.882750 46.197650
1188 -1 19.686440 45.686960
1188 2449 25.222960 15.587300
1188 202335 15.018810 27.326450
1188 201942 16.560070 41.126800
1188 203082 34.198190 27.511680
1188 202709 8.879240 18.402670
1188 1938 10.455540 2.305990
1188 2588 31.688250 11.204280
1188 2564 3.206660 26.012660
1188 201988 39.936500 32.698580
1188 203613 18.485540 46.054050
1200 -1 17.740520 45.462990
1200 2449 25.023330 15.713320
1200 202335 14.339240 27.878220
1200 201942 16.631990 41.949630
1200 203082 33.511080 27.760630
1200 202709 8.557710 19.318620
1200 1938 10.387280 2.502100
1200 2588 31.158170 11.421310
1200 2564 3.039540 27.060250
1200 201988 39.706770 32.450330
1200 203613 17.895460 45.791490
1212 -1 16.045940 45.105420
1212 2449 24.701660 15.861380
1212 202335 13.705070 28.437010
1212 201942 16.489410 42.391840
1212 203082 32.680690 27.974060
1212 202709 8.298140 20.036700
1212 1938 10.296470 2.648120
1212 2588 30.555500 11.660480
1212 2564 2.942600 28.188880
1212 201988 39.422660 32.157720
1212 203613 17.058130 45.391520
1224 -1 14.540560 44.627100
1224 2449 24.292720 16.015520
1224 202335 13.106510 28.993820
1224 201942 16.166970 42.547320
1224 203082 31.719970 28.155010
1224 202709 8.071870 20.595290
1224 1938 10.241390 2.750880
1224 2588 29.821520 11.886930
1224 2564 2.628060 29.293220
1224 201988 39.100400 31.864390
1224 203613 15.821060 44.909020
1236 -1 13.162270 44.040860
1236 2449 23.762640 16.050390
1236 202335 12.290210 29.454390
1236 201942 15.591710 42.306890
1236 203082 30.735980 28.307990
1236 202709 7.852060 20.904740
1236 1938 10.172950 2.819870
1236 2588 29.077790 12.169920
1236 2564 2.444580 30.324270
1236 201988 38.732470 31.551200
1236 203613 14.475580 44.290920
1248 -1 11.848910 43.359570
1248 2449 23.125570 16.163660
1248 202335 11.335670 29.936850
1248 201942 14.767060 41.733790
1248 203082 29.718610 28.370030
1248 202709 7.691920 20.860370
1248 1938 10.135900 2.877580
1248 2588 28.309310 12.442560
1248 2564 2.375310 31.154530
1248 201988 38.335510 31.232910
1248 203613 13.221230 43.477000
1260 -1 10.538370 42.596070
1260 2449 22.482880 16.255690
1260 202335 10.349060 30.403950
1260 201942 13.916830 41.148920
1260 203082 28.535600 28.394140
1260 202709 7.553720 20.616010
1260 1938 10.118640 2.943610
1260 2588 27.599890 12.740110
1260 2564 2.327090 31.722440
1260 201988 37.962850 30.906130
1260 203613 11.921670 42.642850
1272 -1 9.168520 41.763210
1272 2449 21.791800 16.353240
1272 202335 9.338390 30.798370
1272 201942 13.188440 40.474640
1272 203082 27.378390 28.398690
1272 202709 7.426450 20.302020
1272 1938 10.121310 3.001870
1272 2588 26.804000 13.028620
1272 2564 2.404260 31.960130
1272 201988 37.569660 30.591250
1272 203613 10.648400 41.618970
1284 -1 7.698460 40.702250
1284 2449 21.052080 16.449530
1284 202335 8.424820 31.282480
1284 201942 12.212270 39.800730
1284 203082 26.254310 28.330960
1284 202709 7.316820 19.959770
1284 1938 10.272120 3.140700
1284 2588 26.037140 13.376150
1284 2564 2.742790 31.892820
1284 201988 37.140580 30.289430
1284 203613 9.660470 40.609460
1296 -1 6.972390 40.016360
1296 2449 20.292320 16.535370
1296 202335 7.646130 31.695310
1296 201942 11.341700 39.237320
1296 203082 25.143400 28.188020
1296 202709 7.192090 19.715230
1296 1938 10.362520 3.307530
1296 2588 25.391620 13.865940
1296 2564 2.735010 31.407930
1296 201988 36.697790 30.020390
1296 203613 8.612470 39.833820
1308 -1 6.623270 39.073170
1308 2449 19.521940 16.630200
1308 202335 7.121030 32.003140
1308 201942 10.435220 38.683630
1308 203082 24.103800 28.050770
1308 202709 7.013670 19.669580
1308 1938 10.407980 3.619860
1308 2588 24.778450 14.524870
1308 2564 2.690120 30.658460
1308 201988 36.258480 29.779890
1308 203613 7.642560 39.349590
1320 -1 5.583240 38.829330
1320 2449 18.732110 16.748540
1320 202335 6.709750 32.580470
1320 201942 9.655280 37.933430
1320 203082 23.176860 27.973190
1320 202709 6.804280 19.838340
1320 1938 10.406200 4.068240
1320 2588 24.043660 15.160960
1320 2564 2.854850 29.968920
1320 201988 35.810290 29.514780
1320 203613 6.746940 38.977010
1332 -1 4.985520 38.840830
1332 2449 17.955830 16.900790
1332 202335 6.271870 33.253960
1332 201942 8.932960 37.237440
1332 203082 22.279450 27.938940
1332 202709 6.617710 20.235310
1332 1938 10.432770 4.721690
1332 2588 23.418310 16.113930
1332 2564 2.904950 29.216250
1332 201988 35.369360 29.266090
1332 203613 5.987740 38.973300
1344 -1 4.599110 38.900790
1344 2449 17.241940 17.133140
1344 202335 5.744450 33.846380
1344 201942 8.368340 36.784310
1344 203082 21.453190 27.938400
1344 202709 6.293420 20.877520
1344 1938 10.319900 5.524190
1344 2588 22.796560 17.196520
1344 2564 2.998090 28.392960
1344 201988 34.954840 29.054630
1344 203613 5.454210 39.027560
1356 -1 4.237180 38.993560
1356 2449 16.501840 17.369860
1356 202335 5.241240 34.497470
1356 201942 7.623870 36.636290
1356 203082 20.697280 28.042900
1356 202709 6.023910 21.666920
1356 1938 10.247930 6.514190
1356 2588 22.045790 18.335680
1356 2564 3.380980 27.750050
1356 201988 34.526890 28.892800
1356 203613 5.129810 39.103250
1368 -1 3.928790 39.095440
1368 2449 15.782460 17.722820
1368 202335 4.622200 35.240230
1368 201942 6.822610 36.623310
1368 203082 20.050290 28.223580
1368 202709 5.915350 22.574200
1368 1938 10.188870 7.600870
1368 2588 21.185520 19.456250
1368 2564 3.804860 27.251490
1368 201988 34.098720 28.767550
1368 203613 4.933940 39.156680
1380 -1 3.703030 39.182740
1380 2449 15.010740 18.118010
1380 202335 3.939270 35.538470
1380 201942 6.041660 36.811570
1380 203082 19.552340 28.427580
1380 202709 5.852270 23.572290
1380 1938 10.135840 8.810660
1380 2588 20.333350 20.671070
1380 2564 4.151030 26.724500
1380 201988 33.684540 28.707490
1380 203613 4.828180 39.128090
1392 -1 3.588950 39.231750
1392 2449 14.263820 18.607580
1392 202335 3.344260 36.100030
1392 201942 5.292180 36.974750
1392 203082 19.161390 28.619080
1392 202709 5.898270 24.480900
1392 1938 9.977370 10.042720
1392 2588 19.303790 21.644370
1392 2564 4.415320 26.193460
1392 201988 33.284670 28.669150
1392 203613 4.648870 39.080460