0 -1 76.897050 38.625690 BALL
0 202329 47.019760 26.139310 PLAYER
0 203081 44.660850 35.029530 PLAYER
0 203486 53.966610 15.361560 PLAYER
0 203468 26.528350 32.091350 PLAYER
0 203086 37.936880 22.579860 PLAYER
0 1495 74.532550 23.385130 PLAYER
0 1938 21.883250 47.455440 PLAYER
0 2225 77.436730 39.713900 PLAYER
0 200746 70.152640 15.670450 PLAYER
0 202695 91.002300 17.235820 PLAYER
12 -1 75.610550 39.084780 BALL
12 202329 45.843750 25.691720 PLAYER
12 203081 44.056610 34.882270 PLAYER
12 203486 52.241340 15.782500 PLAYER
12 203468 25.439410 32.829340 PLAYER
12 203086 36.971900 22.560160 PLAYER
12 1495 73.023690 23.512870 PLAYER
12 1938 21.361960 47.452710 PLAYER
12 2225 76.486020 40.012530 PLAYER
12 200746 68.883240 15.574920 PLAYER
12 202695 89.802220 16.843700 PLAYER
24 -1 74.106370 39.328830 BALL
24 202329 44.707850 25.226990 PLAYER
24 203081 43.416720 34.778440 PLAYER
24 203486 50.492630 16.214210 PLAYER
24 203468 24.461420 33.483360 PLAYER
24 203086 36.055750 22.519750 PLAYER
24 1495 71.443600 23.690380 PLAYER
24 1938 20.861340 47.314030 PLAYER
24 2225 75.425270 40.303760 PLAYER
24 200746 67.763640 15.497510 PLAYER
24 202695 88.589850 16.382160 PLAYER
36 -1 73.425210 39.553030 BALL
36 202329 43.612340 24.805480 PLAYER
36 203081 42.774450 34.702800 PLAYER
36 203486 48.827590 16.681680 PLAYER
36 203468 23.521560 34.098060 PLAYER
36 203086 35.170890 22.439440 PLAYER
36 1495 69.802280 23.856720 PLAYER
36 1938 20.385160 47.215120 PLAYER
36 2225 74.304340 40.562330 PLAYER
36 200746 66.431900 15.346140 PLAYER
36 202695 87.374180 15.879070 PLAYER
48 -1 72.714960 39.812160 BALL
48 202329 42.509930 24.420180 PLAYER
48 203081 42.102000 34.654660 PLAYER
48 203486 47.144780 17.141380 PLAYER
48 203468 22.662230 34.707520 PLAYER
48 203086 34.319160 22.303090 PLAYER
48 1495 68.221060 24.071030 PLAYER
48 1938 20.027580 47.192880 PLAYER
48 2225 73.073210 40.806260 PLAYER
48 200746 65.053940 15.217320 PLAYER
48 202695 86.126740 15.371690 PLAYER
60 -1 71.255510 39.983290 BALL
60 202329 41.437120 24.027750 PLAYER
60 203081 41.376690 34.612700 PLAYER
60 203486 45.462900 17.550680 PLAYER
60 203468 21.868950 35.254900 PLAYER
60 203086 33.473480 22.132510 PLAYER
60 1495 66.648350 24.284190 PLAYER
60 1938 19.729560 47.136070 PLAYER
60 2225 71.768210 41.048360 PLAYER
60 200746 63.696950 15.126930 PLAYER
60 202695 84.959800 14.914800 PLAYER
72 -1 69.431360 40.552840 BALL
72 202329 40.401120 23.666430 PLAYER
72 203081 40.632540 34.572750 PLAYER
72 203486 43.825200 17.958520 PLAYER
72 203468 21.146470 35.783900 PLAYER
72 203086 32.618700 21.975180 PLAYER
72 1495 65.015910 24.493260 PLAYER
72 1938 19.484380 47.049530 PLAYER
72 2225 70.400370 41.314480 PLAYER
72 200746 62.323620 15.015650 PLAYER
72 202695 83.653830 14.420550 PLAYER
84 -1 67.466470 40.885530 BALL
84 202329 39.403350 23.299110 PLAYER
84 203081 39.922700 34.577980 PLAYER
84 203486 42.202550 18.318170 PLAYER
84 203468 20.500400 36.302420 PLAYER
84 203086 31.802250 21.870060 PLAYER
84 1495 63.427410 24.706500 PLAYER
84 1938 19.336890 47.062390 PLAYER
84 2225 68.973560 41.602620 PLAYER
84 200746 60.880920 14.925060 PLAYER
84 202695 82.209100 13.884560 PLAYER
96 -1 65.434360 41.086190 BALL
96 202329 38.448070 22.847070 PLAYER
96 203081 39.201280 34.624600 PLAYER
96 203486 40.517950 18.623590 PLAYER
96 203468 19.931670 36.767170 PLAYER
96 203086 31.027940 21.817110 PLAYER
96 1495 61.823950 24.906430 PLAYER
96 1938 19.339280 47.023150 PLAYER
96 2225 67.472200 41.898330 PLAYER
96 200746 59.441510 14.842590 PLAYER
96 202695 80.758130 13.350420 PLAYER
108 -1 64.530300 41.308220 BALL
108 202329 37.569630 22.409700 PLAYER
108 203081 38.472610 34.727400 PLAYER
108 203486 38.883540 18.942350 PLAYER
108 203468 19.380010 37.197500 PLAYER
108 203086 30.284990 21.777160 PLAYER
108 1495 60.247820 25.104630 PLAYER
108 1938 19.512330 46.989290 PLAYER
108 2225 65.926090 42.171060 PLAYER
108 200746 58.031480 14.780630 PLAYER
108 202695 79.289360 12.808410 PLAYER
120 -1 63.518880 41.470090 BALL
120 202329 36.801630 21.932210 PLAYER
120 203081 37.750060 34.872310 PLAYER
120 203486 37.313010 19.287690 PLAYER
120 203468 18.956700 37.641280 PLAYER
120 203086 29.587660 21.657680 PLAYER
120 1495 58.720890 25.287360 PLAYER
120 1938 19.820560 46.971690 PLAYER
120 2225 64.308730 42.465970 PLAYER
120 200746 56.558840 14.733130 PLAYER
120 202695 77.798590 12.222280 PLAYER
132 -1 62.051660 41.939100 BALL
132 202329 36.098940 21.422750 PLAYER
132 203081 37.039570 35.039790 PLAYER
132 203486 35.732060 19.672510 PLAYER
132 203468 18.681910 38.111400 PLAYER
132 203086 28.935550 21.510770 PLAYER
132 1495 57.204420 25.446940 PLAYER
132 1938 20.319720 46.976180 PLAYER
132 2225 62.549750 42.718820 PLAYER
132 200746 55.033330 14.721920 PLAYER
132 202695 76.273600 11.671310 PLAYER
144 -1 60.429970 42.422090 BALL
144 202329 35.506970 20.907510 PLAYER
144 203081 36.344210 35.206210 PLAYER
144 203486 34.197550 20.114360 PLAYER
144 203468 18.508970 38.614090 PLAYER
144 203086 28.290570 21.323730 PLAYER
144 1495 55.657460 25.591650 PLAYER
144 1938 20.981300 47.006720 PLAYER
144 2225 60.717580 42.951540 PLAYER
144 200746 53.507650 14.753150 PLAYER
144 202695 74.720600 11.150700 PLAYER
156 -1 58.169370 43.326020 BALL
156 202329 34.981220 20.385020 PLAYER
156 203081 35.651700 35.364310 PLAYER
156 203486 32.792260 20.560480 PLAYER
156 203468 18.485320 39.144920 PLAYER
156 203086 27.671880 21.113680 PLAYER
156 1495 54.177810 25.740580 PLAYER
156 1938 21.746640 47.082920 PLAYER
156 2225 58.964150 43.157770 PLAYER
156 200746 51.932610 14.703870 PLAYER
156 202695 73.110380 10.593920 PLAYER
168 -1 53.718340 44.444760 BALL
168 202329 34.467490 19.849890 PLAYER
168 203081 34.937140 35.475000 PLAYER
168 203486 31.396390 21.100330 PLAYER
168 203468 18.596430 39.695640 PLAYER
168 203086 27.084440 20.913040 PLAYER
168 1495 52.702140 25.876620 PLAYER
168 1938 22.562370 47.182270 PLAYER
168 2225 57.200040 43.307300 PLAYER
168 200746 50.272690 14.622090 PLAYER
168 202695 71.481060 10.048100 PLAYER
180 -1 47.368610 44.823630 BALL
180 202329 33.881310 19.385500 PLAYER
180 203081 34.199050 35.547890 PLAYER
180 203486 30.133340 21.583940 PLAYER
180 203468 18.754240 40.234740 PLAYER
180 203086 26.604590 21.218210 PLAYER
180 1495 51.186910 26.002990 PLAYER
180 1938 23.469010 47.249950 PLAYER
180 2225 55.377390 43.342830 PLAYER
180 200746 48.680540 14.599600 PLAYER
180 202695 69.848600 9.521060 PLAYER
192 -1 41.728980 45.473840 BALL
192 202329 33.302130 18.944260 PLAYER
192 203081 33.432670 35.605720 PLAYER
192 203486 29.019800 22.027660 PLAYER
192 203468 18.972880 40.734230 PLAYER
192 203086 26.080210 21.704490 PLAYER
192 1495 49.719340 26.124090 PLAYER
192 1938 24.301750 47.269400 PLAYER
192 2225 53.579400 43.294230 PLAYER
192 200746 47.074480 14.668060 PLAYER
192 202695 68.233340 8.997730 PLAYER
204 -1 36.210060 46.208990 BALL
204 202329 32.650630 18.438840 PLAYER
204 203081 32.629860 35.652160 PLAYER
204 203486 27.999040 22.530120 PLAYER
204 203468 19.275800 41.176950 PLAYER
204 203086 25.506300 22.234450 PLAYER
204 1495 48.272020 26.238260 PLAYER
204 1938 25.037050 47.249610 PLAYER
204 2225 51.770900 43.130810 PLAYER
204 200746 45.419510 14.719520 PLAYER
204 202695 66.582380 8.485100 PLAYER
216 -1 31.029760 46.889740 BALL
216 202329 31.946370 17.938830 PLAYER
216 203081 31.782230 35.705980 PLAYER
216 203486 26.832650 23.126370 PLAYER
216 203468 19.653600 41.556490 PLAYER
216 203086 24.814690 22.645150 PLAYER
216 1495 46.787280 26.357620 PLAYER
216 1938 25.678290 47.203550 PLAYER
216 2225 49.837400 42.874380 PLAYER
216 200746 43.767750 14.882030 PLAYER
216 202695 64.921660 8.020100 PLAYER
228 -1 27.471740 47.201340 BALL
228 202329 31.228700 17.439820 PLAYER
228 203081 30.947240 35.736020 PLAYER
228 203486 25.722780 23.623320 PLAYER
228 203468 20.118820 41.850460 PLAYER
228 203086 24.068020 22.848150 PLAYER
228 1495 45.356490 26.444200 PLAYER
228 1938 26.282780 47.091610 PLAYER
228 2225 47.865270 42.479220 PLAYER
228 200746 42.184320 15.045230 PLAYER
228 202695 63.227140 7.559010 PLAYER
240 -1 27.757660 46.863630 BALL
240 202329 30.507980 16.954220 PLAYER
240 203081 30.135350 35.714830 PLAYER
240 203486 24.546040 24.148800 PLAYER
240 203468 20.629490 42.070370 PLAYER
240 203086 23.285020 22.570290 PLAYER
240 1495 43.942030 26.488340 PLAYER
240 1938 26.775750 46.949700 PLAYER
240 2225 45.878800 41.963350 PLAYER
240 200746 40.532820 15.196530 PLAYER
240 202695 61.483830 7.108320 PLAYER
252 -1 27.880440 46.099940 BALL
252 202329 29.714770 16.516330 PLAYER
252 203081 29.347750 35.637980 PLAYER
252 203486 23.414020 24.746670 PLAYER
252 203468 21.143800 42.249050 PLAYER
252 203086 22.597840 22.121020 PLAYER
252 1495 42.539970 26.510140 PLAYER
252 1938 27.288330 46.775780 PLAYER
252 2225 43.898620 41.337110 PLAYER
252 200746 38.888990 15.283860 PLAYER
252 202695 59.702070 6.671590 PLAYER
264 -1 28.045130 45.917770 BALL
264 202329 28.888540 16.219130 PLAYER
264 203081 28.581790 35.470960 PLAYER
264 203486 22.236040 25.294680 PLAYER
264 203468 21.646310 42.398170 PLAYER
264 203086 22.045960 21.647270 PLAYER
264 1495 41.261050 26.560660 PLAYER
264 1938 27.771730 46.599950 PLAYER
264 2225 41.927310 40.630250 PLAYER
264 200746 37.320850 15.424360 PLAYER
264 202695 57.929420 6.294770 PLAYER
276 -1 28.296270 45.308050 BALL
276 202329 28.030700 16.128360 PLAYER
276 203081 27.843020 35.178540 PLAYER
276 203486 21.326580 25.749040 PLAYER
276 203468 22.076510 42.519860 PLAYER
276 203086 21.703260 21.281720 PLAYER
276 1495 40.060350 26.606210 PLAYER
276 1938 28.206300 46.411640 PLAYER
276 2225 39.959240 39.853680 PLAYER
276 200746 35.723650 15.602040 PLAYER
276 202695 56.078290 5.941500 PLAYER
288 -1 28.618160 45.094950 BALL
288 202329 27.129330 16.010720 PLAYER
288 203081 27.102940 34.816070 PLAYER
288 203486 20.532230 26.204170 PLAYER
288 203468 22.446180 42.601140 PLAYER
288 203086 21.427880 21.167530 PLAYER
288 1495 38.915870 26.701650 PLAYER
288 1938 28.489140 46.231660 PLAYER
288 2225 37.998730 38.987930 PLAYER
288 200746 34.098740 15.894060 PLAYER
288 202695 54.178370 5.630550 PLAYER
300 -1 29.030810 45.479720 BALL
300 202329 26.221910 15.864000 PLAYER
300 203081 26.297420 34.421780 PLAYER
300 203486 19.819910 26.691840 PLAYER
300 203468 22.786500 42.630430 PLAYER
300 203086 21.083350 21.178670 PLAYER
300 1495 37.876600 26.812810 PLAYER
300 1938 28.690420 46.093320 PLAYER
300 2225 36.096700 37.983830 PLAYER
300 200746 32.561710 16.149210 PLAYER
300 202695 52.209760 5.363770 PLAYER
312 -1 29.222020 45.936570 BALL
312 202329 25.382630 15.706660 PLAYER
312 203081 25.490050 33.979420 PLAYER
312 203486 19.117860 27.107300 PLAYER
312 203468 23.116690 42.570610 PLAYER
312 203086 20.696850 21.197910 PLAYER
312 1495 36.902440 26.895530 PLAYER
312 1938 28.762360 46.022690 PLAYER
312 2225 34.256130 36.876660 PLAYER
312 200746 31.036830 16.404670 PLAYER
312 202695 50.234100 5.125540 PLAYER
324 -1 29.197070 45.858760 BALL
324 202329 24.619880 15.554390 PLAYER
324 203081 24.677560 33.473740 PLAYER
324 203486 18.601790 27.461190 PLAYER
324 203468 23.417020 42.424200 PLAYER
324 203086 20.262450 21.334550 PLAYER
324 1495 35.922340 26.922140 PLAYER
324 1938 28.822940 45.968070 PLAYER
324 2225 32.477450 35.654540 PLAYER
324 200746 29.477780 16.642660 PLAYER
324 202695 48.245690 4.943030 PLAYER
336 -1 29.422810 43.860520 BALL
336 202329 23.971990 15.268460 PLAYER
336 203081 23.759670 33.054100 PLAYER
336 203486 18.107680 27.786380 PLAYER
336 203468 23.719860 42.220260 PLAYER
336 203086 19.764060 21.352160 PLAYER
336 1495 35.017370 26.899000 PLAYER
336 1938 28.797090 45.923060 PLAYER
336 2225 30.765340 34.394550 PLAYER
336 200746 27.972380 16.894820 PLAYER
336 202695 46.280610 4.825110 PLAYER
348 -1 29.989020 40.034150 BALL
348 202329 23.394760 15.066740 PLAYER
348 203081 22.816600 32.514760 PLAYER
348 203486 17.675290 28.108580 PLAYER
348 203468 23.915470 41.981480 PLAYER
348 203086 19.237980 21.361250 PLAYER
348 1495 34.197910 26.828450 PLAYER
348 1938 28.715640 46.002810 PLAYER
348 2225 29.100090 33.071670 PLAYER
348 200746 26.594510 17.055970 PLAYER
348 202695 44.238610 4.732830 PLAYER
360 -1 30.432890 36.424130 BALL
360 202329 22.915230 14.797200 PLAYER
360 203081 22.024950 31.805140 PLAYER
360 203486 17.397540 28.354280 PLAYER
360 203468 24.016700 41.731900 PLAYER
360 203086 18.716580 21.284810 PLAYER
360 1495 33.452260 26.734910 PLAYER
360 1938 28.553900 46.199010 PLAYER
360 2225 27.545290 31.684830 PLAYER
360 200746 25.228380 17.186690 PLAYER
360 202695 42.194580 4.687100 PLAYER
372 -1 30.795860 32.585470 BALL
372 202329 22.535480 14.472920 PLAYER
372 203081 21.265690 31.035190 PLAYER
372 203486 17.239420 28.502720 PLAYER
372 203468 24.008110 41.523490 PLAYER
372 203086 18.142850 21.100830 PLAYER
372 1495 32.779730 26.650130 PLAYER
372 1938 28.335920 46.418690 PLAYER
372 2225 26.229920 30.188550 PLAYER
372 200746 23.634630 17.511690 PLAYER
372 202695 40.100320 4.701550 PLAYER
384 -1 31.129670 28.810800 BALL
384 202329 22.205600 14.169260 PLAYER
384 203081 20.631740 30.161550 PLAYER
384 203486 17.169980 28.611030 PLAYER
384 203468 23.873810 41.351210 PLAYER
384 203086 17.569900 20.750960 PLAYER
384 1495 32.168200 26.577330 PLAYER
384 1938 28.008800 46.609530 PLAYER
384 2225 25.216270 28.627700 PLAYER
384 200746 22.015350 17.706160 PLAYER
384 202695 37.963270 4.708180 PLAYER
396 -1 30.753730 28.040530 BALL
396 202329 21.884690 13.845330 PLAYER
396 203081 20.187960 29.087110 PLAYER
396 203486 17.208510 28.593690 PLAYER
396 203468 23.608210 41.186350 PLAYER
396 203086 17.039040 20.504910 PLAYER
396 1495 31.568390 26.548720 PLAYER
396 1938 27.618320 46.772200 PLAYER
396 2225 24.371250 26.913630 PLAYER
396 200746 20.517270 17.774980 PLAYER
396 202695 35.826950 4.755380 PLAYER
408 -1 30.100010 27.745290 BALL
408 202329 21.603340 13.469640 PLAYER
408 203081 20.012240 27.869260 PLAYER
408 203486 17.321690 28.533630 PLAYER
408 203468 23.306210 41.027110 PLAYER
408 203086 16.582970 20.160710 PLAYER
408 1495 30.996970 26.519620 PLAYER
408 1938 27.171970 46.817960 PLAYER
408 2225 23.862020 25.182410 PLAYER
408 200746 19.046820 17.831070 PLAYER
408 202695 33.674110 4.874170 PLAYER
420 -1 29.259140 27.603040 BALL
420 202329 21.255890 13.183410 PLAYER
420 203081 20.034070 26.577580 PLAYER
420 203486 17.397840 28.418590 PLAYER
420 203468 22.945360 40.841110 PLAYER
420 203086 16.130890 19.832860 PLAYER
420 1495 30.470960 26.484410 PLAYER
420 1938 26.668290 46.765590 PLAYER
420 2225 23.797440 23.395740 PLAYER
420 200746 17.677220 17.884370 PLAYER
420 202695 31.507600 5.052450 PLAYER
432 -1 28.627300 27.195800 BALL
432 202329 20.862150 12.932300 PLAYER
432 203081 20.190550 25.110930 PLAYER
432 203486 17.486090 28.309130 PLAYER
432 203468 22.535100 40.619490 PLAYER
432 203086 15.733440 19.615400 PLAYER
432 1495 30.009430 26.431690 PLAYER
432 1938 26.104540 46.713620 PLAYER
432 2225 23.940030 21.650990 PLAYER
432 200746 16.663370 17.715820 PLAYER
432 202695 29.322770 5.265160 PLAYER
444 -1 28.085970 26.777330 BALL
444 202329 20.264790 12.681810 PLAYER
444 203081 20.408530 23.657340 PLAYER
444 203486 17.584690 28.097040 PLAYER
444 203468 22.110610 40.370980 PLAYER
444 203086 15.183050 19.502440 PLAYER
444 1495 29.605440 26.338320 PLAYER
444 1938 25.497500 46.702160 PLAYER
444 2225 24.140010 19.910600 PLAYER
444 200746 15.814300 17.595300 PLAYER
444 202695 27.103190 5.565660 PLAYER
456 -1 28.075860 26.198000 BALL
456 202329 19.740790 12.441400 PLAYER
456 203081 20.911940 22.101280 PLAYER
456 203486 17.686900 27.860760 PLAYER
456 203468 21.691640 40.124920 PLAYER
456 203086 14.507750 19.462760 PLAYER
456 1495 29.283810 26.186680 PLAYER
456 1938 24.845640 46.767310 PLAYER
456 2225 24.613070 18.223770 PLAYER
456 200746 14.911570 17.501070 PLAYER
456 202695 24.903350 5.958810 PLAYER
468 -1 28.068520 25.547790 BALL
468 202329 18.995790 12.270990 PLAYER
468 203081 21.556170 20.641760 PLAYER
468 203486 17.765070 27.566890 PLAYER
468 203468 21.291980 39.903630 PLAYER
468 203086 13.761830 19.455800 PLAYER
468 1495 29.013620 25.991510 PLAYER
468 1938 24.135110 46.852400 PLAYER
468 2225 25.190840 16.546150 PLAYER
468 200746 13.944830 17.410920 PLAYER
468 202695 22.692310 6.429680 PLAYER
480 -1 28.081520 25.128260 BALL
480 202329 18.187730 12.153800 PLAYER
480 203081 22.184150 19.307790 PLAYER
480 203486 17.898820 27.314230 PLAYER
480 203468 20.891980 39.756350 PLAYER
480 203086 13.055030 19.439590 PLAYER
480 1495 28.774300 25.780120 PLAYER
480 1938 23.482490 46.947040 PLAYER
480 2225 25.677070 14.971890 PLAYER
480 200746 12.909150 17.353750 PLAYER
480 202695 20.554390 6.956660 PLAYER
492 -1 28.049960 24.858010 BALL
492 202329 17.217680 12.118240 PLAYER
492 203081 22.837960 18.088370 PLAYER
492 203486 18.032380 27.038860 PLAYER
492 203468 20.479620 39.653270 PLAYER
492 203086 12.519840 19.641340 PLAYER
492 1495 28.573800 25.564960 PLAYER
492 1938 22.888170 47.012240 PLAYER
492 2225 26.127230 13.440940 PLAYER
492 200746 11.849210 17.329990 PLAYER
492 202695 18.491270 7.586440 PLAYER
504 -1 28.106440 24.472860 BALL
504 202329 16.281850 12.112160 PLAYER
504 203081 23.461530 16.922600 PLAYER
504 203486 18.148080 26.797280 PLAYER
504 203468 20.066330 39.594140 PLAYER
504 203086 11.975910 19.759870 PLAYER
504 1495 28.431600 25.358990 PLAYER
504 1938 22.288820 47.048940 PLAYER
504 2225 26.585920 12.009180 PLAYER
504 200746 10.836190 17.379030 PLAYER
504 202695 16.524030 8.325380 PLAYER
516 -1 28.024310 24.406990 BALL
516 202329 15.198910 12.341830 PLAYER
516 203081 23.896770 15.926660 PLAYER
516 203486 18.238500 26.584550 PLAYER
516 203468 19.623630 39.544510 PLAYER
516 203086 11.466670 19.821180 PLAYER
516 1495 28.343630 25.193440 PLAYER
516 1938 21.740300 47.029790 PLAYER
516 2225 26.885950 10.669650 PLAYER
516 200746 9.865250 17.518440 PLAYER
516 202695 14.674080 9.087190 PLAYER
528 -1 28.008820 24.271910 BALL
528 202329 14.284200 12.828230 PLAYER
528 203081 24.173780 15.049070 PLAYER
528 203486 18.315340 26.391130 PLAYER
528 203468 19.163970 39.472330 PLAYER
528 203086 10.965900 19.908250 PLAYER
528 1495 28.286590 25.090150 PLAYER
528 1938 21.287110 47.003930 PLAYER
528 2225 26.948820 9.452320 PLAYER
528 200746 8.977010 17.754710 PLAYER
528 202695 12.968750 9.915600 PLAYER
540 -1 27.992610 24.202250 BALL
540 202329 13.397000 13.414240 PLAYER
540 203081 24.356390 14.260870 PLAYER
540 203486 18.399180 26.255460 PLAYER
540 203468 18.721850 39.375080 PLAYER
540 203086 10.456840 20.043160 PLAYER
540 1495 28.252450 25.048130 PLAYER
540 1938 20.830700 46.944780 PLAYER
540 2225 26.763940 8.376810 PLAYER
540 200746 8.167660 18.085590 PLAYER
540 202695 11.362430 10.867050 PLAYER
552 -1 27.894030 24.066780 BALL
552 202329 12.532270 14.192790 PLAYER
552 203081 24.434550 13.596590 PLAYER
552 203486 18.452030 26.156910 PLAYER
552 203468 18.308310 39.280200 PLAYER
552 203086 9.958880 19.866990 PLAYER
552 1495 28.224200 25.066190 PLAYER
552 1938 20.320260 46.874960 PLAYER
552 2225 26.295700 7.449120 PLAYER
552 200746 7.427140 18.467740 PLAYER
552 202695 9.840140 11.874970 PLAYER
564 -1 27.710700 24.278570 BALL
564 202329 11.877040 15.078440 PLAYER
564 203081 24.427110 13.034920 PLAYER
564 203486 18.460950 26.055970 PLAYER
564 203468 17.908460 39.213540 PLAYER
564 203086 9.376280 19.686150 PLAYER
564 1495 28.199910 25.156100 PLAYER
564 1938 19.934640 46.773730 PLAYER
564 2225 25.547080 6.642790 PLAYER
564 200746 6.862310 18.817510 PLAYER
564 202695 8.470180 12.865900 PLAYER
576 -1 27.479770 24.762390 BALL
576 202329 11.233800 15.918320 PLAYER
576 203081 24.236870 12.530490 PLAYER
576 203486 18.433400 26.001800 PLAYER
576 203468 17.551130 39.192510 PLAYER
576 203086 8.811810 19.687710 PLAYER
576 1495 28.166070 25.278490 PLAYER
576 1938 19.809420 46.563900 PLAYER
576 2225 24.644500 6.014890 PLAYER
576 200746 6.744660 19.175180 PLAYER
576 202695 7.200540 14.011460 PLAYER
588 -1 27.727900 25.612090 BALL
588 202329 10.577030 16.655550 PLAYER
588 203081 23.761500 12.140950 PLAYER
588 203486 18.400870 25.904280 PLAYER
588 203468 17.253540 39.193600 PLAYER
588 203086 8.556610 19.877180 PLAYER
588 1495 28.097520 25.420120 PLAYER
588 1938 19.845660 46.298930 PLAYER
588 2225 23.643890 5.572190 PLAYER
588 200746 7.146380 19.275660 PLAYER
588 202695 6.185260 15.244440 PLAYER
600 -1 28.224980 25.792630 BALL
600 202329 9.982240 17.392630 PLAYER
600 203081 23.100470 11.848070 PLAYER
600 203486 18.311610 25.770590 PLAYER
600 203468 17.096210 39.187710 PLAYER
600 203086 8.314620 20.092690 PLAYER
600 1495 28.000940 25.599170 PLAYER
600 1938 20.182620 45.848160 PLAYER
600 2225 22.477570 5.279740 PLAYER
600 200746 7.753290 19.406630 PLAYER
600 202695 5.459240 16.420750 PLAYER
612 -1 27.149350 29.093250 BALL
612 202329 9.513030 18.215180 PLAYER
612 203081 22.327030 11.640140 PLAYER
612 203486 18.210200 25.717680 PLAYER
612 203468 17.137150 39.213220 PLAYER
612 203086 7.999980 20.366050 PLAYER
612 1495 27.892900 25.827270 PLAYER
612 1938 20.867770 45.138760 PLAYER
612 2225 21.293100 5.117420 PLAYER
612 200746 8.525720 19.647030 PLAYER
612 202695 5.040080 17.592960 PLAYER
624 -1 25.990700 33.621750 BALL
624 202329 8.791470 19.321480 PLAYER
624 203081 21.388770 11.550450 PLAYER
624 203486 18.126870 25.737360 PLAYER
624 203468 17.472230 39.205810 PLAYER
624 203086 8.158730 20.464280 PLAYER
624 1495 27.731290 26.027300 PLAYER
624 1938 21.745970 44.302780 PLAYER
624 2225 20.034900 5.177800 PLAYER
624 200746 9.192540 20.008370 PLAYER
624 202695 4.873680 18.777310 PLAYER
636 -1 24.966200 38.306390 BALL
636 202329 7.905330 20.446460 PLAYER
636 203081 20.358780 11.585880 PLAYER
636 203486 18.077300 25.751460 PLAYER
636 203468 18.082120 39.130790 PLAYER
636 203086 8.391600 20.455270 PLAYER
636 1495 27.411730 26.256580 PLAYER
636 1938 22.634990 43.428510 PLAYER
636 2225 18.693510 5.361340 PLAYER
636 200746 9.528190 20.431870 PLAYER
636 202695 4.994030 19.648080 PLAYER
648 -1 24.282380 41.672310 BALL
648 202329 7.346540 21.610210 PLAYER
648 203081 19.408310 11.651250 PLAYER
648 203486 18.001770 25.830850 PLAYER
648 203468 18.837780 39.001250 PLAYER
648 203086 8.351160 20.353430 PLAYER
648 1495 26.966690 26.547790 PLAYER
648 1938 23.596820 42.428710 PLAYER
648 2225 17.301990 5.686400 PLAYER
648 200746 9.481230 21.012480 PLAYER
648 202695 5.100520 20.372370 PLAYER
660 -1 25.285550 41.102890 BALL
660 202329 7.166190 22.899080 PLAYER
660 203081 18.440910 11.763840 PLAYER
660 203486 17.854480 25.955050 PLAYER
660 203468 19.706900 38.846230 PLAYER
660 203086 8.315130 20.327660 PLAYER
660 1495 26.281470 26.873840 PLAYER
660 1938 24.472240 41.358250 PLAYER
660 2225 15.962440 6.131640 PLAYER
660 200746 9.380600 21.550280 PLAYER
660 202695 5.084520 21.015880 PLAYER
672 -1 26.095420 40.146220 BALL
672 202329 7.091770 23.875210 PLAYER
672 203081 17.393880 11.899220 PLAYER
672 203486 17.693680 26.069950 PLAYER
672 203468 20.588500 38.483710 PLAYER
672 203086 8.450340 20.585160 PLAYER
672 1495 25.605920 27.225320 PLAYER
672 1938 25.256600 40.243100 PLAYER
672 2225 14.594120 6.714830 PLAYER
672 200746 8.969940 22.168330 PLAYER
672 202695 5.036810 21.651520 PLAYER
684 -1 26.991760 38.763400 BALL
684 202329 7.258650 24.402320 PLAYER
684 203081 16.354700 12.099680 PLAYER
684 203486 17.529050 26.196780 PLAYER
684 203468 21.312820 37.808870 PLAYER
684 203086 8.568460 21.188220 PLAYER
684 1495 25.041310 27.630120 PLAYER
684 1938 25.972580 38.990320 PLAYER
684 2225 13.316440 7.299390 PLAYER
684 200746 8.206780 23.088100 PLAYER
684 202695 4.800690 22.158040 PLAYER
696 -1 27.510240 36.568080 BALL
696 202329 7.856410 24.835740 PLAYER
696 203081 15.331440 12.343040 PLAYER
696 203486 17.365580 26.358610 PLAYER
696 203468 21.937330 36.991040 PLAYER
696 203086 8.641710 21.755060 PLAYER
696 1495 24.657890 28.059980 PLAYER
696 1938 26.528270 37.561630 PLAYER
696 2225 12.106290 7.894100 PLAYER
696 200746 7.496540 23.978710 PLAYER
696 202695 4.305210 22.609950 PLAYER
708 -1 28.023100 33.910520 BALL
708 202329 8.331900 25.093390 PLAYER
708 203081 14.268530 12.658730 PLAYER
708 203486 17.241760 26.588600 PLAYER
708 203468 22.505810 36.045190 PLAYER
708 203086 8.706220 22.328200 PLAYER
708 1495 24.433870 28.464290 PLAYER
708 1938 27.004220 35.891140 PLAYER
708 2225 10.931230 8.428580 PLAYER
708 200746 6.844240 24.949660 PLAYER
708 202695 3.815890 23.026060 PLAYER
720 -1 28.371430 31.956210 BALL
720 202329 8.571570 25.200410 PLAYER
720 203081 13.115760 13.075720 PLAYER
720 203486 17.159210 26.735330 PLAYER
720 203468 22.843170 34.802460 PLAYER
720 203086 8.760120 22.915390 PLAYER
720 1495 24.389250 28.854630 PLAYER
720 1938 27.357900 34.098470 PLAYER
720 2225 9.803800 8.828920 PLAYER
720 200746 6.227230 25.888310 PLAYER
720 202695 3.389590 23.433700 PLAYER
732 -1 28.634670 30.831970 BALL
732 202329 8.869160 25.408120 PLAYER
732 203081 12.035080 13.554430 PLAYER
732 203486 17.010080 26.784340 PLAYER
732 203468 22.880060 33.634660 PLAYER
732 203086 8.545110 23.345290 PLAYER
732 1495 24.094810 29.233950 PLAYER
732 1938 27.449050 32.263000 PLAYER
732 2225 8.782090 8.985760 PLAYER
732 200746 5.939780 26.623470 PLAYER
732 202695 2.895190 23.823600 PLAYER
744 -1 28.501300 29.442290 BALL
744 202329 9.141920 25.747400 PLAYER
744 203081 11.053760 13.977160 PLAYER
744 203486 16.811810 26.836420 PLAYER
744 203468 22.684500 32.546800 PLAYER
744 203086 8.182310 23.695820 PLAYER
744 1495 23.814690 29.541190 PLAYER
744 1938 27.289980 30.429590 PLAYER
744 2225 7.852810 8.945190 PLAYER
744 200746 6.119750 26.997910 PLAYER
744 202695 2.476560 24.314490 PLAYER
756 -1 27.398120 27.211970 BALL
756 202329 9.247310 26.189780 PLAYER
756 203081 10.183640 14.355000 PLAYER
756 203486 16.514150 26.847670 PLAYER
756 203468 22.297140 31.389810 PLAYER
756 203086 7.945440 24.019580 PLAYER
756 1495 23.400450 29.914690 PLAYER
756 1938 26.892930 28.664150 PLAYER
756 2225 7.037170 8.696450 PLAYER
756 200746 6.358150 27.327250 PLAYER
756 202695 2.165550 25.027140 PLAYER
768 -1 25.800740 25.135350 BALL
768 202329 9.179140 26.758000 PLAYER
768 203081 9.421700 14.633290 PLAYER
768 203486 16.127830 26.777870 PLAYER
768 203468 21.629410 30.165700 PLAYER
768 203086 7.774220 24.274060 PLAYER
768 1495 22.949870 30.269700 PLAYER
768 1938 26.149730 27.014650 PLAYER
768 2225 6.373650 8.248620 PLAYER
768 200746 6.596550 27.656590 PLAYER
768 202695 1.938670 25.885210 PLAYER
780 -1 24.595570 23.265370 BALL
780 202329 8.835790 27.286850 PLAYER
780 203081 8.863510 14.764180 PLAYER
780 203486 15.668210 26.626610 PLAYER
780 203468 20.844080 29.002930 PLAYER
780 203086 7.683300 24.345610 PLAYER
780 1495 22.492560 30.641520 PLAYER
780 1938 25.099060 25.515860 PLAYER
780 2225 5.861720 7.660140 PLAYER
780 200746 6.834950 27.985930 PLAYER
780 202695 1.767720 26.830540 PLAYER
792 -1 24.058420 22.232670 BALL
792 202329 8.510770 27.834830 PLAYER
792 203081 8.544260 14.693430 PLAYER
792 203486 15.256050 26.474770 PLAYER
792 203468 20.025150 27.728950 PLAYER
792 203086 7.686620 24.454510 PLAYER
792 1495 22.197350 30.975010 PLAYER
792 1938 23.801920 24.133230 PLAYER
792 2225 5.435760 7.054780 PLAYER
792 200746 7.073350 28.315270 PLAYER
792 202695 1.713300 27.806250 PLAYER
804 -1 22.584280 21.390630 BALL
804 202329 8.140570 28.374590 PLAYER
804 203081 8.349690 14.607780 PLAYER
804 203486 14.743960 26.102850 PLAYER
804 203468 19.122490 26.292270 PLAYER
804 203086 7.739480 24.475000 PLAYER
804 1495 21.565940 31.405250 PLAYER
804 1938 22.294290 22.904650 PLAYER
804 2225 5.133690 6.410840 PLAYER
804 200746 7.311750 28.644610 PLAYER
804 202695 1.737700 28.813110 PLAYER
816 -1 20.392760 20.558950 BALL
816 202329 7.722900 28.859200 PLAYER
816 203081 8.272490 14.458140 PLAYER
816 203486 14.201410 25.619590 PLAYER
816 203468 18.218480 24.651990 PLAYER
816 203086 7.784850 24.578500 PLAYER
816 1495 21.020960 31.693620 PLAYER
816 1938 20.602070 21.785400 PLAYER
816 2225 4.880290 5.766820 PLAYER
816 200746 7.550160 28.973950 PLAYER
816 202695 1.799530 29.837000 PLAYER
828 -1 18.107090 19.311490 BALL
828 202329 7.361540 29.280300 PLAYER
828 203081 8.271310 14.252500 PLAYER
828 203486 13.730710 24.905060 PLAYER
828 203468 17.395160 22.973550 PLAYER
828 203086 7.844280 24.803630 PLAYER
828 1495 20.473170 31.989760 PLAYER
828 1938 18.722420 21.113600 PLAYER
828 2225 4.663660 5.145470 PLAYER
828 200746 7.788560 29.303300 PLAYER
828 202695 1.924340 30.830460 PLAYER
840 -1 17.222070 18.616240 BALL
840 202329 7.171720 29.718300 PLAYER
840 203081 8.345520 14.005610 PLAYER
840 203486 13.280540 23.977740 PLAYER
840 203468 16.370430 21.568850 PLAYER
840 203086 7.884820 25.207770 PLAYER
840 1495 20.011740 32.230530 PLAYER
840 1938 16.743630 20.805070 PLAYER
840 2225 4.453030 4.604130 PLAYER
840 200746 8.026960 29.632640 PLAYER
840 202695 2.085380 31.805600 PLAYER
852 -1 15.927670 18.338000 BALL
852 202329 6.844810 30.223540 PLAYER
852 203081 8.363610 13.862050 PLAYER
852 203486 12.531070 23.030620 PLAYER
852 203468 15.197720 20.414860 PLAYER
852 203086 7.845840 25.670530 PLAYER
852 1495 19.664960 32.452150 PLAYER
852 1938 14.750850 20.741750 PLAYER
852 2225 4.326870 4.095520 PLAYER
852 200746 8.265360 29.961980 PLAYER
852 202695 2.275670 32.764420 PLAYER
864 -1 14.568540 18.529330 BALL
864 202329 6.635140 30.706800 PLAYER
864 203081 8.421130 13.654250 PLAYER
864 203486 11.791760 22.393220 PLAYER
864 203468 13.856080 19.644680 PLAYER
864 203086 7.837540 26.238210 PLAYER
864 1495 19.631360 32.608760 PLAYER
864 1938 12.941660 20.940730 PLAYER
864 2225 4.220650 3.677540 PLAYER
864 200746 8.503760 30.291320 PLAYER
864 202695 2.503010 33.720820 PLAYER
876 -1 12.582600 18.816660 BALL
876 202329 6.536110 31.195580 PLAYER
876 203081 8.498520 13.423420 PLAYER
876 203486 11.216040 21.986330 PLAYER
876 203468 11.895750 19.508840 PLAYER
876 203086 7.832140 26.769400 PLAYER
876 1495 19.686110 32.765900 PLAYER
876 1938 11.589870 21.396260 PLAYER
876 2225 4.214450 3.312940 PLAYER
876 200746 8.742160 30.620660 PLAYER
876 202695 2.831330 34.682300 PLAYER
888 -1 10.257050 18.310270 BALL
888 202329 6.540640 31.713020 PLAYER
888 203081 8.551830 13.245100 PLAYER
888 203486 10.552960 21.849580 PLAYER
888 203468 9.779470 19.805620 PLAYER
888 203086 7.820160 27.213520 PLAYER
888 1495 19.851410 32.869580 PLAYER
888 1938 10.588840 21.773240 PLAYER
888 2225 4.302590 2.999570 PLAYER
888 200746 8.968720 30.897060 PLAYER
888 202695 3.204420 35.669830 PLAYER
900 -1 9.191390 18.754270 BALL
900 202329 6.672170 32.278310 PLAYER
900 203081 8.591270 13.089720 PLAYER
900 203486 9.858560 21.997150 PLAYER
900 203468 7.864080 19.982300 PLAYER
900 203086 7.812510 27.605320 PLAYER
900 1495 20.113900 32.891000 PLAYER
900 1938 9.858560 21.997150 PLAYER
900 2225 4.416330 2.743010 PLAYER
900 200746 9.173660 31.083320 PLAYER
900 202695 3.677620 36.652420 PLAYER
912 -1 8.745490 18.846710 BALL
912 202329 6.873100 32.817260 PLAYER
912 203081 8.596700 12.955550 PLAYER
912 203486 9.362430 22.271430 PLAYER
912 203468 6.161190 20.044420 PLAYER
912 203086 7.917920 27.871940 PLAYER
912 1495 20.427140 32.813590 PLAYER
912 1938 9.362430 22.271430 PLAYER
912 2225 4.461910 2.581880 PLAYER
912 200746 9.317270 31.041960 PLAYER
912 202695 4.250660 37.577750 PLAYER
924 -1 9.469610 20.094310 BALL
924 202329 7.060090 33.343550 PLAYER
924 203081 8.546270 12.874240 PLAYER
924 203486 8.960950 22.410410 PLAYER
924 203468 4.830680 20.153650 PLAYER
924 203086 7.959490 28.061000 PLAYER
924 1495 20.763430 32.655350 PLAYER
924 1938 8.960950 22.410410 PLAYER
924 2225 4.457740 2.478990 PLAYER
924 200746 9.360890 30.859470 PLAYER
924 202695 4.894400 38.427940 PLAYER
936 -1 11.123430 23.663260 BALL
936 202329 7.200600 33.774450 PLAYER
936 203081 8.441080 12.848000 PLAYER
936 203486 8.417960 22.288540 PLAYER
936 203468 4.233500 20.095580 PLAYER
936 203086 8.005630 28.169810 PLAYER
936 1495 21.118620 32.458450 PLAYER
936 1938 8.551900 22.252890 PLAYER
936 2225 4.399740 2.434320 PLAYER
936 200746 9.208950 30.532770 PLAYER
936 202695 5.551930 39.245220 PLAYER
948 -1 12.232110 25.042700 BALL
948 202329 7.296450 34.093180 PLAYER
948 203081 8.352780 12.856670 PLAYER
948 203486 8.091650 22.089110 PLAYER
948 203468 3.965790 19.912950 PLAYER
948 203086 8.049550 28.365970 PLAYER
948 1495 21.377330 32.182010 PLAYER
948 1938 8.457450 22.077310 PLAYER
948 2225 4.347130 2.403190 PLAYER
948 200746 8.976610 30.118380 PLAYER
948 202695 6.280050 39.985500 PLAYER
960 -1 13.386410 24.259590 BALL
960 202329 7.389400 34.356090 PLAYER
960 203081 8.312940 12.909160 PLAYER
960 203486 8.021270 21.841620 PLAYER
960 203468 3.992960 19.900750 PLAYER
960 203086 7.925570 28.576580 PLAYER
960 1495 21.569130 31.965680 PLAYER
960 1938 8.896560 21.987300 PLAYER
960 2225 4.400210 2.346440 PLAYER
960 200746 8.526500 29.719450 PLAYER
960 202695 7.076950 40.713040 PLAYER
972 -1 14.608300 24.236690 BALL
972 202329 7.584470 34.561360 PLAYER
972 203081 8.349130 12.984170 PLAYER
972 203486 8.101470 21.511600 PLAYER
972 203468 4.299380 19.972930 PLAYER
972 203086 7.878070 28.488610 PLAYER
972 1495 21.839190 31.868960 PLAYER
972 1938 9.463290 21.835350 PLAYER
972 2225 4.557930 2.268980 PLAYER
972 200746 8.089720 29.440520 PLAYER
972 202695 7.878030 41.428890 PLAYER
984 -1 16.723540 26.767940 BALL
984 202329 7.969250 34.688450 PLAYER
984 203081 8.465660 13.054280 PLAYER
984 203486 8.338200 21.224880 PLAYER
984 203468 4.804200 20.052830 PLAYER
984 203086 8.256370 28.171350 PLAYER
984 1495 22.071610 31.836760 PLAYER
984 1938 10.124330 21.643440 PLAYER
984 2225 4.805620 2.188600 PLAYER
984 200746 7.606480 29.213780 PLAYER
984 202695 8.680760 42.116920 PLAYER
996 -1 18.720570 29.344750 BALL
996 202329 8.427260 34.895900 PLAYER
996 203081 8.649120 13.143910 PLAYER
996 203486 8.814950 21.276430 PLAYER
996 203468 5.375050 20.095870 PLAYER
996 203086 8.935840 28.108660 PLAYER
996 1495 22.318780 31.889810 PLAYER
996 1938 11.124140 21.563280 PLAYER
996 2225 5.108970 2.127280 PLAYER
996 200746 7.182550 29.063900 PLAYER
996 202695 9.502230 42.782050 PLAYER
1008 -1 20.185170 31.103060 BALL
1008 202329 8.963380 35.179040 PLAYER
1008 203081 8.848960 13.258780 PLAYER
1008 203486 9.352020 21.290720 PLAYER
1008 203468 6.060390 20.181380 PLAYER
1008 203086 9.797050 27.914260 PLAYER
1008 1495 22.580310 32.068120 PLAYER
1008 1938 12.085020 21.321160 PLAYER
1008 2225 5.443790 2.102700 PLAYER
1008 200746 6.719160 28.955830 PLAYER
1008 202695 10.305610 43.446050 PLAYER
1020 -1 20.887960 31.722990 BALL
1020 202329 9.623800 35.434770 PLAYER
1020 203081 8.996710 13.409210 PLAYER
1020 203486 9.762030 21.376160 PLAYER
1020 203468 6.778070 20.045190 PLAYER
1020 203086 11.087440 27.694860 PLAYER
1020 1495 22.822400 32.245330 PLAYER
1020 1938 12.881810 21.014510 PLAYER
1020 2225 5.770510 2.140950 PLAYER
1020 200746 6.428550 28.866270 PLAYER
1020 202695 10.973870 44.137020 PLAYER
1032 -1 21.101540 31.914480 BALL
1032 202329 10.357190 35.633770 PLAYER
1032 203081 9.059950 13.611040 PLAYER
1032 203486 10.249440 21.501420 PLAYER
1032 203468 7.478230 19.917330 PLAYER
1032 203086 12.441510 27.821940 PLAYER
1032 1495 23.019970 32.351320 PLAYER
1032 1938 13.907480 20.649340 PLAYER
1032 2225 6.121700 2.217690 PLAYER
1032 200746 6.068500 28.850920 PLAYER
1032 202695 11.533380 44.802580 PLAYER
1044 -1 21.012100 31.975490 BALL
1044 202329 11.016170 35.840090 PLAYER
1044 203081 9.044540 13.851600 PLAYER
1044 203486 10.600980 21.713260 PLAYER
1044 203468 8.153960 19.782340 PLAYER
1044 203086 13.528200 28.377450 PLAYER
1044 1495 23.104750 32.436580 PLAYER
1044 1938 15.090380 20.290050 PLAYER
1044 2225 6.499630 2.296650 PLAYER
1044 200746 5.769430 28.905590 PLAYER
1044 202695 11.977810 45.452480 PLAYER
1056 -1 20.937170 32.043740 BALL
1056 202329 11.692330 36.008620 PLAYER
1056 203081 8.961790 14.104040 PLAYER
1056 203486 10.822160 21.821970 PLAYER
1056 203468 8.823870 19.710700 PLAYER
1056 203086 14.522380 28.927200 PLAYER
1056 1495 23.140700 32.505700 PLAYER
1056 1938 16.127330 19.915480 PLAYER
1056 2225 6.910500 2.384070 PLAYER
1056 200746 5.523490 29.023920 PLAYER
1056 202695 12.259860 46.021150 PLAYER
1068 -1 21.681860 32.320320 BALL
1068 202329 12.429960 36.143050 PLAYER
1068 203081 8.829790 14.338910 PLAYER
1068 203486 10.875120 21.925830 PLAYER
1068 203468 9.477290 19.586050 PLAYER
1068 203086 15.503440 29.444860 PLAYER
1068 1495 23.209180 32.535430 PLAYER
1068 1938 17.215710 19.623720 PLAYER
1068 2225 7.334080 2.486790 PLAYER
1068 200746 5.340600 29.241640 PLAYER
1068 202695 12.394440 46.488790 PLAYER
1080 -1 22.315320 32.537720 BALL
1080 202329 13.000790 36.304490 PLAYER
1080 203081 8.679400 14.497060 PLAYER
1080 203486 10.867260 22.031990 PLAYER
1080 203468 10.146770 19.637490 PLAYER
1080 203086 16.297460 29.895390 PLAYER
1080 1495 23.285860 32.563330 PLAYER
1080 1938 18.299180 19.308990 PLAYER
1080 2225 7.790250 2.590220 PLAYER
1080 200746 5.159760 29.473180 PLAYER
1080 202695 12.409650 46.831090 PLAYER
1092 -1 21.122560 32.053720 BALL
1092 202329 13.309060 36.486990 PLAYER
1092 203081 8.509960 14.586050 PLAYER
1092 203486 10.764500 22.197890 PLAYER
1092 203468 10.843670 19.653250 PLAYER
1092 203086 17.017470 30.349190 PLAYER
1092 1495 23.275430 32.626120 PLAYER
1092 1938 19.410450 19.004270 PLAYER
1092 2225 8.280440 2.707710 PLAYER
1092 200746 5.028080 29.652300 PLAYER
1092 202695 12.378820 47.120490 PLAYER
1104 -1 19.122400 31.170830 BALL
1104 202329 13.369500 36.697920 PLAYER
1104 203081 8.309650 14.651120 PLAYER
1104 203486 10.619860 22.352680 PLAYER
1104 203468 11.527110 19.671270 PLAYER
1104 203086 17.756060 30.620610 PLAYER
1104 1495 23.307500 32.754050 PLAYER
1104 1938 20.548130 18.700050 PLAYER
1104 2225 8.813260 2.835090 PLAYER
1104 200746 4.918330 29.747100 PLAYER
1104 202695 12.392550 47.333230 PLAYER
1116 -1 16.885880 30.102110 BALL
1116 202329 13.292670 36.836780 PLAYER
1116 203081 8.098600 14.723180 PLAYER
1116 203486 10.421910 22.517120 PLAYER
1116 203468 12.247900 19.699530 PLAYER
1116 203086 18.407140 30.684360 PLAYER
1116 1495 23.318460 32.872280 PLAYER
1116 1938 21.671460 18.428790 PLAYER
1116 2225 9.363610 2.963820 PLAYER
1116 200746 4.828030 29.764570 PLAYER
1116 202695 12.456670 47.506020 PLAYER
1128 -1 14.896790 29.258690 BALL
1128 202329 13.020200 36.909620 PLAYER
1128 203081 7.856470 14.856660 PLAYER
1128 203486 10.139490 22.793550 PLAYER
1128 203468 12.844480 19.766460 PLAYER
1128 203086 19.010490 30.763170 PLAYER
1128 1495 23.316250 33.039690 PLAYER
1128 1938 22.743470 18.142820 PLAYER
1128 2225 9.930380 3.125640 PLAYER
1128 200746 4.766150 29.724560 PLAYER
1128 202695 12.591970 47.611980 PLAYER
1140 -1 12.867290 28.291150 BALL
1140 202329 12.662480 36.889380 PLAYER
1140 203081 7.583200 15.116570 PLAYER
1140 203486 9.826550 23.121240 PLAYER
1140 203468 13.327990 19.872090 PLAYER
1140 203086 19.624460 30.827760 PLAYER
1140 1495 23.418900 33.232110 PLAYER
1140 1938 23.759740 17.845600 PLAYER
1140 2225 10.509670 3.314510 PLAYER
1140 200746 4.783430 29.690160 PLAYER
1140 202695 12.801240 47.641880 PLAYER
1152 -1 10.865680 27.340940 BALL
1152 202329 12.324420 36.715720 PLAYER
1152 203081 7.335510 15.440700 PLAYER
1152 203486 9.526640 23.349540 PLAYER
1152 203468 13.774720 20.025420 PLAYER
1152 203086 20.123130 30.802390 PLAYER
1152 1495 23.694470 33.346350 PLAYER
1152 1938 24.743440 17.522550 PLAYER
1152 2225 11.104670 3.523540 PLAYER
1152 200746 4.972250 29.617060 PLAYER
1152 202695 13.093770 47.583410 PLAYER
1164 -1 8.886080 26.588220 BALL
1164 202329 12.068000 36.400990 PLAYER
1164 203081 7.181100 15.789230 PLAYER
1164 203486 9.327240 23.438700 PLAYER
1164 203468 14.208900 20.160250 PLAYER
1164 203086 20.454280 30.668930 PLAYER
1164 1495 24.095130 33.398360 PLAYER
1164 1938 25.751500 17.261820 PLAYER
1164 2225 11.715750 3.736970 PLAYER
1164 200746 5.202680 29.453870 PLAYER
1164 202695 13.269980 47.466960 PLAYER
1176 -1 6.906490 25.763620 BALL
1176 202329 11.834850 35.978270 PLAYER
1176 203081 7.093530 16.173910 PLAYER
1176 203486 9.204900 23.345190 PLAYER
1176 203468 14.613400 20.254220 PLAYER
1176 203086 20.609470 30.571780 PLAYER
1176 1495 24.547980 33.429310 PLAYER
1176 1938 26.789460 17.076050 PLAYER
1176 2225 12.365020 3.979810 PLAYER
1176 200746 5.355060 29.203090 PLAYER
1176 202695 13.550190 47.261490 PLAYER
1188 -1 5.092900 24.959280 BALL
1188 202329 11.598520 35.453440 PLAYER
1188 203081 7.130680 16.603530 PLAYER
1188 203486 9.255880 23.168430 PLAYER
1188 203468 15.077560 20.342870 PLAYER
1188 203086 20.473630 30.466290 PLAYER
1188 1495 25.053720 33.436330 PLAYER
1188 1938 27.891600 17.001470 PLAYER
1188 2225 13.069570 4.241330 PLAYER
1188 200746 5.480390 28.825780 PLAYER
1188 202695 13.970750 46.975510 PLAYER
1200 -1 5.773010 24.407180 BALL
1200 202329 11.345950 34.824550 PLAYER
1200 203081 7.259340 17.006480 PLAYER
1200 203486 9.451160 22.904940 PLAYER
1200 203468 15.567370 20.422450 PLAYER
1200 203086 20.149300 30.388050 PLAYER
1200 1495 25.595410 33.390000 PLAYER
1200 1938 28.994570 16.956900 PLAYER
1200 2225 13.822620 4.533960 PLAYER
1200 200746 5.578840 28.269220 PLAYER
1200 202695 14.477500 46.649210 PLAYER
1212 -1 6.437460 24.051630 BALL
1212 202329 11.147080 34.178150 PLAYER
1212 203081 7.428040 17.357120 PLAYER
1212 203486 9.666280 22.654370 PLAYER
1212 203468 16.035070 20.485580 PLAYER
1212 203086 19.779400 30.384700 PLAYER
1212 1495 26.211560 33.338140 PLAYER
1212 1938 30.108910 16.986830 PLAYER
1212 2225 14.610800 4.840850 PLAYER
1212 200746 5.576890 27.754300 PLAYER
1212 202695 14.949170 46.353520 PLAYER