0 -1 26.690280 9.431720
0 201564 41.732680 41.969090
0 203089 21.531880 20.439210
0 203114 25.686500 8.277730
0 203948 15.399060 38.532180
0 203898 26.195580 37.859660
0 202335 35.178100 26.398570
0 201942 57.879050 20.403820
0 203082 61.685760 18.937940
0 202709 60.235290 33.351090
0 202687 59.063620 17.696000
12 -1 29.569530 8.634360
12 201564 42.355060 41.376520
12 203089 23.524120 20.152370
12 203114 27.739980 7.767610
12 203948 16.996730 39.227960
12 203898 27.993150 38.068750
12 202335 37.041580 26.504300
12 201942 58.168710 19.718060
12 203082 62.504370 19.594850
12 202709 61.134170 33.271640
12 202687 60.027240 17.288280
24 -1 32.349740 7.562660
24 201564 42.912790 40.763830
24 203089 25.524620 19.942950
24 203114 29.811070 7.183680
24 203948 18.709650 39.794020
24 203898 29.857830 38.225080
24 202335 38.915340 26.654930
24 201942 58.534480 19.042100
24 203082 63.267430 20.261340
24 202709 61.984010 33.121760
24 202687 60.995540 16.877890
36 -1 33.952620 6.436250
36 201564 43.439380 40.076380
36 203089 27.576800 19.726910
36 203114 31.861850 6.648270
36 203948 20.526910 40.216460
36 203898 31.728930 38.402480
36 202335 40.790850 26.756110
36 201942 58.930620 18.425090
36 203082 63.942340 20.919760
36 202709 62.811490 33.004650
36 202687 61.963250 16.466430
48 -1 35.363760 5.651450
48 201564 43.932200 39.341670
48 203089 29.625480 19.556670
48 203114 33.925750 6.201420
48 203948 22.469270 40.818870
48 203898 33.669960 38.690080
48 202335 42.695520 26.862420
48 201942 59.351410 17.833420
48 203082 64.501650 21.524080
48 202709 63.584970 32.848320
48 202687 62.890810 16.093810
60 -1 36.974550 4.828350
60 201564 44.396690 38.640210
60 203089 31.692890 19.362830
60 203114 35.961660 5.762790
60 203948 24.477690 41.305260
60 203898 35.643640 38.940990
60 202335 44.586450 26.958640
60 201942 59.812810 17.171910
60 203082 64.950270 22.082940
60 202709 64.307120 32.703280
60 202687 63.819720 15.778250
72 -1 38.466490 4.304760
72 201564 44.875460 37.880820
72 203089 33.792800 19.189190
72 203114 37.982530 5.357670
72 203948 26.590060 41.697280
72 203898 37.658070 39.267390
72 202335 46.467900 27.051130
72 201942 60.270760 16.505940
72 203082 65.277950 22.559330
72 202709 65.028410 32.558000
72 202687 64.754470 15.558910
84 -1 40.213240 3.945010
84 201564 45.369150 37.136620
84 203089 35.891970 18.965950
84 203114 39.980760 4.954320
84 203948 28.629300 42.316770
84 203898 39.738020 39.634960
84 202335 48.312540 27.128090
84 201942 60.748570 15.880300
84 203082 65.453650 22.962570
84 202709 65.794360 32.499160
84 202687 65.666760 15.405900
96 -1 42.310680 3.523990
96 201564 45.871090 36.373030
96 203089 37.927080 18.797940
96 203114 41.918110 4.618740
96 203948 30.740800 42.802340
96 203898 41.865850 40.010900
96 202335 50.173980 27.229400
96 201942 61.305490 15.263990
96 203082 65.505090 23.284200
96 202709 66.531950 32.401390
96 202687 66.581580 15.283640
108 -1 44.841820 3.648730
108 201564 46.392060 35.620950
108 203089 39.950390 18.610040
108 203114 43.784970 4.376330
108 203948 32.858400 43.167340
108 203898 44.028900 40.451350
108 202335 51.970720 27.330520
108 201942 61.936350 14.689630
108 203082 65.475070 23.532050
108 202709 67.277990 32.385240
108 202687 67.523030 15.168790
120 -1 47.202460 3.803510
120 201564 46.901330 34.865640
120 203089 41.963170 18.437920
120 203114 45.600850 4.174200
120 203948 34.974420 43.574190
120 203898 46.244410 40.925130
120 202335 53.700520 27.418370
120 201942 62.597870 14.125220
120 203082 65.384280 23.696590
120 202709 68.058420 32.347510
120 202687 68.445800 15.030280
132 -1 49.524730 4.435320
132 201564 47.412710 34.198790
132 203089 43.960050 18.267740
132 203114 47.375390 4.023140
132 203948 37.108360 43.928400
132 203898 48.499310 41.382310
132 202335 55.374480 27.515320
132 201942 63.263260 13.572500
132 203082 65.263380 23.731380
132 202709 68.918480 32.267090
132 202687 69.329270 14.868780
144 -1 50.681040 4.736670
144 201564 47.936470 33.563720
144 203089 45.917280 18.111010
144 203114 49.067150 3.941090
144 203948 39.219940 44.157640
144 203898 50.742530 41.890990
144 202335 57.006850 27.649280
144 201942 63.922750 13.006340
144 203082 65.146680 23.679360
144 202709 69.741580 32.227990
144 202687 70.186530 14.659460
156 -1 51.036580 5.205920
156 201564 48.467190 33.026990
156 203089 47.889440 17.892570
156 203114 50.711330 3.861630
156 203948 41.260910 44.494470
156 203898 53.000460 42.481300
156 202335 58.532690 27.757360
156 201942 64.548670 12.431450
156 203082 65.063120 23.594900
156 202709 70.622850 32.216670
156 202687 71.006490 14.419890
168 -1 52.523150 5.044600
168 201564 48.989990 32.519510
168 203089 49.780540 17.708990
168 203114 52.340770 3.788880
168 203948 43.303510 44.828400
168 203898 55.251850 43.064900
168 202335 60.005110 27.866920
168 201942 65.107190 11.878090
168 203082 65.007740 23.491090
168 202709 71.561430 32.161370
168 202687 71.731770 14.185280
180 -1 53.654800 4.892720
180 201564 49.513510 32.079920
180 203089 51.614820 17.546870
180 203114 53.923320 3.790260
180 203948 45.307360 45.133130
180 203898 57.489690 43.625500
180 202335 61.336130 27.824610
180 201942 65.646650 11.407040
180 203082 64.992340 23.348720
180 202709 72.532610 32.122850
180 202687 72.393660 13.921640
192 -1 55.082670 4.738100
192 201564 50.023020 31.685900
192 203089 53.402770 17.390720
192 203114 55.463830 3.827980
192 203948 47.259410 45.407880
192 203898 59.760040 44.307340
192 202335 62.682830 27.841450
192 201942 66.225820 10.993440
192 203082 65.029800 23.234110
192 202709 73.513850 32.125770
192 202687 72.968040 13.575870
204 -1 56.756570 4.749090
204 201564 50.508450 31.331790
204 203089 55.140960 17.219410
204 203114 56.954550 3.911430
204 203948 49.239880 45.612740
204 203898 61.982720 44.845450
204 202335 63.998590 27.889250
204 201942 66.848080 10.640580
204 203082 65.096270 23.110120
204 202709 74.552750 32.083180
204 202687 73.425600 13.202130
216 -1 57.493380 5.137390
216 201564 50.968980 30.999300
216 203089 56.793200 17.051810
216 203114 58.369010 3.994470
216 203948 51.168910 45.815410
216 203898 64.134870 45.312490
216 202335 65.319810 27.927240
216 201942 67.469830 10.380540
216 203082 65.210280 22.945220
216 202709 75.566750 32.011600
216 202687 73.839100 12.863210
228 -1 59.899960 4.929660
228 201564 51.419820 30.748250
228 203089 58.415720 16.846780
228 203114 59.738780 4.143920
228 203948 53.013730 45.985140
228 203898 66.243860 45.693150
228 202335 66.627660 27.996660
228 201942 68.100260 10.223070
228 203082 65.387170 22.732470
228 202709 76.519890 31.952650
228 202687 74.146940 12.487680
240 -1 61.424330 4.952250
240 201564 51.874150 30.565290
240 203089 60.016640 16.637380
240 203114 60.980080 4.294590
240 203948 54.853000 46.155890
240 203898 68.339920 46.126870
240 202335 68.013060 28.196380
240 201942 68.770940 10.096040
240 203082 65.602900 22.511600
240 202709 77.441550 31.960910
240 202687 74.415580 12.124080
252 -1 61.936950 5.451860
252 201564 52.326830 30.440570
252 203089 61.533950 16.494470
252 203114 62.023010 4.507950
252 203948 56.651190 46.275220
252 203898 70.316440 46.452250
252 202335 69.302170 28.290610
252 201942 69.357710 10.042910
252 203082 65.830000 22.319200
252 202709 78.332530 32.075340
252 202687 74.683040 11.843560
264 -1 62.157230 5.441950
264 201564 52.772010 30.404030
264 203089 63.060860 16.434590
264 203114 62.833490 4.818420
264 203948 58.340830 46.375310
264 203898 72.226360 46.833700
264 202335 70.488280 28.296730
264 201942 69.767720 10.102170
264 203082 66.042350 22.199190
264 202709 79.182790 32.227500
264 202687 74.969630 11.670970
276 -1 62.449930 5.586880
276 201564 53.200640 30.440740
276 203089 64.624590 16.467370
276 203114 63.669000 5.247890
276 203948 59.959920 46.397520
276 203898 74.106590 47.174760
276 202335 71.559220 28.207790
276 201942 69.986950 10.270950
276 203082 66.218330 22.175650
276 202709 79.988630 32.427410
276 202687 75.192510 11.453920
288 -1 63.371340 6.092440
288 201564 53.613410 30.538570
288 203089 66.215230 16.656860
288 203114 64.476090 5.673980
288 203948 61.555700 46.379720
288 203898 75.940530 47.603310
288 202335 72.612390 28.043340
288 201942 70.027450 10.476880
288 203082 66.339930 22.274780
288 202709 80.779230 32.661100
288 202687 75.477590 11.528780
300 -1 64.898780 7.166560
300 201564 54.034090 30.660510
300 203089 67.806710 16.980480
300 203114 65.367680 5.980120
300 203948 63.090320 46.352800
300 203898 77.647620 47.982110
300 202335 73.634800 27.847630
300 201942 69.839520 10.766610
300 203082 66.444300 22.474370
300 202709 81.555210 32.837990
300 202687 75.753890 11.728040
312 -1 66.817890 8.089650
312 201564 54.452090 30.753050
312 203089 69.376620 17.329130
312 203114 66.391210 6.204460
312 203948 64.556960 46.336260
312 203898 79.244660 48.262890
312 202335 74.616220 27.585220
312 201942 69.622040 11.063860
312 203082 66.574140 22.701400
312 202709 82.304870 32.918280
312 202687 76.004210 12.029050
324 -1 68.972420 6.716090
324 201564 54.856950 30.783180
324 203089 70.947520 17.810320
324 203114 67.690000 6.310710
324 203948 65.932050 46.293040
324 203898 80.747290 48.490530
324 202335 75.633210 27.274940
324 201942 69.455250 11.288350
324 203082 66.750740 22.891860
324 202709 83.013450 32.928070
324 202687 76.268290 12.471310
336 -1 70.516390 5.486660
336 201564 55.288080 30.782290
336 203089 72.458070 18.402050
336 203114 69.054030 6.315360
336 203948 67.194440 46.204920
336 203898 82.113560 48.695550
336 202335 76.654590 26.999990
336 201942 69.777220 11.398620
336 203082 67.062010 23.100430
336 202709 83.699740 32.835690
336 202687 76.638650 13.031450
348 -1 71.353060 4.837300
348 201564 55.745950 30.751770
348 203089 73.900050 19.035620
348 203114 70.511050 6.294400
348 203948 68.304330 46.069270
348 203898 83.344690 48.759900
348 202335 77.616590 26.709020
348 201942 70.290360 11.409250
348 203082 67.486960 23.258570
348 202709 84.410350 32.602990
348 202687 77.147080 13.424000
360 -1 72.795330 4.872330
360 201564 56.211650 30.709750
360 203089 75.200580 19.639400
360 203114 71.999840 6.430840
360 203948 69.306280 45.867160
360 203898 84.490620 48.724280
360 202335 78.526840 26.395110
360 201942 71.092060 11.293150
360 203082 67.975840 23.379260
360 202709 85.104740 32.277350
360 202687 77.825820 13.800980
372 -1 74.540410 5.336980
372 201564 56.687240 30.698730
372 203089 76.508160 20.306180
372 203114 73.554570 6.698480
372 203948 70.218920 45.561640
372 203898 85.553420 48.555060
372 202335 79.392930 26.015100
372 201942 72.246800 11.148860
372 203082 68.543630 23.476560
372 202709 85.748570 31.884340
372 202687 78.741930 14.081690
384 -1 76.141140 5.961940
384 201564 57.159360 30.729040
384 203089 77.634720 20.890830
384 203114 75.092470 7.090600
384 203948 71.069780 45.161230
384 203898 86.499590 48.265280
384 202335 80.175700 25.567550
384 201942 73.702600 10.987130
384 203082 69.193730 23.566400
384 202709 86.342460 31.382630
384 202687 79.497700 14.194660
396 -1 78.413510 7.190250
396 201564 57.631450 30.763580
396 203089 78.605150 21.388390
396 203114 76.622980 7.648390
396 203948 71.850530 44.735290
396 203898 87.333930 47.941510
396 202335 80.950590 25.166000
396 201942 74.922810 10.873250
396 203082 69.803090 23.528130
396 202709 86.877230 30.832160
396 202687 80.351750 14.259940
408 -1 80.392690 8.383280
408 201564 58.077060 30.765240
408 203089 79.355050 21.767430
408 203114 78.141820 8.327790
408 203948 72.551800 44.278620
408 203898 87.993580 47.634250
408 202335 81.658570 24.738630
408 201942 76.389510 10.839270
408 203082 70.408780 23.433670
408 202709 87.304620 30.383570
408 202687 81.332960 14.306120
420 -1 81.559740 8.590390
420 201564 58.490950 30.703640
420 203089 79.910580 22.032740
420 203114 79.620640 8.978860
420 203948 73.142050 43.822010
420 203898 88.474720 47.301610
420 202335 82.293210 24.323060
420 201942 77.791720 11.036330
420 203082 71.025930 23.295430
420 202709 87.644460 30.089420
420 202687 82.165830 14.238620
432 -1 82.265400 8.517250
432 201564 58.872890 30.538500
432 203089 80.304260 22.166510
432 203114 81.068520 9.605950
432 203948 73.614420 43.408110
432 203898 88.787250 47.055570
432 202335 82.815640 24.073860
432 201942 79.054100 11.289690
432 203082 71.578080 23.098460
432 202709 87.863480 29.913480
432 202687 82.782310 14.092350
444 -1 83.144070 8.713050
444 201564 59.259510 30.227500
444 203089 80.531630 22.160890
444 203114 82.480570 10.156240
444 203948 73.992970 43.071870
444 203898 88.986530 46.998110
444 202335 83.165490 23.890390
444 201942 80.184800 11.618940
444 203082 72.049050 22.851300
444 202709 88.012180 29.874250
444 202687 83.949830 13.836790
456 -1 84.428550 9.343980
456 201564 59.578500 29.766640
456 203089 80.742810 22.067060
456 203114 83.916940 10.608380
456 203948 74.279310 42.772000
456 203898 89.077320 47.016520
456 202335 83.394590 23.735060
456 201942 81.320850 11.946840
456 203082 72.484980 22.599400
456 202709 88.081360 30.007980
456 202687 85.051220 13.584170
468 -1 85.595840 9.684290
468 201564 59.814100 29.193980
468 203089 80.937600 21.856210
468 203114 85.185250 10.866240
468 203948 74.491300 42.474790
468 203898 89.140400 47.035550
468 202335 83.584970 23.696270
468 201942 82.245820 12.071250
468 203082 72.942810 22.377640
468 202709 88.106770 30.216680
468 202687 85.934370 13.341840
480 -1 86.004950 9.011550
480 201564 59.976370 28.563400
480 203089 81.124710 21.530730
480 203114 86.297750 10.993130
480 203948 74.589700 42.161150
480 203898 89.250320 47.075470
480 202335 83.734900 23.713030
480 201942 83.195670 12.145320
480 203082 73.380780 22.129450
480 202709 88.081030 30.407350
480 202687 86.872460 13.096800
492 -1 86.414050 8.338810
492 201564 60.066020 27.874720
492 203089 81.008510 21.055760
492 203114 87.247380 10.845900
492 203948 74.591530 41.943530
492 203898 89.425280 47.137680
492 202335 83.877270 23.692660
492 201942 84.059460 12.005840
492 203082 73.762510 21.908590
492 202709 88.045620 30.594530
492 202687 87.914170 12.806430
504 -1 86.823160 7.666070
504 201564 60.073460 27.116350
504 203089 80.860760 20.530940
504 203114 87.977590 10.449260
504 203948 74.520630 41.713000
504 203898 89.626400 47.106690
504 202335 83.984850 23.657180
504 201942 84.950070 11.382130
504 203082 74.082190 21.733420
504 202709 88.028860 30.848780
504 202687 88.627240 12.493820
516 -1 87.232270 6.993330
516 201564 59.978300 26.238200
516 203089 80.593020 19.924350
516 203114 88.380570 9.769760
516 203948 74.345400 41.395030
516 203898 89.826880 47.023550
516 202335 84.059840 23.523480
516 201942 85.522390 10.636010
516 203082 74.316040 21.583230
516 202709 87.994140 31.068920
516 202687 89.189840 12.077010
528 -1 87.641370 6.320600
528 201564 59.818370 25.232050
528 203089 80.157350 19.322650
528 203114 88.643360 8.879290
528 203948 74.168180 41.062090
528 203898 89.993440 46.935640
528 202335 84.021170 23.209390
528 201942 85.914590 10.053710
528 203082 74.365170 21.353410
528 202709 87.910550 31.299430
528 202687 89.688930 11.618270
540 -1 88.050480 5.647860
540 201564 59.603560 24.094380
540 203089 79.633730 18.735430
540 203114 88.734770 7.829930
540 203948 74.029140 40.683700
540 203898 90.058000 46.884070
540 202335 83.874800 22.797350
540 201942 86.168730 9.210840
540 203082 74.255120 21.052070
540 202709 87.727170 31.558030
540 202687 90.068000 11.126180
552 -1 88.119820 4.948740
552 201564 59.332370 22.871610
552 203089 79.290610 18.161800
552 203114 88.530030 6.810410
552 203948 73.939640 40.208070
552 203898 90.042420 46.917760
552 202335 83.624440 22.301990
552 201942 86.311070 8.329160
552 203082 74.098610 20.649330
552 202709 87.497870 31.821440
552 202687 90.208570 10.704040
564 -1 87.509610 4.196860
564 201564 59.000130 21.549600
564 203089 78.866920 17.594860
564 203114 88.102630 5.786930
564 203948 73.769530 39.621990
564 203898 89.984540 46.944160
564 202335 83.375790 21.761680
564 201942 86.053500 7.729940
564 203082 73.909190 20.134090
564 202709 87.220470 32.039360
564 202687 90.166870 10.474640
576 -1 86.899410 3.444980
576 201564 58.636730 20.234540
576 203089 78.331540 17.006860
576 203114 87.480970 4.918140
576 203948 73.502530 39.030550
576 203898 89.915850 47.150610
576 202335 83.042700 21.167820
576 201942 85.814390 7.150960
576 203082 73.595890 19.498210
576 202709 86.948280 32.248960
576 202687 90.036760 10.476470
588 -1 86.289210 2.693100
588 201564 58.222370 18.958070
588 203089 77.870730 16.428140
588 203114 86.690110 4.222250
588 203948 73.179440 38.478760
588 203898 89.842370 47.355360
588 202335 82.662800 20.557530
588 201942 85.310060 6.486350
588 203082 73.138100 18.805370
588 202709 86.642630 32.386960
588 202687 89.793020 10.471200
600 -1 85.679000 1.941220
600 201564 57.766630 17.717140
600 203089 77.471260 15.889650
600 203114 85.837480 3.681550
600 203948 72.719910 37.944130
600 203898 89.801550 47.549610
600 202335 82.348380 19.981640
600 201942 84.607390 6.071040
600 203082 72.544990 18.042390
600 202709 86.362720 32.461030
600 202687 89.438360 10.666250
612 -1 84.443930 1.884310
612 201564 57.284840 16.517650
612 203089 77.028030 15.426220
612 203114 85.120610 3.278730
612 203948 72.082960 37.318690
612 203898 89.785740 47.573040
612 202335 82.013960 19.384560
612 201942 83.731380 5.842490
612 203082 71.720320 17.176240
612 202709 86.095850 32.477940
612 202687 88.965450 11.207050
624 -1 82.600430 2.626360
624 201564 56.769890 15.439950
624 203089 76.612270 15.018050
624 203114 84.586740 3.071710
624 203948 71.504930 36.751350
624 203898 89.805130 47.561640
624 202335 81.707180 18.863810
624 201942 82.881060 5.779840
624 203082 70.886790 16.253040
624 202709 85.820590 32.444300
624 202687 88.440230 11.720630
636 -1 82.377510 3.550410
636 201564 56.265570 14.488670
636 203089 76.311100 14.783470
636 203114 84.304540 2.992670
636 203948 71.120680 36.220600
636 203898 89.848830 47.363840
636 202335 81.528500 18.547160
636 201942 82.007440 5.807070
636 203082 69.966720 15.324270
636 202709 85.581770 32.346150
636 202687 87.858220 12.212080
648 -1 82.323550 5.156420
648 201564 55.815320 13.692860
648 203089 75.983660 14.599220
648 203114 84.223490 3.060890
648 203948 70.720480 35.602610
648 203898 89.892140 47.198070
648 202335 81.471880 18.469710
648 201942 81.505980 5.951640
648 203082 69.103370 14.405710
648 202709 85.445080 32.233110
648 202687 87.279510 12.801590
660 -1 83.395370 5.474710
660 201564 55.420630 13.062920
660 203089 75.688190 14.524300
660 203114 84.297170 3.257190
660 203948 70.353560 34.850490
660 203898 89.948910 47.040300
660 202335 81.476830 18.520610
660 201942 81.288970 6.028770
660 203082 68.372270 13.596400
660 202709 85.424880 32.128850
660 202687 86.806010 13.431560
672 -1 85.266960 4.668770
672 201564 55.092990 12.597450
672 203089 75.546690 14.630230
672 203114 84.415340 3.502860
672 203948 70.206100 34.168080
672 203898 89.998880 46.975680
672 202335 81.699930 18.821710
672 201942 81.359930 6.155230
672 203082 67.911830 13.025850
672 202709 85.471350 32.033330
672 202687 86.552320 13.904790
684 -1 84.234920 6.765260
684 201564 54.869380 12.302310
684 203089 75.475220 14.873820
684 203114 84.528870 3.826400
684 203948 69.989070 33.395300
684 203898 89.979970 47.006030
684 202335 82.014700 19.258980
684 201942 81.726000 6.260190
684 203082 67.531820 12.661530
684 202709 85.617320 31.957640
684 202687 86.446690 14.417410
696 -1 83.202880 8.861740
696 201564 54.771970 12.176090
696 203089 75.437600 15.166780
696 203114 84.509450 4.205430
696 203948 69.704300 32.581680
696 203898 89.865320 47.100040
696 202335 82.326060 19.717470
696 201942 82.557410 6.333270
696 203082 67.454310 12.486660
696 202709 85.833970 31.919260
696 202687 86.479360 14.951840
708 -1 81.306000 11.913440
708 201564 54.777550 12.169950
708 203089 75.540550 15.519220
708 203114 84.556280 4.505020
708 203948 69.435490 31.839610
708 203898 89.647520 47.196870
708 202335 82.629870 20.209200
708 201942 83.331460 6.443250
708 203082 67.605560 12.496880
708 202709 86.049400 31.876070
708 202687 86.553490 15.561680
720 -1 78.536820 15.515840
720 201564 54.869260 12.252470
720 203089 75.705040 15.864280
720 203114 84.745330 4.744240
720 203948 69.244640 31.313280
720 203898 89.316660 47.115080
720 202335 82.830830 20.774040
720 201942 84.057340 6.490900
720 203082 67.958090 12.696010
720 202709 86.219450 31.763810
720 202687 86.553170 16.203550
732 -1 76.113220 18.992350
732 201564 55.022130 12.398670
732 203089 75.819450 16.145730
732 203114 85.026930 4.966310
732 203948 68.954970 30.890830
732 203898 88.908970 47.130720
732 202335 82.853650 21.313010
732 201942 84.794190 6.606280
732 203082 68.395390 12.960600
732 202709 86.315430 31.612580
732 202687 86.456190 16.817570
744 -1 73.794810 22.606200
744 201564 55.207010 12.595890
744 203089 75.998060 16.367950
744 203114 85.404770 5.082700
744 203948 68.798130 30.592330
744 203898 88.472840 47.100350
744 202335 82.688400 21.900820
744 201942 85.506980 6.802610
744 203082 68.937260 13.320140
744 202709 86.271670 31.497930
744 202687 86.231090 17.445250
756 -1 71.438510 25.985660
756 201564 55.423010 12.809200
756 203089 76.189670 16.502380
756 203114 85.909090 5.173240
756 203948 68.699300 30.362850
756 203898 88.072120 47.153790
756 202335 82.359990 22.651700
756 201942 85.920970 6.980190
756 203082 69.519350 13.723720
756 202709 86.148250 31.519960
756 202687 85.903070 18.021800
768 -1 69.671780 28.506910
768 201564 55.681840 13.040300
768 203089 76.497880 16.733990
768 203114 86.389060 5.214710
768 203948 68.626090 30.098900
768 203898 87.717980 47.158330
768 202335 81.850460 23.401200
768 201942 86.376190 7.033420
768 203082 70.106900 14.280050
768 202709 85.990490 31.704930
768 202687 85.515030 18.506300
780 -1 69.452090 28.747360
780 201564 55.970120 13.295790
780 203089 76.951010 17.032370
780 203114 86.758950 5.259930
780 203948 68.620240 29.846070
780 203898 87.375640 47.349690
780 202335 81.174000 24.101760
780 201942 86.858360 7.023580
780 203082 70.620800 14.899420
780 202709 85.793580 32.052810
780 202687 85.116690 18.899330
792 -1 69.327800 28.636870
792 201564 56.264780 13.578040
792 203089 77.452050 17.319950
792 203114 87.083430 5.214770
792 203948 68.672370 29.582940
792 203898 87.039970 47.497330
792 202335 80.313890 24.794820
792 201942 87.223850 6.921860
792 203082 71.081630 15.606050
792 202709 85.575500 32.534090
792 202687 84.714500 19.257220
804 -1 69.767150 27.805200
804 201564 56.566430 13.863390
804 203089 77.951010 17.649290
804 203114 87.357970 5.130590
804 203948 68.769070 29.426300
804 203898 86.757540 47.665980
804 202335 79.331830 25.430300
804 201942 87.500650 6.992210
804 203082 71.464810 16.378470
804 202709 85.364360 33.079810
804 202687 84.305850 19.589660
816 -1 69.216600 28.386430
816 201564 56.843050 14.160070
816 203089 78.453950 17.946780
816 203114 87.574720 4.947150
816 203948 68.919340 29.315900
816 203898 86.550780 47.666840
816 202335 78.338910 25.931670
816 201942 87.757570 7.509800
816 203082 71.785280 17.237000
816 202709 85.152980 33.574710
816 202687 83.898220 19.818200
828 -1 68.792070 29.054700
828 201564 57.045160 14.472820
828 203089 78.860280 18.174990
828 203114 87.697340 4.745170
828 203948 69.119760 29.284010
828 203898 86.347290 47.658870
828 202335 77.316040 26.355840
828 201942 88.037980 8.170540
828 203082 72.106590 18.048780
828 202709 84.982230 33.937910
828 202687 83.480110 19.928050
840 -1 69.106000 29.018760
840 201564 57.164330 14.789260
840 203089 79.130240 18.398860
840 203114 87.737310 4.515590
840 203948 69.292880 29.239900
840 203898 86.087500 47.597320
840 202335 76.384850 26.794780
840 201942 88.222390 9.058140
840 203082 72.519360 18.860740
840 202709 84.871670 34.177160
840 202687 83.158880 20.060180
852 -1 70.366180 28.918450
852 201564 57.210360 15.110760
852 203089 79.296500 18.634030
852 203114 87.661830 4.301610
852 203948 69.460720 29.180830
852 203898 85.763940 47.478820
852 202335 75.583700 27.154780
852 201942 88.330660 10.040490
852 203082 73.022510 19.663330
852 202709 84.850890 34.297580
852 202687 82.783450 20.040470
864 -1 72.632580 28.551430
864 201564 57.180260 15.432280
864 203089 79.377010 18.916270
864 203114 87.471170 4.105030
864 203948 69.535410 29.116170
864 203898 85.336840 47.306180
864 202335 74.763430 27.463220
864 201942 88.519500 10.991660
864 203082 73.588410 20.418190
864 202709 84.943240 34.247920
864 202687 82.512170 19.962440
876 -1 74.707460 28.084530
876 201564 57.070120 15.735620
876 203089 79.397050 19.293150
876 203114 87.216010 3.908770
876 203948 69.504240 29.125560
876 203898 84.746060 47.092540
876 202335 73.874200 27.680910
876 201942 88.654300 11.630170
876 203082 74.198590 21.131910
876 202709 85.093990 33.995000
876 202687 82.377540 19.927720
888 -1 76.920340 27.651830
888 201564 56.898360 15.991390
888 203089 79.377220 19.762380
888 203114 86.910340 3.795730
888 203948 69.361700 29.209380
888 203898 84.055210 46.776200
888 202335 72.996940 27.872940
888 201942 88.703670 12.301360
888 203082 74.878380 21.829190
888 202709 85.265590 33.713210
888 202687 82.456770 20.004350
900 -1 78.775480 27.265250
900 201564 56.658400 16.202920
900 203089 79.304650 20.260740
900 203114 86.543160 3.760740
900 203948 69.122140 29.314750
900 203898 83.287330 46.385930
900 202335 72.068040 27.966610
900 201942 88.752520 13.000800
900 203082 75.651970 22.451540
900 202709 85.432610 33.450750
900 202687 82.608380 20.104170
912 -1 80.987530 26.770490
912 201564 56.369970 16.379270
912 203089 79.358800 20.729460
912 203114 86.132260 3.823620
912 203948 68.770140 29.516680
912 203898 82.443080 45.901530
912 202335 71.058650 28.008690
912 201942 88.841700 13.733160
912 203082 76.575170 23.016310
912 202709 85.577760 33.113080
912 202687 82.977940 20.380430
924 -1 83.133840 26.431050
924 201564 56.033360 16.537450
924 203089 79.546260 21.147970
924 203114 85.668510 3.969220
924 203948 68.293460 29.807390
924 203898 81.563680 45.380620
924 202335 70.143130 28.039250
924 201942 88.799510 14.371340
924 203082 77.557020 23.603360
924 202709 85.701710 32.762230
924 202687 83.402840 20.812690
936 -1 85.120290 26.166550
936 201564 55.657650 16.710950
936 203089 79.916750 21.597560
936 203114 85.157230 4.146280
936 203948 67.745880 30.136140
936 203898 80.607310 44.780650
936 202335 69.244760 27.944090
936 201942 88.770480 15.050450
936 203082 78.667390 24.248550
936 202709 85.830510 32.451120
936 202687 83.801450 21.367420
948 -1 87.127800 25.672350
948 201564 55.257540 16.928870
948 203089 80.409050 21.973300
948 203114 84.592700 4.331310
948 203948 67.162410 30.451680
948 203898 79.626250 44.168960
948 202335 68.403430 27.924670
948 201942 88.718390 15.753010
948 203082 79.841120 24.838690
948 202709 85.989580 32.091570
948 202687 84.139570 21.965590
960 -1 88.195600 25.315290
960 201564 54.852920 17.176220
960 203089 80.995730 22.275140
960 203114 83.943000 4.528590
960 203948 66.536040 30.849300
960 203898 78.658440 43.535150
960 202335 67.423070 27.820230
960 201942 88.646740 16.416740
960 203082 81.001730 25.270570
960 202709 86.120820 31.646650
960 202687 84.386580 22.537020
972 -1 88.602280 25.330040
972 201564 54.446870 17.446560
972 203089 81.524150 22.591950
972 203114 83.203450 4.746290
972 203948 65.837540 31.216870
972 203898 77.682690 42.866580
972 202335 66.469720 27.793340
972 201942 88.545050 17.037410
972 203082 82.140330 25.754530
972 202709 86.273280 31.254820
972 202687 84.536730 23.102740
984 -1 89.447170 25.472090
984 201564 54.049080 17.675540
984 203089 81.980460 22.956710
984 203114 82.384270 4.986210
984 203948 65.104450 31.522350
984 203898 76.669560 42.131290
984 202335 65.527200 27.809490
984 201942 88.453670 17.619610
984 203082 83.302080 26.215180
984 202709 86.398240 30.937040
984 202687 84.741150 23.578530