0 -1 15.578900 11.491240
0 201155 25.384020 13.418130
0 101139 0.213760 25.367550
0 101145 22.667280 4.667840
0 202331 17.439890 39.248490
0 1626167 22.016790 21.577430
0 202344 14.922390 24.574970
0 202330 39.589650 36.684530
0 202692 35.002650 11.693040
0 203504 34.489600 15.886070
0 203497 22.397040 25.408940
12 -1 19.043370 8.470640
12 201155 27.296760 12.672180
12 101139 0.658060 25.171480
12 101145 22.557890 4.562190
12 202331 18.278030 40.161160
12 1626167 23.995260 21.377530
12 202344 16.494400 24.590370
12 202330 40.530570 36.755190
12 202692 36.541640 11.731900
12 203504 36.059640 16.179230
12 203497 24.361740 25.253170
24 -1 22.070460 6.052040
24 201155 29.269310 11.887250
24 101139 1.262220 25.204840
24 101145 22.725930 4.611700
24 202331 19.232620 40.958240
24 1626167 26.095140 21.202410
24 202344 18.149100 24.610960
24 202330 41.545850 36.827870
24 202692 38.124080 11.725490
24 203504 37.611200 15.810920
24 203497 26.225820 25.118940
36 -1 23.053170 5.921640
36 201155 31.289140 11.074210
36 101139 2.081490 25.294130
36 101145 23.217880 4.762410
36 202331 20.225190 41.668030
36 1626167 28.306170 21.085400
36 202344 19.869290 24.763610
36 202330 42.589810 36.912390
36 202692 39.770340 11.746220
36 203504 39.109660 15.350120
36 203497 28.112250 25.017930
48 -1 24.067440 6.413230
48 201155 33.318670 10.250730
48 101139 3.109620 25.322750
48 101145 23.893530 5.015750
48 202331 21.274320 42.249880
48 1626167 30.572160 21.076810
48 202344 21.699790 24.908150
48 202330 43.629270 37.005480
48 202692 41.482680 11.683550
48 203504 40.655970 14.908030
48 203497 30.237130 24.970180
60 -1 24.472630 6.763460
60 201155 35.415730 9.478800
60 101139 4.380930 25.205310
60 101145 24.683360 5.567470
60 202331 22.462480 42.708720
60 1626167 32.796370 21.108060
60 202344 23.590600 25.072010
60 202330 44.687940 37.104670
60 202692 43.182520 11.518550
60 203504 42.377390 14.547210
60 203497 32.204080 24.819370
72 -1 24.807220 7.126800
72 201155 37.558660 8.737760
72 101139 5.726130 25.300940
72 101145 25.749330 5.964320
72 202331 23.805140 43.128320
72 1626167 35.111620 21.191110
72 202344 25.536160 25.230830
72 202330 45.765520 37.206250
72 202692 44.844620 11.361700
72 203504 44.248670 14.220780
72 203497 34.187050 24.704200
84 -1 26.317690 7.521310
84 201155 39.730450 8.038830
84 101139 7.231220 25.406670
84 101145 26.976300 6.353630
84 202331 25.198650 43.479070
84 1626167 37.453950 21.321680
84 202344 27.521500 25.367420
84 202330 46.838620 37.325610
84 202692 46.478680 11.197620
84 203504 46.092480 13.770020
84 203497 36.370480 24.522910
96 -1 28.336150 8.191120
96 201155 41.918330 7.373920
96 101139 8.842510 25.517900
96 101145 28.282680 6.813910
96 202331 26.666310 43.760820
96 1626167 39.866020 21.411390
96 202344 29.535360 25.472260
96 202330 47.932190 37.386510
96 202692 48.052470 11.012090
96 203504 47.960330 13.440400
96 203497 38.653530 24.375580
108 -1 30.608180 8.725630
108 201155 44.120810 6.745390
108 101139 10.547200 25.596620
108 101145 29.674820 7.329840
108 202331 28.158340 43.966930
108 1626167 42.424260 21.490710
108 202344 31.575380 25.568520
108 202330 49.049690 37.405560
108 202692 49.609160 10.756450
108 203504 49.876340 13.074700
108 203497 40.991300 24.244970
120 -1 31.923960 9.509460
120 201155 46.283110 6.161000
120 101139 12.298630 25.777920
120 101145 31.217940 7.706630
120 202331 29.670750 44.108690
120 1626167 44.975900 21.651430
120 202344 33.632440 25.660900
120 202330 50.205820 37.364540
120 202692 51.053040 10.664670
120 203504 51.833990 12.611880
120 203497 43.437880 24.089820
132 -1 32.454030 9.923540
132 201155 48.411280 5.664460
132 101139 14.128450 25.965980
132 101145 32.787600 8.181230
132 202331 31.221340 44.200140
132 1626167 47.574580 21.694690
132 202344 35.659730 25.737180
132 202330 51.388910 37.275040
132 202692 52.391910 10.605280
132 203504 53.797330 12.016300
132 203497 45.894820 23.977790
144 -1 33.426350 10.213540
144 201155 50.485560 5.246860
144 101139 15.971510 26.113970
144 101145 34.409500 8.758430
144 202331 32.800690 44.299210
144 1626167 50.320500 21.724690
144 202344 37.670420 25.777180
144 202330 52.573230 37.122000
144 202692 53.595230 10.624290
144 203504 55.810840 11.565100
144 203497 48.347650 23.893080
156 -1 35.490880 10.702460
156 201155 52.516630 4.881750
156 101139 17.896630 26.285350
156 101145 36.066380 9.299190
156 202331 34.389260 44.411110
156 1626167 52.944130 21.826590
156 202344 39.686310 25.792140
156 202330 53.765710 36.947970
156 202692 54.712210 10.803010
156 203504 57.802860 11.018830
156 203497 50.738340 23.858420
168 -1 38.184200 11.244690
168 201155 54.551420 4.577590
168 101139 19.855730 26.495460
168 101145 37.792280 9.782280
168 202331 36.013130 44.514030
168 1626167 55.448760 21.908590
168 202344 41.678230 25.812970
168 202330 54.966550 36.734200
168 202692 55.738510 11.143990
168 203504 59.735550 10.510370
168 203497 53.047010 23.794040
180 -1 40.837510 12.480110
180 201155 56.510210 4.333800
180 101139 21.842910 26.701250
180 101145 39.569100 10.367930
180 202331 37.647120 44.586730
180 1626167 58.011160 21.937770
180 202344 43.606740 25.774000
180 202330 56.158810 36.527840
180 202692 56.670460 11.453100
180 203504 61.611570 10.048310
180 203497 55.456990 23.871000
192 -1 42.323770 13.020340
192 201155 58.371110 4.132990
192 101139 23.813530 26.927010
192 101145 41.369750 10.801670
192 202331 39.282660 44.644990
192 1626167 60.638130 22.059500
192 202344 45.572070 25.755120
192 202330 57.358550 36.313930
192 202692 57.584090 11.843070
192 203504 63.392170 9.663780
192 203497 57.820710 23.957850
204 -1 43.673700 13.226680
204 201155 60.188870 3.998750
204 101139 25.834700 27.179190
204 101145 43.210040 11.211770
204 202331 40.941100 44.696960
204 1626167 63.091390 22.171940
204 202344 47.475890 25.721200
204 202330 58.577700 36.086130
204 202692 58.490190 12.506700
204 203504 65.052390 9.278680
204 203497 60.124900 24.032920
216 -1 45.443930 13.458130
216 201155 61.886090 3.909820
216 101139 27.800280 27.479540
216 101145 45.051390 11.611330
216 202331 42.616470 44.744840
216 1626167 65.577010 22.328280
216 202344 49.312910 25.638890
216 202330 59.764010 35.834720
216 202692 59.331790 13.140940
216 203504 66.597570 8.906510
216 203497 62.443380 24.092170
228 -1 47.335020 13.612990
228 201155 63.502330 3.860990
228 101139 29.735640 27.775420
228 101145 46.768750 11.932970
228 202331 44.293610 44.792970
228 1626167 67.974360 22.454610
228 202344 51.131900 25.475480
228 202330 60.923230 35.581760
228 202692 60.152340 13.808070
228 203504 68.049150 8.598170
228 203497 64.702740 24.152460
240 -1 49.686400 13.753080
240 201155 65.086450 3.714090
240 101139 31.673290 28.105740
240 101145 48.377440 12.147670
240 202331 45.995240 44.872940
240 1626167 70.211640 22.680620
240 202344 52.927180 25.307300
240 202330 62.020320 35.355330
240 202692 60.955040 14.489860
240 203504 69.377520 8.399350
240 203497 66.768320 24.225540
252 -1 51.444270 14.121510
252 201155 66.642080 3.512100
252 101139 33.591810 28.454120
252 101145 49.853690 12.479530
252 202331 47.737720 44.957700
252 1626167 72.283850 22.920520
252 202344 54.589060 25.034440
252 202330 63.074200 35.151970
252 202692 61.743360 15.089370
252 203504 70.603530 8.313080
252 203497 68.753590 24.289710
264 -1 51.839110 14.329280
264 201155 68.102280 3.253260
264 101139 35.456690 28.839180
264 101145 51.113310 12.749580
264 202331 49.498660 45.017730
264 1626167 74.277550 23.177060
264 202344 56.185620 24.759130
264 202330 64.102540 34.969590
264 202692 62.475980 15.389160
264 203504 71.692940 8.339150
264 203497 70.631540 24.316740
276 -1 52.638920 14.245150
276 201155 69.559100 3.008640
276 101139 37.305700 29.258520
276 101145 52.185060 13.019510
276 202331 51.241640 45.093780
276 1626167 76.175150 23.438460
276 202344 57.661010 24.523710
276 202330 65.097260 34.823100
276 202692 63.162820 15.608530
276 203504 72.656380 8.468790
276 203497 72.401680 24.315500
288 -1 53.155010 14.520020
288 201155 70.887760 2.760570
288 101139 39.141580 29.734370
288 101145 53.138260 13.255170
288 202331 53.042520 45.225100
288 1626167 77.888300 23.769010
288 202344 58.977280 24.292540
288 202330 66.035080 34.750400
288 202692 63.725280 15.798430
288 203504 73.510490 8.653080
288 203497 74.076500 24.320760
300 -1 54.134600 14.769020
300 201155 72.130220 2.597240
300 101139 40.909790 30.161570
300 101145 53.877320 13.439670
300 202331 54.865000 45.353020
300 1626167 79.530370 24.166990
300 202344 60.175930 24.068420
300 202330 66.950130 34.779890
300 202692 64.197050 15.964700
300 203504 74.259250 8.872620
300 203497 75.689370 24.285750
312 -1 54.742760 14.874870
312 201155 73.293940 2.448520
312 101139 42.647400 30.587540
312 101145 54.425260 13.590380
312 202331 56.680840 45.491760
312 1626167 80.935290 24.677860
312 202344 61.306390 23.963150
312 202330 67.809430 34.935100
312 202692 64.506710 16.091410
312 203504 75.006770 9.070690
312 203497 77.212510 24.244960
324 -1 54.795300 14.810530
324 201155 74.368260 2.314470
324 101139 44.342340 31.019080
324 101145 54.818510 13.732590
324 202331 58.503910 45.668790
324 1626167 82.152590 25.163040
324 202344 62.355650 23.953680
324 202330 68.635010 35.200300
324 202692 64.671300 16.189410
324 203504 75.685730 9.215700
324 203497 78.599990 24.212020
336 -1 54.639250 14.871910
336 201155 75.322760 2.163840
336 101139 45.938960 31.464910
336 101145 55.080820 13.837840
336 202331 60.319810 45.815150
336 1626167 83.225180 25.586440
336 202344 63.343210 24.020520
336 202330 69.436010 35.549480
336 202692 64.689990 16.229440
336 203504 76.313880 9.290800
336 203497 79.864360 24.174180
348 -1 54.169000 14.815680
348 201155 76.259010 1.980820
348 101139 47.483960 31.929850
348 101145 55.227510 13.973390
348 202331 62.035250 45.939810
348 1626167 84.260780 26.035930
348 202344 64.261140 24.194090
348 202330 70.245730 35.900760
348 202692 64.593740 16.223230
348 203504 76.905160 9.289140
348 203497 81.045440 24.249320
360 -1 54.332410 15.004820
360 201155 77.126550 1.787980
360 101139 48.988640 32.441050
360 101145 55.274240 14.106380
360 202331 63.696910 46.098310
360 1626167 85.204300 26.569590
360 202344 65.105570 24.427220
360 202330 71.044680 36.217560
360 202692 64.359700 16.211280
360 203504 77.437680 9.176320
360 203497 82.218930 24.156760
372 -1 54.969320 15.276610
372 201155 77.933960 1.615990
372 101139 50.420390 32.959930
372 101145 55.218870 14.244460
372 202331 65.333310 46.273860
372 1626167 86.107430 27.122900
372 202344 65.836930 24.726810
372 202330 71.828260 36.502940
372 202692 63.975750 16.182490
372 203504 77.857830 8.997060
372 203497 83.268500 24.074520
384 -1 54.463160 15.587530
384 201155 78.696650 1.466010
384 101139 51.800950 33.448320
384 101145 55.034300 14.390760
384 202331 66.854860 46.456150
384 1626167 86.927190 27.867230
384 202344 66.474180 25.096200
384 202330 72.574890 36.776850
384 202692 63.505140 16.236600
384 203504 78.268710 8.799190
384 203497 84.204230 24.215060
396 -1 54.021170 15.601170
396 201155 79.463940 1.376560
396 101139 53.150730 33.944190
396 101145 54.782730 14.586320
396 202331 68.375520 46.567110
396 1626167 87.621980 28.723780
396 202344 67.034850 25.504600
396 202330 73.308270 37.054540
396 202692 62.932090 16.305820
396 203504 78.665540 8.588090
396 203497 85.011410 24.399430
408 -1 53.539820 15.657600
408 201155 80.136010 1.356050
408 101139 54.381990 34.464860
408 101145 54.518220 14.833040
408 202331 69.912820 46.655760
408 1626167 88.236530 29.654270
408 202344 67.571030 25.931110
408 202330 74.023900 37.429310
408 202692 62.262890 16.414890
408 203504 79.026100 8.374080
408 203497 85.717480 24.544360
420 -1 53.257640 15.882380
420 201155 80.773530 1.363500
420 101139 55.533060 35.037540
420 101145 54.293130 15.070810
420 202331 71.349390 46.721000
420 1626167 88.759590 30.399520
420 202344 68.044530 26.400610
420 202330 74.740810 37.851860
420 202692 61.536540 16.537540
420 203504 79.398860 8.204150
420 203497 86.258280 25.015760
432 -1 53.274860 16.275260
432 201155 81.369140 1.362780
432 101139 56.636310 35.677140
432 101145 54.058900 15.316020
432 202331 72.667370 46.749140
432 1626167 89.195960 31.064730
432 202344 68.527550 26.870270
432 202330 75.439010 38.274040
432 202692 60.794500 16.696480
432 203504 79.786000 8.071080
432 203497 86.649720 25.557240
444 -1 52.853270 16.656630
444 201155 81.934120 1.344580
444 101139 57.694350 36.320330
444 101145 53.902700 15.565250
444 202331 73.966490 46.734040
444 1626167 89.518250 31.578540
444 202344 69.038050 27.339310
444 202330 76.126200 38.676560
444 202692 59.977200 16.822790
444 203504 80.187790 7.962900
444 203497 86.941730 26.173180
456 -1 52.277250 16.684190
456 201155 82.432690 1.284930
456 101139 58.655750 36.943600
456 101145 53.696930 15.798860
456 202331 75.170010 46.821410
456 1626167 89.698200 32.008190
456 202344 69.532260 27.831160
456 202330 76.783000 39.040990
456 202692 59.156780 16.999440
456 203504 80.582190 7.925730
456 203497 87.144540 26.829790
468 -1 51.823650 16.440340
468 201155 82.927390 1.180690
468 101139 59.577160 37.541860
468 101145 53.484310 16.044670
468 202331 76.248420 46.888560
468 1626167 89.791230 32.358350
468 202344 69.997040 28.379180
468 202330 77.391510 39.300810
468 202692 58.376380 17.235760
468 203504 80.952790 7.960290
468 203497 87.190290 27.509440
480 -1 51.287550 16.400320
480 201155 83.383930 1.076040
480 101139 60.402090 38.187120
480 101145 53.143230 16.369060
480 202331 77.273020 46.892000
480 1626167 89.763480 32.720890
480 202344 70.455710 28.958940
480 202330 77.928010 39.489620
480 202692 57.661920 17.558220
480 203504 81.259820 8.075740
480 203497 87.157810 28.133200
492 -1 50.862840 17.034480
492 201155 83.810680 1.011700
492 101139 61.115320 38.812780
492 101145 52.770340 16.741480
492 202331 78.272090 46.886160
492 1626167 89.617760 32.950520
492 202344 70.873410 29.587730
492 202330 78.434170 39.651340
492 202692 57.077100 17.961230
492 203504 81.491350 8.276270
492 203497 87.080850 28.670940
504 -1 50.674970 17.443490
504 201155 84.209380 0.992550
504 101139 61.712220 39.504280
504 101145 52.410480 17.088330
504 202331 79.231600 46.908210
504 1626167 89.311300 33.107060
504 202344 71.244020 30.192120
504 202330 78.918920 39.792510
504 202692 56.654170 18.369470
504 203504 81.608510 8.567840
504 203497 86.970470 28.942410
516 -1 50.760060 18.676320
516 201155 84.612630 1.016050
516 101139 62.284140 40.201450
516 101145 52.104050 17.405570
516 202331 80.118180 46.931420
516 1626167 88.962770 33.227750
516 202344 71.581070 30.740110
516 202330 79.379260 39.921080
516 202692 56.347310 18.724010
516 203504 81.638790 8.911260
516 203497 86.882690 29.164400
528 -1 51.017820 19.131330
528 201155 85.026960 1.071770
528 101139 62.884920 40.849880
528 101145 51.763340 17.664980
528 202331 80.974580 46.988080
528 1626167 88.491520 33.284140
528 202344 71.903000 31.221750
528 202330 79.810590 40.037050
528 202692 56.128300 18.979970
528 203504 81.583100 9.300600
528 203497 86.919450 29.447040
540 -1 50.487190 19.493980
540 201155 85.446060 1.135040
540 101139 63.485990 41.381980
540 101145 51.493430 17.855850
540 202331 81.805210 47.071820
540 1626167 87.769950 33.279260
540 202344 72.201600 31.658540
540 202330 80.244610 40.092630
540 202692 55.950310 19.140240
540 203504 81.429920 9.718620
540 203497 86.961480 29.594440
552 -1 50.062530 18.934470
552 201155 85.859790 1.190480
552 101139 64.098880 41.833700
552 101145 51.278740 17.959500
552 202331 82.546320 47.168770
552 1626167 86.869760 33.298630
552 202344 72.485290 32.010550
552 202330 80.743690 40.069560
552 202692 55.770740 19.249990
552 203504 81.186290 10.143640
552 203497 86.930760 29.599770
564 -1 49.576090 18.797120
564 201155 86.250110 1.245720
564 101139 64.722830 42.197580
564 101145 51.079730 18.040230
564 202331 83.182910 47.193940
564 1626167 85.856630 33.291020
564 202344 72.754520 32.340770
564 202330 81.143200 39.932650
564 202692 55.579860 19.354490
564 203504 80.907630 10.565240
564 203497 86.852500 29.380100
576 -1 49.398830 19.276530
576 201155 86.566870 1.291170
576 101139 65.319430 42.520410
576 101145 50.908230 18.092800
576 202331 83.743640 47.162090
576 1626167 84.542870 33.233180
576 202344 73.002800 32.644920
576 202330 81.483140 39.725920
576 202692 55.410430 19.479190
576 203504 80.609780 10.974910
576 203497 86.610820 29.164290
588 -1 49.585600 19.479300
588 201155 86.775260 1.318090
588 101139 65.819950 42.875450
588 101145 50.724130 18.145950
588 202331 84.262750 47.124110
588 1626167 83.251400 33.083900
588 202344 73.224010 32.887350
588 202330 81.805650 39.454660
588 202692 55.256980 19.608730
588 203504 80.312240 11.398320
588 203497 86.088320 28.881440
600 -1 49.949400 19.686120
600 201155 86.915410 1.333460
600 101139 66.300650 43.223890
600 101145 50.531460 18.192410
600 202331 84.745590 47.114000
600 1626167 81.902870 32.862030
600 202344 73.425240 33.040450
600 202330 82.077510 39.163060
600 202692 55.153600 19.721890
600 203504 80.028720 11.835910
600 203497 85.394190 28.576440
612 -1 49.818970 19.969260
612 201155 86.991390 1.343890
612 101139 66.755830 43.601310
612 101145 50.349310 18.239580
612 202331 85.245460 47.133930
612 1626167 80.485650 32.530990
612 202344 73.613220 33.107370
612 202330 82.208830 38.854770
612 202692 55.095870 19.802140
612 203504 79.728940 12.265650
612 203497 84.641370 28.297620
624 -1 49.516120 19.804080
624 201155 87.019840 1.335250
624 101139 67.171050 43.991490
624 101145 50.160630 18.346200
624 202331 85.769260 47.229500
624 1626167 78.997750 32.075850
624 202344 73.744970 33.027630
624 202330 82.365080 38.545450
624 202692 55.075140 19.941650
624 203504 79.411960 12.680160
624 203497 83.871940 28.094250
636 -1 49.015010 20.047090
636 201155 87.046070 1.321780
636 101139 67.514670 44.400040
636 101145 49.990260 18.513400
636 202331 86.322930 47.329420
636 1626167 77.648290 31.579820
636 202344 73.799350 32.833180
636 202330 82.515620 38.222380
636 202692 55.089630 20.166510
636 203504 79.075770 13.092560
636 203497 83.086340 27.940900
648 -1 49.257060 20.603620
648 201155 87.024540 1.298880
648 101139 67.783750 44.807550
648 101145 49.915420 18.756460
648 202331 86.889070 47.443270
648 1626167 76.064820 31.074620
648 202344 73.895110 32.622440
648 202330 82.669760 37.883360
648 202692 55.125260 20.468610
648 203504 78.704870 13.512050
648 203497 82.338390 27.498660
660 -1 49.884650 20.804840
660 201155 86.977390 1.283890
660 101139 67.934420 45.238220
660 101145 49.877820 19.075350
660 202331 87.426420 47.549110
660 1626167 74.559160 30.514180
660 202344 73.939600 32.403360
660 202330 82.819480 37.522310
660 202692 55.133880 20.835520
660 203504 78.306320 13.886330
660 203497 81.560050 27.027510
672 -1 50.096720 21.267890
672 201155 86.905510 1.272200
672 101139 68.017560 45.665700
672 101145 49.870310 19.452470
672 202331 87.921820 47.610210
672 1626167 73.045630 29.974110
672 202344 73.951030 32.235150
672 202330 82.987130 37.141060
672 202692 55.101740 21.315610
672 203504 77.935690 14.259780
672 203497 80.634230 26.762250
684 -1 49.677700 21.774870
684 201155 86.817680 1.270270
684 101139 68.075030 46.058690
684 101145 49.871690 19.843590
684 202331 88.357800 47.616750
684 1626167 71.549760 29.485190
684 202344 73.969680 32.189420
684 202330 83.159500 36.753590
684 202692 55.039860 21.863520
684 203504 77.580980 14.652200
684 203497 79.531100 26.707430
696 -1 49.259450 21.894500
696 201155 86.708280 1.270050
696 101139 68.138690 46.405630
696 101145 49.888240 20.255090
696 202331 88.742030 47.637210
696 1626167 69.986550 29.004090
696 202344 74.079140 32.272580
696 202330 83.350500 36.338710
696 202692 54.951310 22.419730
696 203504 77.212530 15.049200
696 203497 78.602380 26.426630
708 -1 48.973940 22.177390
708 201155 86.636080 1.272840
708 101139 68.199740 46.692750
708 101145 49.845550 20.709700
708 202331 89.045580 47.631220
708 1626167 68.528570 28.498720
708 202344 74.084710 32.408740
708 202330 83.529950 35.962230
708 202692 54.884300 22.954700
708 203504 76.867920 15.398660
708 203497 77.791260 26.284220
720 -1 48.939620 22.432350
720 201155 86.554740 1.267230
720 101139 68.309300 46.903770
720 101145 49.978370 21.099960
720 202331 89.300350 47.616340
720 1626167 67.053570 28.118080
720 202344 74.090910 32.617100
720 202330 83.711340 35.644550
720 202692 54.869920 23.459610
720 203504 76.565650 15.703050
720 203497 77.039700 26.198520
732 -1 48.798410 22.523730
732 201155 86.486210 1.261060
732 101139 68.431560 47.045290
732 101145 50.214410 21.559070
732 202331 89.530480 47.615240
732 1626167 65.678850 27.716900
732 202344 74.048360 32.820020
732 202330 83.887240 35.408690
732 202692 54.891270 23.914740
732 203504 76.315740 15.917760
732 203497 76.421140 25.910470
744 -1 49.087270 23.095790
744 201155 86.391620 1.242870
744 101139 68.545850 47.152940
744 101145 50.642320 21.851880
744 202331 89.781270 47.649680
744 1626167 64.420910 27.310380
744 202344 73.975970 32.979630
744 202330 84.047580 35.271810
744 202692 54.943340 24.272610
744 203504 76.129440 15.998510
744 203497 76.034450 25.505690
756 -1 50.400150 23.906110
756 201155 86.301190 1.216090
756 101139 68.654500 47.221640
756 101145 51.247850 21.974030
756 202331 90.049180 47.688650
756 1626167 63.307140 26.822990
756 202344 73.846870 33.099190
756 202330 84.168920 35.257210
756 202692 55.085910 24.517150
756 203504 76.047100 15.933350
756 203497 75.574260 25.178830
768 -1 52.542360 23.325020
768 201155 86.222270 1.207290
768 101139 68.787700 47.251500
768 101145 52.149880 21.960180
768 202331 90.322310 47.725460
768 1626167 62.273790 26.182380
768 202344 73.750190 33.216350
768 202330 84.248920 35.306360
768 202692 55.364730 24.588490
768 203504 76.125720 15.761990
768 203497 75.122650 24.829690
780 -1 54.154530 21.476620
780 201155 86.157000 1.212590
780 101139 68.903590 47.299100
780 101145 53.186210 21.809440
780 202331 90.570130 47.784300
780 1626167 61.403730 25.467920
780 202344 73.693780 33.338580
780 202330 84.288900 35.390130
780 202692 55.705200 24.501750
780 203504 76.384230 15.546040
780 203497 74.758430 24.467530
792 -1 54.788910 20.369470
792 201155 86.087670 1.209110
792 101139 68.992410 47.333150
792 101145 54.352660 21.518730
792 202331 90.758740 47.854230
792 1626167 60.627820 24.772310
792 202344 73.700540 33.478930
792 202330 84.310020 35.467450
792 202692 56.212090 24.186160
792 203504 76.720000 15.305930
792 203497 74.638000 23.878400
804 -1 55.585620 19.747180
804 201155 86.065040 1.218650
804 101139 69.039800 47.340590
804 101145 55.681150 21.185920
804 202331 90.861280 47.917660
804 1626167 60.078720 24.159160
804 202344 73.748400 33.631220
804 202330 84.336730 35.490430
804 202692 56.843380 23.677690
804 203504 77.111310 15.046250
804 203497 74.547560 23.462030
816 -1 56.528980 19.886240
816 201155 86.071460 1.232600
816 101139 69.063350 47.327840
816 101145 57.190640 20.931320
816 202331 90.860420 47.996960
816 1626167 59.763350 23.770060
816 202344 73.851580 33.747270
816 202330 84.368330 35.429700
816 202692 57.558940 23.108890
816 203504 77.504510 14.814430
816 203497 74.515120 23.274220
828 -1 58.800590 19.395280
828 201155 86.092570 1.241010
828 101139 69.069270 47.298550
828 101145 58.717820 20.831660
828 202331 90.789490 48.093540
828 1626167 59.472790 23.639930
828 202344 73.996620 33.769990
828 202330 84.405000 35.299830
828 202692 58.317690 22.538540
828 203504 77.818200 14.566060
828 203497 74.635550 23.171680
840 -1 61.455670 20.356500
840 201155 86.141550 1.259020
840 101139 69.097670 47.219620
840 101145 60.207960 20.992900
840 202331 90.695030 48.166730
840 1626167 59.426540 23.634760
840 202344 74.142990 33.679720
840 202330 84.468840 35.154930
840 202692 59.090140 21.996770
840 203504 78.059380 14.335750
840 203497 74.989990 23.045780
852 -1 63.639980 21.731830
852 201155 86.251340 1.306810
852 101139 69.198880 47.138970
852 101145 61.755100 21.287080
852 202331 90.560830 48.229220
852 1626167 59.671860 23.763280
852 202344 74.285300 33.510180
852 202330 84.547540 35.061410
852 202692 59.763680 21.634690
852 203504 78.267030 14.163860
852 203497 75.408270 23.250000
864 -1 65.403460 23.381810
864 201155 86.397980 1.358670
864 101139 69.438750 47.094170
864 101145 63.265760 21.910460
864 202331 90.392950 48.285410
864 1626167 60.016560 23.965550
864 202344 74.437880 33.324870
864 202330 84.619230 35.103020
864 202692 60.512370 21.464020
864 203504 78.431010 14.446080
864 203497 75.937800 23.357240
876 -1 66.318970 24.137580
876 201155 86.538640 1.423270
876 101139 69.801750 47.092360
876 101145 64.683040 22.762250
876 202331 90.206470 48.313240
876 1626167 60.333640 24.229370
876 202344 74.611580 33.236340
876 202330 84.735790 35.317470
876 202692 61.289510 21.377010
876 203504 78.566670 15.337340
876 203497 76.604750 23.374900
888 -1 67.091740 24.869230
888 201155 86.645810 1.479310
888 101139 70.224160 47.125760
888 101145 66.035990 23.620600
888 202331 90.012410 48.325100
888 1626167 60.930340 24.519440
888 202344 74.775730 33.299790
888 202330 84.931720 35.695530
888 202692 62.097380 21.445570
888 203504 78.674760 16.862490
888 203497 77.355650 22.885180
900 -1 67.812120 25.604620
900 201155 86.748170 1.525420
900 101139 70.631520 47.194360
900 101145 67.402630 24.528750
900 202331 89.826330 48.332260
900 1626167 61.585350 24.798860
900 202344 74.962650 33.512570
900 202330 85.170730 36.181460
900 202692 63.141480 21.682140
900 203504 78.949260 17.716960
900 203497 77.911450 23.057670
912 -1 68.887850 26.227010
912 201155 86.793250 1.550670
912 101139 70.971120 47.262990
912 101145 68.711320 25.430420
912 202331 89.686560 48.327830
912 1626167 62.487520 25.192200
912 202344 75.246840 33.807710
912 202330 85.421580 36.753710
912 202692 64.430350 22.021340
912 203504 79.395500 17.963880
912 203497 78.447550 23.377920
924 -1 70.329100 26.861170
924 201155 86.795850 1.568690
924 101139 71.176570 47.292710
924 101145 69.765870 26.159470
924 202331 89.600260 48.303120
924 1626167 63.467930 25.641720
924 202344 75.593990 34.132530
924 202330 85.692210 37.343300
924 202692 65.815800 22.563750
924 203504 79.978140 17.545800
924 203497 79.053410 23.826410
936 -1 72.280440 27.116750
936 201155 86.786410 1.592870
936 101139 71.227370 47.280280
936 101145 70.574790 26.794640
936 202331 89.551180 48.263380
936 1626167 64.655650 25.925670
936 202344 76.032800 34.377480
936 202330 85.961470 37.887460
936 202692 67.109130 23.257190
936 203504 80.653740 16.507300
936 203497 79.638380 24.331330
948 -1 71.564500 26.983920
948 201155 86.777350 1.646230
948 101139 71.139320 47.213110
948 101145 71.261280 27.294720
948 202331 89.497310 48.193270
948 1626167 65.916390 26.182850
948 202344 76.628690 34.463220
948 202330 86.181590 38.336390
948 202692 68.458760 23.991230
948 203504 81.424500 14.893300
948 203497 80.117900 25.363860
960 -1 71.045710 27.451870
960 201155 86.688140 1.725700
960 101139 70.937600 47.072990
960 101145 71.664170 27.594270
960 202331 89.411870 48.073500
960 1626167 67.358500 26.429260
960 202344 77.223690 34.549630
960 202330 86.356120 38.656550
960 202692 69.843840 24.725840
960 203504 82.052060 13.926530
960 203497 80.806260 25.824520
972 -1 71.808300 27.478120
972 201155 86.508200 1.824110
972 101139 70.610020 46.939620
972 101145 71.950110 27.770640
972 202331 89.264130 47.915750
972 1626167 68.698760 26.445580
972 202344 77.820370 34.563000
972 202330 86.484530 38.813100
972 202692 71.130350 25.510190
972 203504 82.604530 13.514780
972 203497 81.471250 26.132790
984 -1 73.138960 27.320830
984 201155 86.220230 1.953990
984 101139 70.209040 46.794850
984 101145 72.254960 27.937400
984 202331 89.028190 47.718800
984 1626167 70.002700 26.265260
984 202344 78.438540 34.524340
984 202330 86.629820 38.767670
984 202692 72.449600 26.178950
984 203504 83.092080 13.396110
984 203497 82.119570 26.344580
996 -1 75.394240 27.035830
996 201155 85.865080 2.099190
996 101139 69.651010 46.601450
996 101145 72.520110 27.999680
996 202331 88.708600 47.504980
996 1626167 71.369610 25.966900
996 202344 79.010650 34.443940
996 202330 86.771400 38.492100
996 202692 74.066610 26.635390
996 203504 83.562340 13.298760
996 203497 82.446660 26.622980
1008 -1 77.614710 26.658980
1008 201155 85.456330 2.266270
1008 101139 69.147700 46.348040
1008 101145 72.698580 28.088370
1008 202331 88.342400 47.265750
1008 1626167 72.843710 25.619000
1008 202344 79.445620 34.379280
1008 202330 86.901520 38.018590
1008 202692 75.682740 27.174220
1008 203504 84.019310 13.293260
1008 203497 82.860080 26.798510
1020 -1 79.728890 26.344830
1020 201155 85.030370 2.484580
1020 101139 68.695460 46.110990
1020 101145 72.749960 28.274090
1020 202331 87.929620 46.997160
1020 1626167 74.168120 25.168430
1020 202344 79.884950 34.197540
1020 202330 87.036140 37.405510
1020 202692 77.281610 27.722610
1020 203504 84.483200 13.479210
1020 203497 83.145820 26.857230
1032 -1 81.774180 26.037170
1032 201155 84.583970 2.726570
1032 101139 68.257160 45.797030
1032 101145 72.606680 28.612190
1032 202331 87.482920 46.686510
1032 1626167 75.450180 24.781350
1032 202344 80.245030 33.887010
1032 202330 87.172910 36.663000
1032 202692 78.958420 28.166670
1032 203504 84.855440 13.839860
1032 203497 83.445450 26.759460
1044 -1 84.038220 25.594330
1044 201155 84.113350 2.980440
1044 101139 67.786460 45.454140
1044 101145 72.310890 29.071200
1044 202331 87.003670 46.349610
1044 1626167 76.873090 24.433650
1044 202344 80.561840 33.541870
1044 202330 87.259310 35.843360
1044 202692 80.488830 28.521200
1044 203504 85.242630 14.315640
1044 203497 83.751770 26.569890
1056 -1 86.214320 25.254520
1056 201155 83.569770 3.273890
1056 101139 67.407990 45.062100
1056 101145 71.894570 29.631700
1056 202331 86.475700 45.994780
1056 1626167 78.253930 24.148680
1056 202344 80.735920 33.111430
1056 202330 87.270140 35.064090
1056 202692 81.765430 28.938640
1056 203504 85.570310 14.942190
1056 203497 84.293780 26.178410
1068 -1 88.070080 24.969780
1068 201155 82.956490 3.586240
1068 101139 66.909010 44.666860
1068 101145 71.341530 30.268630
1068 202331 85.923700 45.614300
1068 1626167 79.560510 23.859370
1068 202344 80.942010 32.697700
1068 202330 87.246890 34.359610
1068 202692 82.956990 29.201440
1068 203504 85.836550 15.597950
1068 203497 84.701640 25.836080
1080 -1 88.970100 25.189290
1080 201155 82.262220 3.879580
1080 101139 66.313440 44.239900
1080 101145 70.751340 30.912630
1080 202331 85.326770 45.207350
1080 1626167 80.796590 23.615930
1080 202344 81.106880 32.272070
1080 202330 87.207870 33.739510
1080 202692 83.975440 29.319830
1080 203504 86.013670 16.178130
1080 203497 85.098400 25.530830
1092 -1 88.349770 26.025220
1092 201155 81.528070 4.170660
1092 101139 65.696370 43.819420
1092 101145 70.072180 31.497630
1092 202331 84.674270 44.830570
1092 1626167 81.759940 23.336550
1092 202344 81.263170 31.956800
1092 202330 87.149620 33.231510
1092 202692 84.838220 29.330660
1092 203504 86.126660 16.652830
1092 203497 85.414610 25.374420
1104 -1 87.970120 26.509110
1104 201155 80.743970 4.517390
1104 101139 65.069200 43.363580
1104 101145 69.279670 31.998560
1104 202331 84.011860 44.450410
1104 1626167 82.494140 23.110080
1104 202344 81.339620 31.663250
1104 202330 87.067910 32.906470
1104 202692 85.561560 29.241940
1104 203504 86.108450 17.019290
1104 203497 85.798480 25.425750
1116 -1 87.639910 27.090430
1116 201155 79.895670 4.885740
1116 101139 64.432230 42.918100
1116 101145 68.425760 32.441350
1116 202331 83.380970 44.015930
1116 1626167 83.002250 22.949270
1116 202344 81.344630 31.457900
1116 202330 86.972240 32.777040
1116 202692 86.282510 29.240930
1116 203504 86.033140 17.287670
1116 203497 86.139350 25.392250
1128 -1 89.035000 27.496260
1128 201155 78.988060 5.277550
1128 101139 63.778210 42.458490
1128 101145 67.499190 32.788960
1128 202331 82.717050 43.560700
1128 1626167 83.034240 22.891750
1128 202344 81.115880 31.223790
1128 202330 86.847040 32.807810
1128 202692 86.801200 29.213050
1128 203504 85.926190 17.445280
1128 203497 86.537680 25.397990