0 -1 5.633860 18.562320
0 2749 39.990160 14.181700
0 201589 61.441860 32.652830
0 202702 10.982900 30.255520
0 201568 60.680880 35.753810
0 1626144 65.664200 31.918100
0 202344 0.175150 29.737080
0 202330 36.223140 34.833650
0 202692 52.495010 18.415690
0 204060 51.763120 42.615840
0 203918 9.283730 8.822630
12 -1 7.383160 15.197660
12 2749 40.190250 14.232240
12 201589 62.702770 33.336170
12 202702 12.226120 30.124060
12 201568 61.299200 35.465410
12 1626144 66.379490 31.959920
12 202344 0.725990 29.813220
12 202330 37.201780 35.045540
12 202692 53.313540 17.688810
12 204060 52.713020 42.869420
12 203918 9.476560 8.840900
24 -1 9.264710 11.991630
24 2749 40.382890 14.185610
24 201589 63.826280 33.967760
24 202702 13.546380 30.034350
24 201568 61.889200 34.993560
24 1626144 67.085470 31.927240
24 202344 1.443140 29.872000
24 202330 38.207980 35.222320
24 202692 54.203860 16.932360
24 204060 53.665850 43.107780
24 203918 9.764730 8.815590
36 -1 10.356260 10.116320
36 2749 40.585730 14.076490
36 201589 64.854140 34.589670
36 202702 14.943570 29.956690
36 201568 62.467130 34.447750
36 1626144 67.776090 31.829970
36 202344 2.219260 30.104010
36 202330 39.244830 35.370360
36 202692 55.154410 16.195540
36 204060 54.589010 43.278610
36 203918 10.097810 8.776800
48 -1 10.840780 9.589820
48 2749 40.826070 13.936410
48 201589 65.805980 35.238460
48 202702 16.374670 29.824350
48 201568 63.018490 33.717690
48 1626144 68.460060 31.617900
48 202344 3.204360 30.409380
48 202330 40.333440 35.509900
48 202692 56.131180 15.458450
48 204060 55.492830 43.430850
48 203918 10.460880 8.782780
60 -1 10.982360 9.418330
60 2749 41.106770 13.805130
60 201589 66.730410 35.949660
60 202702 17.801400 29.681370
60 201568 63.527360 32.789250
60 1626144 69.137460 31.329470
60 202344 4.300580 30.532130
60 202330 41.468150 35.595400
60 202692 57.118540 14.725900
60 204060 56.433520 43.602510
60 203918 10.857590 8.980170
72 -1 11.559410 9.152070
72 2749 41.457860 13.687650
72 201589 67.534460 36.609380
72 202702 19.279140 29.557890
72 201568 64.076820 31.794750
72 1626144 69.761940 30.860890
72 202344 5.538770 30.459460
72 202330 42.598720 35.602910
72 202692 58.130980 14.012020
72 204060 57.381960 43.820200
72 203918 11.306160 9.105490
84 -1 12.006220 9.919080
84 2749 41.877590 13.608620
84 201589 68.347400 37.209360
84 202702 20.779380 29.423930
84 201568 64.716360 30.819950
84 1626144 70.387210 30.432270
84 202344 6.860580 30.317090
84 202330 43.755380 35.598800
84 202692 59.153920 13.316580
84 204060 58.339290 44.015820
84 203918 11.812800 9.337640
96 -1 12.732330 10.423150
96 2749 42.354050 13.561230
96 201589 69.175970 37.766300
96 202702 22.282670 29.321320
96 201568 65.418930 29.756550
96 1626144 70.992940 30.064140
96 202344 8.304190 29.994000
96 202330 44.952060 35.569280
96 202692 60.199570 12.610340
96 204060 59.352330 44.244080
96 203918 12.393210 9.605030
108 -1 13.589000 10.862440
108 2749 42.803460 13.454620
108 201589 70.010140 38.224530
108 202702 23.803850 29.206110
108 201568 66.176020 28.637560
108 1626144 71.565860 29.783840
108 202344 9.774630 29.675740
108 202330 46.159080 35.485580
108 202692 61.306510 11.930500
108 204060 60.418850 44.512330
108 203918 13.044890 9.929920
120 -1 14.481660 11.422030
120 2749 43.261680 13.324630
120 201589 70.803160 38.574940
120 202702 25.328500 29.047120
120 201568 66.947730 27.527870
120 1626144 72.095840 29.635070
120 202344 11.332090 29.351610
120 202330 47.375240 35.364010
120 202692 62.430440 11.241990
120 204060 61.477830 44.770650
120 203918 13.756640 10.279890
132 -1 15.524620 12.096530
132 2749 43.687150 13.167760
132 201589 71.600320 38.782600
132 202702 26.828640 28.819510
132 201568 67.704180 26.400840
132 1626144 72.613900 29.708050
132 202344 12.881800 29.120510
132 202330 48.597840 35.217570
132 202692 63.542710 10.542200
132 204060 62.542980 44.965910
132 203918 14.477140 10.662920
144 -1 15.952040 12.706970
144 2749 44.091590 13.012780
144 201589 72.418620 38.874060
144 202702 28.339880 28.579770
144 201568 68.430870 25.238100
144 1626144 73.114220 29.755330
144 202344 14.467220 28.900840
144 202330 49.818670 35.029630
144 202692 64.638590 9.872400
144 204060 63.657240 45.129210
144 203918 15.223670 11.094580
156 -1 16.141030 13.044830
156 2749 44.491710 12.944000
156 201589 73.241610 38.873900
156 202702 29.872730 28.327100
156 201568 69.156750 24.117840
156 1626144 73.591320 29.803150
156 202344 16.079510 28.699060
156 202330 51.016400 34.824470
156 202692 65.739600 9.237840
156 204060 64.806850 45.299830
156 203918 16.033440 11.482040
168 -1 16.387630 13.577680
168 2749 44.920100 13.074800
168 201589 74.097090 38.795940
168 202702 31.423030 28.131550
168 201568 69.900380 23.057280
168 1626144 74.077890 29.870090
168 202344 17.718960 28.487780
168 202330 52.229080 34.593510
168 202692 66.831120 8.585920
168 204060 65.915640 45.449210
168 203918 16.953530 11.890440
180 -1 17.545180 14.032320
180 2749 45.364740 13.296960
180 201589 74.977540 38.695610
180 202702 32.980740 28.004170
180 201568 70.669300 22.005030
180 1626144 74.520990 29.912860
180 202344 19.384300 28.304630
180 202330 53.473560 34.352520
180 202692 67.947680 7.986460
180 204060 67.039050 45.564800
180 203918 17.889990 12.483700
192 -1 18.935480 14.506560
192 2749 45.845650 13.610570
192 201589 75.780840 38.660700
192 202702 34.489570 27.968290
192 201568 71.424880 21.040490
192 1626144 74.908660 29.914400
192 202344 21.048260 28.107740
192 202330 54.692920 34.111370
192 202692 69.062820 7.407670
192 204060 68.186010 45.694870
192 203918 18.837110 13.006790
204 -1 20.313440 15.083640
204 2749 46.347110 13.989950
204 201589 76.547330 38.599690
204 202702 35.936520 27.966270
204 201568 72.167870 20.145930
204 1626144 75.227290 29.877620
204 202344 22.745660 27.844710
204 202330 55.889430 33.830950
204 202692 70.182800 6.819970
204 204060 69.319760 45.852610
204 203918 19.809630 13.515340
216 -1 21.529210 15.829520
216 2749 46.858400 14.359060
216 201589 77.264460 38.525590
216 202702 37.319930 28.013680
216 201568 72.875760 19.230930
216 1626144 75.488920 29.781750
216 202344 24.469020 27.578340
216 202330 57.097570 33.493630
216 202692 71.271840 6.270330
216 204060 70.403180 45.962150
216 203918 20.787800 14.176000
228 -1 22.372450 16.378390
228 2749 47.397430 14.706510
228 201589 77.996080 38.518550
228 202702 38.681200 27.993170
228 201568 73.500400 18.349740
228 1626144 75.681910 29.627970
228 202344 26.157270 27.305720
228 202330 58.274630 33.167500
228 202692 72.334730 5.782900
228 204060 71.480130 46.058670
228 203918 21.726290 14.884770
240 -1 22.660230 16.692310
240 2749 47.919110 15.062340
240 201589 78.700610 38.485060
240 202702 39.992530 27.895430
240 201568 74.110810 17.528980
240 1626144 75.817790 29.441610
240 202344 27.852960 27.014820
240 202330 59.379910 32.857040
240 202692 73.385980 5.309720
240 204060 72.525260 46.157410
240 203918 22.715260 15.446210
252 -1 23.404760 17.279320
252 2749 48.413130 15.426580
252 201589 79.394780 38.330350
252 202702 41.379940 27.901630
252 201568 74.713860 16.759030
252 1626144 75.910930 29.260490
252 202344 29.554540 26.695970
252 202330 60.523780 32.512170
252 202692 74.440170 4.874290
252 204060 73.531490 46.236270
252 203918 23.781600 16.077320
264 -1 24.638050 17.995790
264 2749 48.881430 15.837020
264 201589 80.084700 38.203910
264 202702 42.812410 27.885940
264 201568 75.307780 16.071280
264 1626144 75.963380 29.113880
264 202344 31.220220 26.369710
264 202330 61.669900 32.168460
264 202692 75.486750 4.479020
264 204060 74.526310 46.309730
264 203918 24.875960 16.688770
276 -1 26.065080 18.634420
276 2749 49.327530 16.289530
276 201589 80.795700 38.090250
276 202702 44.218350 27.779530
276 201568 75.883840 15.536050
276 1626144 75.980900 28.992310
276 202344 32.886350 25.972860
276 202330 62.778940 31.798600
276 202692 76.512110 4.078560
276 204060 75.502140 46.413070
276 203918 25.949780 17.228020
288 -1 27.792920 19.121330
288 2749 49.754390 16.749160
288 201589 81.440120 37.986050
288 202702 45.568200 27.705720
288 201568 76.453270 15.066900
288 1626144 75.962040 28.876310
288 202344 34.562220 25.532690
288 202330 63.864120 31.358120
288 202692 77.507320 3.697650
288 204060 76.474670 46.486260
288 203918 27.033880 17.718040
300 -1 28.884130 19.668300
300 2749 50.178690 17.235000
300 201589 82.051690 37.942190
300 202702 46.931070 27.673700
300 201568 76.982580 14.647130
300 1626144 75.924520 28.763270
300 202344 36.201930 25.047110
300 202330 64.930130 30.830460
300 202692 78.442610 3.365510
300 204060 77.417820 46.515890
300 203918 28.112300 18.205380
312 -1 29.546650 20.150740
312 2749 50.605880 17.730200
312 201589 82.658510 37.983570
312 202702 48.233580 27.475950
312 201568 77.531850 14.265920
312 1626144 75.885070 28.614690
312 202344 37.846060 24.551830
312 202330 65.913170 30.241830
312 202692 79.371210 3.069050
312 204060 78.321660 46.536140
312 203918 29.134740 18.693880
324 -1 29.766410 20.485540
324 2749 51.037750 18.215520
324 201589 83.203230 37.997600
324 202702 49.477740 27.234360
324 201568 78.089720 13.953050
324 1626144 75.858300 28.399560
324 202344 39.494750 24.020050
324 202330 66.855240 29.627330
324 202692 80.286730 2.784440
324 204060 79.177970 46.534410
324 203918 30.177590 19.179820
336 -1 30.735000 21.050880
336 2749 51.453740 18.696330
336 201589 83.706620 37.981560
336 202702 50.719720 26.989850
336 201568 78.688510 13.699580
336 1626144 75.830900 28.127220
336 202344 41.120210 23.454620
336 202330 67.793240 28.957230
336 202692 81.149150 2.545200
336 204060 79.988010 46.519780
336 203918 31.278400 19.691290
348 -1 32.209940 21.312910
348 2749 51.830500 19.197130
348 201589 84.183060 37.932550
348 202702 51.969280 26.739140
348 201568 79.289280 13.537920
348 1626144 75.824440 27.801440
348 202344 42.737190 22.831700
348 202330 68.668650 28.274390
348 202692 81.971200 2.336400
348 204060 80.732870 46.529830
348 203918 32.369600 20.155900
360 -1 33.888300 21.691020
360 2749 52.177980 19.702580
360 201589 84.673030 37.891010
360 202702 53.180820 26.462420
360 201568 79.929500 13.457510
360 1626144 75.818870 27.430010
360 202344 44.347780 22.207950
360 202330 69.512920 27.506800
360 202692 82.752160 2.136740
360 204060 81.451980 46.553910
360 203918 33.406940 20.528050
372 -1 35.536720 21.832810
372 2749 52.488520 20.220070
372 201589 85.161890 37.860320
372 202702 54.372440 26.190390
372 201568 80.528690 13.458110
372 1626144 75.814410 27.024320
372 202344 45.921210 21.567190
372 202330 70.310050 26.690780
372 202692 83.477450 1.990290
372 204060 82.140340 46.533830
372 203918 34.456870 20.836750
384 -1 36.631790 22.336160
384 2749 52.779320 20.713720
384 201589 85.653020 37.854520
384 202702 55.554830 25.916310
384 201568 81.123980 13.470750
384 1626144 75.771360 26.600740
384 202344 47.488700 20.948400
384 202330 71.019360 25.843340
384 202692 84.070880 1.954490
384 204060 82.770360 46.493010
384 203918 35.465000 21.130350
396 -1 37.897790 21.995980
396 2749 53.082920 21.157640
396 201589 86.132230 37.924260
396 202702 56.708980 25.670990
396 201568 81.684190 13.464400
396 1626144 75.754370 26.162900
396 202344 49.016920 20.360950
396 202330 71.621570 25.041900
396 202692 84.668920 1.929310
396 204060 83.355390 46.413530
396 203918 36.418300 21.437290
408 -1 37.434850 22.919930
408 2749 53.421710 21.511310
408 201589 86.571630 38.063750
408 202702 57.828450 25.444680
408 201568 82.258850 13.431840
408 1626144 75.750020 25.702650
408 202344 50.561680 19.870890
408 202330 72.165170 24.236590
408 202692 85.273020 1.921400
408 204060 83.924380 46.270230
408 203918 37.362800 21.748810
420 -1 38.225550 23.193060
420 2749 53.717320 21.827640
420 201589 86.941610 38.205470
420 202702 58.939770 25.224450
420 201568 82.782060 13.361060
420 1626144 75.781720 25.209030
420 202344 52.116390 19.407790
420 202330 72.636300 23.520790
420 202692 85.828880 1.932950
420 204060 84.454080 46.125930
420 203918 38.347690 22.060350
432 -1 39.360100 23.708900
432 2749 54.004410 22.131360
432 201589 87.260100 38.330980
432 202702 60.017180 24.995870
432 201568 83.269700 13.271650
432 1626144 75.842950 24.687960
432 202344 53.646760 19.122400
432 202330 73.074960 22.900930
432 202692 86.332370 1.887470
432 204060 84.950680 45.985060
432 203918 39.340530 22.328310
444 -1 40.112070 23.021690
444 2749 54.239580 22.436210
444 201589 87.522980 38.448070
444 202702 61.060870 24.763910
444 201568 83.714810 13.182470
444 1626144 75.936150 24.118420
444 202344 55.102430 19.073670
444 202330 73.483600 22.326120
444 202692 86.873820 1.777250
444 204060 85.436860 45.872150
444 203918 40.301310 22.522900
456 -1 42.363350 23.319050
456 2749 54.399300 22.747820
456 201589 87.722070 38.519170
456 202702 62.079070 24.532310
456 201568 84.146810 13.126170
456 1626144 76.022670 23.596130
456 202344 56.533180 19.243190
456 202330 73.826740 21.810720
456 202692 87.309870 1.747170
456 204060 85.913390 45.789430
456 203918 41.199370 22.621450
468 -1 43.742590 22.917860
468 2749 54.497420 23.046550
468 201589 87.876660 38.514110
468 202702 63.057370 24.322540
468 201568 84.536920 13.121140
468 1626144 76.065020 23.087570
468 202344 57.868620 19.586790
468 202330 74.111510 21.332430
468 202692 87.591950 1.737210
468 204060 86.362040 45.721140
468 203918 42.061840 22.690990
480 -1 44.687710 22.371580
480 2749 54.613810 23.275110
480 201589 88.007750 38.453410
480 202702 63.986040 24.133290
480 201568 84.891310 13.230550
480 1626144 76.076900 22.602980
480 202344 59.120640 20.141120
480 202330 74.355670 20.853250
480 202692 87.887530 1.732870
480 204060 86.786190 45.615360
480 203918 42.875080 22.740370
492 -1 45.206940 22.028850
492 2749 54.723090 23.402150
492 201589 88.125130 38.312460
492 202702 64.902490 24.005310
492 201568 85.262040 13.334750
492 1626144 76.066930 22.117020
492 202344 60.313760 20.803230
492 202330 74.508850 20.543030
492 202692 88.160220 1.789080
492 204060 87.176300 45.495220
492 203918 43.641740 22.741600
504 -1 45.619390 21.890970
504 2749 54.876360 23.430640
504 201589 88.233090 38.099400
504 202702 65.769960 24.006870
504 201568 85.603710 13.456400
504 1626144 76.042780 21.769070
504 202344 61.475050 21.492370
504 202330 74.846010 20.505890
504 202692 88.386750 1.864820
504 204060 87.557180 45.349160
504 203918 44.353300 22.774460
516 -1 45.757150 21.560240
516 2749 55.057290 23.393280
516 201589 88.417710 37.974690
516 202702 66.597150 24.085800
516 201568 85.919540 13.552670
516 1626144 76.028240 21.374490
516 202344 62.553120 22.247940
516 202330 75.190360 20.446140
516 202692 88.614540 1.893010
516 204060 87.918740 45.168160
516 203918 45.080450 22.811770
528 -1 46.031680 21.506980
528 2749 55.241250 23.345440
528 201589 88.630390 37.788310
528 202702 67.424870 24.200920
528 201568 86.230220 13.596750
528 1626144 76.034050 21.006040
528 202344 63.540000 23.004570
528 202330 75.506040 20.422010
528 202692 88.910840 1.909340
528 204060 88.255960 44.976760
528 203918 45.798750 22.804800
540 -1 46.383380 21.369420
540 2749 55.428020 23.301490
540 201589 88.831060 37.555710
540 202702 68.245520 24.389570
540 201568 86.534960 13.507070
540 1626144 76.033080 20.653290
540 202344 64.470270 23.735650
540 202330 75.772150 20.455540
540 202692 89.163280 1.928680
540 204060 88.558790 44.780000
540 203918 46.515770 22.750260
552 -1 47.095370 21.397280
552 2749 55.621710 23.267420
552 201589 89.044790 37.382520
552 202702 68.996820 24.631070
552 201568 86.793160 13.382680
552 1626144 76.048320 20.338880
552 202344 65.439160 24.409700
552 202330 76.048320 20.338880
552 202692 89.366800 1.902330
552 204060 88.858590 44.595920
552 203918 47.182250 22.746040
564 -1 48.087050 21.342870
564 2749 55.825880 23.209000
564 201589 89.300440 37.255620
564 202702 69.708430 24.855230
564 201568 87.033820 13.265210
564 1626144 76.085080 19.998200
564 202344 66.358770 24.987310
564 202330 76.085080 19.998200
564 202692 89.553190 1.843000
564 204060 89.123320 44.384710
564 203918 47.848070 22.725460
576 -1 49.211290 21.349370
576 2749 56.062630 23.089850
576 201589 89.500470 37.047020
576 202702 70.411310 25.000050
576 201568 87.243980 13.180290
576 1626144 76.054150 19.669000
576 202344 67.263000 25.428300
576 202330 76.054150 19.669000
576 202692 89.750300 1.760170
576 204060 89.369090 44.142390
576 203918 48.486140 22.669580
588 -1 49.789810 21.098680
588 2749 56.329920 22.941740
588 201589 89.705380 36.904490
588 202702 70.990270 25.306340
588 201568 87.402940 13.132630
588 1626144 75.954220 19.337090
588 202344 68.162560 25.734250
588 202330 75.857170 19.275900
588 202692 89.915030 1.684350
588 204060 89.583840 43.921730
588 203918 49.083750 22.646340
600 -1 50.059420 20.884330
600 2749 56.628830 22.812910
600 201589 89.941600 36.798340
600 202702 71.487480 25.571920
600 201568 87.502520 13.157700
600 1626144 75.929270 19.143560
600 202344 68.904030 25.852880
600 202330 75.563840 18.859710
600 202692 90.025200 1.584570
600 204060 89.805350 43.752180
600 203918 49.614190 22.558060
612 -1 50.249950 20.870480
612 2749 56.962510 22.717790
612 201589 90.166150 36.661340
612 202702 71.948000 25.743120
612 201568 87.544700 13.254450
612 1626144 75.812200 18.960080
612 202344 69.421190 25.798860
612 202330 75.156030 18.549940
612 202692 90.083890 1.465040
612 204060 90.019690 43.583890
612 203918 50.136490 22.422160
624 -1 50.211400 21.031870
624 2749 57.298520 22.663070
624 201589 90.356850 36.529140
624 202702 72.438710 25.845480
624 201568 87.544560 13.348550
624 1626144 75.585260 18.860810
624 202344 69.845010 25.656820
624 202330 74.644810 18.240780
624 202692 90.080370 1.343270
624 204060 90.221800 43.394060
624 203918 50.649740 22.265530
636 -1 51.095960 20.846140
636 2749 57.637480 22.635710
636 201589 90.523420 36.335600
636 202702 72.936470 25.979080
636 201568 87.514700 13.417820
636 1626144 75.227820 18.820420
636 202344 70.145070 25.462640
636 202330 74.066300 17.989650
636 202692 90.014240 1.218600
636 204060 90.405400 43.224300
636 203918 51.138900 22.168820
648 -1 51.835510 20.747000
648 2749 58.003280 22.570120
648 201589 90.665700 36.093480
648 202702 73.434520 25.882190
648 201568 87.478310 13.445110
648 1626144 74.793390 18.832380
648 202344 70.323430 25.234540
648 202330 73.450940 17.829860
648 202692 89.920830 1.085680
648 204060 90.576590 43.023880
648 203918 51.579000 22.051580
660 -1 52.380190 20.545520
660 2749 58.374540 22.471070
660 201589 90.782300 35.836390
660 202702 73.917230 25.763200
660 201568 87.466790 13.390940
660 1626144 74.092390 18.780840
660 202344 70.482970 25.042080
660 202330 72.740280 17.898980
660 202692 89.838340 0.969290
660 204060 90.704290 42.773020
660 203918 52.008690 22.021340
672 -1 52.540560 20.467410
672 2749 58.754560 22.361040
672 201589 90.887580 35.608170
672 202702 74.366190 25.624110
672 201568 87.465280 13.277130
672 1626144 73.261550 18.827330
672 202344 70.603030 25.028400
672 202330 71.876710 18.042260
672 202692 89.798050 0.900940
672 204060 90.789140 42.512740
672 203918 52.371260 21.953950
684 -1 52.453640 20.438100
684 2749 59.131770 22.260930
684 201589 90.977950 35.405370
684 202702 74.704000 25.511160
684 201568 87.469790 13.130240
684 1626144 72.364850 18.868230
684 202344 70.565410 24.990700
684 202330 70.924600 18.313460
684 202692 89.789260 0.874230
684 204060 90.846280 42.284030
684 203918 52.687360 21.779250
696 -1 52.489960 20.150990
696 2749 59.514550 22.148550
696 201589 91.044990 35.261200
696 202702 74.914700 25.413690
696 201568 87.471760 12.958310
696 1626144 71.473160 19.041700
696 202344 70.407140 24.947730
696 202330 69.975270 18.715980
696 202692 89.788020 0.865320
696 204060 90.885800 42.058140
696 203918 53.007520 21.460850
708 -1 52.687240 20.041060
708 2749 59.944770 22.037180
708 201589 91.083330 35.183870
708 202702 75.103720 25.293590
708 201568 87.468980 12.795280
708 1626144 70.600480 19.313570
708 202344 70.115490 24.903050
708 202330 69.046010 19.256100
708 202692 89.778490 0.865790
708 204060 90.915610 41.842340
708 203918 53.431480 20.988300
720 -1 53.222070 19.544720
720 2749 60.469000 21.868930
720 201589 91.116230 35.159910
720 202702 75.230680 25.149160
720 201568 87.435970 12.688700
720 1626144 69.774520 19.680330
720 202344 69.762380 24.958960
720 202330 68.165590 19.945890
720 202692 89.740160 0.882490
720 204060 90.958350 41.630860
720 203918 53.946360 20.375520
732 -1 54.134470 18.732330
732 2749 61.016890 21.572170
732 201589 91.134490 35.155400
732 202702 75.248470 24.981670
732 201568 87.396690 12.630910
732 1626144 68.968890 20.202850
732 202344 69.379890 24.976100
732 202330 67.451330 20.810530
732 202692 89.679660 0.916830
732 204060 91.008180 41.414070
732 203918 54.600780 19.742540
744 -1 55.563530 17.877230
744 2749 61.669850 21.191490
744 201589 91.142400 35.152410
744 202702 75.192710 24.742700
744 201568 87.345010 12.606120
744 1626144 68.221390 20.908810
744 202344 69.023240 24.992510
744 202330 66.872270 21.914410
744 202692 89.606970 0.952180
744 204060 91.085190 41.203680
744 203918 55.349220 19.081590
756 -1 56.915180 16.794830
756 2749 62.423300 20.766290
756 201589 91.148010 35.141610
756 202702 75.078790 24.434720
756 201568 87.299810 12.615840
756 1626144 67.599160 21.688600
756 202344 68.717220 25.038120
756 202330 66.363310 23.148800
756 202692 89.536860 0.996040
756 204060 91.194180 40.946130
756 203918 56.172240 18.368270
768 -1 58.360370 15.266950
768 2749 63.182340 20.255060
768 201589 91.164370 35.091230
768 202702 74.914350 24.157470
768 201568 87.266900 12.622590
768 1626144 66.975300 22.635210
768 202344 68.449560 25.189380
768 202330 65.970240 24.591190
768 202692 89.466830 1.044580
768 204060 91.347890 40.609180
768 203918 57.022530 17.714080
780 -1 58.579430 14.837580
780 2749 63.892100 19.649550
780 201589 91.174190 35.006920
780 202702 74.729660 23.927200
780 201568 87.254300 12.582710
780 1626144 66.447110 23.738350
780 202344 68.323520 25.273530
780 202330 65.751490 25.978790
780 202692 89.412750 1.086770
780 204060 91.541880 40.172320
780 203918 57.915770 17.107120
792 -1 59.140310 13.980890
792 2749 64.632720 18.981650
792 201589 91.183800 34.861290
792 202702 74.588900 23.744590
792 201568 87.260940 12.503930
792 1626144 66.240150 24.945100
792 202344 68.255600 25.328030
792 202330 65.676510 27.301930
792 202692 89.338650 1.102880
792 204060 91.782510 39.616860
792 203918 58.837960 16.482320
804 -1 60.004710 13.139670
804 2749 65.411120 18.299710
804 201589 91.198090 34.649540
804 202702 74.504570 23.587410
804 201568 87.280990 12.408420
804 1626144 66.270280 26.088090
804 202344 68.278420 25.409370
804 202330 65.722880 28.806940
804 202692 89.227320 1.104250
804 204060 92.053690 38.987960
804 203918 59.836460 15.790190
816 -1 60.968830 12.314100
816 2749 66.246520 17.625640
816 201589 91.231480 34.309410
816 202702 74.476960 23.449290
816 201568 87.291810 12.305320
816 1626144 66.411070 27.239900
816 202344 68.308180 25.485600
816 202330 65.790170 30.451080
816 202692 89.092020 1.092540
816 204060 92.317680 38.250710
816 203918 60.905770 15.174980
828 -1 62.289600 11.917650
828 2749 67.093240 17.001430
828 201589 91.296690 33.893820
828 202702 74.493910 23.301410
828 201568 87.280770 12.245340
828 1626144 66.744320 28.349660
828 202344 68.335790 25.466370
828 202330 65.968260 32.061740
828 202692 88.941930 1.068480
828 204060 92.574010 37.463360
828 203918 61.829280 14.622330
840 -1 63.880260 11.304610
840 2749 67.919520 16.448530
840 201589 91.400240 33.458520
840 202702 74.576730 23.077750
840 201568 87.261540 12.229980
840 1626144 67.189550 29.386710
840 202344 68.254290 25.510790
840 202330 66.166350 33.662570
840 202692 88.771870 1.023190
840 204060 92.811170 36.597610
840 203918 62.562920 14.096760
852 -1 64.078780 12.033930
852 2749 68.708290 16.021010
852 201589 91.563470 33.040470
852 202702 74.699300 22.853210
852 201568 87.232950 12.240110
852 1626144 67.620550 30.329810
852 202344 68.232290 25.613390
852 202330 66.307260 35.252640
852 202692 88.630960 0.989550
852 204060 93.024870 35.695490
852 203918 63.074830 13.663240
864 -1 64.427190 12.163930
864 2749 69.371860 15.712070
864 201589 91.718210 32.508510
864 202702 74.848530 22.688570
864 201568 87.201310 12.254290
864 1626144 68.031030 31.260560
864 202344 68.262920 25.785640
864 202330 66.398470 36.499900
864 202692 88.534380 0.964170
864 204060 93.242270 34.681870
864 203918 63.363440 13.348560
876 -1 64.582660 12.269400
876 2749 69.843060 15.506290
876 201589 91.764980 31.875770
876 202702 75.016710 22.619480
876 201568 87.177890 12.267150
876 1626144 68.526150 32.069280
876 202344 68.380880 26.051450
876 202330 66.580500 37.552290
876 202692 88.468600 0.962040
876 204060 93.396210 33.569870
876 203918 63.411970 13.055440
888 -1 64.716300 12.423670
888 2749 70.161980 15.413680
888 201589 91.757600 31.189540
888 202702 75.193690 22.651490
888 201568 87.165920 12.262980
888 1626144 69.054240 32.729690
888 202344 68.619170 26.448070
888 202330 66.796080 38.489420
888 202692 88.425580 0.973900
888 204060 93.532340 32.389680
888 203918 63.457260 12.720650
900 -1 65.046330 12.040540
900 2749 70.365810 15.395670
900 201589 91.657580 30.463440
900 202702 75.342000 22.822090
900 201568 87.156220 12.251600
900 1626144 69.603280 33.239170
900 202344 68.952070 26.911940
900 202330 67.048480 39.356460
900 202692 88.416620 1.007540
900 204060 93.661470 31.259110
900 203918 63.558650 12.390230
912 -1 65.175490 11.393680
912 2749 70.462590 15.363000
912 201589 91.448120 29.643010
912 202702 75.463800 23.057760
912 201568 87.150060 12.243930
912 1626144 70.087470 33.584900
912 202344 69.293620 27.428650
912 202330 67.364730 40.159120
912 202692 88.411630 1.053960
912 204060 93.711410 30.043710
912 203918 63.694200 12.082500
924 -1 65.193960 10.796050
924 2749 70.484470 15.249140
924 201589 91.215080 28.840440
924 202702 75.539100 23.318000
924 201568 87.149040 12.233740
924 1626144 70.528660 33.819410
924 202344 69.569670 28.073910
924 202330 67.728380 40.913620
924 202692 88.419250 1.101280
924 204060 93.624900 28.824290
924 203918 63.894270 11.822550
936 -1 65.394040 10.508790
936 2749 70.461340 15.090090
936 201589 91.040360 28.179340
936 202702 75.562250 23.563570
936 201568 87.146760 12.233530
936 1626144 70.928850 34.054640
936 202344 69.934550 28.750420
936 202330 68.065930 41.567910
936 202692 88.421740 1.139170
936 204060 93.407550 27.611250
936 203918 64.093320 11.620940
948 -1 65.592900 10.817780
948 2749 70.416580 14.924790
948 201589 90.847800 27.483440
948 202702 75.515010 23.774200
948 201568 87.148930 12.228780
948 1626144 71.316370 34.306940
948 202344 70.375340 29.443750
948 202330 68.387480 42.131470
948 202692 88.426260 1.168340
948 204060 93.136830 26.462970
948 203918 64.244500 11.557920
960 -1 65.646190 11.428950
960 2749 70.356650 14.787120
960 201589 90.650030 26.721350
960 202702 75.430320 23.932760
960 201568 87.156000 12.229820
960 1626144 71.689300 34.578480
960 202344 70.867670 30.123040
960 202330 68.696120 42.610560
960 202692 88.429740 1.194250
960 204060 92.653070 25.274870
960 203918 64.327990 11.615140
972 -1 65.008280 12.325190
972 2749 70.277330 14.771730
972 201589 90.438420 25.974470
972 202702 75.366810 24.147770
972 201568 87.167950 12.223010
972 1626144 72.025670 34.857000
972 202344 71.360370 30.736480
972 202330 68.996760 42.986720
972 202692 88.438720 1.209940
972 204060 92.009620 24.236250
972 203918 64.417300 11.698570
984 -1 64.416580 12.904760
984 2749 70.180970 14.829280
984 201589 90.163190 25.322120
984 202702 75.312840 24.344690
984 201568 87.170360 12.223680
984 1626144 72.328130 35.162150
984 202344 71.886100 31.268310
984 202330 69.261710 43.227210
984 202692 88.446850 1.218510
984 204060 91.326220 23.330690
984 203918 64.519280 11.723350
996 -1 63.852440 13.437770
996 2749 70.101350 14.913790
996 201589 89.868820 24.681750
996 202702 75.373750 24.769530
996 201568 87.173450 12.194550
996 1626144 72.557380 35.451810
996 202344 72.319230 31.770170
996 202330 69.501610 43.331090
996 202692 88.458780 1.226350
996 204060 90.964090 22.758790
996 203918 64.642650 11.757240
1008 -1 63.685710 13.460410
1008 2749 70.037540 14.983080
1008 201589 89.614790 24.168980
1008 202702 75.491640 25.158490
1008 201568 87.197300 12.106990
1008 1626144 72.692160 35.672170
1008 202344 72.613640 32.266050
1008 202330 69.655730 43.286210
1008 202692 88.455460 1.241000
1008 204060 90.612900 22.442160
1008 203918 64.713970 11.821340
1020 -1 63.689300 13.451860
1020 2749 70.015270 15.026470
1020 201589 89.463110 23.737640
1020 202702 75.665160 25.546980
1020 201568 87.215960 11.965910
1020 1626144 72.756240 35.869900
1020 202344 72.771960 32.686040
1020 202330 69.697190 43.067780
1020 202692 88.422470 1.251580
1020 204060 90.502660 22.273240
1020 203918 64.723860 11.858900
1032 -1 63.867470 13.556980
1032 2749 70.017820 15.018310
1032 201589 89.449970 23.392100
1032 202702 75.870250 25.858430
1032 201568 87.240400 11.784110
1032 1626144 72.858910 35.898080
1032 202344 72.858780 33.033660
1032 202330 69.619550 42.687570
1032 202692 88.342870 1.259620
1032 204060 90.639890 22.246340
1032 203918 64.670430 11.892090
1044 -1 64.103540 13.530910
1044 2749 70.027170 14.992580
1044 201589 89.590750 23.131170
1044 202702 76.138010 26.167640
1044 201568 87.255450 11.569600
1044 1626144 72.888960 35.831700
1044 202344 72.811410 33.312870
1044 202330 69.489290 42.209710
1044 202692 88.215110 1.276350
1044 204060 90.934640 22.413030
1044 203918 64.456710 12.013930
1056 -1 64.099150 13.600080
1056 2749 70.008070 14.987690
1056 201589 89.826530 23.022570
1056 202702 76.389450 26.242350
1056 201568 87.241160 11.386960
1056 1626144 72.865140 35.688590
1056 202344 72.582640 33.525190
1056 202330 69.309250 41.549600
1056 202692 88.054810 1.293230
1056 204060 91.120580 22.638400
1056 203918 64.174550 12.145830
1068 -1 63.366490 13.552760
1068 2749 69.969820 15.047390
1068 201589 90.075410 23.027010
1068 202702 76.715340 26.356600
1068 201568 87.164580 11.290820
1068 1626144 72.814400 35.514470
1068 202344 72.279300 33.631880
1068 202330 69.114140 40.885420
1068 202692 87.892210 1.301330
1068 204060 91.351000 22.843000
1068 203918 63.888360 12.223600
1080 -1 62.841740 13.475000
1080 2749 69.905370 15.157120
1080 201589 90.291000 23.116580
1080 202702 77.084310 26.516230
1080 201568 87.039760 11.246000
1080 1626144 72.726620 35.318560
1080 202344 71.952310 33.697490
1080 202330 68.956940 40.225890
1080 202692 87.743420 1.308150
1080 204060 91.538250 23.143610
1080 203918 63.605420 12.352830
1092 -1 62.332220 13.309620
1092 2749 69.817320 15.248360
1092 201589 90.460090 23.263760
1092 202702 77.414550 26.675720
1092 201568 86.890990 11.216620
1092 1626144 72.541460 35.282700
1092 202344 71.559630 33.800120
1092 202330 68.765040 39.523170
1092 202692 87.626980 1.311590
1092 204060 91.709350 23.466320
1092 203918 63.381810 12.469230
1104 -1 62.083630 13.429180
1104 2749 69.695320 15.324770
1104 201589 90.602980 23.410440
1104 202702 77.671970 26.803000
1104 201568 86.756950 11.169910
1104 1626144 72.384240 35.234800
1104 202344 71.221040 33.872710
1104 202330 68.490690 38.826950
1104 202692 87.555560 1.309390
1104 204060 91.861630 23.709710
1104 203918 63.174680 12.615340
1116 -1 62.083580 13.732850
1116 2749 69.564310 15.388640
1116 201589 90.740720 23.502230
1116 202702 77.862690 26.952170
1116 201568 86.645840 11.080870
1116 1626144 72.228010 35.146600
1116 202344 70.972400 33.874220
1116 202330 68.205960 38.058870
1116 202692 87.518840 1.305190
1116 204060 91.993600 23.841330
1116 203918 62.931080 12.790870
1128 -1 62.286270 14.119880
1128 2749 69.425960 15.451810
1128 201589 90.857780 23.497420
1128 202702 77.973840 27.113200
1128 201568 86.570900 10.918150
1128 1626144 72.093980 35.060840
1128 202344 70.771470 33.854160
1128 202330 68.022390 37.150830
1128 202692 87.511010 1.303200
1128 204060 92.117900 23.919150
1128 203918 62.708570 12.978910
1140 -1 62.344110 14.520730
1140 2749 69.309020 15.546310
1140 201589 90.917920 23.486240
1140 202702 78.007020 27.228870
1140 201568 86.531970 10.776580
1140 1626144 71.870800 34.926750
1140 202344 70.565080 33.826340
1140 202330 67.849630 36.178860
1140 202692 87.503750 1.309180
1140 204060 92.248780 23.955600
1140 203918 62.466900 13.097350
1152 -1 61.771910 14.604220
1152 2749 69.220980 15.697620
1152 201589 91.015730 23.470570
1152 202702 77.994350 27.317720
1152 201568 86.490010 10.716710
1152 1626144 71.478050 34.752130
1152 202344 70.317510 33.638370
1152 202330 67.754660 35.171070
1152 202692 87.510030 1.332790
1152 204060 92.391490 23.945930
1152 203918 62.148070 13.189110
1164 -1 60.857420 14.512840
1164 2749 69.161760 15.852190
1164 201589 90.980470 23.489650
1164 202702 77.973380 27.358930
1164 201568 86.430890 10.777610
1164 1626144 70.981330 34.577620
1164 202344 69.851380 33.143670
1164 202330 67.938550 34.303740
1164 202692 87.535380 1.368950
1164 204060 92.534080 23.864680
1164 203918 61.926110 13.273900
1176 -1 60.115380 14.155630
1176 2749 69.111280 15.973100
1176 201589 90.848730 23.494070
1176 202702 77.908330 27.298920
1176 201568 86.351850 10.950560
1176 1626144 70.165740 34.365860
1176 202344 69.519370 32.763170
1176 202330 68.186320 33.224350
1176 202692 87.574820 1.408420
1176 204060 92.654570 23.680740
1176 203918 61.724310 13.291250
1188 -1 59.635820 14.167260
1188 2749 69.068160 16.009860
1188 201589 90.723080 23.557520
1188 202702 77.774890 27.123550
1188 201568 86.248440 11.226930
1188 1626144 69.339180 34.039090
1188 202344 69.351150 32.559400
1188 202330 68.457690 32.091490
1188 202692 87.613420 1.455720
1188 204060 92.751120 23.354230
1188 203918 61.507810 13.243080
1200 -1 59.562470 14.487990
1200 2749 68.997430 15.971530
1200 201589 90.632120 23.632480
1200 202702 77.619310 26.932660
1200 201568 86.138940 11.505970
1200 1626144 68.664640 33.503120
1200 202344 69.275610 32.316170
1200 202330 68.875860 30.846780
1200 202692 87.681260 1.497540
1200 204060 92.819460 22.882500
1200 203918 61.331740 13.278160
1212 -1 59.930370 14.878930
1212 2749 68.919870 15.917170
1212 201589 90.434720 23.652630
1212 202702 77.449820 26.725930
1212 201568 86.038800 11.735180
1212 1626144 68.147320 32.735180
1212 202344 69.306200 32.155070
1212 202330 69.428720 29.616970
1212 202692 87.751700 1.529950
1212 204060 92.837110 22.310390
1212 203918 61.203340 13.432640
1224 -1 60.526710 15.184200
1224 2749 68.814090 15.922270
1224 201589 90.311430 23.559620
1224 202702 77.235270 26.380510
1224 201568 85.938660 11.876570
1224 1626144 67.716350 31.858690
1224 202344 69.630060 32.274550
1224 202330 69.969720 28.140640
1224 202692 87.796240 1.553560
1224 204060 92.846140 21.605130
1224 203918 61.031940 13.590480
1236 -1 61.062900 15.486490
1236 2749 68.711120 16.001200
1236 201589 90.263430 23.369000
1236 202702 77.030920 26.020240
1236 201568 85.833420 11.940400
1236 1626144 67.645390 30.910000
1236 202344 69.877360 32.321400
1236 202330 70.652980 26.828330
1236 202692 87.844700 1.568390
1236 204060 92.748960 20.791280
1236 203918 60.947260 13.822100
1248 -1 60.733040 15.880240
1248 2749 68.603440 16.131960
1248 201589 90.179090 23.109740
1248 202702 76.876180 25.706850
1248 201568 85.724370 11.979100
1248 1626144 67.698370 29.863520
1248 202344 69.986610 32.138820
1248 202330 71.494650 25.610810
1248 202692 87.866730 1.573100
1248 204060 92.549720 20.088550
1248 203918 60.931030 14.110530
1260 -1 60.328910 16.003730
1260 2749 68.482460 16.258640
1260 201589 90.091680 22.767990
1260 202702 76.763280 25.363550
1260 201568 85.613040 12.046670
1260 1626144 67.892900 28.815920
1260 202344 69.995280 31.989730
1260 202330 72.159630 24.352820
1260 202692 87.867410 1.578860
1260 204060 92.313950 19.381950
1260 203918 60.987970 14.333630
1272 -1 59.955400 16.137930
1272 2749 68.422710 16.375730
1272 201589 90.029440 22.401380
1272 202702 76.669780 25.048030
1272 201568 85.477040 12.193720
1272 1626144 68.272670 27.760440
1272 202344 69.895730 31.854440
1272 202330 72.711930 23.057930
1272 202692 87.827570 1.578220
1272 204060 92.010440 18.642820
1272 203918 61.059720 14.510420
1284 -1 59.784180 16.461630
1284 2749 68.369820 16.435440
1284 201589 89.959450 22.003790
1284 202702 76.678470 25.014090
1284 201568 85.331920 12.420990
1284 1626144 68.813910 26.616500
1284 202344 69.655720 31.750610
1284 202330 73.031160 21.859480
1284 202692 87.748340 1.567410
1284 204060 91.647040 18.037620
1284 203918 61.121190 14.765810
1296 -1 60.134110 16.987660
1296 2749 68.305920 16.451800
1296 201589 89.836560 21.672600
1296 202702 76.694450 25.145830
1296 201568 85.227680 12.680790
1296 1626144 69.460640 25.391630
1296 202344 69.332340 31.623470
1296 202330 73.148710 20.799140
1296 202692 87.595530 1.535180
1296 204060 91.273570 17.580710
1296 203918 61.147570 15.190310
1308 -1 60.620160 17.577100
1308 2749 68.214190 16.474680
1308 201589 89.691480 21.337320
1308 202702 76.618200 25.296290
1308 201568 85.164060 12.930320
1308 1626144 70.149620 24.131270
1308 202344 69.003850 31.536330
1308 202330 72.931330 19.611480
1308 202692 87.410770 1.484970
1308 204060 90.935900 17.053150
1308 203918 61.164450 15.681030
1320 -1 61.167370 18.056040
1320 2749 68.131330 16.584460
1320 201589 89.523560 21.022680
1320 202702 76.458980 25.562560
1320 201568 85.138960 13.127050
1320 1626144 70.711330 22.860070
1320 202344 68.729140 31.416180
1320 202330 72.668830 18.504740
1320 202692 87.214120 1.423130
1320 204060 90.561770 16.661780
1320 203918 61.124760 16.236990
1332 -1 61.114420 18.810580
1332 2749 68.015550 16.761460
1332 201589 89.368510 20.720540
1332 202702 76.214750 25.871230
1332 201568 85.157140 13.272100
1332 1626144 71.213450 21.604110
1332 202344 68.571280 31.190450
1332 202330 72.341620 17.458930
1332 202692 87.040490 1.364820
1332 204060 90.159170 16.374650
1332 203918 61.080840 16.834690
1344 -1 60.785160 19.350970
1344 2749 67.808080 17.020440
1344 201589 89.233240 20.466050
1344 202702 75.877180 26.054460
1344 201568 85.218740 13.432110
1344 1626144 71.531250 20.369690
1344 202344 68.560810 30.854070
1344 202330 71.916580 16.368860
1344 202692 86.913800 1.316910
1344 204060 89.731780 16.119760
1344 203918 61.097030 17.376940
1356 -1 60.383610 19.620680
1356 2749 67.617100 17.400080
1356 201589 89.138920 20.233200
1356 202702 75.437570 26.202040
1356 201568 85.284280 13.650780
1356 1626144 71.660470 19.130940
1356 202344 68.615640 30.447090
1356 202330 71.409480 15.358360
1356 202692 86.835750 1.289830
1356 204060 89.401910 15.929560
1356 203918 61.163080 17.867310
1368 -1 60.148300 20.142820
1368 2749 67.553320 17.935390
1368 201589 89.038690 20.110050
1368 202702 74.994080 26.508070
1368 201568 85.272570 14.141800
1368 1626144 71.621930 18.067470
1368 202344 68.668670 29.980290
1368 202330 70.840330 14.532070
1368 202692 86.803620 1.279410
1368 204060 89.088140 15.793250
1368 203918 61.216220 18.425330
1380 -1 60.062070 20.762470
1380 2749 67.606680 18.597800
1380 201589 88.998820 20.053760
1380 202702 74.573480 26.698780
1380 201568 85.266750 14.682030
1380 1626144 71.546110 17.168010
1380 202344 68.732710 29.488840
1380 202330 70.139420 13.776350
1380 202692 86.787120 1.278460
1380 204060 88.805540 15.485150
1380 203918 61.183990 19.236690
1392 -1 60.107080 21.406290
1392 2749 67.650360 19.395770
1392 201589 88.938250 20.045450
1392 202702 74.203840 26.894750
1392 201568 85.327240 15.217520
1392 1626144 71.349110 16.392040
1392 202344 68.855700 29.091340
1392 202330 69.287250 13.006550
1392 202692 86.798080 1.274480
1392 204060 88.535100 15.313730
1392 203918 61.172910 20.133960
1404 -1 60.136480 22.378790
1404 2749 67.783390 20.320310
1404 201589 88.814550 20.101970
1404 202702 73.839540 27.203610
1404 201568 85.389140 15.667330
1404 1626144 71.172510 15.734790
1404 202344 68.943870 28.738010
1404 202330 68.481340 12.415300
1404 202692 86.804480 1.266330
1404 204060 88.330920 15.100350
1404 203918 61.218960 21.266360
1416 -1 60.301120 23.269160
1416 2749 68.045760 21.327540
1416 201589 88.617600 20.277490
1416 202702 73.559270 27.564330
1416 201568 85.427470 16.055820
1416 1626144 71.065040 15.329570
1416 202344 69.051660 28.363790
1416 202330 67.705700 11.934150
1416 202692 86.816740 1.263620
1416 204060 88.074160 14.863490
1416 203918 61.296060 22.545020
1428 -1 60.779160 24.783170
1428 2749 68.383030 22.324500
1428 201589 88.426410 20.468160
1428 202702 73.383440 28.045820
1428 201568 85.531940 16.216130
1428 1626144 71.006710 15.057230
1428 202344 69.256950 27.961330
1428 202330 67.004310 11.515410
1428 202692 86.849950 1.263990
1428 204060 87.820890 14.638780
1428 203918 61.512800 23.909880
1440 -1 61.570470 26.589480
1440 2749 68.778460 23.263020
1440 201589 88.151590 20.666600
1440 202702 73.238450 28.589740
1440 201568 85.640790 16.360090
1440 1626144 70.963720 14.945970
1440 202344 69.609350 27.575340
1440 202330 66.400190 11.229720
1440 202692 86.894650 1.260650
1440 204060 87.550970 14.571200
1440 203918 61.976060 25.181640
1452 -1 62.974870 28.415920
1452 2749 69.336700 24.111890
1452 201589 87.821650 20.937590
1452 202702 73.164510 29.081490
1452 201568 85.667310 16.551030
1452 1626144 71.029170 15.094520
1452 202344 69.990790 27.091360
1452 202330 65.889960 11.111430
1452 202692 86.930420 1.258440
1452 204060 87.318510 14.420620
1452 203918 62.606490 26.578000
1464 -1 64.287000 29.634530
1464 2749 70.154990 24.819280
1464 201589 87.517240 21.136630
1464 202702 73.249360 29.658840
1464 201568 85.673750 16.805360
1464 1626144 71.215130 15.451580
1464 202344 70.314880 26.753720
1464 202330 65.374960 11.013560
1464 202692 86.975790 1.253760
1464 204060 87.037310 14.339200
1464 203918 63.167030 27.988110
1476 -1 63.940680 31.280030
1476 2749 71.077830 25.504230
1476 201589 87.263890 21.317260
1476 202702 73.429130 30.170460
1476 201568 85.675830 17.033980
1476 1626144 71.471060 15.890890
1476 202344 70.779590 26.562160
1476 202330 64.846290 11.000770
1476 202692 87.035700 1.244760
1476 204060 86.683740 14.294300
1476 203918 63.694130 29.261330
1488 -1 64.159310 32.082150
1488 2749 71.920770 26.150810
1488 201589 87.011550 21.452640
1488 202702 73.735820 30.501240
1488 201568 85.643590 17.142810
1488 1626144 71.789400 16.385100
1488 202344 71.296880 26.383290
1488 202330 64.332640 11.118290
1488 202692 87.107950 1.252100
1488 204060 86.271690 14.308860
1488 203918 64.118810 30.393400
1500 -1 64.376030 32.635220
1500 2749 72.731430 26.767500
1500 201589 86.791580 21.637900
1500 202702 74.173550 30.803980
1500 201568 85.579330 17.212820
1500 1626144 72.179220 16.936760
1500 202344 71.767010 26.339050
1500 202330 63.876150 11.330470
1500 202692 87.195290 1.283510
1500 204060 85.874060 14.359830
1500 203918 64.426270 31.367660
1512 -1 64.929510 32.936300
1512 2749 73.465390 27.280190
1512 201589 86.598020 21.791770
1512 202702 74.625040 31.161940
1512 201568 85.541250 17.115100
1512 1626144 72.587740 17.530660
1512 202344 72.228770 26.494880
1512 202330 63.488590 11.607500
1512 202692 87.286400 1.326680
1512 204060 85.534230 14.411560
1512 203918 64.617400 32.123000
1524 -1 65.513810 33.052030
1524 2749 73.968290 27.888560
1524 201589 86.384530 22.005370
1524 202702 74.827240 31.420700
1524 201568 85.482750 16.918590
1524 1626144 72.959570 18.174020
1524 202344 72.852210 26.608130
1524 202330 63.186910 11.883940
1524 202692 87.343430 1.382440
1524 204060 85.296470 14.485970
1524 203918 64.895950 32.655690
1536 -1 66.120710 33.273810
1536 2749 74.085820 28.560320
1536 201589 86.141570 22.101060
1536 202702 74.952790 31.753740
1536 201568 85.392080 16.713420
1536 1626144 73.247560 18.845430
1536 202344 73.383450 26.726930
1536 202330 62.954180 12.144680
1536 202692 87.358510 1.460330
1536 204060 85.197120 14.557950
1536 203918 65.116520 33.035880
1548 -1 67.028360 33.409510
1548 2749 73.992050 29.132890
1548 201589 85.893700 22.161950
1548 202702 74.856250 32.096600
1548 201568 85.322710 16.529330
1548 1626144 73.427250 19.497440
1548 202344 73.975300 27.011260
1548 202330 62.739040 12.391600
1548 202692 87.293750 1.547390
1548 204060 85.163970 14.564410
1548 203918 65.370080 33.299030
1560 -1 66.051020 33.347610
1560 2749 73.652900 29.782110
1560 201589 85.644440 22.147550
1560 202702 74.465240 32.499300
1560 201568 85.216720 16.327910
1560 1626144 73.519430 20.119980
1560 202344 74.652020 27.298870
1560 202330 62.507130 12.643860
1560 202692 87.125600 1.661220
1560 204060 85.266470 14.589250
1560 203918 65.669260 33.493820
1572 -1 65.721880 33.344430
1572 2749 73.122280 30.458320
1572 201589 85.430860 22.119370
1572 202702 73.835000 32.847180
1572 201568 85.031490 16.191710
1572 1626144 73.545460 20.621960
1572 202344 75.416810 27.534900
1572 202330 62.257970 12.916820
1572 202692 86.781690 1.791690
1572 204060 85.522820 14.765220
1572 203918 65.979820 33.592520
1584 -1 66.419380 33.116580
1584 2749 72.367680 31.041820
1584 201589 85.272410 22.159960
1584 202702 73.277480 33.266850
1584 201568 84.834880 16.006370
1584 1626144 73.543530 21.022250
1584 202344 76.253130 27.876620
1584 202330 61.998750 13.201930
1584 202692 86.260890 1.953610
1584 204060 85.802210 14.916930
1584 203918 66.251150 33.625480
1596 -1 68.300480 32.379790
1596 2749 71.609350 31.451660
1596 201589 85.141760 22.366490
1596 202702 72.581810 33.563640
1596 201568 84.637910 15.609600
1596 1626144 73.557320 21.355970
1596 202344 77.188000 28.142540
1596 202330 61.735580 13.511210
1596 202692 85.592020 2.131540
1596 204060 86.144620 15.083960
1596 203918 66.903500 33.824160
1608 -1 70.801130 31.686180
1608 2749 71.074630 31.917950
1608 201589 85.072090 22.799470
1608 202702 71.791390 33.823420
1608 201568 84.420400 15.191510
1608 1626144 73.656020 21.687850
1608 202344 78.020620 28.383110
1608 202330 61.460710 13.850190
1608 202692 84.782300 2.356840
1608 204060 86.562050 15.338570
1608 203918 67.437770 34.049440
1620 -1 73.152020 30.628210
1620 2749 70.482220 32.234840
1620 201589 85.037720 23.370650
1620 202702 71.218770 33.971720
1620 201568 84.177680 14.746320
1620 1626144 73.774260 21.924850
1620 202344 78.758920 28.563040
1620 202330 61.190610 14.198210
1620 202692 83.831520 2.595470
1620 204060 86.929340 15.661180
1620 203918 67.754180 34.178370
1632 -1 75.479170 29.831720
1632 2749 69.955880 32.488450
1632 201589 84.926550 23.965050
1632 202702 70.864830 34.180980
1632 201568 84.021370 14.383410
1632 1626144 73.937940 22.130770
1632 202344 79.390590 28.692650
1632 202330 60.916160 14.560130
1632 202692 82.833650 2.891050
1632 204060 87.186830 15.916790
1632 203918 67.850480 34.211020
1644 -1 77.796110 28.855710
1644 2749 69.646270 32.636910
1644 201589 84.737680 24.635910
1644 202702 70.621480 34.187120
1644 201568 83.934100 14.199460
1644 1626144 74.212910 22.301520
1644 202344 79.921220 28.614970
1644 202330 60.619500 14.946360
1644 202692 81.809460 3.229730
1644 204060 87.401600 16.278300
1644 203918 67.806540 34.209990
1656 -1 79.919040 28.074800
1656 2749 69.512780 32.712070
1656 201589 84.487880 25.285770
1656 202702 70.559700 34.156940
1656 201568 83.833430 14.258380
1656 1626144 74.512510 22.549300
1656 202344 80.442680 28.500180
1656 202330 60.282130 15.333550
1656 202692 80.733820 3.623940
1656 204060 87.560390 16.728190
1656 203918 67.179500 34.118700
1668 -1 82.156560 27.087060
1668 2749 69.268600 32.677330
1668 201589 84.187050 25.670950
1668 202702 70.742340 34.014270
1668 201568 83.762380 14.406780
1668 1626144 74.856840 22.749220
1668 202344 81.050910 28.463990
1668 202330 59.918170 15.706040
1668 202692 79.616800 4.031400
1668 204060 87.700290 17.268490
1668 203918 66.411420 33.984170
1680 -1 84.504690 26.338700
1680 2749 69.289690 32.574840
1680 201589 83.748100 25.947790
1680 202702 70.995450 33.861750
1680 201568 83.781880 14.654590
1680 1626144 75.279090 22.945550
1680 202344 81.637930 28.458440
1680 202330 59.530640 16.085990
1680 202692 78.504080 4.499330
1680 204060 87.779250 17.862430
1680 203918 65.623020 33.949470
1692 -1 86.547910 25.507950
1692 2749 69.408190 32.455430
1692 201589 83.352400 26.268830
1692 202702 71.322240 33.614270
1692 201568 83.846210 14.973820
1692 1626144 75.767810 23.146610
1692 202344 82.167220 28.584200
1692 202330 59.128550 16.452560
1692 202692 77.390380 4.985730
1692 204060 87.763690 18.519680
1692 203918 64.822410 34.017640
1704 -1 88.604950 24.883390
1704 2749 69.587470 32.264070
1704 201589 83.149970 26.501920
1704 202702 71.774470 33.375000
1704 201568 83.886970 15.322640
1704 1626144 76.246210 23.298450
1704 202344 82.744470 28.854580
1704 202330 58.709860 16.808920
1704 202692 76.294360 5.491190
1704 204060 87.721050 19.187150
1704 203918 63.981930 34.171530
1716 -1 88.008210 23.806560
1716 2749 69.813610 32.086990
1716 201589 83.115760 26.687180
1716 202702 72.143730 33.116540
1716 201568 83.936120 15.803570
1716 1626144 76.789680 23.397700
1716 202344 83.364460 29.148360
1716 202330 58.281380 17.156190
1716 202692 75.225170 6.010700
1716 204060 87.641800 19.820000
1716 203918 63.205430 34.249000
1728 -1 89.055460 24.544410
1728 2749 70.077140 31.920060
1728 201589 83.243700 26.938620
1728 202702 72.494610 32.789190
1728 201568 83.968380 16.500660
1728 1626144 77.328640 23.493740
1728 202344 84.186830 29.318400
1728 202330 57.868370 17.484670
1728 202692 74.186240 6.578890
1728 204060 87.492570 20.452920
1728 203918 62.414800 34.370110
1740 -1 89.300080 24.773590
1740 2749 70.317790 31.795070
1740 201589 83.578930 27.087000
1740 202702 72.810210 32.397060
1740 201568 83.981680 17.266110
1740 1626144 77.868040 23.598790
1740 202344 85.134790 29.595650
1740 202330 57.451510 17.815350
1740 202692 73.111890 7.133460
1740 204060 87.289260 21.086260
1740 203918 61.577710 34.473200