0 -1 80.826720 22.773830 BALL
0 2734 47.858890 13.206300 PLAYER
0 200826 38.958880 24.435720 PLAYER
0 101109 45.298930 33.002810 PLAYER
0 202083 46.983250 37.363240 PLAYER
0 203939 62.518940 24.645700 PLAYER
0 202066 55.033580 15.496360 PLAYER
0 201196 70.860160 41.676760 PLAYER
0 101162 93.804570 25.199440 PLAYER
0 202322 82.687440 23.329130 PLAYER
0 203490 71.850670 46.624830 PLAYER
12 -1 79.668770 22.528690 BALL
12 2734 46.495870 13.354270 PLAYER
12 200826 38.522170 24.297430 PLAYER
12 101109 44.544350 33.023640 PLAYER
12 202083 45.231550 36.916740 PLAYER
12 203939 60.948880 24.645450 PLAYER
12 202066 53.806970 14.768620 PLAYER
12 201196 69.227060 42.116790 PLAYER
12 101162 93.038450 25.350400 PLAYER
12 202322 81.831720 22.866930 PLAYER
12 203490 70.598290 46.512960 PLAYER
24 -1 78.967840 22.568550 BALL
24 2734 45.150890 13.516060 PLAYER
24 200826 38.111780 24.164300 PLAYER
24 101109 43.794350 32.978270 PLAYER
24 202083 43.536980 36.544480 PLAYER
24 203939 59.326990 24.651500 PLAYER
24 202066 52.529030 14.065520 PLAYER
24 201196 67.515550 42.511830 PLAYER
24 101162 92.211160 25.504610 PLAYER
24 202322 80.915650 22.421950 PLAYER
24 203490 69.400100 46.411950 PLAYER
36 -1 78.854710 22.883710 BALL
36 2734 43.829170 13.652930 PLAYER
36 200826 37.717200 24.022100 PLAYER
36 101109 43.081130 32.865890 PLAYER
36 202083 41.820520 36.231980 PLAYER
36 203939 57.660160 24.652580 PLAYER
36 202066 51.269990 13.339300 PLAYER
36 201196 65.767560 42.917220 PLAYER
36 101162 91.420900 25.617710 PLAYER
36 202322 79.768690 21.948670 PLAYER
36 203490 68.140080 46.315250 PLAYER
48 -1 78.109260 22.679360 BALL
48 2734 42.495010 13.761710 PLAYER
48 200826 37.322590 23.861830 PLAYER
48 101109 42.419400 32.743400 PLAYER
48 202083 40.103270 35.936220 PLAYER
48 203939 55.987720 24.635900 PLAYER
48 202066 49.992410 12.613030 PLAYER
48 201196 63.973970 43.331390 PLAYER
48 101162 90.488060 25.768430 PLAYER
48 202322 78.630920 21.476510 PLAYER
48 203490 66.859290 46.186610 PLAYER
60 -1 76.542440 22.140790 BALL
60 2734 41.195070 13.889090 PLAYER
60 200826 36.950230 23.685370 PLAYER
60 101109 41.830860 32.555100 PLAYER
60 202083 38.471860 35.724350 PLAYER
60 203939 54.353270 24.614680 PLAYER
60 202066 48.695390 11.893300 PLAYER
60 201196 62.080870 43.730920 PLAYER
60 101162 89.449540 25.892230 PLAYER
60 202322 77.468810 20.999480 PLAYER
60 203490 65.509610 46.072670 PLAYER
72 -1 74.623780 21.135240 BALL
72 2734 39.907090 14.059680 PLAYER
72 200826 36.557110 23.478360 PLAYER
72 101109 41.271330 32.207980 PLAYER
72 202083 36.819600 35.650910 PLAYER
72 203939 52.714940 24.603720 PLAYER
72 202066 47.387050 11.153110 PLAYER
72 201196 60.157360 44.143260 PLAYER
72 101162 88.347090 25.993190 PLAYER
72 202322 76.187760 20.557100 PLAYER
72 203490 64.146860 45.942980 PLAYER
84 -1 72.589640 20.391690 BALL
84 2734 38.609840 14.224070 PLAYER
84 200826 36.144170 23.210000 PLAYER
84 101109 40.786980 31.814020 PLAYER
84 202083 35.170640 35.642340 PLAYER
84 203939 51.081870 24.552750 PLAYER
84 202066 46.076950 10.447560 PLAYER
84 201196 58.253540 44.573770 PLAYER
84 101162 87.154170 26.088510 PLAYER
84 202322 74.936430 20.084980 PLAYER
84 203490 62.739820 45.813140 PLAYER
96 -1 70.734730 19.434340 BALL
96 2734 37.323870 14.397610 PLAYER
96 200826 35.732180 22.890110 PLAYER
96 101109 40.340240 31.353610 PLAYER
96 202083 33.576980 35.741780 PLAYER
96 203939 49.474470 24.528730 PLAYER
96 202066 44.754670 9.801320 PLAYER
96 201196 56.378160 44.955880 PLAYER
96 101162 85.917340 26.231100 PLAYER
96 202322 73.625300 19.611210 PLAYER
96 203490 61.355610 45.674690 PLAYER
108 -1 69.501540 18.806040 BALL
108 2734 36.048550 14.510090 PLAYER
108 200826 35.373750 22.552690 PLAYER
108 101109 39.968890 30.838380 PLAYER
108 202083 32.035630 35.932680 PLAYER
108 203939 47.875010 24.494840 PLAYER
108 202066 43.406240 9.203230 PLAYER
108 201196 54.490240 45.265210 PLAYER
108 101162 84.611680 26.344860 PLAYER
108 202322 72.276160 19.155190 PLAYER
108 203490 59.953480 45.570700 PLAYER
120 -1 68.793900 18.284890 BALL
120 2734 34.768840 14.572620 PLAYER
120 200826 35.029870 22.185340 PLAYER
120 101109 39.633350 30.258730 PLAYER
120 202083 30.539220 36.170200 PLAYER
120 203939 46.256400 24.486140 PLAYER
120 202066 42.046680 8.622270 PLAYER
120 201196 52.610320 45.570690 PLAYER
120 101162 83.226300 26.443530 PLAYER
120 202322 70.838190 18.742820 PLAYER
120 203490 58.534370 45.408960 PLAYER
132 -1 68.091060 17.732120 BALL
132 2734 33.518930 14.558670 PLAYER
132 200826 34.716020 21.840580 PLAYER
132 101109 39.343760 29.664010 PLAYER
132 202083 29.127160 36.416140 PLAYER
132 203939 44.680260 24.491150 PLAYER
132 202066 40.730730 8.056910 PLAYER
132 201196 50.755600 45.873540 PLAYER
132 101162 81.815090 26.550280 PLAYER
132 202322 69.449590 18.361200 PLAYER
132 203490 57.097960 45.252150 PLAYER
144 -1 67.378240 17.169830 BALL
144 2734 32.375950 14.502170 PLAYER
144 200826 34.407710 21.511830 PLAYER
144 101109 39.095160 29.044680 PLAYER
144 202083 27.810530 36.699780 PLAYER
144 203939 43.217950 24.550040 PLAYER
144 202066 39.460130 7.497780 PLAYER
144 201196 48.983860 46.088050 PLAYER
144 101162 80.377280 26.647550 PLAYER
144 202322 68.070130 18.040060 PLAYER
144 203490 55.690950 45.062280 PLAYER
156 -1 66.294440 16.770630 BALL
156 2734 31.268870 14.400470 PLAYER
156 200826 34.105230 21.220360 PLAYER
156 101109 38.873770 28.373300 PLAYER
156 202083 26.563190 36.977620 PLAYER
156 203939 41.672590 24.597350 PLAYER
156 202066 38.154020 6.981430 PLAYER
156 201196 47.138000 46.364450 PLAYER
156 101162 78.886680 26.763140 PLAYER
156 202322 66.670670 17.729020 PLAYER
156 203490 54.220140 44.915920 PLAYER
168 -1 64.949020 16.488220 BALL
168 2734 30.234970 14.302020 PLAYER
168 200826 33.792230 20.938580 PLAYER
168 101109 38.602640 27.780630 PLAYER
168 202083 25.386100 37.233870 PLAYER
168 203939 40.140240 24.647870 PLAYER
168 202066 36.883840 6.490150 PLAYER
168 201196 45.383600 46.635730 PLAYER
168 101162 77.400700 26.886120 PLAYER
168 202322 65.321180 17.438450 PLAYER
168 203490 52.797400 44.725320 PLAYER
180 -1 63.168440 16.348700 BALL
180 2734 29.225060 14.181260 PLAYER
180 200826 33.438420 20.661270 PLAYER
180 101109 38.238200 27.338880 PLAYER
180 202083 24.257990 37.468770 PLAYER
180 203939 38.691560 24.694520 PLAYER
180 202066 35.652200 6.070640 PLAYER
180 201196 43.636240 46.872070 PLAYER
180 101162 75.893800 26.982340 PLAYER
180 202322 64.004770 17.204320 PLAYER
180 203490 51.438660 44.549970 PLAYER
192 -1 61.430200 16.117840 BALL
192 2734 28.219680 14.065350 PLAYER
192 200826 33.069630 20.386960 PLAYER
192 101109 37.775070 26.983000 PLAYER
192 202083 23.174530 37.638800 PLAYER
192 203939 37.243640 24.690980 PLAYER
192 202066 34.405920 5.717920 PLAYER
192 201196 41.878040 47.051420 PLAYER
192 101162 74.339320 27.035400 PLAYER
192 202322 62.710690 16.997640 PLAYER
192 203490 50.062180 44.343690 PLAYER
204 -1 59.478320 15.899790 BALL
204 2734 27.179500 13.942330 PLAYER
204 200826 32.710630 20.135690 PLAYER
204 101109 37.204400 26.747920 PLAYER
204 202083 22.131800 37.732240 PLAYER
204 203939 35.743580 24.703450 PLAYER
204 202066 33.152670 5.425820 PLAYER
204 201196 40.084600 47.295170 PLAYER
204 101162 72.728970 27.092410 PLAYER
204 202322 61.372690 16.840950 PLAYER
204 203490 48.665450 44.128730 PLAYER
216 -1 58.393920 15.833660 BALL
216 2734 26.188910 13.825400 PLAYER
216 200826 32.363480 19.870100 PLAYER
216 101109 36.581200 26.677260 PLAYER
216 202083 21.151670 37.719180 PLAYER
216 203939 34.426280 24.707590 PLAYER
216 202066 32.012830 5.151240 PLAYER
216 201196 38.393450 47.477990 PLAYER
216 101162 71.119180 27.106610 PLAYER
216 202322 60.059170 16.706780 PLAYER
216 203490 47.351990 43.871000 PLAYER
228 -1 57.539090 15.729450 BALL
228 2734 25.205040 13.686270 PLAYER
228 200826 32.021710 19.664440 PLAYER
228 101109 35.959810 26.718780 PLAYER
228 202083 20.220390 37.629310 PLAYER
228 203939 33.186690 24.713110 PLAYER
228 202066 30.937990 4.917380 PLAYER
228 201196 36.682940 47.666880 PLAYER
228 101162 69.499310 27.124880 PLAYER
228 202322 58.760690 16.622700 PLAYER
228 203490 46.045080 43.615380 PLAYER
240 -1 56.371990 15.786690 BALL
240 2734 24.235490 13.502930 PLAYER
240 200826 31.723020 19.516710 PLAYER
240 101109 35.364210 26.788890 PLAYER
240 202083 19.346110 37.504180 PLAYER
240 203939 31.960190 24.677430 PLAYER
240 202066 29.933430 4.727760 PLAYER
240 201196 35.092010 47.861180 PLAYER
240 101162 67.922130 27.160840 PLAYER
240 202322 57.509200 16.584320 PLAYER
240 203490 44.727430 43.375530 PLAYER
252 -1 55.156800 16.093920 BALL
252 2734 23.316530 13.300900 PLAYER
252 200826 31.440330 19.403450 PLAYER
252 101109 34.759370 26.930240 PLAYER
252 202083 18.532890 37.376040 PLAYER
252 203939 30.811090 24.628110 PLAYER
252 202066 29.014890 4.543560 PLAYER
252 201196 33.541970 48.023750 PLAYER
252 101162 66.338080 27.232630 PLAYER
252 202322 56.223570 16.695810 PLAYER
252 203490 43.514010 43.149560 PLAYER
264 -1 55.050610 17.043960 BALL
264 2734 22.428570 13.078440 PLAYER
264 200826 31.157360 19.333090 PLAYER
264 101109 34.169410 27.092310 PLAYER
264 202083 17.751550 37.278070 PLAYER
264 203939 29.702690 24.536430 PLAYER
264 202066 28.092590 4.324360 PLAYER
264 201196 31.969880 48.125200 PLAYER
264 101162 64.723400 27.270590 PLAYER
264 202322 54.990050 16.881580 PLAYER
264 203490 42.364360 42.937500 PLAYER
276 -1 53.057280 17.746920 BALL
276 2734 21.608210 12.831830 PLAYER
276 200826 30.903150 19.332200 PLAYER
276 101109 33.573540 27.359700 PLAYER
276 202083 17.015870 37.221510 PLAYER
276 203939 28.597440 24.450360 PLAYER
276 202066 27.196780 4.101250 PLAYER
276 201196 30.485250 48.244360 PLAYER
276 101162 63.112250 27.328250 PLAYER
276 202322 53.865550 17.162980 PLAYER
276 203490 41.254400 42.724570 PLAYER
288 -1 50.209510 20.908280 BALL
288 2734 20.867600 12.617860 PLAYER
288 200826 30.619600 19.298330 PLAYER
288 101109 32.936900 27.740610 PLAYER
288 202083 16.326340 37.171800 PLAYER
288 203939 27.530000 24.400200 PLAYER
288 202066 26.320010 3.876890 PLAYER
288 201196 29.054290 48.298370 PLAYER
288 101162 61.482410 27.385750 PLAYER
288 202322 52.787200 17.441190 PLAYER
288 203490 40.156980 42.488780 PLAYER
300 -1 47.298890 24.088560 BALL
300 2734 20.201090 12.451640 PLAYER
300 200826 30.339040 19.271190 PLAYER
300 101109 32.299950 28.265820 PLAYER
300 202083 15.671250 37.121470 PLAYER
300 203939 26.545480 24.388770 PLAYER
300 202066 25.443240 3.640600 PLAYER
300 201196 27.576160 48.315740 PLAYER
300 101162 59.802330 27.433960 PLAYER
300 202322 51.723560 17.714740 PLAYER
300 203490 39.076470 42.280560 PLAYER
312 -1 44.313070 27.653110 BALL
312 2734 19.545030 12.289650 PLAYER
312 200826 30.047620 19.241930 PLAYER
312 101109 31.691690 28.890580 PLAYER
312 202083 15.051520 37.070400 PLAYER
312 203939 25.659950 24.449150 PLAYER
312 202066 24.594860 3.420330 PLAYER
312 201196 26.194540 48.405690 PLAYER
312 101162 58.162170 27.460820 PLAYER
312 202322 50.793370 17.873530 PLAYER
312 203490 37.988470 42.106560 PLAYER
324 -1 41.213080 31.180750 BALL
324 2734 18.932580 12.162020 PLAYER
324 200826 29.786590 19.171250 PLAYER
324 101109 31.068660 29.684630 PLAYER
324 202083 14.472110 37.069300 PLAYER
324 203939 24.842300 24.555640 PLAYER
324 202066 23.798090 3.244930 PLAYER
324 201196 24.947890 48.462630 PLAYER
324 101162 56.539080 27.513890 PLAYER
324 202322 49.917430 17.973420 PLAYER
324 203490 36.945500 41.952940 PLAYER
336 -1 38.372680 35.052190 BALL
336 2734 18.307540 12.032970 PLAYER
336 200826 29.473560 19.092590 PLAYER
336 101109 30.360000 30.598580 PLAYER
336 202083 13.973610 37.116410 PLAYER
336 203939 24.080870 24.621330 PLAYER
336 202066 22.994380 3.109790 PLAYER
336 201196 23.695150 48.447150 PLAYER
336 101162 54.892070 27.559270 PLAYER
336 202322 49.107850 18.081780 PLAYER
336 203490 35.958030 41.852560 PLAYER
348 -1 35.503000 38.210930 BALL
348 2734 17.673720 11.893740 PLAYER
348 200826 29.192770 19.042820 PLAYER
348 101109 29.531340 31.645370 PLAYER
348 202083 13.553460 37.262800 PLAYER
348 203939 23.358910 24.709280 PLAYER
348 202066 22.194030 3.002250 PLAYER
348 201196 22.464640 48.478930 PLAYER
348 101162 53.252760 27.591840 PLAYER
348 202322 48.327450 18.213960 PLAYER
348 203490 35.080890 41.825060 PLAYER
360 -1 33.639410 40.525960 BALL
360 2734 17.045620 11.765200 PLAYER
360 200826 28.900270 18.985150 PLAYER
360 101109 28.911650 32.617130 PLAYER
360 202083 13.229730 37.534210 PLAYER
360 203939 22.657580 24.756260 PLAYER
360 202066 21.402870 2.942920 PLAYER
360 201196 21.348580 48.487210 PLAYER
360 101162 51.626360 27.634450 PLAYER
360 202322 47.630350 18.490950 PLAYER
360 203490 34.250390 41.777960 PLAYER
372 -1 32.584280 40.726660 BALL
372 2734 16.450990 11.677110 PLAYER
372 200826 28.646010 18.967700 PLAYER
372 101109 28.382740 33.655370 PLAYER
372 202083 12.982930 37.960690 PLAYER
372 203939 21.923670 24.774190 PLAYER
372 202066 20.602240 2.956910 PLAYER
372 201196 20.290450 48.408410 PLAYER
372 101162 49.980930 27.682300 PLAYER
372 202322 46.938960 18.876700 PLAYER
372 203490 33.539100 41.737830 PLAYER
384 -1 31.807250 40.957610 BALL
384 2734 15.876970 11.635380 PLAYER
384 200826 28.387170 19.010730 PLAYER
384 101109 27.995040 34.690540 PLAYER
384 202083 12.783960 38.521230 PLAYER
384 203939 21.280280 24.760850 PLAYER
384 202066 19.830490 3.017350 PLAYER
384 201196 19.322690 48.354440 PLAYER
384 101162 48.390270 27.697100 PLAYER
384 202322 46.288860 19.326330 PLAYER
384 203490 32.939650 41.725780 PLAYER
396 -1 31.384480 41.703990 BALL
396 2734 15.342050 11.698740 PLAYER
396 200826 28.163080 19.092560 PLAYER
396 101109 27.813300 35.681260 PLAYER
396 202083 12.661910 39.134860 PLAYER
396 203939 20.690390 24.810580 PLAYER
396 202066 19.100320 3.100960 PLAYER
396 201196 18.498290 48.273970 PLAYER
396 101162 46.810270 27.683310 PLAYER
396 202322 45.675660 19.819300 PLAYER
396 203490 32.443420 41.718430 PLAYER
408 -1 31.138170 41.901120 BALL
408 2734 14.826330 11.851860 PLAYER
408 200826 27.961620 19.221430 PLAYER
408 101109 27.932970 36.492130 PLAYER
408 202083 12.598560 39.764350 PLAYER
408 203939 20.166790 24.846800 PLAYER
408 202066 18.410060 3.179360 PLAYER
408 201196 17.819920 48.106680 PLAYER
408 101162 45.206940 27.682810 PLAYER
408 202322 45.105160 20.426550 PLAYER
408 203490 32.126910 41.702350 PLAYER
420 -1 31.038710 41.984770 BALL
420 2734 14.340810 12.093720 PLAYER
420 200826 27.833900 19.424640 PLAYER
420 101109 27.982870 37.307710 PLAYER
420 202083 12.550750 40.381870 PLAYER
420 203939 19.685820 24.960110 PLAYER
420 202066 17.732930 3.182450 PLAYER
420 201196 17.243370 47.900900 PLAYER
420 101162 43.608510 27.670250 PLAYER
420 202322 44.505780 20.899360 PLAYER
420 203490 32.029310 41.662460 PLAYER
432 -1 31.214270 42.015620 BALL
432 2734 13.886480 12.391060 PLAYER
432 200826 27.736500 19.670920 PLAYER
432 101109 28.178000 37.992800 PLAYER
432 202083 12.501450 40.951010 PLAYER
432 203939 19.289070 25.163850 PLAYER
432 202066 17.109510 3.152750 PLAYER
432 201196 16.841240 47.707370 PLAYER
432 101162 42.028740 27.673950 PLAYER
432 202322 43.965510 21.297400 PLAYER
432 203490 32.004480 41.612380 PLAYER
444 -1 31.262370 40.985990 BALL
444 2734 13.454900 12.716040 PLAYER
444 200826 27.712990 19.956430 PLAYER
444 101109 28.458520 38.504470 PLAYER
444 202083 12.482170 41.380630 PLAYER
444 203939 18.937260 25.474170 PLAYER
444 202066 16.523100 3.094300 PLAYER
444 201196 16.616030 47.488090 PLAYER
444 101162 40.400350 27.748180 PLAYER
444 202322 43.417900 21.710400 PLAYER
444 203490 32.038100 41.515380 PLAYER
456 -1 31.856070 41.003580 BALL
456 2734 13.041450 13.065680 PLAYER
456 200826 27.735530 20.277660 PLAYER
456 101109 28.775260 38.838030 PLAYER
456 202083 12.429420 41.725170 PLAYER
456 203939 18.663560 25.839410 PLAYER
456 202066 15.939490 3.024200 PLAYER
456 201196 16.512420 47.288620 PLAYER
456 101162 38.824240 27.863940 PLAYER
456 202322 42.869810 22.156250 PLAYER
456 203490 32.118400 41.416830 PLAYER
468 -1 32.682300 40.727170 BALL
468 2734 12.671790 13.434370 PLAYER
468 200826 27.767200 20.604550 PLAYER
468 101109 29.095240 39.059530 PLAYER
468 202083 12.379430 41.974040 PLAYER
468 203939 18.490770 26.230170 PLAYER
468 202066 15.350390 2.950570 PLAYER
468 201196 16.513830 47.152680 PLAYER
468 101162 37.346620 27.976630 PLAYER
468 202322 42.363310 22.584520 PLAYER
468 203490 32.134150 41.309720 PLAYER
480 -1 34.077040 38.493040 BALL
480 2734 12.340720 13.773950 PLAYER
480 200826 27.779760 20.911530 PLAYER
480 101109 29.427180 39.154890 PLAYER
480 202083 12.381750 42.093500 PLAYER
480 203939 18.420460 26.598900 PLAYER
480 202066 14.782070 2.892850 PLAYER
480 201196 16.584280 47.065240 PLAYER
480 101162 35.890430 28.132660 PLAYER
480 202322 41.923930 23.091070 PLAYER
480 203490 32.024330 41.219410 PLAYER
492 -1 36.034890 35.638880 BALL
492 2734 12.037720 14.106730 PLAYER
492 200826 27.774340 21.210810 PLAYER
492 101109 29.621130 39.217430 PLAYER
492 202083 12.431850 42.074730 PLAYER
492 203939 18.418730 26.934910 PLAYER
492 202066 14.177940 2.832290 PLAYER
492 201196 16.633170 46.971870 PLAYER
492 101162 34.428060 28.367430 PLAYER
492 202322 41.454210 23.588450 PLAYER
492 203490 31.870670 41.166140 PLAYER
504 -1 37.412460 32.846440 BALL
504 2734 11.763730 14.430570 PLAYER
504 200826 27.746030 21.519220 PLAYER
504 101109 29.688170 39.281140 PLAYER
504 202083 12.516880 41.967990 PLAYER
504 203939 18.445570 27.193120 PLAYER
504 202066 13.586530 2.762110 PLAYER
504 201196 16.595850 46.912490 PLAYER
504 101162 33.054810 28.607490 PLAYER
504 202322 41.002400 24.047290 PLAYER
504 203490 31.797000 41.173260 PLAYER
516 -1 39.102100 29.905440 BALL
516 2734 11.560040 14.718680 PLAYER
516 200826 27.790630 21.813700 PLAYER
516 101109 29.652010 39.268990 PLAYER
516 202083 12.607810 41.791350 PLAYER
516 203939 18.462480 27.403450 PLAYER
516 202066 13.016540 2.643530 PLAYER
516 201196 16.515090 46.873210 PLAYER
516 101162 31.731580 28.886970 PLAYER
516 202322 40.610990 24.546120 PLAYER
516 203490 31.622900 41.153080 PLAYER
528 -1 40.510990 27.104000 BALL
528 2734 11.414570 14.949960 PLAYER
528 200826 27.854050 22.108580 PLAYER
528 101109 29.499100 39.212060 PLAYER
528 202083 12.672580 41.588460 PLAYER
528 203939 18.422080 27.607390 PLAYER
528 202066 12.492710 2.499120 PLAYER
528 201196 16.415080 46.845100 PLAYER
528 101162 30.445740 29.187580 PLAYER
528 202322 40.168970 24.963010 PLAYER
528 203490 31.355190 41.224420 PLAYER
540 -1 40.456260 26.803220 BALL
540 2734 11.325320 15.116260 PLAYER
540 200826 27.981610 22.381440 PLAYER
540 101109 29.256610 39.110840 PLAYER
540 202083 12.676980 41.365680 PLAYER
540 203939 18.326440 27.827770 PLAYER
540 202066 12.007970 2.365160 PLAYER
540 201196 16.313870 46.827280 PLAYER
540 101162 29.289810 29.480830 PLAYER
540 202322 39.717700 25.318610 PLAYER
540 203490 31.047610 41.414890 PLAYER
552 -1 39.010600 26.361950 BALL
552 2734 11.279230 15.240410 PLAYER
552 200826 28.149430 22.611840 PLAYER
552 101109 28.929790 38.960820 PLAYER
552 202083 12.633960 41.140880 PLAYER
552 203939 18.212360 28.037320 PLAYER
552 202066 11.584120 2.221140 PLAYER
552 201196 16.202110 46.825310 PLAYER
552 101162 28.274930 29.669650 PLAYER
552 202322 39.296390 25.657830 PLAYER
552 203490 30.849810 41.576680 PLAYER
564 -1 38.757510 26.605150 BALL
564 2734 11.276530 15.345930 PLAYER
564 200826 28.367020 22.799390 PLAYER
564 101109 28.556340 38.760960 PLAYER
564 202083 12.538670 40.894830 PLAYER
564 203939 18.087890 28.210730 PLAYER
564 202066 11.193870 2.093740 PLAYER
564 201196 16.097800 46.838250 PLAYER
564 101162 27.426840 29.691400 PLAYER
564 202322 38.871750 25.974800 PLAYER
564 203490 30.489660 41.724440 PLAYER
576 -1 37.941600 26.901240 BALL
576 2734 11.288770 15.440990 PLAYER
576 200826 28.570240 22.992110 PLAYER
576 101109 28.121830 38.570900 PLAYER
576 202083 12.416380 40.643300 PLAYER
576 203939 17.990140 28.344790 PLAYER
576 202066 10.800120 2.004970 PLAYER
576 201196 16.060650 46.883870 PLAYER
576 101162 26.644700 29.680690 PLAYER
576 202322 38.385820 26.166690 PLAYER
576 203490 30.165680 41.921740 PLAYER
588 -1 37.368900 27.059390 BALL
588 2734 11.321880 15.562570 PLAYER
588 200826 28.785010 23.207560 PLAYER
588 101109 27.667170 38.388720 PLAYER
588 202083 12.283080 40.369450 PLAYER
588 203939 17.949670 28.365290 PLAYER
588 202066 10.386680 1.959460 PLAYER
588 201196 16.105070 46.962490 PLAYER
588 101162 25.981670 29.612760 PLAYER
588 202322 37.956560 26.334180 PLAYER
588 203490 29.857150 42.079660 PLAYER
600 -1 37.019660 27.000210 BALL
600 2734 11.357170 15.717460 PLAYER
600 200826 28.964310 23.442630 PLAYER
600 101109 27.185340 38.224210 PLAYER
600 202083 12.154620 40.097970 PLAYER
600 203939 17.903750 28.345650 PLAYER
600 202066 9.960500 1.911200 PLAYER
600 201196 16.185140 47.054290 PLAYER
600 101162 25.478450 29.432780 PLAYER
600 202322 37.565930 26.461130 PLAYER
600 203490 29.575250 42.217920 PLAYER
612 -1 36.735400 27.015700 BALL
612 2734 11.391620 15.853830 PLAYER
612 200826 29.181580 23.686840 PLAYER
612 101109 26.689420 38.029790 PLAYER
612 202083 11.978700 39.816170 PLAYER
612 203939 17.888390 28.273120 PLAYER
612 202066 9.514870 1.860820 PLAYER
612 201196 16.283000 47.150330 PLAYER
612 101162 25.056770 29.188170 PLAYER
612 202322 37.230190 26.560400 PLAYER
612 203490 29.143750 42.377210 PLAYER
624 -1 36.571110 26.978500 BALL
624 2734 11.416220 15.949940 PLAYER
624 200826 29.447020 23.905290 PLAYER
624 101109 26.162240 37.821240 PLAYER
624 202083 11.802400 39.538140 PLAYER
624 203939 17.939010 28.158060 PLAYER
624 202066 9.059290 1.797450 PLAYER
624 201196 16.348460 47.253250 PLAYER
624 101162 24.674070 28.927710 PLAYER
624 202322 36.971170 26.631960 PLAYER
624 203490 28.679090 42.545120 PLAYER
636 -1 36.601570 27.115880 BALL
636 2734 11.421560 16.004370 PLAYER
636 200826 29.755840 24.093050 PLAYER
636 101109 25.635340 37.631360 PLAYER
636 202083 11.641960 39.258190 PLAYER
636 203939 18.010520 28.029340 PLAYER
636 202066 8.645040 1.728900 PLAYER
636 201196 16.312200 47.333250 PLAYER
636 101162 24.477340 28.492030 PLAYER
636 202322 36.773100 26.679130 PLAYER
636 203490 28.139110 42.694980 PLAYER
648 -1 37.388100 27.373400 BALL
648 2734 11.404330 15.998570 PLAYER
648 200826 30.049230 24.298360 PLAYER
648 101109 25.100050 37.444880 PLAYER
648 202083 11.486500 38.967390 PLAYER
648 203939 18.105590 27.943460 PLAYER
648 202066 8.286170 1.642740 PLAYER
648 201196 16.180700 47.408620 PLAYER
648 101162 24.384870 27.897860 PLAYER
648 202322 36.628720 26.702040 PLAYER
648 203490 27.562140 42.806570 PLAYER
660 -1 37.178730 27.295470 BALL
660 2734 11.385020 15.947920 PLAYER
660 200826 30.322510 24.543450 PLAYER
660 101109 24.566850 37.292980 PLAYER
660 202083 11.333960 38.689490 PLAYER
660 203939 18.253480 27.786450 PLAYER
660 202066 7.958620 1.579400 PLAYER
660 201196 15.990500 47.501480 PLAYER
660 101162 24.358790 27.248230 PLAYER
660 202322 36.513770 26.711110 PLAYER
660 203490 26.904480 42.844870 PLAYER
672 -1 36.969360 27.217530 BALL
672 2734 11.377450 15.894250 PLAYER
672 200826 30.539560 24.785450 PLAYER
672 101109 24.036020 37.201060 PLAYER
672 202083 11.238640 38.441790 PLAYER
672 203939 18.437210 27.653450 PLAYER
672 202066 7.673120 1.537640 PLAYER
672 201196 15.775200 47.600850 PLAYER
672 101162 24.515890 26.549280 PLAYER
672 202322 36.424980 26.718060 PLAYER
672 203490 26.176030 42.824390 PLAYER
684 -1 36.759990 27.139600 BALL
684 2734 11.383410 15.857530 PLAYER
684 200826 30.683990 25.028430 PLAYER
684 101109 23.574060 37.177600 PLAYER
684 202083 11.184060 38.183130 PLAYER
684 203939 18.610950 27.533070 PLAYER
684 202066 7.423300 1.516110 PLAYER
684 201196 15.608290 47.681540 PLAYER
684 101162 24.791350 25.894740 PLAYER
684 202322 36.358420 26.718420 PLAYER
684 203490 25.376050 42.741310 PLAYER
696 -1 36.550620 27.061670 BALL
696 2734 11.401200 15.831980 PLAYER
696 200826 30.729130 25.317950 PLAYER
696 101109 23.147520 37.183230 PLAYER
696 202083 11.118750 37.928950 PLAYER
696 203939 18.799590 27.396800 PLAYER
696 202066 7.206910 1.523950 PLAYER
696 201196 15.517230 47.747350 PLAYER
696 101162 25.088060 25.235630 PLAYER
696 202322 36.303530 26.698550 PLAYER
696 203490 24.518840 42.578620 PLAYER
708 -1 36.341250 26.983730 BALL
708 2734 11.419110 15.829790 PLAYER
708 200826 30.761090 25.563020 PLAYER
708 101109 22.761500 37.179270 PLAYER
708 202083 11.016470 37.704190 PLAYER
708 203939 19.000300 27.220300 PLAYER
708 202066 6.999330 1.572160 PLAYER
708 201196 15.508720 47.797650 PLAYER
708 101162 25.479040 24.650700 PLAYER
708 202322 36.242410 26.665010 PLAYER
708 203490 23.581660 42.335770 PLAYER
720 -1 36.261080 26.849160 BALL
720 2734 11.432000 15.856470 PLAYER
720 200826 30.808190 25.727990 PLAYER
720 101109 22.418940 37.130110 PLAYER
720 202083 10.919790 37.441170 PLAYER
720 203939 19.228960 27.067110 PLAYER
720 202066 6.820910 1.657690 PLAYER
720 201196 15.583330 47.816100 PLAYER
720 101162 25.962890 24.250550 PLAYER
720 202322 36.167940 26.601090 PLAYER
720 203490 22.624740 41.989910 PLAYER
732 -1 36.205160 26.760350 BALL
732 2734 11.433950 15.888640 PLAYER
732 200826 30.801990 25.878430 PLAYER
732 101109 22.165780 37.035930 PLAYER
732 202083 10.855930 37.123750 PLAYER
732 203939 19.438500 26.882070 PLAYER
732 202066 6.685280 1.767960 PLAYER
732 201196 15.743080 47.840490 PLAYER
732 101162 26.451710 23.890830 PLAYER
732 202322 36.039960 26.509380 PLAYER
732 203490 21.694020 41.563060 PLAYER
744 -1 36.139390 26.763070 BALL
744 2734 11.428840 15.904700 PLAYER
744 200826 30.799250 26.041920 PLAYER
744 101109 21.901090 36.884930 PLAYER
744 202083 10.792570 36.767390 PLAYER
744 203939 19.702970 26.784400 PLAYER
744 202066 6.609620 1.871020 PLAYER
744 201196 16.003290 47.858240 PLAYER
744 101162 26.937910 23.603120 PLAYER
744 202322 35.784820 26.422090 PLAYER
744 203490 20.769380 41.086190 PLAYER
756 -1 35.297920 26.947810 BALL
756 2734 11.419190 15.910870 PLAYER
756 200826 30.837170 26.086180 PLAYER
756 101109 21.647460 36.706240 PLAYER
756 202083 10.764140 36.383950 PLAYER
756 203939 19.981670 26.764800 PLAYER
756 202066 6.575350 1.954370 PLAYER
756 201196 16.318080 47.875260 PLAYER
756 101162 27.517710 23.429570 PLAYER
756 202322 35.512660 26.182310 PLAYER
756 203490 19.795830 40.499670 PLAYER
768 -1 34.579620 26.825980 BALL
768 2734 11.410560 15.898740 PLAYER
768 200826 30.927250 26.055600 PLAYER
768 101109 21.429350 36.527950 PLAYER
768 202083 10.788540 35.956110 PLAYER
768 203939 20.056200 26.746520 PLAYER
768 202066 6.597310 2.023040 PLAYER
768 201196 16.686670 47.855160 PLAYER
768 101162 28.158670 23.298150 PLAYER
768 202322 35.164840 25.609890 PLAYER
768 203490 18.875150 39.824550 PLAYER
780 -1 34.171940 25.061390 BALL
780 2734 11.396610 15.882300 PLAYER
780 200826 30.944490 25.921630 PLAYER
780 101109 21.234370 36.373120 PLAYER
780 202083 10.841690 35.465810 PLAYER
780 203939 19.973440 26.628790 PLAYER
780 202066 6.704300 2.041320 PLAYER
780 201196 17.074850 47.773260 PLAYER
780 101162 28.714930 23.089270 PLAYER
780 202322 34.733570 24.849250 PLAYER
780 203490 18.024280 39.082630 PLAYER
792 -1 34.586650 22.892700 BALL
792 2734 11.375910 15.861430 PLAYER
792 200826 30.998980 25.666080 PLAYER
792 101109 21.153250 36.321960 PLAYER
792 202083 10.876010 34.983240 PLAYER
792 203939 19.834340 26.420360 PLAYER
792 202066 6.889300 2.020710 PLAYER
792 201196 17.486120 47.624520 PLAYER
792 101162 29.195940 22.950490 PLAYER
792 202322 34.098410 23.798530 PLAYER
792 203490 17.191380 38.272740 PLAYER
804 -1 33.516360 21.534550 BALL
804 2734 11.348990 15.839640 PLAYER
804 200826 31.055340 25.278410 PLAYER
804 101109 21.090840 36.168560 PLAYER
804 202083 10.890640 34.522020 PLAYER
804 203939 19.588390 25.987830 PLAYER
804 202066 7.082650 1.992010 PLAYER
804 201196 17.876440 47.464250 PLAYER
804 101162 29.639330 22.827410 PLAYER
804 202322 33.421440 22.662540 PLAYER
804 203490 16.413160 37.373590 PLAYER
816 -1 32.568780 20.131170 BALL
816 2734 11.315290 15.792350 PLAYER
816 200826 31.115950 24.845600 PLAYER
816 101109 21.062740 35.916330 PLAYER
816 202083 10.935350 34.063120 PLAYER
816 203939 19.254610 25.425320 PLAYER
816 202066 7.243840 1.963650 PLAYER
816 201196 18.280110 47.305120 PLAYER
816 101162 29.983500 22.710600 PLAYER
816 202322 32.609730 21.652570 PLAYER
816 203490 15.775690 36.484450 PLAYER
828 -1 31.656480 19.143050 BALL
828 2734 11.279080 15.715570 PLAYER
828 200826 31.202520 24.312790 PLAYER
828 101109 21.045000 35.626650 PLAYER
828 202083 11.006680 33.570320 PLAYER
828 203939 18.976250 24.819380 PLAYER
828 202066 7.356020 1.929120 PLAYER
828 201196 18.695060 47.140140 PLAYER
828 101162 30.213550 22.596360 PLAYER
828 202322 31.631050 20.864460 PLAYER
828 203490 15.199880 35.551610 PLAYER
840 -1 31.086340 18.166250 BALL
840 2734 11.230170 15.611260 PLAYER
840 200826 31.411250 23.745980 PLAYER
840 101109 21.043960 35.299580 PLAYER
840 202083 11.067970 33.056410 PLAYER
840 203939 18.727740 24.285780 PLAYER
840 202066 7.391860 1.906400 PLAYER
840 201196 19.122080 47.031790 PLAYER
840 101162 30.288260 22.482430 PLAYER
840 202322 30.485220 20.076730 PLAYER
840 203490 14.592900 34.613350 PLAYER
852 -1 29.249340 17.387760 BALL
852 2734 11.175430 15.513080 PLAYER
852 200826 31.661830 23.158510 PLAYER
852 101109 20.941430 34.828190 PLAYER
852 202083 11.116960 32.514290 PLAYER
852 203939 18.542060 23.799350 PLAYER
852 202066 7.338290 1.893240 PLAYER
852 201196 19.534060 46.979150 PLAYER
852 101162 30.289440 22.305690 PLAYER
852 202322 29.305990 19.443930 PLAYER
852 203490 13.919610 33.900550 PLAYER
864 -1 27.154530 17.278150 BALL
864 2734 11.121700 15.428120 PLAYER
864 200826 31.905680 22.469630 PLAYER
864 101109 20.796000 34.401890 PLAYER
864 202083 11.139330 31.963490 PLAYER
864 203939 18.294630 23.312150 PLAYER
864 202066 7.244520 1.881210 PLAYER
864 201196 19.909070 46.952230 PLAYER
864 101162 30.202920 22.033550 PLAYER
864 202322 27.929910 18.747010 PLAYER
864 203490 13.175590 33.453370 PLAYER
876 -1 24.464970 16.972280 BALL
876 2734 11.072160 15.370240 PLAYER
876 200826 31.998900 21.690810 PLAYER
876 101109 20.578890 34.024790 PLAYER
876 202083 11.070340 31.444550 PLAYER
876 203939 17.956170 22.796290 PLAYER
876 202066 7.178530 1.874680 PLAYER
876 201196 20.201010 46.929870 PLAYER
876 101162 29.884570 21.694710 PLAYER
876 202322 26.379790 18.000100 PLAYER
876 203490 12.464050 33.140440 PLAYER
888 -1 22.923720 16.670880 BALL
888 2734 11.009860 15.329710 PLAYER
888 200826 31.924900 20.887250 PLAYER
888 101109 20.282020 33.672640 PLAYER
888 202083 10.916040 30.996810 PLAYER
888 203939 17.558610 22.234580 PLAYER
888 202066 7.153410 1.871370 PLAYER
888 201196 20.377720 46.948630 PLAYER
888 101162 29.412060 21.416430 PLAYER
888 202322 24.847430 17.348650 PLAYER
888 203490 11.763600 32.950660 PLAYER
900 -1 22.134460 16.611410 BALL
900 2734 10.959470 15.292190 PLAYER
900 200826 31.635130 20.061370 PLAYER
900 101109 19.904080 33.334670 PLAYER
900 202083 10.614100 30.699270 PLAYER
900 203939 17.147300 21.631960 PLAYER
900 202066 7.163550 1.860260 PLAYER
900 201196 20.463590 46.979270 PLAYER
900 101162 28.880150 21.162450 PLAYER
900 202322 23.501300 16.912920 PLAYER
900 203490 11.137490 32.895200 PLAYER
912 -1 20.869780 16.914120 BALL
912 2734 10.928710 15.218660 PLAYER
912 200826 31.135860 19.273210 PLAYER
912 101109 19.454460 33.086780 PLAYER
912 202083 10.226780 30.430670 PLAYER
912 203939 16.883670 21.011880 PLAYER
912 202066 7.201850 1.852290 PLAYER
912 201196 20.473440 47.007680 PLAYER
912 101162 28.057830 21.099930 PLAYER
912 202322 22.442870 16.525340 PLAYER
912 203490 10.623500 32.674920 PLAYER
924 -1 21.050030 16.706130 BALL
924 2734 10.877450 15.107640 PLAYER
924 200826 30.428410 18.609290 PLAYER
924 101109 18.992420 33.073060 PLAYER
924 202083 9.798470 30.177780 PLAYER
924 203939 16.560750 20.400430 PLAYER
924 202066 7.247950 1.855310 PLAYER
924 201196 20.428390 47.021870 PLAYER
924 101162 27.014800 21.179970 PLAYER
924 202322 21.736400 16.246370 PLAYER
924 203490 10.319340 32.273430 PLAYER
936 -1 21.891230 16.205040 BALL
936 2734 10.775740 14.976800 PLAYER
936 200826 29.620220 18.094000 PLAYER
936 101109 18.557170 33.229600 PLAYER
936 202083 9.353360 29.922700 PLAYER
936 203939 16.415690 19.855340 PLAYER
936 202066 7.271110 1.870660 PLAYER
936 201196 20.378310 47.024200 PLAYER
936 101162 25.897370 21.434280 PLAYER
936 202322 21.372770 16.043610 PLAYER
936 203490 9.965960 31.951000 PLAYER
948 -1 21.732050 15.915830 BALL
948 2734 10.649530 14.846610 PLAYER
948 200826 28.764870 17.761410 PLAYER
948 101109 18.155280 33.484710 PLAYER
948 202083 8.936010 29.656210 PLAYER
948 203939 16.529000 19.375970 PLAYER
948 202066 7.256740 1.923270 PLAYER
948 201196 20.345740 47.008540 PLAYER
948 101162 24.500910 21.787720 PLAYER
948 202322 21.293580 15.855380 PLAYER
948 203490 9.556550 31.808080 PLAYER
960 -1 21.220820 16.070110 BALL
960 2734 10.486800 14.744970 PLAYER
960 200826 27.840830 17.611480 PLAYER
960 101109 17.756740 33.799100 PLAYER
960 202083 8.559360 29.322750 PLAYER
960 203939 16.838360 18.914350 PLAYER
960 202066 7.223760 2.024950 PLAYER
960 201196 20.352430 46.959150 PLAYER
960 101162 23.025990 22.195320 PLAYER
960 202322 21.369490 15.611780 PLAYER
960 203490 9.187490 31.686740 PLAYER
972 -1 19.488810 17.094910 BALL
972 2734 10.256400 14.724920 PLAYER
972 200826 26.910170 17.571480 PLAYER
972 101109 17.302610 34.069010 PLAYER
972 202083 8.217550 29.041470 PLAYER
972 203939 17.095080 18.474920 PLAYER
972 202066 7.284020 2.139480 PLAYER
972 201196 20.434870 46.861810 PLAYER
972 101162 21.602990 22.553920 PLAYER
972 202322 21.505400 15.431640 PLAYER
972 203490 8.806930 31.587890 PLAYER
984 -1 17.703070 18.150660 BALL
984 2734 9.998970 14.847220 PLAYER
984 200826 26.080750 17.603910 PLAYER
984 101109 16.788430 34.173150 PLAYER
984 202083 7.975080 28.902030 PLAYER
984 203939 17.547980 18.092530 PLAYER
984 202066 7.433420 2.285130 PLAYER
984 201196 20.574940 46.738100 PLAYER
984 101162 20.115260 22.906200 PLAYER
984 202322 21.702440 15.285120 PLAYER
984 203490 8.408680 31.572490 PLAYER
996 -1 16.002250 19.228390 BALL
996 2734 9.715570 15.055120 PLAYER
996 200826 25.421510 17.683680 PLAYER
996 101109 16.211710 34.109500 PLAYER
996 202083 7.777830 29.165170 PLAYER
996 203939 18.015180 17.736230 PLAYER
996 202066 7.694720 2.452330 PLAYER
996 201196 20.747320 46.572020 PLAYER
996 101162 18.645250 23.208530 PLAYER
996 202322 22.003430 15.082080 PLAYER
996 203490 8.045900 31.398480 PLAYER
1008 -1 14.243180 20.226540 BALL
1008 2734 9.388560 15.333590 PLAYER
1008 200826 24.848820 17.785780 PLAYER
1008 101109 15.545160 33.826470 PLAYER
1008 202083 7.542700 29.432730 PLAYER
1008 203939 18.459330 17.378860 PLAYER
1008 202066 8.079550 2.600960 PLAYER
1008 201196 20.948900 46.336120 PLAYER
1008 101162 17.295840 23.445080 PLAYER
1008 202322 22.338500 14.760150 PLAYER
1008 203490 7.753500 31.085280 PLAYER
1020 -1 12.499300 21.227460 BALL
1020 2734 9.060100 15.653310 PLAYER
1020 200826 24.458030 17.878460 PLAYER
1020 101109 14.846610 33.417040 PLAYER
1020 202083 7.384780 29.728720 PLAYER
1020 203939 18.942880 17.030390 PLAYER
1020 202066 8.551720 2.765210 PLAYER
1020 201196 21.159230 46.040530 PLAYER
1020 101162 15.934090 23.625830 PLAYER
1020 202322 22.783130 14.381470 PLAYER
1020 203490 7.499650 30.748590 PLAYER
1032 -1 10.851030 22.212110 BALL
1032 2734 8.782230 15.988660 PLAYER
1032 200826 24.177970 17.991810 PLAYER
1032 101109 14.185230 32.904590 PLAYER
1032 202083 7.273190 30.009340 PLAYER
1032 203939 19.365200 16.669340 PLAYER
1032 202066 9.005150 2.986690 PLAYER
1032 201196 21.343930 45.696430 PLAYER
1032 101162 14.631960 23.790580 PLAYER
1032 202322 23.217260 13.972570 PLAYER
1032 203490 7.326240 30.477550 PLAYER
1044 -1 9.108940 23.211970 BALL
1044 2734 8.549880 16.375940 PLAYER
1044 200826 23.926540 18.168720 PLAYER
1044 101109 13.593480 32.333020 PLAYER
1044 202083 7.135120 30.202920 PLAYER
1044 203939 19.762070 16.364440 PLAYER
1044 202066 9.488380 3.248090 PLAYER
1044 201196 21.536170 45.335960 PLAYER
1044 101162 13.505890 23.928430 PLAYER
1044 202322 23.741310 13.523240 PLAYER
1044 203490 7.135120 30.202920 PLAYER
1056 -1 7.538770 24.155350 BALL
1056 2734 8.402270 16.948750 PLAYER
1056 200826 23.747390 18.397890 PLAYER
1056 101109 12.957540 31.680890 PLAYER
1056 202083 7.037290 30.025590 PLAYER
1056 203939 20.112980 16.027880 PLAYER
1056 202066 9.996410 3.551270 PLAYER
1056 201196 21.769030 44.963430 PLAYER
1056 101162 12.471400 24.146750 PLAYER
1056 202322 24.282240 13.110080 PLAYER
1056 203490 7.037290 30.025590 PLAYER
1068 -1 5.814000 25.069350 BALL
1068 2734 8.339400 17.672550 PLAYER
1068 200826 23.701060 18.659020 PLAYER
1068 101109 12.378560 31.092580 PLAYER
1068 202083 7.011600 29.904670 PLAYER
1068 203939 20.360810 15.735070 PLAYER
1068 202066 10.551420 3.893170 PLAYER
1068 201196 22.032600 44.555820 PLAYER
1068 101162 11.546410 24.384570 PLAYER
1068 202322 24.899820 12.827220 PLAYER
1068 203490 7.011600 29.904670 PLAYER
1080 -1 5.006230 24.754970 BALL
1080 2734 8.246520 18.488140 PLAYER
1080 200826 23.738410 18.977330 PLAYER
1080 101109 11.815160 30.496820 PLAYER
1080 202083 7.020240 29.843710 PLAYER
1080 203939 20.437210 15.518190 PLAYER
1080 202066 11.176000 4.260300 PLAYER
1080 201196 22.339000 44.145000 PLAYER
1080 101162 10.713990 24.572510 PLAYER
1080 202322 25.529730 12.654010 PLAYER
1080 203490 7.020240 29.843710 PLAYER
1092 -1 5.311430 23.792110 BALL
1092 2734 8.098500 19.406090 PLAYER
1092 200826 23.853010 19.313670 PLAYER
1092 101109 11.323560 29.976460 PLAYER
1092 202083 7.172060 29.794100 PLAYER
1092 203939 20.399880 15.402410 PLAYER
1092 202066 11.885410 4.640290 PLAYER
1092 201196 22.683300 43.788110 PLAYER
1092 101162 9.895630 24.529730 PLAYER
1092 202322 26.311010 12.525200 PLAYER
1092 203490 7.172060 29.794100 PLAYER
1104 -1 5.585540 23.553230 BALL
1104 2734 7.956620 20.289220 PLAYER
1104 200826 24.029740 19.671320 PLAYER
1104 101109 10.907250 29.483270 PLAYER
1104 202083 7.229940 29.801540 PLAYER
1104 203939 20.269880 15.340830 PLAYER
1104 202066 12.658640 5.031330 PLAYER
1104 201196 23.035620 43.431390 PLAYER
1104 101162 9.053140 24.421120 PLAYER
1104 202322 27.216900 12.402360 PLAYER
1104 203490 7.229940 29.801540 PLAYER
1116 -1 5.728540 22.891380 BALL
1116 2734 7.776830 20.980550 PLAYER
1116 200826 24.179610 20.050910 PLAYER
1116 101109 10.663450 29.179660 PLAYER
1116 202083 7.444990 29.668850 PLAYER
1116 203939 20.084680 15.325850 PLAYER
1116 202066 13.486130 5.388290 PLAYER
1116 201196 23.393460 43.036050 PLAYER
1116 101162 8.333090 24.206740 PLAYER
1116 202322 28.197120 12.297730 PLAYER
1116 203490 7.371880 29.879080 PLAYER
1128 -1 5.945040 22.740780 BALL
1128 2734 7.523910 21.607250 PLAYER
1128 200826 24.290930 20.452570 PLAYER
1128 101109 10.491360 28.906530 PLAYER
1128 202083 7.684260 29.527770 PLAYER
1128 203939 19.889660 15.321470 PLAYER
1128 202066 14.330370 5.763560 PLAYER
1128 201196 23.759640 42.675370 PLAYER
1128 101162 7.810980 24.064150 PLAYER
1128 202322 29.229290 12.219330 PLAYER
1128 203490 7.593470 30.110830 PLAYER
1140 -1 6.102900 21.973090 BALL
1140 2734 7.304740 22.058620 PLAYER
1140 200826 24.393090 20.870520 PLAYER
1140 101109 10.444920 28.777220 PLAYER
1140 202083 7.986230 29.326970 PLAYER
1140 203939 19.705720 15.287530 PLAYER
1140 202066 15.178870 6.161190 PLAYER
1140 201196 24.110960 42.279620 PLAYER
1140 101162 7.372370 24.010100 PLAYER
1140 202322 30.373930 12.149920 PLAYER
1140 203490 7.826400 30.272690 PLAYER