0 -1 51.621600 45.342100
0 202699 63.676530 22.440780
0 203506 50.773290 44.681290
0 203473 58.871080 29.485900
0 203901 44.598580 15.746140
0 203095 78.219900 5.610920
0 2400 68.816730 27.389090
0 2403 64.203480 20.248400
0 202390 80.609660 14.602340
0 201196 60.133730 40.957100
0 202322 60.071610 22.231790
12 -1 53.180690 45.295510
12 202699 65.326040 22.843800
12 203506 52.241230 44.802830
12 203473 60.469600 30.307380
12 203901 45.718500 16.826630
12 203095 79.545220 5.162900
12 2400 70.141820 27.942120
12 2403 65.928730 20.740710
12 202390 81.596850 14.186580
12 201196 61.023070 41.024890
12 202322 60.579340 22.044290
24 -1 54.711590 45.187920
24 202699 66.884970 23.177860
24 203506 53.692610 44.870830
24 203473 61.924900 31.180100
24 203901 46.788780 17.897290
24 203095 80.828420 4.800100
24 2400 71.374290 28.534180
24 2403 67.598710 21.292930
24 202390 82.447330 13.752750
24 201196 61.854860 41.053710
24 202322 61.101130 21.828940
36 -1 56.204110 45.013510
36 202699 68.368730 23.606260
36 203506 55.028740 44.843450
36 203473 63.267890 32.129290
36 203901 47.827750 18.848430
36 203095 82.006010 4.488920
36 2400 72.554300 29.034210
36 2403 69.093700 21.809450
36 202390 83.251280 13.457710
36 201196 62.605140 41.025430
36 202322 61.679380 21.686860
48 -1 57.423490 44.773080
48 202699 69.728130 24.024130
48 203506 56.260450 44.750240
48 203473 64.490500 33.189710
48 203901 48.886020 19.611810
48 203095 83.139240 4.295090
48 2400 73.480530 29.382410
48 2403 70.466430 22.203560
48 202390 83.955620 13.161870
48 201196 63.308510 40.938080
48 202322 62.321550 21.554050
60 -1 58.986520 44.659950
60 202699 70.943710 24.354710
60 203506 57.418640 44.631190
60 203473 65.608730 34.271830
60 203901 49.969480 20.136700
60 203095 84.059030 4.045750
60 2400 74.193640 29.617300
60 2403 71.807900 22.582080
60 202390 84.590030 12.925130
60 201196 63.951780 40.779340
60 202322 62.937460 21.424920
72 -1 60.295010 44.999690
72 202699 71.959440 24.577790
72 203506 58.596750 44.541450
72 203473 66.564500 35.280840
72 203901 51.104560 20.448400
72 203095 84.826990 3.757000
72 2400 74.828000 29.786850
72 2403 73.135300 23.143980
72 202390 85.152830 12.791300
72 201196 64.580550 40.607580
72 202322 63.563830 21.284520
84 -1 61.248870 45.491870
84 202699 72.906340 24.777030
84 203506 59.851660 44.499150
84 203473 67.427680 36.217690
84 203901 52.254290 20.463920
84 203095 85.436090 3.473420
84 2400 75.441670 30.108470
84 2403 74.330770 23.599230
84 202390 85.650950 12.735840
84 201196 65.174310 40.457800
84 202322 64.156890 21.149130
96 -1 62.346400 45.633090
96 202699 73.805680 24.852960
96 203506 61.232670 44.520850
96 203473 68.189980 37.140290
96 203901 53.398800 20.187480
96 203095 85.843200 3.099030
96 2400 75.901120 30.504230
96 2403 75.528180 24.141030
96 202390 86.010640 12.574490
96 201196 65.836750 40.313090
96 202322 64.697630 21.035590
108 -1 63.975470 45.584490
108 202699 74.621620 24.795160
108 203506 62.703940 44.545030
108 203473 68.900430 37.999630
108 203901 54.405820 19.735210
108 203095 86.029450 2.673140
108 2400 76.410180 31.098160
108 2403 76.582980 24.630520
108 202390 86.306690 12.438030
108 201196 66.663780 40.264130
108 202322 65.192550 20.961760
120 -1 65.738200 45.458980
120 202699 75.319480 24.668610
120 203506 64.265860 44.546610
120 203473 69.493750 38.722940
120 203901 55.300340 19.157100
120 203095 86.204660 2.410740
120 2400 76.903810 31.841110
120 2403 77.549080 25.123970
120 202390 86.540830 12.285850
120 201196 67.431590 40.448350
120 202322 65.676260 20.953880
132 -1 67.989160 44.252670
132 202699 76.026550 24.423620
132 203506 65.967030 44.471000
132 203473 69.964230 39.332750
132 203901 56.086820 18.429220
132 203095 86.304780 2.228690
132 2400 77.325340 32.658520
132 2403 78.317190 25.282740
132 202390 86.728980 12.116290
132 201196 68.141620 40.674570
132 202322 66.166710 20.984090
144 -1 69.339100 45.255320
144 202699 76.720420 24.040510
144 203506 67.724730 44.340610
144 203473 70.324450 39.799850
144 203901 56.796120 17.629890
144 203095 86.297260 2.059460
144 2400 77.695020 33.318880
144 2403 79.098910 25.396050
144 202390 86.877350 11.966890
144 201196 68.803940 40.967980
144 202322 66.681850 21.057000
156 -1 70.758340 45.841750
156 202699 77.277900 23.481720
156 203506 69.495780 44.162890
156 203473 70.601780 40.102590
156 203901 57.437130 16.849450
156 203095 86.268050 2.001680
156 2400 78.189350 33.912830
156 2403 79.894520 25.431400
156 202390 87.002920 11.863930
156 201196 69.351550 41.387450
156 202322 67.272140 21.178840
168 -1 72.730660 45.124040
168 202699 77.787510 22.865680
168 203506 71.288940 43.823500
168 203473 70.764070 40.199900
168 203901 58.109480 16.054080
168 203095 86.197490 1.971700
168 2400 78.767990 34.379540
168 2403 80.623430 25.382000
168 202390 87.110210 11.805290
168 201196 69.918220 41.948990
168 202322 67.730240 21.102890
180 -1 74.767960 43.728240
180 202699 78.397380 22.288700
180 203506 73.150500 43.393800
180 203473 70.847380 40.286170
180 203901 58.765850 15.275010
180 203095 86.097590 1.932540
180 2400 79.359930 34.709380
180 2403 81.287940 25.194460
180 202390 87.203690 11.804330
180 201196 70.685900 42.399300
180 202322 68.297160 21.091430
192 -1 77.071150 42.285510
192 202699 78.959910 21.759680
192 203506 74.896980 42.829990
192 203473 70.962780 40.396950
192 203901 59.402260 14.551030
192 203095 86.007350 1.906240
192 2400 80.082870 34.946400
192 2403 81.979130 25.108550
192 202390 87.283700 11.868610
192 201196 71.548670 42.764500
192 202322 68.828330 21.021300
204 -1 78.485730 41.643120
204 202699 79.472610 21.200660
204 203506 76.439010 42.155490
204 203473 71.040760 40.422410
204 203901 60.015770 13.909270
204 203095 85.944150 1.889730
204 2400 80.745110 35.053570
204 2403 82.577470 24.923070
204 202390 87.361050 11.982800
204 201196 72.591420 43.156460
204 202322 69.327940 20.934300
216 -1 79.471490 41.094210
216 202699 80.002220 20.679380
216 203506 77.698490 41.387320
216 203473 71.228100 40.413450
216 203901 60.548020 13.353340
216 203095 85.920030 1.896610
216 2400 81.360610 35.127950
216 2403 83.107890 24.652210
216 202390 87.432050 12.111990
216 201196 73.798630 43.399240
216 202322 69.750100 20.836180
228 -1 79.923420 40.190920
228 202699 80.541760 20.204040
228 203506 78.615660 40.647470
228 203473 71.512930 40.265550
228 203901 60.967910 12.940860
228 203095 85.927920 1.928150
228 2400 81.936040 35.270290
228 2403 83.602510 24.346500
228 202390 87.479040 12.212780
228 201196 74.907980 43.269330
228 202322 70.317170 20.970740
240 -1 79.583040 38.974300
240 202699 80.857460 19.655640
240 203506 79.076950 39.808610
240 203473 71.936260 39.878390
240 203901 61.320790 12.667300
240 203095 85.944390 1.957360
240 2400 82.477230 35.472080
240 2403 84.030200 24.051260
240 202390 87.491560 12.255600
240 201196 75.933940 42.879460
240 202322 70.763750 21.043300
252 -1 78.436270 37.754840
252 202699 81.212700 19.122830
252 203506 79.157650 38.881960
252 203473 72.420750 39.266950
252 203901 61.581500 12.525390
252 203095 85.960930 1.987670
252 2400 82.648950 35.572180
252 2403 84.356790 23.724660
252 202390 87.486520 12.239960
252 201196 76.875630 42.386820
252 202322 71.200480 21.179340
264 -1 77.462820 36.283110
264 202699 81.623230 18.665020
264 203506 78.995990 37.826940
264 203473 73.014510 38.613510
264 203901 61.743960 12.501030
264 203095 85.964120 2.004450
264 2400 82.737780 35.771280
264 2403 84.623720 23.490030
264 202390 87.463250 12.186430
264 201196 77.575260 41.601210
264 202322 71.591440 21.352550
276 -1 77.105750 35.622110
276 202699 82.039190 18.283840
276 203506 78.659070 36.619680
276 203473 73.587530 37.829770
276 203901 61.870460 12.636300
276 203095 85.934680 2.007060
276 2400 82.692780 35.951140
276 2403 84.794300 23.352930
276 202390 87.431700 12.120430
276 201196 78.045080 40.679010
276 202322 71.972410 21.544600
288 -1 76.576690 34.694900
288 202699 82.465140 17.929940
288 203506 78.283460 35.246250
288 203473 74.151250 37.058820
288 203901 61.925060 12.985580
288 203095 85.833150 2.054140
288 2400 82.517260 35.854640
288 2403 84.908700 23.383800
288 202390 87.397790 12.065980
288 201196 78.539630 39.884390
288 202322 72.346480 21.704580
300 -1 76.298440 33.225170
300 202699 83.039120 17.671400
300 203506 77.937930 33.794040
300 203473 74.739860 36.292360
300 203901 61.880290 13.522790
300 203095 85.513370 2.044120
300 2400 82.261620 35.464970
300 2403 85.141980 23.729210
300 202390 87.364750 12.014140
300 201196 78.941190 39.035090
300 202322 72.720530 21.834930
312 -1 76.512610 31.352460
312 202699 83.562760 17.414920
312 203506 77.685590 32.325070
312 203473 75.441460 35.474090
312 203901 61.813160 14.268510
312 203095 84.999680 2.055110
312 2400 82.168380 34.861140
312 2403 85.374930 24.094710
312 202390 87.311780 11.972490
312 201196 79.180350 38.042490
312 202322 73.131360 21.963040
324 -1 76.822700 29.019520
324 202699 84.006900 17.157410
324 203506 77.450120 30.848400
324 203473 76.225060 34.748610
324 203901 61.741590 15.196620
324 203095 84.335990 2.074240
324 2400 82.029230 33.977960
324 2403 85.606710 24.335940
324 202390 87.248630 11.948970
324 201196 79.468220 37.005530
324 202322 73.535650 22.051470
336 -1 76.761940 27.558730
336 202699 84.485840 16.965850
336 203506 77.106780 29.456840
336 203473 77.011420 34.047850
336 203901 61.660680 16.250400
336 203095 83.649500 2.235740
336 2400 81.870920 32.799970
336 2403 85.853910 24.436180
336 202390 87.153840 12.003340
336 201196 79.843270 35.960130
336 202322 73.893060 22.123980
348 -1 76.680220 26.759140
348 202699 84.969360 16.783800
348 203506 76.499600 28.306790
348 203473 77.829060 33.354530
348 203901 61.639190 17.394240
348 203095 82.670240 2.309710
348 2400 81.775230 31.622770
348 2403 86.083010 24.373310
348 202390 87.025030 12.232370
348 201196 80.098390 34.784350
348 202322 74.088000 22.286800
360 -1 75.349310 26.151770
360 202699 85.485440 16.620210
360 203506 75.967350 27.158590
360 203473 78.648570 32.647130
360 203901 61.735200 18.627130
360 203095 81.621920 2.444000
360 2400 81.613280 30.370950
360 2403 86.185190 23.995550
360 202390 86.899490 12.558440
360 201196 80.369470 33.771990
360 202322 74.029460 22.487820
372 -1 73.164200 25.691350
372 202699 85.983930 16.489770
372 203506 75.248670 26.039560
372 203473 79.408490 32.054040
372 203901 61.933610 19.879560
372 203095 80.406210 2.515940
372 2400 81.363930 29.186540
372 2403 86.303060 23.319820
372 202390 86.680370 12.940980
372 201196 80.795560 32.967360
372 202322 73.817610 22.709260
384 -1 70.275460 25.193900
384 202699 86.473370 16.398470
384 203506 74.438580 25.057160
384 203473 80.219380 31.503980
384 203901 62.258910 21.154750
384 203095 79.151920 2.736690
384 2400 81.009920 28.018970
384 2403 86.424790 22.679700
384 202390 86.390530 13.215910
384 201196 81.160720 32.366660
384 202322 73.920800 22.838150
396 -1 67.699590 24.810690
396 202699 86.900600 16.268730
396 203506 73.737300 24.118110
396 203473 81.066710 30.992710
396 203901 62.738550 22.463410
396 203095 77.738960 2.824670
396 2400 80.564690 27.062540
396 2403 86.587490 22.095220
396 202390 86.040280 13.371500
396 201196 81.394610 31.901350
396 202322 73.938750 22.938890
408 -1 65.076110 24.375270
408 202699 87.269420 16.175520
408 203506 73.261130 23.065040
408 203473 81.801920 30.557330
408 203901 63.391170 23.712960
408 203095 76.559810 2.999110
408 2400 80.054390 26.163230
408 2403 86.776720 21.479990
408 202390 85.626390 13.348680
408 201196 81.520960 31.596350
408 202322 73.874520 22.774070
420 -1 64.748570 25.537430
420 202699 87.575700 16.047010
420 203506 72.701860 22.217910
420 203473 82.344140 30.215120
420 203901 64.162020 24.848270
420 203095 75.538990 3.219220
420 2400 79.473810 25.542460
420 2403 86.918380 20.819750
420 202390 85.116510 13.249140
420 201196 81.559100 31.355680
420 202322 73.929900 22.651900
432 -1 65.900540 26.915790
432 202699 87.836660 15.913510
432 203506 72.246850 21.531120
432 203473 82.487980 29.949940
432 203901 65.137840 25.957800
432 203095 74.784970 3.550800
432 2400 78.865880 25.010440
432 2403 87.033440 20.498640
432 202390 84.565980 13.058390
432 201196 81.481910 31.226420
432 202322 73.979780 22.601840
444 -1 67.438820 28.111280
444 202699 88.055780 15.780470
444 203506 71.763280 20.788710
444 203473 82.527090 29.656550
444 203901 66.227790 26.961130
444 203095 74.120290 3.792230
444 2400 78.318610 24.463540
444 2403 87.184700 20.388050
444 202390 83.930630 12.929800
444 201196 81.300840 31.151760
444 202322 73.636200 22.594980
456 -1 68.412770 28.620220
456 202699 88.238910 15.634080
456 203506 71.247180 20.064050
456 203473 82.329140 29.481800
456 203901 67.348670 27.765190
456 203095 73.499430 4.048250
456 2400 77.874220 24.094450
456 2403 87.245960 20.359370
456 202390 83.256140 12.831130
456 201196 80.995150 31.146100
456 202322 73.325820 22.359240
468 -1 69.060190 28.534940
468 202699 88.426300 15.450650
468 203506 70.697260 19.403010
468 203473 82.038700 29.415100
468 203901 68.315810 28.358030
468 203095 72.842370 4.295330
468 2400 77.494810 23.933590
468 2403 87.270450 20.533960
468 202390 82.552490 12.779430
468 201196 80.540430 31.189430
468 202322 73.045300 22.266760
480 -1 70.564400 28.667900
480 202699 88.582450 15.292740
480 203506 70.048340 18.704830
480 203473 81.783580 29.448600
480 203901 69.122250 28.837920
480 203095 72.151920 4.515150
480 2400 77.319110 23.755610
480 2403 87.311720 20.846400
480 202390 81.838100 12.781800
480 201196 79.967950 31.203970
480 202322 72.782750 22.123480
492 -1 70.474590 28.762520
492 202699 88.702410 15.132640
492 203506 69.281900 17.984190
492 203473 81.793910 29.646070
492 203901 69.676070 29.106730
492 203095 71.442230 4.677910
492 2400 77.303740 23.581670
492 2403 87.345590 21.261260
492 202390 81.176620 12.915520
492 201196 79.422520 31.144450
492 202322 72.688080 22.033010
504 -1 69.925230 29.242060
504 202699 88.855850 14.987050
504 203506 68.489450 17.370030
504 203473 81.689570 29.853720
504 203901 70.042060 29.238010
504 203095 70.768780 4.806680
504 2400 77.457530 23.528070
504 2403 87.294330 21.741350
504 202390 80.630920 13.172510
504 201196 78.907380 30.969230
504 202322 72.623350 21.983230
516 -1 70.339280 29.404260
516 202699 88.992800 14.908070
516 203506 67.658860 16.788120
516 203473 81.676490 30.156550
516 203901 70.268150 29.305800
516 203095 70.186910 4.947570
516 2400 77.812630 23.479320
516 2403 87.252490 22.448090
516 202390 80.195230 13.550600
516 201196 78.541750 30.754270
516 202322 72.621910 22.212840
528 -1 70.852990 29.221680
528 202699 89.099540 14.956740
528 203506 66.807470 16.255110
528 203473 81.655600 30.389000
528 203901 70.489350 29.371860
528 203095 69.680870 5.112630
528 2400 78.264980 23.421150
528 2403 87.193550 23.108940
528 202390 79.875620 14.004620
528 201196 78.167530 30.465730
528 202322 72.810990 22.505090
540 -1 72.716050 28.818890
540 202699 89.174140 15.137060
540 203506 65.958330 15.751470
540 203473 81.604680 30.578770
540 203901 70.728070 29.387720
540 203095 69.170770 5.279280
540 2400 78.837420 23.526970
540 2403 87.127550 23.892540
540 202390 79.720160 14.547260
540 201196 77.765900 30.146340
540 202322 73.082780 22.796880
552 -1 74.569470 28.275250
552 202699 89.226190 15.454660
552 203506 65.095270 15.255550
552 203473 81.522930 30.666590
552 203901 70.931480 29.407520
552 203095 68.604900 5.439820
552 2400 79.607940 23.806900
552 2403 87.009320 24.648560
552 202390 79.739010 15.131250
552 201196 77.349790 29.899320
552 202322 73.349820 22.949610
564 -1 76.686690 27.820490
564 202699 89.171290 15.861560
564 203506 64.240660 14.797440
564 203473 81.451140 30.805110
564 203901 70.996290 29.440180
564 203095 68.004160 5.640670
564 2400 80.394420 24.254410
564 2403 86.816980 25.233800
564 202390 79.897240 15.773010
564 201196 76.909040 29.690810
564 202322 73.721020 23.133880
576 -1 78.781510 27.346600
576 202699 89.094210 16.393470
576 203506 63.430090 14.402250
576 203473 81.355730 30.801790
576 203901 70.965990 29.512670
576 203095 67.481250 5.951500
576 2400 81.090420 24.726430
576 2403 86.558510 25.767430
576 202390 80.169230 16.451330
576 201196 76.467250 29.518350
576 202322 74.115450 23.300840
588 -1 80.657670 26.862750
588 202699 89.073140 17.011600
588 203506 62.627330 14.111810
588 203473 81.310440 30.811550
588 203901 70.774000 29.623540
588 203095 66.962320 6.292450
588 2400 81.746210 25.295340
588 2403 86.271360 26.403960
588 202390 80.589560 17.155840
588 201196 76.199660 29.432380
588 202322 74.509830 23.469460
600 -1 82.638920 26.470180
600 202699 89.064960 17.663610
600 203506 61.773970 13.883480
600 203473 81.252020 30.795160
600 203901 70.391590 29.753290
600 203095 66.419330 6.619350
600 2400 82.336500 25.942010
600 2403 85.946970 26.998840
600 202390 81.008970 17.849590
600 201196 76.106460 29.454140
600 202322 74.917630 23.665760
612 -1 84.502680 26.022630
612 202699 88.970710 18.340680
612 203506 60.951560 13.750530
612 203473 81.077560 30.725460
612 203901 69.877180 29.903700
612 203095 65.900530 6.985100
612 2400 82.746300 26.697550
612 2403 85.631370 27.468400
612 202390 81.470550 18.531000
612 201196 76.102930 29.500380
612 202322 75.297410 23.888910
624 -1 86.472650 25.711510
624 202699 88.929600 19.114810
624 203506 60.124100 13.652090
624 203473 80.807020 30.627440
624 203901 69.328910 30.060500
624 203095 65.412710 7.400520
624 2400 83.183700 27.463100
624 2403 85.357650 27.619350
624 202390 81.978010 19.129900
624 201196 76.211490 29.599370
624 202322 75.672910 24.111950
636 -1 88.242960 25.237260
636 202699 88.861660 19.951180
636 203506 59.252360 13.563150
636 203473 80.427450 30.497540
636 203901 68.760580 30.231670
636 203095 64.855150 7.786490
636 2400 83.524060 28.148220
636 2403 85.149700 27.542920
636 202390 82.484130 19.794630
636 201196 76.358810 29.707010
636 202322 76.019780 24.243010
648 -1 88.222920 24.473480
648 202699 88.659930 20.751780
648 203506 58.331650 13.441040
648 203473 80.023700 30.380670
648 203901 68.174830 30.402700
648 203095 64.196970 8.103860
648 2400 83.796310 28.792140
648 2403 85.037090 27.340830
648 202390 82.911110 20.271490
648 201196 76.473370 29.805280
648 202322 76.380720 24.390590
660 -1 88.155350 23.738250
660 202699 88.360300 21.524790
660 203506 57.429930 13.369590
660 203473 79.584050 30.316890
660 203901 67.576510 30.577450
660 203095 63.588330 8.458190
660 2400 84.124150 29.282610
660 2403 84.911070 26.718180
660 202390 83.343080 20.639580
660 201196 76.538390 29.881510
660 202322 76.744730 24.463450
672 -1 88.029040 23.089810
672 202699 88.074620 22.254670
672 203506 56.498930 13.335350
672 203473 79.084060 30.288490
672 203901 66.880290 30.743930
672 203095 63.062240 8.856910
672 2400 84.515500 29.623560
672 2403 84.846570 26.088010
672 202390 83.734390 20.891960
672 201196 76.458230 29.960890
672 202322 77.107970 24.618600
684 -1 87.691490 23.267150
684 202699 87.706360 22.777740
684 203506 55.559900 13.384580
684 203473 78.555590 30.357400
684 203901 66.127470 30.911690
684 203095 62.490610 9.189130
684 2400 84.858910 29.840150
684 2403 84.874860 25.724050
684 202390 84.006170 21.049750
684 201196 76.251440 30.087700
684 202322 77.424840 24.606860
696 -1 87.676000 23.600020
696 202699 87.331420 23.064520
696 203506 54.625230 13.502670
696 203473 78.027050 30.469970
696 203901 65.277620 31.013290
696 203095 61.920450 9.510980
696 2400 85.363470 30.068750
696 2403 84.946400 25.334620
696 202390 84.180640 20.904700
696 201196 75.899800 30.261440
696 202322 77.745220 24.638660
708 -1 87.697720 23.960720
708 202699 86.744010 23.048340
708 203506 53.710780 13.686480
708 203473 77.310620 30.346330
708 203901 64.398480 30.984940
708 203095 61.383510 9.895740
708 2400 86.038360 30.241240
708 2403 85.020620 24.894540
708 202390 84.260300 20.723860
708 201196 75.442430 30.440890
708 202322 78.010640 24.640250
720 -1 87.729070 23.962650
720 202699 86.247680 22.874030
720 203506 52.805460 13.907370
720 203473 76.488260 30.146930
720 203901 63.584860 30.854840
720 203095 60.869490 10.321350
720 2400 86.601300 30.322440
720 2403 85.174260 24.511810
720 202390 84.287540 20.457020
720 201196 74.896550 30.677050
720 202322 78.233320 24.668160
732 -1 88.147960 23.685030
732 202699 85.710720 22.738090
732 203506 51.928710 14.168210
732 203473 75.714640 29.962100
732 203901 62.907820 30.635590
732 203095 60.292440 10.739160
732 2400 87.163700 30.367540
732 2403 85.274940 24.277150
732 202390 84.138340 20.097170
732 201196 74.326270 30.969700
732 202322 78.412500 24.561840
744 -1 88.561400 23.380150
744 202699 85.154570 22.711340
744 203506 51.065460 14.486700
744 203473 74.870180 29.627250
744 203901 62.332150 30.278350
744 203095 59.684710 11.188010
744 2400 87.717060 30.398490
744 2403 85.424670 24.078940
744 202390 83.801200 19.635340
744 201196 73.804190 31.469590
744 202322 78.563960 24.605070
756 -1 88.965410 23.216400
756 202699 84.550660 22.715300
756 203506 50.188900 14.855590
756 203473 73.902670 29.261050
756 203901 61.907390 29.770280
756 203095 59.036930 11.609560
756 2400 88.185780 30.347860
756 2403 85.562440 23.957370
756 202390 83.291160 19.158870
756 201196 73.211340 31.978220
756 202322 78.670620 24.659220
768 -1 89.399070 23.001290
768 202699 84.099830 22.830450
768 203506 49.308830 15.266290
768 203473 73.006950 29.155190
768 203901 61.647270 29.212650
768 203095 58.425040 11.999220
768 2400 88.568540 30.245650
768 2403 85.645780 23.731710
768 202390 82.731360 18.780900
768 201196 72.595840 32.550200
768 202322 78.749740 24.726390
780 -1 89.742860 22.771520
780 202699 83.489590 22.925730
780 203506 48.442490 15.729770
780 203473 72.039980 29.047200
780 203901 61.509150 28.603990
780 203095 57.817030 12.400490
780 2400 89.057470 30.231880
780 2403 85.809210 23.642160
780 202390 81.817820 18.225890
780 201196 71.958940 33.176130
780 202322 78.809040 24.837380
792 -1 90.271730 22.631090
792 202699 82.820620 22.816400
792 203506 47.573890 16.234410
792 203473 70.860730 28.864080
792 203901 61.530210 27.975510
792 203095 57.223990 12.787120
792 2400 89.583780 30.246160
792 2403 86.140800 23.372430
792 202390 80.759500 17.643990
792 201196 71.303600 33.827380
792 202322 78.855120 25.002700