0 -1 16.673090 6.931530
0 202696 1.259510 27.995220
0 202699 26.241370 41.303960
0 203506 15.615220 7.337820
0 203095 18.369060 25.869880
0 203932 36.873730 22.172780
0 201162 24.976560 24.108920
0 202066 34.444570 12.645880
0 101162 40.505030 24.949140
0 202322 32.968890 34.509730
0 1626162 48.653030 34.672980
12 -1 19.158400 6.722520
12 202696 2.155570 27.777680
12 202699 27.872440 41.957910
12 203506 17.743320 7.295520
12 203095 19.648460 26.896150
12 203932 39.005960 21.964130
12 201162 26.949620 24.251170
12 202066 35.777840 13.155370
12 101162 42.413320 24.750710
12 202322 34.440370 34.665490
12 1626162 49.627220 34.766190
24 -1 21.940120 6.818940
24 202696 3.253260 27.424610
24 202699 29.584000 42.633310
24 203506 19.947300 7.191080
24 203095 21.012570 27.891300
24 203932 41.144130 21.756530
24 201162 28.898940 24.397710
24 202066 37.177540 13.570240
24 101162 44.380670 24.598810
24 202322 35.872200 34.816580
24 1626162 50.612110 34.896090
36 -1 24.741170 6.966130
36 202696 4.469950 26.933750
36 202699 31.304150 43.208820
36 203506 22.136820 7.077480
36 203095 22.457820 28.822340
36 203932 43.294440 21.606160
36 201162 30.925520 24.473170
36 202066 38.657550 13.826160
36 101162 46.334260 24.407780
36 202322 37.282700 34.993770
36 1626162 51.592930 35.066600
48 -1 27.099630 7.089170
48 202696 5.906990 26.413730
48 202699 33.109230 43.701760
48 203506 24.472720 6.932620
48 203095 23.911760 29.734600
48 203932 45.457000 21.411870
48 201162 32.995460 24.521530
48 202066 40.140080 13.968580
48 101162 48.306840 24.225770
48 202322 38.732130 35.189650
48 1626162 52.576690 35.229350
60 -1 28.814270 7.118980
60 202696 7.530880 25.913700
60 202699 34.974060 44.132050
60 203506 26.714270 6.738940
60 203095 25.443810 30.583460
60 203932 47.595930 21.235910
60 201162 35.058000 24.562300
60 202066 41.652380 13.979770
60 101162 50.273730 24.068260
60 202322 40.168130 35.371080
60 1626162 53.565630 35.339880
72 -1 30.447780 7.030350
72 202696 9.150010 25.537400
72 202699 36.865960 44.521260
72 203506 28.976110 6.511790
72 203095 27.026760 31.351080
72 203932 49.724000 21.086920
72 201162 37.113080 24.571570
72 202066 43.169840 13.928690
72 101162 52.196320 23.853020
72 202322 41.624830 35.556050
72 1626162 54.565190 35.403720
84 -1 32.271880 7.215220
84 202696 10.678900 25.299540
84 202699 38.783840 44.831400
84 203506 31.232750 6.282030
84 203095 28.621350 32.096080
84 203932 51.834810 20.960910
84 201162 39.204550 24.544470
84 202066 44.693450 13.805940
84 101162 54.053670 23.517750
84 202322 43.040120 35.767110
84 1626162 55.556160 35.406870
96 -1 34.096220 6.987430
96 202696 12.212110 25.171110
96 202699 40.755510 45.123870
96 203506 33.416280 5.984320
96 203095 30.226550 32.835420
96 203932 53.923220 20.850580
96 201162 41.344570 24.513470
96 202066 46.210410 13.612500
96 101162 55.916710 23.239160
96 202322 44.422820 35.998320
96 1626162 56.536930 35.346920
108 -1 36.956020 6.722250
108 202696 13.785510 25.068920
108 202699 42.715560 45.357890
108 203506 35.499440 5.621140
108 203095 31.852110 33.531740
108 203932 55.951570 20.756990
108 201162 43.454780 24.453080
108 202066 47.769640 13.326810
108 101162 57.715880 23.013480
108 202322 45.781280 36.231460
108 1626162 57.503330 35.254510
120 -1 39.644100 6.078290
120 202696 15.475510 24.901730
120 202699 44.714490 45.565440
120 203506 37.602560 5.272920
120 203095 33.478660 34.178310
120 203932 57.999290 20.733730
120 201162 45.543160 24.373570
120 202066 49.318160 13.011890
120 101162 59.458930 22.775330
120 202322 47.131940 36.479440
120 1626162 58.484570 35.161840
132 -1 41.573950 5.910190
132 202696 17.217700 24.722260
132 202699 46.714590 45.731810
132 203506 39.663940 4.908290
132 203095 35.105990 34.793870
132 203932 60.112010 20.689760
132 201162 47.652470 24.265170
132 202066 50.855680 12.651760
132 101162 61.183800 22.612010
132 202322 48.411060 36.681480
132 1626162 59.476550 35.062850
144 -1 42.829410 5.762900
144 202696 19.078240 24.478880
144 202699 48.738310 45.896100
144 203506 41.697570 4.552590
144 203095 36.741610 35.354690
144 203932 62.052510 20.615940
144 201162 49.730320 24.141650
144 202066 52.381260 12.222780
144 101162 62.880010 22.578060
144 202322 49.661130 36.840020
144 1626162 60.484350 34.988090
156 -1 44.534720 5.439600
156 202696 20.910180 24.311710
156 202699 50.765760 46.001940
156 203506 43.703270 4.185040
156 203095 38.368330 35.876690
156 203932 63.901520 20.421030
156 201162 51.792920 24.001620
156 202066 53.877910 11.781200
156 101162 64.540480 22.557350
156 202322 50.906160 36.962740
156 1626162 61.523370 34.946800
168 -1 46.653350 5.041270
168 202696 22.820500 24.168560
168 202699 52.817740 46.139320
168 203506 45.658430 3.855070
168 203095 40.020790 36.365140
168 203932 65.604280 20.110910
168 201162 53.883800 23.869300
168 202066 55.346250 11.324550
168 101162 66.324910 22.638330
168 202322 52.108290 37.074070
168 1626162 62.428470 34.767690
180 -1 48.831450 4.733430
180 202696 24.752080 24.046740
180 202699 54.800120 46.224920
180 203506 47.528690 3.546290
180 203095 41.660400 36.841510
180 203932 67.211040 19.813110
180 201162 55.928250 23.688270
180 202066 56.753370 10.908510
180 101162 67.980040 22.588480
180 202322 53.265700 37.170640
180 1626162 63.306580 34.579230
192 -1 50.717590 4.766270
192 202696 26.684550 23.966130
192 202699 56.780730 46.283060
192 203506 49.348880 3.264810
192 203095 43.239380 37.292400
192 203932 68.495690 19.456840
192 201162 57.929900 23.447140
192 202066 58.046020 10.550290
192 101162 69.464650 22.376270
192 202322 54.375120 37.288180
192 1626162 64.265990 34.500260
204 -1 51.712220 4.843170
204 202696 28.612170 23.897490
204 202699 58.763820 46.337410
204 203506 51.057550 3.024250
204 203095 44.800570 37.730870
204 203932 69.609470 19.028750
204 201162 59.935000 23.160100
204 202066 59.263450 10.298490
204 101162 70.912280 22.085640
204 202322 55.477290 37.433030
204 1626162 65.214060 34.387940
216 -1 53.003230 5.026680
216 202696 30.588060 23.832840
216 202699 60.681370 46.388410
216 203506 52.764860 2.951790
216 203095 46.358790 38.132410
216 203932 70.274150 18.532820
216 201162 61.875020 22.804370
216 202066 60.419270 10.101500
216 101162 72.235290 21.726920
216 202322 56.540390 37.565820
216 1626162 66.134170 34.255510
228 -1 54.480950 4.770670
228 202696 32.610700 23.814850
228 202699 62.590820 46.334990
228 203506 54.450410 2.981230
228 203095 47.858940 38.504370
228 203932 70.664660 18.053030
228 201162 63.721340 22.353310
228 202066 61.591990 9.976980
228 101162 73.279630 21.186980
228 202322 57.590140 37.679710
228 1626162 67.194690 34.275510
240 -1 56.482760 4.553920
240 202696 34.599440 23.864560
240 202699 64.498330 46.308100
240 203506 56.131800 3.050710
240 203095 49.326590 38.872050
240 203932 70.689800 17.459250
240 201162 65.416980 21.809470
240 202066 62.654190 9.819510
240 101162 74.162270 20.706070
240 202322 58.549140 37.786940
240 1626162 68.257440 34.286570
252 -1 58.600720 4.035600
252 202696 36.601540 23.950370
252 202699 66.352390 46.255540
252 203506 57.854170 3.201910
252 203095 50.804030 39.230720
252 203932 70.494040 16.904230
252 201162 66.976220 21.224390
252 202066 63.768840 9.629210
252 101162 75.053090 20.375600
252 202322 59.498160 37.911090
252 1626162 69.221190 34.194280
264 -1 61.078720 3.664690
264 202696 38.643080 24.095200
264 202699 68.153020 46.131110
264 203506 59.568910 3.382250
264 203095 52.259970 39.602770
264 203932 70.146260 16.481700
264 201162 68.356980 20.450240
264 202066 64.854190 9.372400
264 101162 75.905630 20.081500
264 202322 60.411800 38.036350
264 1626162 70.222260 34.171280
276 -1 63.313510 3.018870
276 202696 40.643840 24.255160
276 202699 69.972720 45.986020
276 203506 61.263080 3.543030
276 203095 53.667850 39.966590
276 203932 69.840920 16.088200
276 201162 69.652820 19.639540
276 202066 65.925010 9.121250
276 101162 76.664460 19.843610
276 202322 61.254850 38.024860
276 1626162 71.346930 34.205200
288 -1 64.726660 2.599230
288 202696 42.589490 24.417750
288 202699 71.714880 45.885560
288 203506 62.985120 3.738090
288 203095 55.039380 40.293500
288 203932 69.444160 15.497720
288 201162 70.938860 18.737560
288 202066 66.775940 8.848700
288 101162 77.353140 19.697460
288 202322 62.090180 38.066650
288 1626162 72.443530 34.232860
300 -1 66.226830 2.289820
300 202696 44.535680 24.534800
300 202699 73.413780 45.779460
300 203506 64.603770 4.004720
300 203095 56.374990 40.571250
300 203932 69.133420 14.932700
300 201162 72.292630 17.818020
300 202066 67.527030 8.621890
300 101162 78.097510 19.678860
300 202322 62.926210 38.055080
300 1626162 73.459550 34.221570
312 -1 67.591060 2.491130
312 202696 46.437260 24.668050
312 202699 75.064290 45.651770
312 203506 65.956740 4.298210
312 203095 57.639230 40.821790
312 203932 68.853710 14.335450
312 201162 73.443940 16.905910
312 202066 68.052070 8.445490
312 101162 78.761140 19.705860
312 202322 63.717230 38.001590
312 1626162 74.444140 34.035770
324 -1 69.125800 3.476110
324 202696 48.300090 24.779320
324 202699 76.632880 45.469940
324 203506 67.238380 4.603290
324 203095 58.811800 41.033220
324 203932 68.673630 13.643890
324 201162 74.576610 16.096350
324 202066 68.472410 8.314430
324 101162 79.269920 19.836200
324 202322 64.462690 37.948660
324 1626162 75.417570 33.761440
336 -1 70.000410 4.224610
336 202696 50.146580 24.911590
336 202699 78.148100 45.254880
336 203506 68.454860 4.903460
336 203095 59.964310 41.215600
336 203932 68.572400 13.007160
336 201162 75.800210 15.272510
336 202066 68.830680 8.244080
336 101162 79.718880 19.976790
336 202322 65.180590 37.980520
336 1626162 76.378190 33.403930
348 -1 71.079820 4.301190
348 202696 51.955700 24.993580
348 202699 79.540630 44.886810
348 203506 69.561480 5.155600
348 203095 61.083080 41.441530
348 203932 68.625400 12.580460
348 201162 76.961630 14.520460
348 202066 69.313520 8.299330
348 101162 80.095800 20.180500
348 202322 65.784520 37.855350
348 1626162 77.404520 33.046680
360 -1 72.048820 4.551740
360 202696 53.706080 25.075590
360 202699 80.776170 44.361740
360 203506 70.654400 5.470320
360 203095 62.142520 41.654170
360 203932 68.690390 12.121520
360 201162 77.961270 13.809780
360 202066 70.010650 8.420260
360 101162 80.502260 20.379870
360 202322 66.418020 37.872570
360 1626162 78.452410 32.768720
372 -1 73.033000 4.857250
372 202696 55.448430 25.130820
372 202699 81.845880 43.691830
372 203506 71.883190 5.807660
372 203095 63.143860 41.851300
372 203932 68.802550 11.744260
372 201162 79.034450 13.148970
372 202066 70.880450 8.525700
372 101162 80.827640 20.623890
372 202322 67.056970 37.886650
372 1626162 79.564330 32.660320
384 -1 74.071860 5.154410
384 202696 57.044040 25.134350
384 202699 82.878980 42.990690
384 203506 73.192090 6.158320
384 203095 64.162030 42.014830
384 203932 68.807150 11.385650
384 201162 79.859240 12.484370
384 202066 71.856610 8.679790
384 101162 81.084580 20.955060
384 202322 67.666160 37.799530
384 1626162 80.696140 32.651370
396 -1 75.169570 5.442440
396 202696 58.586520 25.129290
396 202699 83.745070 42.163910
396 203506 74.366390 6.408370
396 203095 65.125740 42.148390
396 203932 68.682100 11.058110
396 201162 80.466580 11.944110
396 202066 72.828440 8.932450
396 101162 81.317880 21.332180
396 202322 68.169140 37.609780
396 1626162 81.627860 32.556610
408 -1 76.186800 5.631300
408 202696 60.054220 25.158700
408 202699 84.484710 41.326430
408 203506 75.462660 6.565930
408 203095 66.100570 42.175630
408 203932 68.443650 10.815390
408 201162 80.889540 11.447210
408 202066 73.709350 9.242280
408 101162 81.435690 21.807940
408 202322 68.777370 37.559010
408 1626162 82.473010 32.465790
420 -1 77.169490 5.687460
420 202696 61.439100 25.195830
420 202699 85.115010 40.478210
420 203506 76.549820 6.657950
420 203095 67.083920 42.218860
420 203932 68.068870 10.631110
420 201162 81.312630 11.056680
420 202066 74.438440 9.597590
420 101162 81.453570 22.254260
420 202322 69.343430 37.408460
420 1626162 83.323640 32.370080
432 -1 78.397860 6.103330
432 202696 62.683420 25.218130
432 202699 85.659290 39.680070
432 203506 77.627210 6.762150
432 203095 68.010390 42.242380
432 203932 67.550620 10.466870
432 201162 81.644610 10.663010
432 202066 74.957200 10.082310
432 101162 81.489460 22.632520
432 202322 69.858510 37.229620
432 1626162 84.077280 32.303090
444 -1 79.448120 6.048800
444 202696 63.859540 25.284830
444 202699 86.010940 38.858110
444 203506 78.512530 6.681080
444 203095 68.750860 42.272970
444 203932 67.026390 10.372170
444 201162 82.119330 10.330650
444 202066 75.332330 10.707990
444 101162 81.499920 22.881580
444 202322 70.352600 37.094730
444 1626162 84.691780 32.185620
456 -1 80.390600 5.667100
456 202696 64.848330 25.294110
456 202699 86.248020 38.094510
456 203506 79.361180 6.495550
456 203095 69.344300 42.316780
456 203932 66.556270 10.317760
456 201162 82.580210 9.943880
456 202066 75.511760 11.269080
456 101162 81.468100 23.113970
456 202322 70.953950 37.087240
456 1626162 85.362400 32.171100
468 -1 81.162580 4.631060
468 202696 65.751520 25.187740
468 202699 86.419940 37.384410
468 203506 80.068320 6.273280
468 203095 69.762850 42.416490
468 203932 66.168780 10.297480
468 201162 83.016340 9.629720
468 202066 75.408410 11.748930
468 101162 81.565030 23.038620
468 202322 71.472250 36.992000
468 1626162 85.942180 32.195920
480 -1 81.738490 4.291730
480 202696 66.598280 24.957560
480 202699 86.554010 36.648520
480 203506 80.644960 5.881620
480 203095 70.048710 42.539620
480 203932 65.900390 10.310180
480 201162 83.337420 9.353870
480 202066 75.023340 12.241290
480 101162 81.619260 22.988660
480 202322 71.952680 36.832710
480 1626162 86.430460 32.172400
492 -1 82.094330 4.221590
492 202696 67.366440 24.634750
492 202699 86.608050 36.006480
492 203506 81.024750 5.371720
492 203095 70.277260 42.699530
492 203932 65.802310 10.313380
492 201162 83.601580 9.189690
492 202066 74.560000 12.705490
492 101162 81.570800 22.888960
492 202322 72.431580 36.655240
492 1626162 86.815500 32.123610
504 -1 82.340130 4.286050
504 202696 68.029270 24.181160
504 202699 86.570550 35.486690
504 203506 81.238880 4.853520
504 203095 70.546240 42.900310
504 203932 65.905410 10.316190
504 201162 83.690960 9.128970
504 202066 73.956120 13.088300
504 101162 81.479550 22.657260
504 202322 72.884230 36.457280
504 1626162 87.108710 32.103630
516 -1 82.585930 4.350510
516 202696 68.674740 23.626350
516 202699 86.436820 35.015970
516 203506 81.425340 4.657060
516 203095 70.794770 43.145430
516 203932 66.261420 10.257900
516 201162 83.653770 9.155720
516 202066 73.417490 13.496660
516 101162 81.319800 22.221860
516 202322 73.294080 36.239990
516 1626162 87.258430 32.143780
528 -1 81.577060 4.568170
528 202696 69.290870 23.197450
528 202699 86.312240 34.631520
528 203506 81.494000 4.523370
528 203095 70.982230 43.402670
528 203932 66.800940 10.177480
528 201162 83.556490 9.234910
528 202066 73.187650 13.934790
528 101162 81.023510 21.913720
528 202322 73.677710 36.043880
528 1626162 87.315770 32.160470
540 -1 80.680670 4.915290
540 202696 69.711210 22.786620
540 202699 86.111400 34.394350
540 203506 81.401790 4.561590
540 203095 71.039110 43.622540
540 203932 67.474650 10.027350
540 201162 83.508980 9.365680
540 202066 73.195970 14.240010
540 101162 80.607790 21.550890
540 202322 74.048280 35.871110
540 1626162 87.233340 32.205460
552 -1 79.876010 5.348840
552 202696 69.990090 22.438940
552 202699 85.873840 34.163680
552 203506 81.358410 4.769420
552 203095 70.983190 43.815110
552 203932 68.249530 9.908290
552 201162 83.533700 9.520230
552 202066 73.370100 14.378410
552 101162 80.170140 21.190170
552 202322 74.396470 35.734510
552 1626162 87.009290 32.216990
564 -1 79.160800 5.864040
564 202696 70.219670 22.207610
564 202699 85.661570 33.944460
564 203506 81.291710 5.106710
564 203095 70.822280 43.946490
564 203932 69.092000 9.849830
564 201162 83.701100 9.775100
564 202066 73.520360 14.182410
564 101162 79.695220 20.885370
564 202322 74.734680 35.636980
564 1626162 86.741460 32.155690
576 -1 78.792120 6.116710
576 202696 70.264370 21.939230
576 202699 85.512150 33.815340
576 203506 81.016310 5.322860
576 203095 70.648510 44.019100
576 203932 69.940200 9.865430
576 201162 83.912370 10.110460
576 202066 73.655450 13.780570
576 101162 79.237340 20.736260
576 202322 75.089510 35.570470
576 1626162 86.470150 31.989850
588 -1 78.754800 6.564950
588 202696 70.106590 21.636280
588 202699 85.326880 33.743290
588 203506 80.823710 5.661240
588 203095 70.515290 44.066510
588 203932 70.695500 9.956910
588 201162 84.137600 10.498930
588 202066 73.674020 13.168080
588 101162 78.810420 20.592470
588 202322 75.440000 35.541110
588 1626162 86.189130 31.779400
600 -1 78.762960 6.758980
600 202696 69.914600 21.437910
600 202699 85.183370 33.663340
600 203506 80.663160 5.987430
600 203095 70.491540 44.077990
600 203932 71.370210 10.147560
600 201162 84.279670 10.852700
600 202066 73.673640 12.499840
600 101162 78.415610 20.511100
600 202322 75.757500 35.543840
600 1626162 86.002940 31.575160
612 -1 78.577790 6.556870
612 202696 69.717870 21.317160
612 202699 85.109900 33.598310
612 203506 80.306850 6.145200
612 203095 70.541330 44.063730
612 203932 72.039760 10.350060
612 201162 84.354000 11.113270
612 202066 73.745440 11.970350
612 101162 78.025890 20.481270
612 202322 76.037120 35.601300
612 1626162 85.936790 31.436650
624 -1 78.304130 5.871160
624 202696 69.294870 21.170690
624 202699 85.053690 33.504880
624 203506 79.999850 6.287680
624 203095 70.633440 44.041460
624 203932 72.682370 10.502300
624 201162 84.322150 11.235580
624 202066 74.113710 11.648620
624 101162 77.635930 20.520340
624 202322 76.268580 35.694420
624 1626162 85.788640 31.326480
636 -1 77.915280 5.435000
636 202696 69.093670 21.290740
636 202699 84.977480 33.388500
636 203506 79.747070 6.336270
636 203095 70.700850 44.016580
636 203932 73.357320 10.664760
636 201162 84.181670 11.262500
636 202066 74.288840 11.526920
636 101162 77.269950 20.603920
636 202322 76.425810 35.802140
636 1626162 85.664560 31.313250
648 -1 77.544400 5.103150
648 202696 68.822220 21.399180
648 202699 84.907340 33.035780
648 203506 79.320820 6.153730
648 203095 70.727920 43.966840
648 203932 74.166760 10.962260
648 201162 83.976630 11.279820
648 202066 74.474220 11.619020
648 101162 76.946400 20.702350
648 202322 76.507810 35.868850
648 1626162 85.531670 31.391810
660 -1 77.232250 4.666020
660 202696 68.511210 21.477360
660 202699 84.957640 32.618250
660 203506 78.809680 5.857860
660 203095 70.668950 43.911050
660 203932 75.041070 11.212830
660 201162 83.690960 11.230210
660 202066 74.617550 11.736100
660 101162 76.685820 20.818660
660 202322 76.534340 35.955790
660 1626162 85.414950 31.425910
672 -1 76.892440 4.409170
672 202696 68.045820 21.448270
672 202699 84.964410 32.263540
672 203506 78.295800 5.606970
672 203095 70.581760 43.859150
672 203932 75.913530 11.492950
672 201162 83.358620 11.207320
672 202066 74.780270 11.791590
672 101162 76.423620 20.954180
672 202322 76.491750 36.020310
672 1626162 85.339740 31.440500
684 -1 76.437900 4.274690
684 202696 67.693740 21.471360
684 202699 85.004260 31.922690
684 203506 77.613520 5.299320
684 203095 70.500250 43.814190
684 203932 76.799940 11.872070
684 201162 83.018750 11.278660
684 202066 74.844540 11.834370
684 101162 76.201940 21.086650
684 202322 76.398500 36.066320
684 1626162 85.309210 31.481080
696 -1 75.430010 4.195500
696 202696 67.132720 21.384220
696 202699 84.928590 31.622230
696 203506 76.792250 5.047380
696 203095 70.472350 43.791240
696 203932 77.630400 12.326030
696 201162 82.715740 11.421600
696 202066 75.084110 11.679570
696 101162 75.932870 21.194810
696 202322 76.284070 36.104130
696 1626162 85.342050 31.524740
708 -1 74.514140 3.912140
708 202696 66.603310 21.273490
708 202699 84.898040 31.539040
708 203506 75.901500 4.917970
708 203095 70.516860 43.813430
708 203932 78.412940 12.656810
708 201162 82.422110 11.514010
708 202066 75.129160 11.299170
708 101162 75.599800 21.249810
708 202322 76.194460 36.151030
708 1626162 85.316730 31.505810
720 -1 73.561420 3.542490
720 202696 66.084510 21.156080
720 202699 84.768710 31.599720
720 203506 74.940170 4.902200
720 203095 70.679530 43.911480
720 203932 79.181750 12.965170
720 201162 82.253750 11.732760
720 202066 75.057150 10.857620
720 101162 75.239420 21.223500
720 202322 76.161120 36.148900
720 1626162 85.285980 31.585730
732 -1 72.491020 3.293100
732 202696 65.646590 21.057900
732 202699 84.502220 31.697330
732 203506 73.914420 4.962640
732 203095 70.922120 44.065080
732 203932 79.934200 13.308820
732 201162 82.340720 12.370860
732 202066 74.601070 10.374500
732 101162 74.932010 21.133200
732 202322 76.220230 36.131270
732 1626162 85.263800 31.770070
744 -1 71.153040 3.473270
744 202696 65.183300 20.901970
744 202699 84.202260 31.839280
744 203506 72.889940 5.245960
744 203095 71.185960 44.246050
744 203932 80.669470 13.635180
744 201162 82.572750 13.097490
744 202066 73.890280 9.972030
744 101162 74.672780 21.020760
744 202322 76.347970 36.096760
744 1626162 85.302760 32.015370
756 -1 69.489410 4.666640
756 202696 64.692600 20.812450
756 202699 84.153110 31.978460
756 203506 71.811710 5.593710
756 203095 71.426870 44.434130
756 203932 81.356330 13.974490
756 201162 82.898460 13.772250
756 202066 72.992550 9.807200
756 101162 74.442880 20.839290
756 202322 76.497730 36.055920
756 1626162 85.246880 32.237950
768 -1 67.995320 8.041420
768 202696 64.158300 20.738260
768 202699 84.189960 32.055090
768 203506 70.934420 5.952800
768 203095 71.606020 44.579260
768 203932 81.955620 14.320370
768 201162 83.270000 14.458070
768 202066 71.959890 9.843760
768 101162 74.184590 20.645580
768 202322 76.619660 36.050680
768 1626162 85.297250 32.455380
780 -1 66.827980 12.010650
780 202696 63.619570 20.643460
780 202699 84.258270 32.115540
780 203506 70.219720 6.263620
780 203095 71.672130 44.648420
780 203932 82.487590 14.819030
780 201162 83.643270 15.185170
780 202066 70.853180 9.932660
780 101162 73.910590 20.509150
780 202322 76.689430 36.105070
780 1626162 85.329010 32.522540
792 -1 66.270860 14.369890
792 202696 63.163950 20.625090
792 202699 84.448510 32.048970
792 203506 69.597360 6.362190
792 203095 71.602620 44.645940
792 203932 82.939770 15.304620
792 201162 83.952240 15.440530
792 202066 69.809570 10.199760
792 101162 73.609910 20.428490
792 202322 76.714560 36.228140
792 1626162 85.295320 32.409040
804 -1 65.643800 16.503520
804 202696 62.808110 20.711540
804 202699 84.514210 31.821230
804 203506 69.145470 6.281800
804 203095 71.409730 44.605890
804 203932 83.299970 15.776460
804 201162 84.305200 15.654810
804 202066 68.971390 10.541710
804 101162 73.215070 20.516570
804 202322 76.710630 36.424100
804 1626162 85.242240 32.193760
816 -1 65.184760 18.648350
816 202696 62.623350 20.749710
816 202699 84.292860 31.526460
816 203506 68.940270 6.145060
816 203095 71.070810 44.524500
816 203932 83.617910 16.256820
816 201162 84.700730 15.926320
816 202066 68.352430 10.805000
816 101162 72.788820 20.677930
816 202322 76.687200 36.683330
816 1626162 85.153960 31.914630
828 -1 64.474980 20.038730
828 202696 62.528590 20.864120
828 202699 83.950120 31.435370
828 203506 68.787860 6.007460
828 203095 70.654750 44.442970
828 203932 83.976670 16.688290
828 201162 85.079160 16.233770
828 202066 68.060050 10.994830
828 101162 72.409480 20.815410
828 202322 76.625310 36.958500
828 1626162 85.060600 31.682070
840 -1 63.897600 20.677960
840 202696 62.488500 21.085850
840 202699 83.650060 31.317650
840 203506 68.699460 5.843830
840 203095 70.219150 44.386510
840 203932 84.385240 17.002410
840 201162 85.134410 16.305520
840 202066 68.021270 11.360820
840 101162 71.995080 20.913030
840 202322 76.520180 37.228760
840 1626162 84.976580 31.602640
852 -1 63.578450 21.411460
852 202696 62.464120 21.414950
852 202699 83.427620 31.160250
852 203506 68.686480 5.746290
852 203095 69.789820 44.330590
852 203932 84.798530 17.343790
852 201162 85.065860 16.503310
852 202066 68.297240 11.724300
852 101162 71.567180 21.053220
852 202322 76.310800 37.449480
852 1626162 84.867800 31.659780
864 -1 62.932510 22.130420
864 202696 62.460960 21.713790
864 202699 83.392420 31.193740
864 203506 68.717060 5.648260
864 203095 69.371160 44.264920
864 203932 85.235950 17.675380
864 201162 84.893120 16.794130
864 202066 68.615060 11.988710
864 101162 71.175030 21.126200
864 202322 75.981090 37.622840
864 1626162 84.711630 31.890970
876 -1 63.209480 24.376040
876 202696 62.415380 22.110000
876 202699 83.649740 31.335470
876 203506 68.807490 5.545080
876 203095 68.942180 44.154920
876 203932 85.672120 17.898080
876 201162 84.459320 17.092840
876 202066 69.010320 12.226140
876 101162 70.866120 21.327670
876 202322 75.572260 37.760810
876 1626162 84.541390 32.319660
888 -1 64.127670 28.913940
888 202696 62.444600 22.573190
888 202699 83.986520 31.554400
888 203506 68.925520 5.437680
888 203095 68.504240 44.009060
888 203932 86.059380 18.072860
888 201162 83.936050 17.494510
888 202066 69.434020 12.504870
888 101162 70.677370 21.878050
888 202322 75.141780 37.917660
888 1626162 84.343040 32.848070
900 -1 64.939710 33.433790
900 202696 62.574290 23.039630
900 202699 84.183840 31.886980
900 203506 69.076340 5.398580
900 203095 68.088560 43.850370
900 203932 86.402550 18.267670
900 201162 83.635060 18.205230
900 202066 69.877310 12.694560
900 101162 70.592720 22.544420
900 202322 74.693680 38.111430
900 1626162 84.088260 33.469630
912 -1 65.738340 37.934940
912 202696 62.817200 23.504930
912 202699 84.352570 32.529090
912 203506 69.252830 5.408320
912 203095 67.691950 43.689630
912 203932 86.779950 18.304870
912 201162 83.333800 19.010640
912 202066 70.272260 12.751610
912 101162 70.597430 23.243270
912 202322 74.274220 38.345960
912 1626162 83.737440 34.101130
924 -1 66.416720 42.036250
924 202696 63.165980 24.131460
924 202699 84.468950 33.352600
924 203506 69.467020 5.468370
924 203095 67.376690 43.517370
924 203932 87.125080 18.228190
924 201162 83.014480 19.801890
924 202066 70.708350 12.788440
924 101162 70.683310 23.946610
924 202322 73.887970 38.612160
924 1626162 83.381290 34.733200
936 -1 66.744710 42.456510
936 202696 63.578420 24.853430
936 202699 84.454400 34.090640
936 203506 69.691660 5.452840
936 203095 67.204400 43.419620
936 203932 87.407420 18.120690
936 201162 82.859740 20.723120
936 202066 71.124480 12.834430
936 101162 70.814870 24.651600
936 202322 73.490430 38.878540
936 1626162 82.959530 35.373950
948 -1 66.797510 42.349880
948 202696 64.041910 25.648200
948 202699 84.287660 34.635840
948 203506 69.938830 5.366150
948 203095 67.135220 43.396550
948 203932 87.607120 17.951640
948 201162 82.843880 21.625800
948 202066 71.546420 12.884360
948 101162 70.922280 25.179250
948 202322 73.083770 39.115170
948 1626162 82.427000 35.914430
960 -1 67.290120 42.334820
960 202696 64.560060 26.587610
960 202699 84.133400 35.046010
960 203506 70.228180 5.277650
960 203095 67.138200 43.444670
960 203932 87.714800 17.668020
960 201162 82.931040 22.475650
960 202066 71.983600 12.962770
960 101162 71.146770 25.720250
960 202322 72.695950 39.354810
960 1626162 81.891430 36.416840
972 -1 67.719630 42.464140
972 202696 65.144140 27.574890
972 202699 83.998210 35.286040
972 203506 70.561630 5.244330
972 203095 67.204500 43.526080
972 203932 87.692310 17.377450
972 201162 83.028340 23.296890
972 202066 72.388830 13.117570
972 101162 71.455100 26.270890
972 202322 72.334030 39.620190
972 1626162 81.442570 36.809280
984 -1 67.756040 42.716940
984 202696 65.709680 28.541460
984 202699 83.887970 35.345540
984 203506 70.906730 5.139720
984 203095 67.279980 43.632880
984 203932 87.598670 17.090960
984 201162 83.125030 24.083010
984 202066 72.745760 13.343150
984 101162 71.854360 26.832630
984 202322 71.996170 39.871810
984 1626162 81.097490 37.023330
996 -1 67.575450 43.394680
996 202696 66.184550 29.483550
996 202699 83.868550 35.535620
996 203506 71.277830 5.127360
996 203095 67.340100 43.725860
996 203932 87.443360 16.803190
996 201162 83.253580 24.863230
996 202066 73.089320 13.589040
996 101162 72.316990 27.390290
996 202322 71.684330 40.105760
996 1626162 80.852500 36.984210
1008 -1 67.381940 43.334810
1008 202696 66.599470 30.408240
1008 202699 83.939500 35.699390
1008 203506 71.640490 5.195770
1008 203095 67.394370 43.765690
1008 203932 87.251550 16.568640
1008 201162 83.347520 25.567100
1008 202066 73.451900 13.866830
1008 101162 72.865720 27.974150
1008 202322 71.270250 40.343180
1008 1626162 80.775340 36.892030
1020 -1 67.222360 42.803620
1020 202696 66.969150 31.272520
1020 202699 84.150850 35.984350
1020 203506 71.966750 5.268150
1020 203095 67.446740 43.750350
1020 203932 87.053600 16.387270
1020 201162 83.454160 26.222410
1020 202066 73.766700 14.018120
1020 101162 73.437910 28.554720
1020 202322 70.733070 40.469300
1020 1626162 80.807340 36.690520
1032 -1 67.148560 42.360430
1032 202696 67.243740 32.103090
1032 202699 84.426840 36.323820
1032 203506 72.242310 5.278430
1032 203095 67.508020 43.719120
1032 203932 86.841250 16.230360
1032 201162 83.538580 26.671710
1032 202066 74.234800 14.370980
1032 101162 74.039090 29.135650
1032 202322 70.098690 40.503670
1032 1626162 80.925100 36.487550
1044 -1 66.297060 43.014060
1044 202696 67.478360 32.885100
1044 202699 84.765630 36.693480
1044 203506 72.493050 5.317440
1044 203095 67.599100 43.717830
1044 203932 86.626230 16.101060
1044 201162 83.609190 26.927910
1044 202066 74.666980 14.583900
1044 101162 74.652690 29.717740
1044 202322 69.431220 40.560010
1044 1626162 81.106800 36.375350
1056 -1 66.391690 43.095270
1056 202696 67.731630 33.483030
1056 202699 85.117500 37.050680
1056 203506 72.712780 5.333770
1056 203095 67.739400 43.781510
1056 203932 86.441420 16.005990
1056 201162 83.684940 26.989570
1056 202066 75.077840 14.747830
1056 101162 75.272010 30.281260
1056 202322 68.851030 40.751140
1056 1626162 81.395220 36.369740
1068 -1 67.159210 42.755330
1068 202696 67.964860 33.887960
1068 202699 85.557260 37.480740
1068 203506 72.924440 5.311970
1068 203095 67.921450 43.885940
1068 203932 86.271050 15.942140
1068 201162 83.766440 26.854830
1068 202066 75.520750 14.758620
1068 101162 75.823490 30.721840
1068 202322 68.469110 40.810170
1068 1626162 81.754650 36.374060
1080 -1 68.883150 43.820010
1080 202696 68.140230 34.077790
1080 202699 85.975600 37.928980
1080 203506 73.142480 5.215480
1080 203095 68.084920 43.974980
1080 203932 86.072680 15.952710
1080 201162 83.860180 26.453840
1080 202066 76.028640 14.953670
1080 101162 76.386900 31.181350
1080 202322 68.353030 40.819620
1080 1626162 82.206190 36.400220
1092 -1 69.731710 44.520750
1092 202696 68.331020 33.988210
1092 202699 86.421610 38.448920
1092 203506 73.357740 5.040650
1092 203095 68.191030 44.062450
1092 203932 85.973770 16.153890
1092 201162 83.975500 25.982220
1092 202066 76.173700 14.896930
1092 101162 76.987430 31.648190
1092 202322 68.439940 40.896120
1092 1626162 82.706030 36.488440
1104 -1 69.778790 44.641050
1104 202696 68.533910 33.653270
1104 202699 86.857620 39.023650
1104 203506 73.572840 4.811820
1104 203095 68.205880 44.128660
1104 203932 85.817070 16.445380
1104 201162 84.110200 25.486580
1104 202066 76.337600 14.958980
1104 101162 77.419170 31.951910
1104 202322 68.708960 40.921420
1104 1626162 83.247550 36.570170
1116 -1 69.527860 44.600260
1116 202696 68.689620 33.305130
1116 202699 87.264440 39.650460
1116 203506 73.903810 4.602490
1116 203095 68.158620 44.146480
1116 203932 85.603600 16.748280
1116 201162 84.224950 24.903810
1116 202066 76.502580 15.132550
1116 101162 77.792310 32.123740
1116 202322 68.951000 40.830840
1116 1626162 83.785690 36.669680
1128 -1 69.295200 44.863060
1128 202696 68.856080 32.893410
1128 202699 87.642920 40.362410
1128 203506 74.164430 4.323080
1128 203095 68.099920 44.165900
1128 203932 85.353770 17.103510
1128 201162 84.392760 24.422200
1128 202066 76.513970 15.352140
1128 101162 78.144140 32.241940
1128 202322 69.096390 40.864590
1128 1626162 84.297910 36.794950
1140 -1 69.224870 44.942510
1140 202696 69.034020 32.425420
1140 202699 88.023480 41.122410
1140 203506 74.421970 4.105760
1140 203095 68.025100 44.205520
1140 203932 85.117700 17.533330
1140 201162 84.519750 23.873750
1140 202066 76.457690 15.533150
1140 101162 78.311390 32.178610
1140 202322 69.104560 41.076980
1140 1626162 84.704660 36.933540
1152 -1 69.290520 44.882780
1152 202696 69.029570 31.982480
1152 202699 88.381550 41.898300
1152 203506 74.633160 3.895780
1152 203095 67.980790 44.193960
1152 203932 84.812310 17.849780
1152 201162 84.698910 23.354520
1152 202066 76.577890 15.742140
1152 101162 78.280210 31.946170
1152 202322 69.014270 41.269590
1152 1626162 85.035430 37.102080
1164 -1 69.084650 44.334690
1164 202696 68.902740 31.559980
1164 202699 88.671690 42.698060
1164 203506 74.779420 3.682170
1164 203095 68.008280 44.150500
1164 203932 84.544160 18.271490
1164 201162 84.889930 22.777150
1164 202066 76.675340 15.916700
1164 101162 78.284430 31.779060
1164 202322 68.837140 41.409940
1164 1626162 85.285330 37.317420
1176 -1 68.442970 43.944030
1176 202696 68.754980 31.110580
1176 202699 88.920580 43.468050
1176 203506 74.808970 3.417410
1176 203095 68.108170 44.128710
1176 203932 84.334770 18.839480
1176 201162 85.081770 22.244080
1176 202066 76.735210 15.968640
1176 101162 78.234580 31.709570
1176 202322 68.686210 41.538140
1176 1626162 85.504280 37.607400
1188 -1 68.437900 42.531550
1188 202696 68.570970 30.645050
1188 202699 89.088740 44.187360
1188 203506 74.936320 3.252320
1188 203095 68.226270 44.124870
1188 203932 84.282000 19.583900
1188 201162 85.205140 21.767370
1188 202066 76.840150 16.037540
1188 101162 78.186160 31.780360
1188 202322 68.454510 41.734730
1188 1626162 85.692040 37.939570
1200 -1 67.934540 39.170510
1200 202696 68.363060 30.126740
1200 202699 89.194210 44.854240
1200 203506 75.060670 3.068680
1200 203095 68.391800 44.060020
1200 203932 84.246590 20.187320
1200 201162 85.296470 21.670160
1200 202066 76.977350 16.109860
1200 101162 78.121080 31.908770
1200 202322 68.405750 41.828850
1200 1626162 85.843610 38.305560
1212 -1 67.568420 35.870320
1212 202696 68.234310 29.587170
1212 202699 89.233930 45.420640
1212 203506 75.203320 2.899690
1212 203095 68.475850 43.989390
1212 203932 84.140700 20.775700
1212 201162 85.330720 21.863090
1212 202066 77.078510 16.072450
1212 101162 78.015560 31.951220
1212 202322 68.694240 42.093700
1212 1626162 85.976810 38.675330
1224 -1 67.220020 32.555930
1224 202696 68.210400 29.049300
1224 202699 89.175740 45.890320
1224 203506 75.191650 2.693070
1224 203095 68.361100 43.876300
1224 203932 84.060220 21.303520
1224 201162 85.324420 22.268360
1224 202066 77.143090 15.976020
1224 101162 77.843350 31.825190
1224 202322 69.088760 42.150300
1224 1626162 86.071220 38.981210
1236 -1 67.314190 30.242400
1236 202696 68.246620 28.368100
1236 202699 88.982180 46.275220
1236 203506 75.162730 2.561760
1236 203095 68.076420 43.650540
1236 203932 83.989680 21.788460
1236 201162 85.210830 22.754470
1236 202066 77.120000 15.761340
1236 101162 77.541700 31.282180
1236 202322 69.451270 42.101030
1236 1626162 86.157460 39.225710
1248 -1 68.644870 28.874690
1248 202696 68.404430 27.660880
1248 202699 88.677080 46.595730
1248 203506 75.026000 2.419130
1248 203095 67.669830 43.306000
1248 203932 83.861950 22.109090
1248 201162 85.106700 23.295660
1248 202066 77.077130 15.454420
1248 101162 77.127600 30.394570
1248 202322 70.002930 41.825940
1248 1626162 86.253350 39.444000
1260 -1 69.159410 27.505490
1260 202696 68.560520 27.132800
1260 202699 88.249990 46.844930
1260 203506 74.666840 2.236660
1260 203095 67.149850 42.913990
1260 203932 83.733470 22.531880
1260 201162 85.024850 23.720800
1260 202066 76.918690 15.014480
1260 101162 76.692010 29.244680
1260 202322 70.462790 41.363020
1260 1626162 86.375880 39.587670
1272 -1 69.750410 26.265490
1272 202696 68.678050 26.691620
1272 202699 87.692780 47.008420
1272 203506 74.217720 2.093830
1272 203095 66.637450 42.505000
1272 203932 83.674800 22.930420
1272 201162 84.939480 23.994780
1272 202066 76.707140 14.583820
1272 101162 76.047460 28.271400
1272 202322 70.603860 40.392840
1272 1626162 86.508800 39.662470
1284 -1 69.844490 25.861150
1284 202696 68.761590 26.323980
1284 202699 87.109880 47.081680
1284 203506 73.990670 2.065370
1284 203095 66.228760 42.082100
1284 203932 83.611740 23.260410
1284 201162 84.860360 24.207730
1284 202066 76.486370 14.141700
1284 101162 75.446480 27.469250
1284 202322 70.660830 39.587440
1284 1626162 86.642020 39.677640
1296 -1 68.950530 26.038900
1296 202696 68.835020 26.129980
1296 202699 86.549270 47.091920
1296 203506 73.863610 2.124670
1296 203095 65.861470 41.651530
1296 203932 83.569630 23.513210
1296 201162 84.831160 24.437370
1296 202066 76.327680 13.777550
1296 101162 74.862560 26.914100
1296 202322 70.772940 38.815980
1296 1626162 86.730610 39.600050
1308 -1 68.959950 25.899730
1308 202696 68.797510 26.028610
1308 202699 85.983170 47.054180
1308 203506 73.682820 2.161590
1308 203095 65.465250 41.229400
1308 203932 83.444800 23.779170
1308 201162 84.811720 24.615890
1308 202066 76.186440 13.500990
1308 101162 74.234860 26.516240
1308 202322 70.860250 38.033180
1308 1626162 86.763290 39.407810
1320 -1 70.477280 25.796700
1320 202696 68.753690 25.919380
1320 202699 85.375300 46.973460
1320 203506 73.670730 2.464760
1320 203095 65.014910 40.869020
1320 203932 83.307870 23.991090
1320 201162 84.783750 24.827150
1320 202066 76.144560 13.206890
1320 101162 73.602020 26.351120
1320 202322 70.905850 37.328080
1320 1626162 86.752150 39.127040
1332 -1 72.552180 25.777590
1332 202696 68.740670 25.827330
1332 202699 84.734240 46.892350
1332 203506 73.693570 2.834260
1332 203095 64.509900 40.566860
1332 203932 83.141820 24.148480
1332 201162 84.725170 25.062380
1332 202066 76.196700 12.928670
1332 101162 73.182100 26.158950
1332 202322 70.971130 36.817720
1332 1626162 86.709840 38.765760
1344 -1 74.459130 25.624620
1344 202696 68.617050 25.671180
1344 202699 84.063120 46.803560
1344 203506 73.634660 3.323620
1344 203095 63.975250 40.328150
1344 203932 83.020270 24.241980
1344 201162 84.666610 25.255550
1344 202066 76.306890 12.688210
1344 101162 72.665580 25.874800
1344 202322 71.028280 36.309470
1344 1626162 86.650490 38.310980
1356 -1 76.342990 25.402760
1356 202696 68.390560 25.496380
1356 202699 83.351860 46.713760
1356 203506 73.431740 3.892120
1356 203095 63.413890 40.177850
1356 203932 82.899170 24.385640
1356 201162 84.592090 25.433510
1356 202066 76.475830 12.507810
1356 101162 72.214870 25.714800
1356 202322 71.071780 35.761760
1356 1626162 86.590600 37.757070
1368 -1 78.459890 25.372740
1368 202696 68.038690 25.376240
1368 202699 82.625330 46.600530
1368 203506 73.342250 4.649460
1368 203095 62.855320 40.114680
1368 203932 82.902970 24.399640
1368 201162 84.491190 25.558670
1368 202066 76.654210 12.381060
1368 101162 71.777540 25.749670
1368 202322 71.130940 35.249600
1368 1626162 86.536740 37.120840
1380 -1 80.322440 25.229940
1380 202696 67.526900 25.204080
1380 202699 81.913310 46.466830
1380 203506 73.279210 5.313920
1380 203095 62.279310 40.029410
1380 203932 82.969810 24.395360
1380 201162 84.450150 25.569230
1380 202066 76.842750 12.361040
1380 101162 71.200780 25.754620
1380 202322 71.220410 34.767330
1380 1626162 86.496770 36.419620
1392 -1 82.359630 25.177320
1392 202696 66.888210 25.016660
1392 202699 81.206010 46.299970
1392 203506 73.049530 5.815970
1392 203095 61.716810 39.904070
1392 203932 83.061170 24.483490
1392 201162 84.480920 25.517240
1392 202066 77.065420 12.401550
1392 101162 70.484240 25.693690
1392 202322 71.380420 34.338160
1392 1626162 86.510230 35.621930
1404 -1 84.293210 25.008030
1404 202696 66.161230 24.937610
1404 202699 80.494360 46.122710
1404 203506 72.809750 6.283620
1404 203095 61.130950 39.735020
1404 203932 83.188690 24.570950
1404 201162 84.550840 25.504220
1404 202066 77.317560 12.503110
1404 101162 69.683000 25.675350
1404 202322 71.573240 33.933680
1404 1626162 86.575890 34.764030
1416 -1 85.988950 25.099270
1416 202696 65.381190 24.839670
1416 202699 79.767940 45.900350
1416 203506 72.539430 6.646130
1416 203095 60.525210 39.500020
1416 203932 83.402700 24.534640
1416 201162 84.700590 25.460430
1416 202066 77.579240 12.627350
1416 101162 68.684820 25.666550
1416 202322 71.797130 33.550590
1416 1626162 86.691900 33.886990
1428 -1 87.896240 24.884990
1428 202696 64.545310 24.627550
1428 202699 79.011160 45.676240
1428 203506 72.208620 6.932520
1428 203095 59.892310 39.253020
1428 203932 83.590380 24.518760
1428 201162 84.896640 25.389150
1428 202066 77.834320 12.763320
1428 101162 67.571770 25.591230
1428 202322 72.059270 33.214070
1428 1626162 86.823130 33.022930
1440 -1 89.057640 25.075660
1440 202696 63.625840 24.489360
1440 202699 78.238370 45.439750
1440 203506 71.823590 7.200840
1440 203095 59.284120 39.061500
1440 203932 83.733470 24.445950
1440 201162 85.041160 25.280980
1440 202066 77.993250 12.869910
1440 101162 66.453730 25.595560
1440 202322 72.330770 32.893750
1440 1626162 86.992070 32.206320
1452 -1 89.244050 25.569200
1452 202696 62.589720 24.424140
1452 202699 77.459270 45.184790
1452 203506 71.607690 7.669750
1452 203095 58.674430 38.923700
1452 203932 83.825040 24.249580
1452 201162 85.147800 25.130170
1452 202066 78.024050 12.953590
1452 101162 65.320130 25.701130
1452 202322 72.585970 32.551920
1452 1626162 87.199860 31.418800
1464 -1 89.325410 26.175740
1464 202696 61.487100 24.339160
1464 202699 76.638170 44.886280
1464 203506 71.388590 8.137970
1464 203095 58.061970 38.837880
1464 203932 83.840190 24.035660
1464 201162 85.198150 24.967600
1464 202066 77.924540 13.015870
1464 101162 64.148580 25.912690
1464 202322 72.840930 32.202500
1464 1626162 87.510360 30.675590